id,data_count_new,cluster_belong_new,data_count_sum
1,1,-1,1
2,1,-1,2
3,1,-1,3
4,1,-1,4
5,1,-1,5
6,1,-1,6
7,1,-5,7
8,3,5,10
9,8,4,18
10,1,-5,19
11,5,4,24
12,2,8,26
13,2,9,28
14,3,0,31
15,1,-1,32
16,1,-1,33
17,3,9,36
18,3,8,39
19,1,-5,40
20,3,8,43
21,2,4,45
22,3,4,48
23,1,-5,49
