id,data_count_new,cluster_belong_new,data_count_sum
1,1,-5,1
2,3,5,4
3,8,4,12
4,1,-5,13
5,5,4,18
6,2,8,20
7,2,9,22
8,3,0,25
9,1,-1,26
10,1,-1,27
11,3,9,30
12,3,8,33
13,1,-5,34
14,3,8,37
15,2,4,39
16,3,4,42
17,1,-5,43
