id,data_count_new,cluster_belong_new,data_count_sum
1,3,5,3
2,8,4,11
3,1,-5,12
4,5,4,17
5,2,8,19
6,2,9,21
7,2,4,23
8,1,-5,24
9,2,5,26
10,2,9,28
11,1,-5,29
12,3,8,32
13,1,-5,33
14,3,8,36
15,2,4,38
16,3,4,41
17,1,-5,42
