id,data_count_new,cluster_belong_new,data_count_sum
1,1,0,1
2,1,0,2
3,1,0,3
4,8,0,11
5,1,0,12
6,4,0,16
7,1,0,17
8,1,0,18
9,1,0,19
10,1,0,20
11,1,0,21
12,2,0,23
13,1,0,24
14,1,0,25
15,1,0,26
16,1,0,27
17,1,0,28
18,1,0,29
19,1,0,30
20,1,0,31
21,1,0,32
22,1,0,33
23,3,0,36
24,2,0,38
25,3,0,41
26,1,0,42
