id,data_count_new,cluster_belong_new,data_count_sum
1,3,0,3
2,2,0,5
3,1,0,6
4,2,0,8
5,3,0,11
6,2,0,13
7,1,0,14
8,5,0,19
9,1,0,20
10,1,0,21
11,2,0,23
12,1,0,24
13,1,0,25
14,1,0,26
15,1,0,27
16,1,0,28
17,1,0,29
18,1,0,30
19,3,0,33
20,2,0,35
21,1,0,36
22,2,0,38
23,1,0,39
24,1,0,40
25,1,0,41
26,1,0,42
27,1,0,43
28,1,0,44
29,2,0,46
30,3,0,49
31,1,0,50
32,1,0,51
33,1,0,52
34,1,0,53
35,1,0,54
36,1,0,55
37,1,0,56
38,10,0,66
39,4,0,70
40,1,0,71
41,1,0,72
42,4,0,76
43,1,0,77
44,2,0,79
45,2,0,81
46,11,0,92
47,1,0,93
48,6,0,99
49,2,0,101
50,1,0,102
51,1,0,103
52,2,0,105
53,2,0,107
54,2,0,109
55,1,0,110
56,3,0,113
57,3,0,116
58,1,0,117
59,2,0,119
60,2,0,121
61,1,0,122
62,2,0,124
63,1,0,125
64,1,0,126
65,1,0,127
66,2,0,129
67,1,0,130
68,1,0,131
69,2,0,133
70,1,0,134
71,1,0,135
72,2,0,137
73,1,0,138
74,1,0,139
75,1,0,140
76,1,0,141
77,1,0,142
78,1,0,143
79,1,0,144
80,1,0,145
81,1,0,146
82,1,0,147
83,1,0,148
84,1,0,149
85,1,0,150
86,1,0,151
87,2,0,153
88,2,0,155
89,1,0,156
90,1,0,157
91,4,0,161
92,1,0,162
93,1,0,163
94,2,0,165
95,2,0,167
96,1,0,168
97,4,0,172
98,1,0,173
99,2,0,175
100,1,0,176
101,1,0,177
102,1,0,178
103,1,0,179
104,2,0,181
105,1,0,182
106,2,0,184
107,1,0,185
108,1,0,186
109,3,0,189
110,1,0,190
111,3,0,193
112,1,0,194
113,1,0,195
114,1,0,196
115,2,0,198
116,2,0,200
117,2,0,202
118,1,0,203
119,1,0,204
120,1,0,205
121,3,0,208
122,1,0,209
123,3,0,212
124,1,0,213
125,1,0,214
126,1,0,215
127,1,0,216
128,1,0,217
129,1,0,218
130,2,0,220
131,1,0,221
132,1,0,222
133,1,0,223
134,1,0,224
135,3,0,227
136,1,0,228
137,3,0,231
138,2,0,233
139,2,0,235
140,1,0,236
141,2,0,238
142,1,0,239
143,2,0,241
144,1,0,242
145,1,0,243
146,3,0,246
147,1,0,247
148,1,0,248
149,1,0,249
150,1,0,250
151,1,0,251
152,1,0,252
153,1,0,253
154,1,0,254
155,1,0,255
156,1,0,256
157,1,0,257
158,1,0,258
159,1,0,259
160,1,0,260
161,1,0,261
162,1,0,262
163,4,0,266
164,1,0,267
165,2,0,269
166,1,0,270
167,2,0,272
168,1,0,273
169,1,0,274
170,1,0,275
171,2,0,277
172,1,0,278
173,1,0,279
174,1,0,280
175,1,0,281
176,1,0,282
177,1,0,283
178,1,0,284
179,1,0,285
180,1,0,286
181,1,0,287
182,2,0,289
183,1,0,290
184,1,0,291
185,1,0,292
186,1,0,293
187,1,0,294
188,2,0,296
189,1,0,297
190,1,0,298
191,1,0,299
192,1,0,300
193,2,0,302
194,1,0,303
195,3,0,306
196,2,0,308
197,1,0,309
198,1,0,310
199,1,0,311
200,1,0,312
201,1,0,313
202,2,0,315
203,2,0,317
204,2,0,319
205,3,0,322
206,1,0,323
207,1,0,324
208,3,0,327
209,1,0,328
210,1,0,329
211,3,0,332
212,1,0,333
213,1,0,334
214,1,0,335
215,2,0,337
216,1,0,338
217,1,0,339
218,1,0,340
219,1,0,341
220,1,0,342
221,2,0,344
222,1,0,345
223,1,0,346
224,3,0,349
225,2,0,351
226,1,0,352
227,1,0,353
228,2,0,355
229,1,0,356
230,1,0,357
231,1,0,358
232,1,0,359
233,1,0,360
234,1,0,361
235,4,0,365
236,1,0,366
237,1,0,367
238,1,0,368
239,2,0,370
240,3,0,373
241,1,0,374
242,1,0,375
243,3,0,378
244,1,0,379
245,1,0,380
246,2,0,382
247,1,0,383
248,1,0,384
249,1,0,385
250,1,0,386
251,1,0,387
252,4,0,391
253,2,0,393
254,1,0,394
255,2,0,396
256,1,0,397
257,2,0,399
258,1,0,400
259,1,0,401
260,1,0,402
261,1,0,403
262,1,0,404
263,1,0,405
264,2,0,407
265,1,0,408
266,2,0,410
267,1,0,411
268,1,0,412
269,1,0,413
270,1,0,414
271,1,0,415
272,2,0,417
273,1,0,418
274,3,0,421
275,1,0,422
276,2,0,424
277,1,0,425
278,1,0,426
279,1,0,427
280,1,0,428
281,2,0,430
282,1,0,431
283,1,0,432
284,1,0,433
285,3,0,436
286,1,0,437
287,1,0,438
288,5,0,443
289,1,0,444
290,1,0,445
291,2,0,447
292,1,0,448
293,1,0,449
294,1,0,450
295,2,0,452
296,1,0,453
297,1,0,454
298,2,0,456
299,2,0,458
300,1,0,459
301,1,0,460
302,1,0,461
303,4,0,465
304,2,0,467
305,2,0,469
306,1,0,470
307,1,0,471
308,7,0,478
309,4,0,482
310,1,0,483
311,1,0,484
312,4,0,488
313,1,0,489
314,1,0,490
315,1,0,491
316,2,0,493
317,3,0,496
318,1,0,497
319,2,0,499
320,1,0,500
321,1,0,501
322,1,0,502
323,1,0,503
324,1,0,504
325,1,0,505
326,1,0,506
327,1,0,507
328,1,0,508
329,1,0,509
330,1,0,510
331,1,0,511
332,1,0,512
333,3,0,515
334,1,0,516
335,2,0,518
336,3,0,521
337,2,0,523
338,2,0,525
339,1,0,526
340,1,0,527
341,2,0,529
342,1,0,530
343,4,0,534
344,1,0,535
345,2,0,537
346,1,0,538
347,2,0,540
348,1,0,541
349,1,0,542
350,2,0,544
351,1,0,545
352,1,0,546
353,1,0,547
354,1,0,548
355,1,0,549
356,1,0,550
357,3,0,553
358,1,0,554
359,1,0,555
360,1,0,556
361,1,0,557
362,3,0,560
363,2,0,562
364,1,0,563
365,2,0,565
366,1,0,566
367,1,0,567
368,1,0,568
369,4,0,572
370,1,0,573
371,1,0,574
372,1,0,575
373,2,0,577
374,3,0,580
375,1,0,581
376,1,0,582
377,1,0,583
378,1,0,584
379,1,0,585
380,3,0,588
381,1,0,589
382,1,0,590
383,3,0,593
384,1,0,594
385,1,0,595
386,2,0,597
387,1,0,598
388,3,0,601
389,1,0,602
390,1,0,603
391,1,0,604
392,1,0,605
393,1,0,606
394,2,0,608
395,1,0,609
396,1,0,610
397,2,0,612
398,1,0,613
399,2,0,615
400,1,0,616
401,1,0,617
402,1,0,618
403,1,0,619
404,1,0,620
405,1,0,621
406,1,0,622
407,1,0,623
408,1,0,624
409,1,0,625
410,2,0,627
411,3,0,630
412,2,0,632
413,1,0,633
414,1,0,634
415,1,0,635
416,1,0,636
417,3,0,639
418,2,0,641
419,1,0,642
420,2,0,644
421,1,0,645
422,1,0,646
423,1,0,647
424,1,0,648
425,1,0,649
426,2,0,651
427,1,0,652
428,5,0,657
429,1,0,658
430,1,0,659
431,1,0,660
432,1,0,661
433,1,0,662
434,1,0,663
435,1,0,664
436,2,0,666
437,1,0,667
438,1,0,668
439,1,0,669
440,1,0,670
441,1,0,671
442,1,0,672
443,1,0,673
444,1,0,674
445,1,0,675
446,2,0,677
447,1,0,678
448,1,0,679
449,1,0,680
450,1,0,681
451,2,0,683
452,2,0,685
453,1,0,686
454,1,0,687
455,1,0,688
456,2,0,690
457,1,0,691
458,1,0,692
459,1,0,693
460,4,0,697
461,1,0,698
462,1,0,699
463,1,0,700
464,2,0,702
465,1,0,703
466,2,0,705
467,1,0,706
468,1,0,707
469,1,0,708
470,1,0,709
471,1,0,710
472,2,0,712
473,3,0,715
474,1,0,716
475,1,0,717
476,1,0,718
477,1,0,719
478,1,0,720
479,1,0,721
480,1,0,722
481,1,0,723
482,2,0,725
483,1,0,726
484,1,0,727
485,1,0,728
486,1,0,729
487,2,0,731
488,1,0,732
489,1,0,733
490,1,0,734
491,1,0,735
492,2,0,737
493,1,0,738
494,1,0,739
495,3,0,742
496,1,0,743
497,1,0,744
498,1,0,745
499,1,0,746
500,1,0,747
501,3,0,750
502,2,0,752
503,1,0,753
504,1,0,754
505,1,0,755
506,2,0,757
507,1,0,758
508,1,0,759
509,3,0,762
510,2,0,764
511,1,0,765
512,2,0,767
513,1,0,768
514,1,0,769
515,1,0,770
516,1,0,771
517,1,0,772
518,2,0,774
519,1,0,775
520,2,0,777
521,1,0,778
522,2,0,780
523,1,0,781
524,1,0,782
525,1,0,783
526,1,0,784
527,2,0,786
528,1,0,787
529,1,0,788
530,1,0,789
531,1,0,790
532,1,0,791
533,1,0,792
534,3,0,795
535,1,0,796
536,1,0,797
537,1,0,798
538,2,0,800
539,3,0,803
540,3,0,806
541,2,0,808
542,3,0,811
543,1,0,812
544,1,0,813
545,1,0,814
546,1,0,815
547,1,0,816
548,1,0,817
549,3,0,820
550,1,0,821
551,1,0,822
552,1,0,823
553,1,0,824
554,1,0,825
555,1,0,826
556,1,0,827
557,1,0,828
558,1,0,829
559,1,0,830
560,1,0,831
561,1,0,832
562,1,0,833
563,2,0,835
564,1,0,836
565,1,0,837
566,2,0,839
567,1,0,840
568,1,0,841
569,2,0,843
570,2,0,845
571,1,0,846
572,1,0,847
573,1,0,848
574,1,0,849
575,1,0,850
576,1,0,851
577,1,0,852
578,1,0,853
579,1,0,854
580,1,0,855
581,1,0,856
582,2,0,858
583,1,0,859
584,1,0,860
585,2,0,862
586,3,0,865
587,2,0,867
588,1,0,868
589,1,0,869
590,1,0,870
591,1,0,871
592,1,0,872
593,1,0,873
594,2,0,875
595,1,0,876
596,1,0,877
597,1,0,878
598,1,0,879
599,1,0,880
600,1,0,881
601,1,0,882
602,1,0,883
603,1,0,884
604,1,0,885
605,1,0,886
606,1,0,887
607,1,0,888
608,1,0,889
609,2,0,891
610,1,0,892
611,1,0,893
612,1,0,894
613,1,0,895
614,1,0,896
615,6,0,902
616,1,0,903
617,3,0,906
618,1,0,907
619,1,0,908
620,1,0,909
621,2,0,911
622,1,0,912
623,2,0,914
624,1,0,915
625,1,0,916
626,1,0,917
627,1,0,918
628,1,0,919
629,1,0,920
630,3,0,923
631,2,0,925
632,3,0,928
633,1,0,929
634,1,0,930
635,1,0,931
636,1,0,932
637,2,0,934
638,1,0,935
639,1,0,936
640,1,0,937
641,2,0,939
642,3,0,942
643,1,0,943
644,1,0,944
645,2,0,946
646,1,0,947
647,2,0,949
648,1,0,950
649,2,0,952
650,3,0,955
651,1,0,956
652,1,0,957
653,2,0,959
654,1,0,960
655,1,0,961
656,1,0,962
657,1,0,963
658,1,0,964
659,1,0,965
660,1,0,966
661,1,0,967
662,1,0,968
663,1,0,969
664,1,0,970
665,1,0,971
666,1,0,972
667,2,0,974
668,2,0,976
669,1,0,977
670,1,0,978
671,1,0,979
672,4,0,983
673,1,0,984
674,1,0,985
675,1,0,986
676,1,0,987
677,1,0,988
678,5,0,993
679,1,0,994
680,3,0,997
681,2,0,999
682,1,0,1000
683,1,0,1001
684,1,0,1002
685,1,0,1003
686,1,0,1004
687,1,0,1005
688,1,0,1006
689,1,0,1007
690,1,0,1008
691,1,0,1009
692,1,0,1010
693,1,0,1011
694,1,0,1012
695,1,0,1013
696,1,0,1014
697,1,0,1015
698,1,0,1016
699,2,0,1018
700,1,0,1019
701,2,0,1021
702,1,0,1022
703,1,0,1023
704,1,0,1024
705,2,0,1026
706,1,0,1027
707,1,0,1028
708,1,0,1029
709,1,0,1030
710,1,0,1031
711,2,0,1033
712,1,0,1034
713,1,0,1035
714,1,0,1036
715,1,0,1037
716,2,0,1039
717,1,0,1040
718,1,0,1041
719,1,0,1042
720,1,0,1043
721,1,0,1044
722,1,0,1045
723,1,0,1046
724,1,0,1047
725,1,0,1048
726,1,0,1049
727,1,0,1050
728,1,0,1051
729,1,0,1052
730,1,0,1053
731,1,0,1054
732,1,0,1055
733,1,0,1056
734,1,0,1057
735,4,0,1061
736,1,0,1062
737,1,0,1063
738,1,0,1064
739,1,0,1065
740,1,0,1066
741,1,0,1067
742,1,0,1068
743,1,0,1069
744,1,0,1070
745,1,0,1071
746,1,0,1072
747,1,0,1073
748,1,0,1074
749,1,0,1075
750,1,0,1076
751,2,0,1078
752,2,0,1080
753,1,0,1081
754,2,0,1083
755,3,0,1086
756,2,0,1088
757,1,0,1089
758,1,0,1090
759,1,0,1091
760,1,0,1092
761,2,0,1094
762,1,0,1095
763,1,0,1096
764,1,0,1097
765,1,0,1098
766,1,0,1099
767,1,0,1100
768,1,0,1101
769,1,0,1102
770,1,0,1103
771,1,0,1104
772,1,0,1105
773,1,0,1106
774,1,0,1107
775,1,0,1108
776,1,0,1109
777,1,0,1110
778,4,0,1114
779,1,0,1115
780,1,0,1116
781,1,0,1117
782,1,0,1118
783,1,0,1119
784,1,0,1120
785,1,0,1121
786,2,0,1123
787,1,0,1124
788,1,0,1125
789,1,0,1126
790,1,0,1127
791,1,0,1128
792,2,0,1130
793,3,0,1133
794,1,0,1134
795,3,0,1137
796,1,0,1138
797,2,0,1140
798,2,0,1142
799,1,0,1143
800,1,0,1144
801,1,0,1145
802,2,0,1147
803,1,0,1148
804,1,0,1149
805,1,0,1150
806,2,0,1152
807,3,0,1155
808,1,0,1156
809,1,0,1157
810,1,0,1158
811,1,0,1159
812,2,0,1161
813,1,0,1162
814,1,0,1163
815,1,0,1164
816,1,0,1165
817,1,0,1166
818,1,0,1167
819,1,0,1168
820,1,0,1169
821,1,0,1170
822,1,0,1171
823,1,0,1172
824,1,0,1173
825,1,0,1174
826,1,0,1175
827,1,0,1176
828,3,0,1179
829,1,0,1180
830,1,0,1181
831,1,0,1182
832,2,0,1184
833,1,0,1185
834,1,0,1186
835,1,0,1187
836,1,0,1188
837,1,0,1189
838,1,0,1190
839,1,0,1191
840,2,0,1193
841,2,0,1195
842,1,0,1196
843,1,0,1197
844,1,0,1198
845,2,0,1200
846,1,0,1201
847,1,0,1202
848,1,0,1203
849,1,0,1204
850,1,0,1205
851,3,0,1208
852,1,0,1209
853,1,0,1210
854,1,0,1211
855,1,0,1212
856,2,0,1214
857,2,0,1216
858,1,0,1217
859,1,0,1218
860,2,0,1220
861,1,0,1221
862,5,0,1226
863,1,0,1227
864,3,0,1230
865,2,0,1232
866,1,0,1233
867,1,0,1234
868,1,0,1235
869,2,0,1237
870,1,0,1238
871,2,0,1240
872,1,0,1241
873,1,0,1242
874,1,0,1243
875,1,0,1244
876,2,0,1246
877,1,0,1247
878,2,0,1249
879,1,0,1250
880,2,0,1252
881,2,0,1254
882,3,0,1257
883,1,0,1258
884,1,0,1259
885,1,0,1260
886,1,0,1261
887,1,0,1262
888,1,0,1263
889,1,0,1264
890,1,0,1265
891,2,0,1267
892,1,0,1268
893,1,0,1269
894,1,0,1270
895,1,0,1271
896,1,0,1272
897,2,0,1274
898,1,0,1275
899,1,0,1276
900,1,0,1277
901,1,0,1278
902,1,0,1279
903,1,0,1280
904,2,0,1282
905,1,0,1283
906,4,0,1287
907,1,0,1288
908,1,0,1289
909,3,0,1292
910,1,0,1293
911,2,0,1295
912,3,0,1298
913,1,0,1299
914,1,0,1300
915,1,0,1301
916,3,0,1304
917,3,0,1307
918,1,0,1308
919,1,0,1309
920,2,0,1311
921,2,0,1313
922,1,0,1314
923,2,0,1316
924,1,0,1317
925,1,0,1318
926,4,0,1322
927,1,0,1323
928,1,0,1324
929,1,0,1325
930,1,0,1326
931,1,0,1327
932,2,0,1329
933,1,0,1330
934,1,0,1331
935,1,0,1332
936,1,0,1333
937,1,0,1334
938,1,0,1335
939,1,0,1336
940,1,0,1337
941,2,0,1339
942,1,0,1340
943,1,0,1341
944,1,0,1342
945,1,0,1343
946,1,0,1344
947,2,0,1346
948,1,0,1347
949,2,0,1349
950,2,0,1351
951,1,0,1352
952,2,0,1354
953,3,0,1357
954,1,0,1358
955,1,0,1359
956,1,0,1360
957,1,0,1361
958,1,0,1362
959,2,0,1364
960,1,0,1365
961,1,0,1366
962,1,0,1367
963,4,0,1371
964,1,0,1372
965,4,0,1376
966,1,0,1377
967,1,0,1378
968,1,0,1379
969,1,0,1380
970,1,0,1381
971,1,0,1382
972,1,0,1383
973,1,0,1384
974,2,0,1386
975,2,0,1388
976,1,0,1389
977,1,0,1390
978,1,0,1391
979,1,0,1392
980,3,0,1395
981,2,0,1397
982,1,0,1398
983,1,0,1399
984,1,0,1400
985,1,0,1401
986,2,0,1403
987,1,0,1404
988,1,0,1405
989,1,0,1406
990,1,0,1407
991,2,0,1409
992,1,0,1410
993,1,0,1411
994,1,0,1412
995,2,0,1414
996,1,0,1415
997,1,0,1416
998,1,0,1417
999,2,0,1419
1000,1,0,1420
1001,1,0,1421
1002,2,0,1423
1003,1,0,1424
1004,1,0,1425
1005,2,0,1427
1006,1,0,1428
1007,2,0,1430
1008,1,0,1431
1009,1,0,1432
1010,1,0,1433
1011,1,0,1434
1012,2,0,1436
1013,1,0,1437
1014,1,0,1438
1015,2,0,1440
1016,2,0,1442
1017,1,0,1443
1018,1,0,1444
1019,1,0,1445
1020,1,0,1446
1021,1,0,1447
1022,1,0,1448
1023,3,0,1451
1024,1,0,1452
1025,1,0,1453
1026,1,0,1454
1027,1,0,1455
1028,2,0,1457
1029,1,0,1458
1030,3,0,1461
1031,1,0,1462
1032,2,0,1464
1033,1,0,1465
1034,2,0,1467
1035,1,0,1468
1036,1,0,1469
1037,1,0,1470
1038,1,0,1471
1039,1,0,1472
1040,1,0,1473
1041,1,0,1474
1042,2,0,1476
1043,2,0,1478
1044,1,0,1479
1045,1,0,1480
1046,1,0,1481
1047,2,0,1483
1048,2,0,1485
1049,1,0,1486
1050,1,0,1487
1051,1,0,1488
1052,1,0,1489
1053,2,0,1491
1054,2,0,1493
1055,1,0,1494
1056,1,0,1495
1057,2,0,1497
1058,1,0,1498
1059,1,0,1499
1060,2,0,1501
1061,1,0,1502
1062,1,0,1503
1063,1,0,1504
1064,1,0,1505
1065,1,0,1506
1066,1,0,1507
1067,1,0,1508
1068,1,0,1509
1069,1,0,1510
1070,1,0,1511
1071,1,0,1512
1072,3,0,1515
1073,2,0,1517
1074,2,0,1519
1075,1,0,1520
1076,2,0,1522
1077,2,0,1524
1078,2,0,1526
1079,1,0,1527
1080,2,0,1529
1081,1,0,1530
1082,1,0,1531
1083,1,0,1532
1084,1,0,1533
1085,1,0,1534
1086,1,0,1535
1087,1,0,1536
1088,2,0,1538
1089,1,0,1539
1090,2,0,1541
1091,1,0,1542
1092,2,0,1544
1093,1,0,1545
1094,1,0,1546
1095,1,0,1547
1096,1,0,1548
1097,2,0,1550
1098,2,0,1552
1099,1,0,1553
1100,5,0,1558
1101,1,0,1559
1102,2,0,1561
1103,1,0,1562
1104,2,0,1564
1105,2,0,1566
1106,2,0,1568
1107,1,0,1569
1108,1,0,1570
1109,2,0,1572
1110,1,0,1573
1111,1,0,1574
1112,1,0,1575
1113,1,0,1576
1114,1,0,1577
1115,1,0,1578
1116,1,0,1579
1117,4,0,1583
1118,1,0,1584
1119,1,0,1585
1120,1,0,1586
1121,1,0,1587
1122,4,0,1591
1123,2,0,1593
1124,1,0,1594
1125,1,0,1595
1126,1,0,1596
1127,2,0,1598
1128,1,0,1599
1129,2,0,1601
1130,1,0,1602
1131,1,0,1603
1132,1,0,1604
1133,5,0,1609
1134,3,0,1612
1135,1,0,1613
1136,2,0,1615
1137,1,0,1616
1138,2,0,1618
1139,1,0,1619
1140,1,0,1620
1141,1,0,1621
1142,2,0,1623
1143,1,0,1624
1144,1,0,1625
1145,1,0,1626
1146,1,0,1627
1147,3,0,1630
1148,2,0,1632
1149,1,0,1633
1150,1,0,1634
1151,1,0,1635
1152,1,0,1636
1153,1,0,1637
1154,1,0,1638
1155,3,0,1641
1156,1,0,1642
1157,1,0,1643
1158,3,0,1646
1159,2,0,1648
1160,1,0,1649
1161,2,0,1651
1162,2,0,1653
1163,1,0,1654
1164,1,0,1655
1165,1,0,1656
1166,1,0,1657
1167,3,0,1660
1168,1,0,1661
1169,1,0,1662
1170,1,0,1663
1171,1,0,1664
1172,1,0,1665
1173,1,0,1666
1174,4,0,1670
1175,3,0,1673
1176,2,0,1675
1177,1,0,1676
1178,1,0,1677
1179,1,0,1678
1180,1,0,1679
1181,1,0,1680
1182,6,0,1686
1183,1,0,1687
1184,1,0,1688
1185,1,0,1689
1186,1,0,1690
1187,1,0,1691
1188,1,0,1692
1189,1,0,1693
1190,2,0,1695
1191,1,0,1696
1192,2,0,1698
1193,4,0,1702
1194,1,0,1703
1195,1,0,1704
1196,3,0,1707
1197,2,0,1709
1198,1,0,1710
1199,2,0,1712
1200,2,0,1714
1201,2,0,1716
1202,1,0,1717
1203,3,0,1720
1204,1,0,1721
1205,1,0,1722
1206,1,0,1723
1207,1,0,1724
1208,1,0,1725
1209,1,0,1726
1210,1,0,1727
1211,1,0,1728
1212,1,0,1729
1213,2,0,1731
1214,1,0,1732
1215,1,0,1733
1216,2,0,1735
1217,1,0,1736
1218,1,0,1737
1219,2,0,1739
1220,1,0,1740
1221,3,0,1743
1222,4,0,1747
1223,1,0,1748
1224,2,0,1750
1225,2,0,1752
1226,2,0,1754
1227,1,0,1755
1228,1,0,1756
1229,1,0,1757
1230,2,0,1759
1231,1,0,1760
1232,1,0,1761
1233,1,0,1762
1234,1,0,1763
1235,1,0,1764
1236,1,0,1765
1237,2,0,1767
1238,1,0,1768
1239,1,0,1769
1240,1,0,1770
1241,1,0,1771
1242,4,0,1775
1243,1,0,1776
1244,1,0,1777
1245,1,0,1778
1246,1,0,1779
1247,3,0,1782
1248,2,0,1784
1249,1,0,1785
1250,1,0,1786
1251,1,0,1787
1252,1,0,1788
1253,1,0,1789
1254,1,0,1790
1255,3,0,1793
1256,1,0,1794
1257,2,0,1796
1258,1,0,1797
1259,4,0,1801
1260,1,0,1802
1261,2,0,1804
1262,3,0,1807
1263,1,0,1808
1264,1,0,1809
1265,2,0,1811
1266,1,0,1812
1267,2,0,1814
1268,1,0,1815
1269,1,0,1816
1270,4,0,1820
1271,3,0,1823
1272,1,0,1824
1273,2,0,1826
1274,2,0,1828
1275,1,0,1829
1276,2,0,1831
1277,1,0,1832
1278,1,0,1833
1279,3,0,1836
1280,1,0,1837
1281,1,0,1838
1282,1,0,1839
1283,4,0,1843
1284,1,0,1844
1285,1,0,1845
1286,2,0,1847
1287,2,0,1849
1288,1,0,1850
1289,3,0,1853
1290,2,0,1855
1291,2,0,1857
1292,1,0,1858
1293,2,0,1860
1294,1,0,1861
1295,2,0,1863
1296,1,0,1864
1297,1,0,1865
1298,2,0,1867
1299,1,0,1868
1300,1,0,1869
1301,3,0,1872
1302,4,0,1876
1303,1,0,1877
1304,1,0,1878
1305,1,0,1879
1306,1,0,1880
1307,1,0,1881
1308,3,0,1884
1309,1,0,1885
1310,1,0,1886
1311,1,0,1887
1312,1,0,1888
1313,1,0,1889
1314,3,0,1892
1315,1,0,1893
1316,1,0,1894
1317,1,0,1895
1318,1,0,1896
1319,1,0,1897
1320,1,0,1898
1321,1,0,1899
1322,1,0,1900
1323,1,0,1901
1324,1,0,1902
1325,1,0,1903
1326,1,0,1904
1327,1,0,1905
1328,1,0,1906
1329,2,0,1908
1330,2,0,1910
1331,1,0,1911
1332,3,0,1914
1333,4,0,1918
1334,1,0,1919
1335,1,0,1920
1336,1,0,1921
1337,2,0,1923
1338,1,0,1924
1339,2,0,1926
1340,2,0,1928
1341,2,0,1930
1342,1,0,1931
1343,1,0,1932
1344,1,0,1933
1345,3,0,1936
1346,1,0,1937
1347,2,0,1939
1348,1,0,1940
1349,2,0,1942
1350,1,0,1943
1351,1,0,1944
1352,1,0,1945
1353,1,0,1946
1354,1,0,1947
1355,1,0,1948
1356,3,0,1951
1357,1,0,1952
1358,1,0,1953
1359,2,0,1955
1360,1,0,1956
1361,1,0,1957
1362,1,0,1958
1363,1,0,1959
1364,2,0,1961
1365,2,0,1963
1366,2,0,1965
1367,1,0,1966
1368,2,0,1968
1369,2,0,1970
1370,2,0,1972
1371,2,0,1974
1372,1,0,1975
1373,2,0,1977
1374,2,0,1979
1375,2,0,1981
1376,1,0,1982
1377,1,0,1983
1378,2,0,1985
1379,2,0,1987
1380,1,0,1988
1381,2,0,1990
1382,1,0,1991
1383,2,0,1993
1384,1,0,1994
1385,1,0,1995
1386,1,0,1996
1387,1,0,1997
1388,1,0,1998
1389,1,0,1999
1390,2,0,2001
1391,1,0,2002
1392,3,0,2005
1393,1,0,2006
1394,1,0,2007
1395,3,0,2010
1396,5,0,2015
1397,1,0,2016
1398,2,0,2018
1399,2,0,2020
1400,2,0,2022
1401,1,0,2023
1402,1,0,2024
1403,1,0,2025
1404,1,0,2026
1405,1,0,2027
1406,1,0,2028
1407,1,0,2029
1408,1,0,2030
1409,1,0,2031
1410,1,0,2032
1411,1,0,2033
1412,1,0,2034
1413,3,0,2037
1414,1,0,2038
1415,1,0,2039
1416,1,0,2040
1417,1,0,2041
1418,1,0,2042
1419,1,0,2043
1420,1,0,2044
1421,2,0,2046
1422,2,0,2048
1423,1,0,2049
1424,1,0,2050
1425,1,0,2051
1426,2,0,2053
1427,1,0,2054
1428,9,0,2063
1429,2,0,2065
1430,1,0,2066
1431,3,0,2069
1432,2,0,2071
1433,1,0,2072
1434,3,0,2075
1435,1,0,2076
1436,1,0,2077
1437,1,0,2078
1438,1,0,2079
1439,3,0,2082
1440,2,0,2084
1441,2,0,2086
1442,1,0,2087
1443,1,0,2088
1444,1,0,2089
1445,1,0,2090
1446,3,0,2093
1447,1,0,2094
1448,2,0,2096
1449,1,0,2097
1450,1,0,2098
1451,1,0,2099
1452,1,0,2100
1453,2,0,2102
1454,1,0,2103
1455,2,0,2105
1456,1,0,2106
1457,1,0,2107
1458,1,0,2108
1459,1,0,2109
1460,1,0,2110
1461,2,0,2112
1462,1,0,2113
1463,1,0,2114
1464,1,0,2115
1465,3,0,2118
1466,7,0,2125
1467,1,0,2126
1468,1,0,2127
1469,1,0,2128
1470,3,0,2131
1471,1,0,2132
1472,2,0,2134
1473,1,0,2135
1474,1,0,2136
1475,2,0,2138
1476,2,0,2140
1477,1,0,2141
1478,1,0,2142
1479,3,0,2145
1480,2,0,2147
1481,1,0,2148
1482,1,0,2149
1483,1,0,2150
1484,1,0,2151
1485,1,0,2152
1486,1,0,2153
1487,4,0,2157
1488,1,0,2158
1489,1,0,2159
1490,1,0,2160
1491,1,0,2161
1492,1,0,2162
1493,1,0,2163
1494,1,0,2164
1495,3,0,2167
1496,1,0,2168
1497,1,0,2169
1498,1,0,2170
1499,2,0,2172
1500,2,0,2174
1501,1,0,2175
1502,2,0,2177
1503,1,0,2178
1504,1,0,2179
1505,1,0,2180
1506,1,0,2181
1507,1,0,2182
1508,1,0,2183
1509,1,0,2184
1510,1,0,2185
1511,1,0,2186
1512,1,0,2187
1513,2,0,2189
1514,1,0,2190
1515,1,0,2191
1516,1,0,2192
1517,1,0,2193
1518,1,0,2194
1519,1,0,2195
1520,1,0,2196
1521,1,0,2197
1522,1,0,2198
1523,1,0,2199
1524,1,0,2200
1525,2,0,2202
1526,1,0,2203
1527,1,0,2204
1528,1,0,2205
1529,1,0,2206
1530,1,0,2207
1531,1,0,2208
1532,1,0,2209
1533,1,0,2210
1534,1,0,2211
1535,1,0,2212
1536,1,0,2213
1537,2,0,2215
1538,1,0,2216
1539,1,0,2217
1540,2,0,2219
1541,1,0,2220
1542,1,0,2221
1543,1,0,2222
1544,3,0,2225
1545,2,0,2227
1546,1,0,2228
1547,1,0,2229
1548,2,0,2231
1549,1,0,2232
1550,4,0,2236
1551,1,0,2237
1552,1,0,2238
1553,2,0,2240
1554,1,0,2241
1555,1,0,2242
1556,2,0,2244
1557,1,0,2245
1558,1,0,2246
1559,1,0,2247
1560,1,0,2248
1561,1,0,2249
1562,1,0,2250
1563,1,0,2251
1564,1,0,2252
1565,3,0,2255
1566,2,0,2257
1567,1,0,2258
1568,1,0,2259
1569,1,0,2260
1570,1,0,2261
1571,1,0,2262
1572,1,0,2263
1573,3,0,2266
1574,1,0,2267
1575,2,0,2269
1576,2,0,2271
1577,1,0,2272
1578,2,0,2274
1579,1,0,2275
1580,1,0,2276
1581,1,0,2277
1582,1,0,2278
1583,1,0,2279
1584,1,0,2280
1585,1,0,2281
1586,1,0,2282
1587,1,0,2283
1588,1,0,2284
1589,3,0,2287
1590,1,0,2288
1591,2,0,2290
1592,1,0,2291
1593,1,0,2292
1594,1,0,2293
1595,3,0,2296
1596,1,0,2297
1597,1,0,2298
1598,1,0,2299
1599,2,0,2301
1600,3,0,2304
1601,2,0,2306
1602,1,0,2307
1603,1,0,2308
1604,1,0,2309
1605,1,0,2310
1606,2,0,2312
1607,2,0,2314
1608,1,0,2315
1609,1,0,2316
1610,1,0,2317
1611,1,0,2318
1612,2,0,2320
1613,2,0,2322
1614,1,0,2323
1615,1,0,2324
1616,1,0,2325
1617,1,0,2326
1618,1,0,2327
1619,1,0,2328
1620,2,0,2330
1621,1,0,2331
1622,3,0,2334
1623,1,0,2335
1624,3,0,2338
1625,1,0,2339
1626,1,0,2340
1627,1,0,2341
1628,1,0,2342
1629,1,0,2343
1630,2,0,2345
1631,1,0,2346
1632,1,0,2347
1633,1,0,2348
1634,1,0,2349
1635,1,0,2350
1636,1,0,2351
1637,4,0,2355
1638,1,0,2356
1639,3,0,2359
1640,1,0,2360
1641,1,0,2361
1642,1,0,2362
1643,2,0,2364
1644,1,0,2365
1645,6,0,2371
1646,1,0,2372
1647,2,0,2374
1648,2,0,2376
1649,2,0,2378
1650,1,0,2379
1651,1,0,2380
1652,1,0,2381
1653,4,0,2385
1654,2,0,2387
1655,1,0,2388
1656,1,0,2389
1657,2,0,2391
1658,1,0,2392
1659,1,0,2393
1660,1,0,2394
1661,3,0,2397
1662,1,0,2398
1663,2,0,2400
1664,1,0,2401
1665,1,0,2402
1666,1,0,2403
1667,1,0,2404
1668,2,0,2406
1669,1,0,2407
1670,3,0,2410
1671,1,0,2411
1672,1,0,2412
1673,2,0,2414
1674,1,0,2415
1675,1,0,2416
1676,1,0,2417
1677,1,0,2418
1678,3,0,2421
1679,1,0,2422
1680,2,0,2424
1681,2,0,2426
1682,2,0,2428
1683,1,0,2429
1684,2,0,2431
1685,2,0,2433
1686,2,0,2435
1687,2,0,2437
1688,1,0,2438
1689,2,0,2440
1690,1,0,2441
1691,1,0,2442
1692,1,0,2443
1693,1,0,2444
1694,1,0,2445
1695,1,0,2446
1696,1,0,2447
1697,1,0,2448
1698,3,0,2451
1699,1,0,2452
1700,1,0,2453
1701,1,0,2454
1702,1,0,2455
1703,3,0,2458
1704,1,0,2459
1705,1,0,2460
1706,1,0,2461
1707,1,0,2462
1708,1,0,2463
1709,1,0,2464
1710,1,0,2465
1711,1,0,2466
1712,1,0,2467
1713,2,0,2469
1714,1,0,2470
1715,1,0,2471
1716,1,0,2472
1717,2,0,2474
1718,1,0,2475
1719,1,0,2476
1720,1,0,2477
1721,2,0,2479
1722,1,0,2480
1723,1,0,2481
1724,1,0,2482
1725,1,0,2483
1726,1,0,2484
1727,2,0,2486
1728,1,0,2487
1729,2,0,2489
1730,2,0,2491
1731,1,0,2492
1732,1,0,2493
1733,2,0,2495
1734,2,0,2497
1735,1,0,2498
1736,1,0,2499
1737,1,0,2500
1738,3,0,2503
1739,1,0,2504
1740,1,0,2505
1741,1,0,2506
1742,1,0,2507
1743,1,0,2508
1744,2,0,2510
1745,3,0,2513
1746,1,0,2514
1747,1,0,2515
1748,3,0,2518
1749,1,0,2519
1750,1,0,2520
1751,1,0,2521
1752,1,0,2522
1753,1,0,2523
1754,1,0,2524
1755,1,0,2525
1756,2,0,2527
1757,2,0,2529
1758,1,0,2530
1759,1,0,2531
1760,3,0,2534
1761,1,0,2535
1762,1,0,2536
1763,3,0,2539
1764,1,0,2540
1765,2,0,2542
1766,1,0,2543
1767,1,0,2544
1768,1,0,2545
1769,1,0,2546
1770,2,0,2548
1771,3,0,2551
1772,1,0,2552
1773,1,0,2553
1774,1,0,2554
1775,1,0,2555
1776,1,0,2556
1777,3,0,2559
1778,1,0,2560
1779,2,0,2562
1780,1,0,2563
1781,1,0,2564
1782,1,0,2565
1783,1,0,2566
1784,1,0,2567
1785,1,0,2568
1786,2,0,2570
1787,3,0,2573
1788,1,0,2574
1789,1,0,2575
1790,1,0,2576
1791,1,0,2577
1792,1,0,2578
1793,1,0,2579
1794,1,0,2580
1795,2,0,2582
1796,1,0,2583
1797,2,0,2585
1798,1,0,2586
1799,2,0,2588
1800,1,0,2589
1801,2,0,2591
1802,1,0,2592
1803,1,0,2593
1804,3,0,2596
1805,1,0,2597
1806,1,0,2598
1807,1,0,2599
1808,1,0,2600
1809,1,0,2601
1810,1,0,2602
1811,1,0,2603
1812,1,0,2604
1813,1,0,2605
1814,1,0,2606
1815,1,0,2607
1816,3,0,2610
1817,3,0,2613
1818,1,0,2614
1819,1,0,2615
1820,1,0,2616
1821,1,0,2617
1822,1,0,2618
1823,1,0,2619
1824,3,0,2622
1825,1,0,2623
1826,1,0,2624
1827,2,0,2626
1828,1,0,2627
1829,1,0,2628
1830,1,0,2629
1831,1,0,2630
1832,1,0,2631
1833,1,0,2632
1834,1,0,2633
1835,2,0,2635
1836,1,0,2636
1837,2,0,2638
1838,1,0,2639
1839,3,0,2642
1840,1,0,2643
1841,1,0,2644
1842,1,0,2645
1843,1,0,2646
1844,5,0,2651
1845,1,0,2652
1846,1,0,2653
1847,1,0,2654
1848,1,0,2655
1849,1,0,2656
1850,1,0,2657
1851,1,0,2658
1852,2,0,2660
1853,1,0,2661
1854,2,0,2663
1855,2,0,2665
1856,3,0,2668
1857,2,0,2670
1858,2,0,2672
1859,1,0,2673
1860,2,0,2675
1861,1,0,2676
1862,1,0,2677
1863,1,0,2678
1864,1,0,2679
1865,2,0,2681
1866,3,0,2684
1867,5,0,2689
1868,2,0,2691
1869,2,0,2693
1870,1,0,2694
1871,1,0,2695
1872,1,0,2696
1873,1,0,2697
1874,1,0,2698
1875,1,0,2699
1876,1,0,2700
1877,1,0,2701
1878,1,0,2702
1879,1,0,2703
1880,2,0,2705
1881,1,0,2706
1882,1,0,2707
1883,1,0,2708
1884,1,0,2709
1885,2,0,2711
1886,2,0,2713
1887,1,0,2714
1888,1,0,2715
1889,1,0,2716
1890,1,0,2717
1891,1,0,2718
1892,2,0,2720
1893,3,0,2723
1894,1,0,2724
1895,2,0,2726
1896,2,0,2728
1897,1,0,2729
1898,2,0,2731
1899,6,0,2737
1900,3,0,2740
1901,1,0,2741
1902,2,0,2743
1903,2,0,2745
1904,2,0,2747
1905,1,0,2748
1906,2,0,2750
1907,1,0,2751
1908,3,0,2754
1909,1,0,2755
1910,1,0,2756
1911,2,0,2758
1912,1,0,2759
1913,1,0,2760
1914,1,0,2761
1915,1,0,2762
1916,7,0,2769
1917,1,0,2770
1918,2,0,2772
1919,2,0,2774
1920,1,0,2775
1921,1,0,2776
1922,2,0,2778
1923,1,0,2779
1924,1,0,2780
1925,3,0,2783
1926,1,0,2784
1927,1,0,2785
1928,1,0,2786
1929,1,0,2787
1930,1,0,2788
1931,1,0,2789
1932,1,0,2790
1933,1,0,2791
1934,1,0,2792
1935,1,0,2793
1936,1,0,2794
1937,1,0,2795
1938,1,0,2796
1939,2,0,2798
1940,2,0,2800
1941,1,0,2801
1942,1,0,2802
1943,1,0,2803
1944,1,0,2804
1945,2,0,2806
1946,1,0,2807
1947,3,0,2810
1948,1,0,2811
1949,1,0,2812
1950,3,0,2815
1951,1,0,2816
1952,2,0,2818
1953,1,0,2819
1954,1,0,2820
1955,1,0,2821
1956,1,0,2822
1957,1,0,2823
1958,2,0,2825
1959,1,0,2826
1960,1,0,2827
1961,1,0,2828
1962,3,0,2831
1963,1,0,2832
1964,1,0,2833
1965,1,0,2834
1966,1,0,2835
1967,1,0,2836
1968,1,0,2837
1969,3,0,2840
1970,1,0,2841
1971,1,0,2842
1972,1,0,2843
1973,1,0,2844
1974,1,0,2845
1975,1,0,2846
1976,2,0,2848
1977,1,0,2849
1978,1,0,2850
1979,1,0,2851
1980,1,0,2852
1981,1,0,2853
1982,1,0,2854
1983,1,0,2855
1984,2,0,2857
1985,2,0,2859
1986,2,0,2861
1987,1,0,2862
1988,1,0,2863
1989,1,0,2864
1990,1,0,2865
1991,1,0,2866
1992,1,0,2867
1993,1,0,2868
1994,1,0,2869
1995,2,0,2871
1996,2,0,2873
1997,2,0,2875
1998,1,0,2876
1999,1,0,2877
2000,3,0,2880
2001,1,0,2881
2002,1,0,2882
2003,2,0,2884
2004,1,0,2885
2005,1,0,2886
2006,1,0,2887
2007,1,0,2888
2008,2,0,2890
2009,1,0,2891
2010,1,0,2892
2011,1,0,2893
2012,1,0,2894
2013,1,0,2895
2014,2,0,2897
2015,1,0,2898
2016,1,0,2899
2017,1,0,2900
2018,1,0,2901
2019,1,0,2902
2020,1,0,2903
2021,1,0,2904
2022,1,0,2905
2023,1,0,2906
2024,1,0,2907
2025,3,0,2910
2026,1,0,2911
2027,1,0,2912
2028,2,0,2914
2029,1,0,2915
2030,2,0,2917
2031,5,0,2922
2032,1,0,2923
2033,1,0,2924
2034,1,0,2925
2035,3,0,2928
2036,3,0,2931
2037,1,0,2932
2038,1,0,2933
2039,3,0,2936
2040,1,0,2937
2041,5,0,2942
2042,1,0,2943
2043,1,0,2944
2044,3,0,2947
2045,4,0,2951
2046,1,0,2952
2047,1,0,2953
2048,1,0,2954
2049,2,0,2956
2050,1,0,2957
2051,1,0,2958
2052,1,0,2959
2053,2,0,2961
2054,2,0,2963
2055,1,0,2964
2056,1,0,2965
2057,1,0,2966
2058,1,0,2967
2059,4,0,2971
2060,1,0,2972
2061,1,0,2973
2062,1,0,2974
2063,1,0,2975
2064,1,0,2976
2065,2,0,2978
2066,1,0,2979
2067,3,0,2982
2068,2,0,2984
2069,3,0,2987
2070,1,0,2988
2071,2,0,2990
2072,3,0,2993
2073,1,0,2994
2074,1,0,2995
2075,1,0,2996
2076,1,0,2997
2077,1,0,2998
2078,1,0,2999
2079,2,0,3001
2080,1,0,3002
2081,1,0,3003
2082,3,0,3006
2083,1,0,3007
2084,5,0,3012
2085,1,0,3013
2086,2,0,3015
2087,1,0,3016
2088,2,0,3018
2089,3,0,3021
2090,1,0,3022
2091,1,0,3023
2092,1,0,3024
2093,1,0,3025
2094,1,0,3026
2095,1,0,3027
2096,1,0,3028
2097,1,0,3029
2098,1,0,3030
2099,1,0,3031
2100,1,0,3032
2101,3,0,3035
2102,2,0,3037
2103,1,0,3038
2104,2,0,3040
2105,1,0,3041
2106,2,0,3043
2107,1,0,3044
2108,2,0,3046
2109,1,0,3047
2110,1,0,3048
2111,3,0,3051
2112,1,0,3052
2113,1,0,3053
2114,2,0,3055
2115,1,0,3056
2116,2,0,3058
2117,1,0,3059
2118,1,0,3060
2119,1,0,3061
2120,1,0,3062
2121,2,0,3064
2122,2,0,3066
2123,1,0,3067
2124,1,0,3068
2125,1,0,3069
2126,2,0,3071
2127,1,0,3072
2128,1,0,3073
2129,6,0,3079
2130,1,0,3080
2131,1,0,3081
2132,1,0,3082
2133,2,0,3084
2134,1,0,3085
2135,3,0,3088
2136,1,0,3089
2137,1,0,3090
2138,1,0,3091
2139,1,0,3092
2140,3,0,3095
2141,1,0,3096
2142,2,0,3098
2143,1,0,3099
2144,1,0,3100
2145,1,0,3101
2146,1,0,3102
2147,1,0,3103
2148,1,0,3104
2149,2,0,3106
2150,1,0,3107
2151,2,0,3109
2152,1,0,3110
2153,1,0,3111
2154,1,0,3112
2155,1,0,3113
2156,2,0,3115
2157,1,0,3116
2158,1,0,3117
2159,1,0,3118
2160,3,0,3121
2161,2,0,3123
2162,2,0,3125
2163,1,0,3126
2164,1,0,3127
2165,1,0,3128
2166,1,0,3129
2167,1,0,3130
2168,1,0,3131
2169,1,0,3132
2170,1,0,3133
2171,1,0,3134
2172,1,0,3135
2173,2,0,3137
2174,1,0,3138
2175,1,0,3139
2176,4,0,3143
2177,1,0,3144
2178,1,0,3145
2179,1,0,3146
2180,2,0,3148
2181,1,0,3149
2182,2,0,3151
2183,1,0,3152
2184,1,0,3153
2185,2,0,3155
2186,1,0,3156
2187,2,0,3158
2188,2,0,3160
2189,1,0,3161
2190,1,0,3162
2191,1,0,3163
2192,1,0,3164
2193,1,0,3165
2194,1,0,3166
2195,1,0,3167
2196,1,0,3168
2197,1,0,3169
2198,2,0,3171
2199,2,0,3173
2200,1,0,3174
2201,1,0,3175
2202,1,0,3176
2203,2,0,3178
2204,2,0,3180
2205,2,0,3182
2206,1,0,3183
2207,1,0,3184
2208,2,0,3186
2209,1,0,3187
2210,1,0,3188
2211,1,0,3189
2212,1,0,3190
2213,1,0,3191
2214,1,0,3192
2215,1,0,3193
2216,1,0,3194
2217,1,0,3195
2218,2,0,3197
2219,1,0,3198
2220,1,0,3199
2221,1,0,3200
2222,1,0,3201
2223,1,0,3202
2224,1,0,3203
2225,2,0,3205
2226,1,0,3206
2227,2,0,3208
2228,4,0,3212
2229,1,0,3213
2230,1,0,3214
2231,2,0,3216
2232,1,0,3217
2233,1,0,3218
2234,1,0,3219
2235,1,0,3220
2236,1,0,3221
2237,1,0,3222
2238,2,0,3224
2239,1,0,3225
2240,2,0,3227
2241,3,0,3230
2242,1,0,3231
2243,2,0,3233
2244,1,0,3234
2245,1,0,3235
2246,1,0,3236
2247,1,0,3237
2248,1,0,3238
2249,1,0,3239
2250,1,0,3240
2251,1,0,3241
2252,2,0,3243
2253,1,0,3244
2254,1,0,3245
2255,2,0,3247
2256,2,0,3249
2257,1,0,3250
2258,1,0,3251
2259,1,0,3252
2260,2,0,3254
2261,1,0,3255
2262,1,0,3256
2263,1,0,3257
2264,1,0,3258
2265,1,0,3259
2266,2,0,3261
2267,1,0,3262
2268,3,0,3265
2269,2,0,3267
2270,1,0,3268
2271,3,0,3271
2272,1,0,3272
2273,3,0,3275
2274,2,0,3277
2275,1,0,3278
2276,1,0,3279
2277,1,0,3280
2278,2,0,3282
2279,1,0,3283
2280,1,0,3284
2281,2,0,3286
2282,1,0,3287
2283,1,0,3288
2284,1,0,3289
2285,1,0,3290
2286,3,0,3293
2287,1,0,3294
2288,1,0,3295
2289,1,0,3296
2290,1,0,3297
2291,1,0,3298
2292,2,0,3300
2293,1,0,3301
2294,2,0,3303
2295,1,0,3304
2296,1,0,3305
2297,2,0,3307
2298,1,0,3308
2299,1,0,3309
2300,4,0,3313
2301,2,0,3315
2302,1,0,3316
2303,1,0,3317
2304,1,0,3318
2305,1,0,3319
2306,1,0,3320
2307,2,0,3322
2308,1,0,3323
2309,1,0,3324
2310,4,0,3328
2311,1,0,3329
2312,1,0,3330
2313,1,0,3331
2314,1,0,3332
2315,1,0,3333
2316,1,0,3334
2317,1,0,3335
2318,1,0,3336
2319,1,0,3337
2320,1,0,3338
2321,4,0,3342
2322,1,0,3343
2323,2,0,3345
2324,1,0,3346
2325,2,0,3348
2326,1,0,3349
2327,1,0,3350
2328,2,0,3352
2329,1,0,3353
2330,5,0,3358
2331,1,0,3359
2332,1,0,3360
2333,1,0,3361
2334,2,0,3363
2335,2,0,3365
2336,4,0,3369
2337,1,0,3370
2338,2,0,3372
2339,1,0,3373
2340,1,0,3374
2341,1,0,3375
2342,1,0,3376
2343,2,0,3378
2344,1,0,3379
2345,3,0,3382
2346,1,0,3383
2347,2,0,3385
2348,1,0,3386
2349,1,0,3387
2350,1,0,3388
2351,1,0,3389
2352,1,0,3390
2353,1,0,3391
2354,3,0,3394
2355,1,0,3395
2356,1,0,3396
2357,1,0,3397
2358,3,0,3400
2359,1,0,3401
2360,2,0,3403
2361,4,0,3407
2362,1,0,3408
2363,2,0,3410
2364,1,0,3411
2365,2,0,3413
2366,1,0,3414
2367,1,0,3415
2368,1,0,3416
2369,1,0,3417
2370,1,0,3418
2371,2,0,3420
2372,2,0,3422
2373,1,0,3423
2374,2,0,3425
2375,1,0,3426
2376,1,0,3427
2377,2,0,3429
2378,3,0,3432
2379,1,0,3433
2380,1,0,3434
2381,2,0,3436
2382,1,0,3437
2383,2,0,3439
2384,1,0,3440
2385,2,0,3442
2386,1,0,3443
2387,2,0,3445
2388,1,0,3446
2389,2,0,3448
2390,1,0,3449
2391,2,0,3451
2392,1,0,3452
2393,2,0,3454
2394,1,0,3455
2395,1,0,3456
2396,1,0,3457
2397,1,0,3458
2398,2,0,3460
2399,1,0,3461
2400,3,0,3464
2401,1,0,3465
2402,1,0,3466
2403,1,0,3467
2404,1,0,3468
2405,1,0,3469
2406,1,0,3470
2407,1,0,3471
2408,1,0,3472
2409,3,0,3475
2410,1,0,3476
2411,1,0,3477
2412,1,0,3478
2413,5,0,3483
2414,1,0,3484
2415,1,0,3485
2416,1,0,3486
2417,1,0,3487
2418,1,0,3488
2419,1,0,3489
2420,1,0,3490
2421,1,0,3491
2422,1,0,3492
2423,1,0,3493
2424,2,0,3495
2425,1,0,3496
2426,1,0,3497
2427,3,0,3500
2428,1,0,3501
2429,1,0,3502
2430,1,0,3503
2431,1,0,3504
2432,2,0,3506
2433,1,0,3507
2434,1,0,3508
2435,1,0,3509
2436,1,0,3510
2437,1,0,3511
2438,1,0,3512
2439,1,0,3513
2440,2,0,3515
2441,1,0,3516
2442,1,0,3517
2443,1,0,3518
2444,2,0,3520
2445,2,0,3522
2446,1,0,3523
2447,3,0,3526
2448,2,0,3528
2449,2,0,3530
2450,1,0,3531
2451,1,0,3532
2452,1,0,3533
2453,1,0,3534
2454,1,0,3535
2455,1,0,3536
2456,1,0,3537
2457,1,0,3538
2458,4,0,3542
2459,1,0,3543
2460,1,0,3544
2461,1,0,3545
2462,1,0,3546
2463,2,0,3548
2464,2,0,3550
2465,2,0,3552
2466,2,0,3554
2467,1,0,3555
2468,1,0,3556
2469,1,0,3557
2470,1,0,3558
2471,2,0,3560
2472,1,0,3561
2473,2,0,3563
2474,1,0,3564
2475,1,0,3565
2476,2,0,3567
2477,1,0,3568
2478,1,0,3569
2479,1,0,3570
2480,1,0,3571
2481,1,0,3572
2482,1,0,3573
2483,1,0,3574
2484,2,0,3576
2485,1,0,3577
2486,2,0,3579
2487,2,0,3581
2488,1,0,3582
2489,1,0,3583
2490,1,0,3584
2491,1,0,3585
2492,2,0,3587
2493,1,0,3588
2494,1,0,3589
2495,1,0,3590
2496,1,0,3591
2497,2,0,3593
2498,2,0,3595
2499,3,0,3598
2500,1,0,3599
2501,1,0,3600
2502,3,0,3603
2503,1,0,3604
2504,1,0,3605
2505,1,0,3606
2506,1,0,3607
2507,1,0,3608
2508,1,0,3609
2509,2,0,3611
2510,1,0,3612
2511,1,0,3613
2512,2,0,3615
2513,2,0,3617
2514,1,0,3618
2515,1,0,3619
2516,1,0,3620
2517,2,0,3622
2518,1,0,3623
2519,1,0,3624
2520,1,0,3625
2521,2,0,3627
2522,2,0,3629
2523,1,0,3630
2524,1,0,3631
2525,5,0,3636
2526,2,0,3638
2527,1,0,3639
2528,1,0,3640
2529,2,0,3642
2530,3,0,3645
2531,1,0,3646
2532,1,0,3647
2533,1,0,3648
2534,2,0,3650
2535,1,0,3651
2536,1,0,3652
2537,1,0,3653
2538,1,0,3654
2539,1,0,3655
2540,1,0,3656
2541,1,0,3657
2542,1,0,3658
2543,1,0,3659
2544,2,0,3661
2545,1,0,3662
2546,1,0,3663
2547,1,0,3664
2548,1,0,3665
2549,2,0,3667
2550,1,0,3668
2551,4,0,3672
2552,1,0,3673
2553,1,0,3674
2554,1,0,3675
2555,1,0,3676
2556,1,0,3677
2557,1,0,3678
2558,1,0,3679
2559,1,0,3680
2560,1,0,3681
2561,2,0,3683
2562,1,0,3684
2563,1,0,3685
2564,1,0,3686
2565,1,0,3687
2566,1,0,3688
2567,1,0,3689
2568,1,0,3690
2569,1,0,3691
2570,1,0,3692
2571,1,0,3693
2572,1,0,3694
2573,1,0,3695
2574,2,0,3697
2575,2,0,3699
2576,1,0,3700
2577,1,0,3701
2578,2,0,3703
2579,1,0,3704
2580,1,0,3705
2581,2,0,3707
2582,1,0,3708
2583,1,0,3709
2584,2,0,3711
2585,5,0,3716
2586,2,0,3718
2587,1,0,3719
2588,2,0,3721
2589,1,0,3722
2590,3,0,3725
2591,2,0,3727
2592,1,0,3728
2593,2,0,3730
2594,1,0,3731
2595,1,0,3732
2596,1,0,3733
2597,1,0,3734
2598,1,0,3735
2599,1,0,3736
2600,1,0,3737
2601,1,0,3738
2602,1,0,3739
2603,1,0,3740
2604,1,0,3741
2605,1,0,3742
2606,1,0,3743
2607,1,0,3744
2608,1,0,3745
2609,1,0,3746
2610,1,0,3747
2611,1,0,3748
2612,1,0,3749
2613,1,0,3750
2614,1,0,3751
2615,2,0,3753
2616,2,0,3755
2617,1,0,3756
2618,1,0,3757
2619,3,0,3760
2620,1,0,3761
2621,2,0,3763
2622,1,0,3764
2623,1,0,3765
2624,1,0,3766
2625,2,0,3768
2626,1,0,3769
2627,2,0,3771
2628,2,0,3773
2629,1,0,3774
2630,1,0,3775
2631,1,0,3776
2632,3,0,3779
2633,3,0,3782
2634,1,0,3783
2635,1,0,3784
2636,3,0,3787
2637,2,0,3789
2638,1,0,3790
2639,6,0,3796
2640,1,0,3797
2641,1,0,3798
2642,2,0,3800
2643,1,0,3801
2644,1,0,3802
2645,1,0,3803
2646,1,0,3804
2647,1,0,3805
2648,1,0,3806
2649,1,0,3807
2650,1,0,3808
2651,2,0,3810
2652,1,0,3811
2653,1,0,3812
2654,1,0,3813
2655,3,0,3816
2656,1,0,3817
2657,1,0,3818
2658,1,0,3819
2659,2,0,3821
2660,1,0,3822
2661,1,0,3823
2662,1,0,3824
2663,1,0,3825
2664,2,0,3827
2665,1,0,3828
2666,1,0,3829
2667,1,0,3830
2668,1,0,3831
2669,1,0,3832
2670,2,0,3834
2671,1,0,3835
2672,1,0,3836
2673,1,0,3837
2674,4,0,3841
2675,2,0,3843
2676,1,0,3844
2677,1,0,3845
2678,1,0,3846
2679,1,0,3847
2680,2,0,3849
2681,1,0,3850
2682,1,0,3851
2683,2,0,3853
2684,1,0,3854
2685,1,0,3855
2686,1,0,3856
2687,1,0,3857
2688,3,0,3860
2689,2,0,3862
2690,1,0,3863
2691,3,0,3866
2692,2,0,3868
2693,4,0,3872
2694,1,0,3873
2695,1,0,3874
2696,1,0,3875
2697,1,0,3876
2698,1,0,3877
2699,2,0,3879
2700,3,0,3882
2701,1,0,3883
2702,1,0,3884
2703,1,0,3885
2704,1,0,3886
2705,3,0,3889
2706,1,0,3890
2707,1,0,3891
2708,1,0,3892
2709,2,0,3894
2710,2,0,3896
2711,2,0,3898
2712,1,0,3899
2713,1,0,3900
2714,1,0,3901
2715,1,0,3902
2716,2,0,3904
2717,3,0,3907
2718,1,0,3908
2719,1,0,3909
2720,1,0,3910
2721,1,0,3911
2722,1,0,3912
2723,2,0,3914
2724,2,0,3916
2725,2,0,3918
2726,1,0,3919
2727,1,0,3920
2728,1,0,3921
2729,1,0,3922
2730,1,0,3923
2731,1,0,3924
2732,2,0,3926
2733,1,0,3927
2734,1,0,3928
2735,1,0,3929
2736,4,0,3933
2737,2,0,3935
2738,1,0,3936
2739,1,0,3937
2740,1,0,3938
2741,1,0,3939
2742,1,0,3940
2743,2,0,3942
2744,1,0,3943
2745,1,0,3944
2746,1,0,3945
2747,1,0,3946
2748,1,0,3947
2749,2,0,3949
2750,1,0,3950
2751,1,0,3951
2752,2,0,3953
2753,1,0,3954
2754,1,0,3955
2755,1,0,3956
2756,3,0,3959
2757,1,0,3960
2758,2,0,3962
2759,2,0,3964
2760,1,0,3965
2761,1,0,3966
2762,1,0,3967
2763,1,0,3968
2764,1,0,3969
2765,1,0,3970
2766,4,0,3974
2767,3,0,3977
2768,1,0,3978
2769,2,0,3980
2770,1,0,3981
2771,2,0,3983
2772,1,0,3984
2773,1,0,3985
2774,1,0,3986
2775,1,0,3987
2776,1,0,3988
2777,5,0,3993
2778,1,0,3994
2779,1,0,3995
2780,2,0,3997
2781,2,0,3999
2782,1,0,4000
2783,1,0,4001
2784,1,0,4002
2785,1,0,4003
2786,1,0,4004
2787,1,0,4005
2788,1,0,4006
2789,1,0,4007
2790,1,0,4008
2791,6,0,4014
2792,1,0,4015
2793,1,0,4016
2794,1,0,4017
2795,2,0,4019
2796,1,0,4020
2797,1,0,4021
2798,1,0,4022
2799,1,0,4023
2800,1,0,4024
2801,1,0,4025
2802,1,0,4026
2803,1,0,4027
2804,1,0,4028
2805,1,0,4029
2806,1,0,4030
2807,1,0,4031
2808,3,0,4034
2809,1,0,4035
2810,2,0,4037
2811,1,0,4038
2812,2,0,4040
2813,1,0,4041
2814,1,0,4042
2815,1,0,4043
2816,2,0,4045
2817,1,0,4046
2818,3,0,4049
2819,1,0,4050
2820,1,0,4051
2821,1,0,4052
2822,2,0,4054
2823,1,0,4055
2824,1,0,4056
2825,2,0,4058
2826,1,0,4059
2827,2,0,4061
2828,3,0,4064
2829,3,0,4067
2830,1,0,4068
2831,1,0,4069
2832,1,0,4070
2833,1,0,4071
2834,1,0,4072
2835,1,0,4073
2836,1,0,4074
2837,1,0,4075
2838,2,0,4077
2839,2,0,4079
2840,1,0,4080
2841,4,0,4084
2842,1,0,4085
2843,1,0,4086
2844,3,0,4089
2845,1,0,4090
2846,1,0,4091
2847,2,0,4093
2848,2,0,4095
2849,1,0,4096
2850,1,0,4097
2851,1,0,4098
2852,1,0,4099
2853,1,0,4100
2854,1,0,4101
2855,1,0,4102
2856,2,0,4104
2857,1,0,4105
2858,1,0,4106
2859,2,0,4108
2860,1,0,4109
2861,1,0,4110
2862,2,0,4112
2863,2,0,4114
2864,1,0,4115
2865,1,0,4116
2866,1,0,4117
2867,1,0,4118
2868,2,0,4120
2869,1,0,4121
2870,1,0,4122
2871,1,0,4123
2872,1,0,4124
2873,2,0,4126
2874,2,0,4128
2875,1,0,4129
2876,1,0,4130
2877,1,0,4131
2878,1,0,4132
2879,2,0,4134
2880,1,0,4135
2881,1,0,4136
2882,1,0,4137
2883,1,0,4138
2884,1,0,4139
2885,4,0,4143
2886,1,0,4144
2887,1,0,4145
2888,1,0,4146
2889,1,0,4147
2890,1,0,4148
2891,1,0,4149
2892,1,0,4150
2893,1,0,4151
2894,1,0,4152
2895,1,0,4153
2896,2,0,4155
2897,1,0,4156
2898,2,0,4158
2899,1,0,4159
2900,1,0,4160
2901,1,0,4161
2902,2,0,4163
2903,2,0,4165
2904,1,0,4166
2905,1,0,4167
2906,1,0,4168
2907,1,0,4169
2908,1,0,4170
2909,2,0,4172
2910,1,0,4173
2911,1,0,4174
2912,2,0,4176
2913,1,0,4177
2914,3,0,4180
2915,1,0,4181
2916,1,0,4182
2917,1,0,4183
2918,1,0,4184
2919,1,0,4185
2920,1,0,4186
2921,6,0,4192
2922,2,0,4194
2923,1,0,4195
2924,1,0,4196
2925,1,0,4197
2926,2,0,4199
2927,1,0,4200
2928,2,0,4202
2929,1,0,4203
2930,2,0,4205
2931,1,0,4206
2932,2,0,4208
2933,1,0,4209
2934,2,0,4211
2935,3,0,4214
2936,2,0,4216
2937,2,0,4218
2938,1,0,4219
2939,1,0,4220
2940,1,0,4221
2941,2,0,4223
2942,3,0,4226
2943,1,0,4227
2944,1,0,4228
2945,3,0,4231
2946,2,0,4233
2947,1,0,4234
2948,1,0,4235
2949,2,0,4237
2950,1,0,4238
2951,2,0,4240
2952,2,0,4242
2953,1,0,4243
2954,3,0,4246
2955,1,0,4247
2956,1,0,4248
2957,1,0,4249
2958,1,0,4250
2959,1,0,4251
2960,1,0,4252
2961,2,0,4254
2962,1,0,4255
2963,1,0,4256
2964,2,0,4258
2965,1,0,4259
2966,1,0,4260
2967,1,0,4261
2968,3,0,4264
2969,1,0,4265
2970,1,0,4266
2971,2,0,4268
2972,2,0,4270
2973,1,0,4271
2974,1,0,4272
2975,2,0,4274
2976,3,0,4277
2977,1,0,4278
2978,1,0,4279
2979,1,0,4280
2980,2,0,4282
2981,1,0,4283
2982,1,0,4284
2983,1,0,4285
2984,3,0,4288
2985,1,0,4289
2986,1,0,4290
2987,1,0,4291
2988,1,0,4292
2989,1,0,4293
2990,1,0,4294
2991,1,0,4295
2992,1,0,4296
2993,1,0,4297
2994,1,0,4298
2995,1,0,4299
2996,2,0,4301
2997,1,0,4302
2998,1,0,4303
2999,1,0,4304
3000,1,0,4305
3001,1,0,4306
3002,1,0,4307
3003,1,0,4308
3004,1,0,4309
3005,1,0,4310
3006,1,0,4311
3007,1,0,4312
3008,1,0,4313
3009,1,0,4314
3010,1,0,4315
3011,1,0,4316
3012,1,0,4317
3013,1,0,4318
3014,1,0,4319
3015,1,0,4320
3016,1,0,4321
3017,1,0,4322
3018,1,0,4323
3019,2,0,4325
3020,2,0,4327
3021,1,0,4328
3022,3,0,4331
3023,4,0,4335
3024,1,0,4336
3025,1,0,4337
3026,2,0,4339
3027,2,0,4341
3028,3,0,4344
3029,1,0,4345
3030,1,0,4346
3031,1,0,4347
3032,1,0,4348
3033,1,0,4349
3034,1,0,4350
3035,1,0,4351
3036,3,0,4354
3037,1,0,4355
3038,1,0,4356
3039,3,0,4359
3040,3,0,4362
3041,3,0,4365
3042,3,0,4368
3043,1,0,4369
3044,1,0,4370
3045,1,0,4371
3046,1,0,4372
3047,1,0,4373
3048,2,0,4375
3049,2,0,4377
3050,1,0,4378
3051,2,0,4380
3052,1,0,4381
3053,1,0,4382
3054,1,0,4383
3055,1,0,4384
3056,1,0,4385
3057,1,0,4386
3058,1,0,4387
3059,1,0,4388
3060,2,0,4390
3061,2,0,4392
3062,1,0,4393
3063,1,0,4394
3064,2,0,4396
3065,2,0,4398
3066,1,0,4399
3067,1,0,4400
3068,1,0,4401
3069,2,0,4403
3070,1,0,4404
3071,1,0,4405
3072,1,0,4406
3073,1,0,4407
3074,2,0,4409
3075,2,0,4411
3076,1,0,4412
3077,1,0,4413
3078,1,0,4414
3079,1,0,4415
3080,1,0,4416
3081,1,0,4417
3082,2,0,4419
3083,1,0,4420
3084,2,0,4422
3085,1,0,4423
3086,3,0,4426
3087,1,0,4427
3088,2,0,4429
3089,3,0,4432
3090,1,0,4433
3091,1,0,4434
3092,1,0,4435
3093,1,0,4436
3094,1,0,4437
3095,1,0,4438
3096,1,0,4439
3097,1,0,4440
3098,1,0,4441
3099,1,0,4442
3100,1,0,4443
3101,1,0,4444
3102,1,0,4445
3103,2,0,4447
3104,1,0,4448
3105,1,0,4449
3106,1,0,4450
3107,1,0,4451
3108,1,0,4452
3109,2,0,4454
3110,1,0,4455
3111,1,0,4456
3112,2,0,4458
3113,2,0,4460
3114,1,0,4461
3115,1,0,4462
3116,3,0,4465
3117,1,0,4466
3118,1,0,4467
3119,1,0,4468
3120,1,0,4469
3121,1,0,4470
3122,1,0,4471
3123,1,0,4472
3124,1,0,4473
3125,1,0,4474
3126,1,0,4475
3127,2,0,4477
3128,1,0,4478
3129,1,0,4479
3130,1,0,4480
3131,1,0,4481
3132,1,0,4482
3133,1,0,4483
3134,1,0,4484
3135,3,0,4487
3136,1,0,4488
3137,2,0,4490
3138,1,0,4491
3139,4,0,4495
3140,1,0,4496
3141,1,0,4497
3142,1,0,4498
3143,1,0,4499
3144,1,0,4500
3145,1,0,4501
3146,1,0,4502
3147,2,0,4504
3148,1,0,4505
3149,2,0,4507
3150,1,0,4508
3151,1,0,4509
3152,1,0,4510
3153,1,0,4511
3154,1,0,4512
3155,1,0,4513
3156,1,0,4514
3157,1,0,4515
3158,1,0,4516
3159,1,0,4517
3160,1,0,4518
3161,1,0,4519
3162,3,0,4522
3163,1,0,4523
3164,2,0,4525
3165,2,0,4527
3166,1,0,4528
3167,1,0,4529
3168,2,0,4531
3169,1,0,4532
3170,1,0,4533
3171,2,0,4535
3172,1,0,4536
3173,1,0,4537
3174,1,0,4538
3175,1,0,4539
3176,2,0,4541
3177,3,0,4544
3178,1,0,4545
3179,1,0,4546
3180,1,0,4547
3181,1,0,4548
3182,1,0,4549
3183,1,0,4550
3184,2,0,4552
3185,2,0,4554
3186,3,0,4557
3187,1,0,4558
3188,1,0,4559
3189,1,0,4560
3190,3,0,4563
3191,5,0,4568
3192,1,0,4569
3193,3,0,4572
3194,1,0,4573
3195,1,0,4574
3196,1,0,4575
3197,1,0,4576
3198,1,0,4577
3199,1,0,4578
3200,1,0,4579
3201,1,0,4580
3202,1,0,4581
3203,2,0,4583
3204,1,0,4584
3205,1,0,4585
3206,1,0,4586
3207,1,0,4587
3208,1,0,4588
3209,1,0,4589
3210,1,0,4590
3211,1,0,4591
3212,1,0,4592
3213,1,0,4593
3214,3,0,4596
3215,1,0,4597
3216,1,0,4598
3217,1,0,4599
3218,1,0,4600
3219,1,0,4601
3220,1,0,4602
3221,1,0,4603
3222,1,0,4604
3223,1,0,4605
3224,1,0,4606
3225,1,0,4607
3226,2,0,4609
3227,1,0,4610
3228,2,0,4612
3229,2,0,4614
3230,2,0,4616
3231,1,0,4617
3232,2,0,4619
3233,1,0,4620
3234,1,0,4621
3235,1,0,4622
3236,2,0,4624
3237,1,0,4625
3238,2,0,4627
3239,1,0,4628
3240,2,0,4630
3241,2,0,4632
3242,1,0,4633
3243,1,0,4634
3244,1,0,4635
3245,1,0,4636
3246,1,0,4637
3247,1,0,4638
3248,1,0,4639
3249,1,0,4640
3250,1,0,4641
3251,1,0,4642
3252,1,0,4643
3253,1,0,4644
3254,1,0,4645
3255,1,0,4646
3256,1,0,4647
3257,2,0,4649
3258,1,0,4650
3259,1,0,4651
3260,1,0,4652
3261,3,0,4655
3262,2,0,4657
3263,2,0,4659
3264,1,0,4660
3265,1,0,4661
3266,2,0,4663
3267,1,0,4664
3268,1,0,4665
3269,2,0,4667
3270,1,0,4668
3271,1,0,4669
3272,1,0,4670
3273,1,0,4671
3274,1,0,4672
3275,2,0,4674
3276,1,0,4675
3277,3,0,4678
3278,1,0,4679
3279,2,0,4681
3280,2,0,4683
3281,1,0,4684
3282,1,0,4685
3283,1,0,4686
3284,1,0,4687
3285,1,0,4688
3286,1,0,4689
3287,1,0,4690
3288,1,0,4691
3289,1,0,4692
3290,1,0,4693
3291,1,0,4694
3292,3,0,4697
3293,1,0,4698
3294,1,0,4699
3295,1,0,4700
3296,2,0,4702
3297,1,0,4703
3298,1,0,4704
3299,1,0,4705
3300,1,0,4706
3301,1,0,4707
3302,1,0,4708
3303,1,0,4709
3304,1,0,4710
3305,2,0,4712
3306,1,0,4713
3307,1,0,4714
3308,1,0,4715
3309,3,0,4718
3310,2,0,4720
3311,4,0,4724
3312,3,0,4727
3313,1,0,4728
3314,2,0,4730
3315,1,0,4731
3316,1,0,4732
3317,1,0,4733
3318,1,0,4734
3319,2,0,4736
3320,2,0,4738
3321,1,0,4739
3322,1,0,4740
3323,1,0,4741
3324,1,0,4742
3325,1,0,4743
3326,2,0,4745
3327,1,0,4746
3328,1,0,4747
3329,1,0,4748
3330,1,0,4749
3331,1,0,4750
3332,2,0,4752
3333,1,0,4753
3334,2,0,4755
3335,1,0,4756
3336,2,0,4758
3337,1,0,4759
3338,4,0,4763
3339,1,0,4764
3340,1,0,4765
3341,2,0,4767
3342,1,0,4768
3343,3,0,4771
3344,1,0,4772
3345,1,0,4773
3346,1,0,4774
3347,1,0,4775
3348,3,0,4778
3349,1,0,4779
3350,2,0,4781
3351,1,0,4782
3352,1,0,4783
3353,2,0,4785
3354,1,0,4786
3355,3,0,4789
3356,1,0,4790
3357,1,0,4791
3358,1,0,4792
3359,1,0,4793
3360,1,0,4794
3361,1,0,4795
3362,2,0,4797
3363,2,0,4799
3364,1,0,4800
3365,1,0,4801
3366,1,0,4802
3367,1,0,4803
3368,1,0,4804
3369,1,0,4805
3370,1,0,4806
3371,1,0,4807
3372,1,0,4808
3373,1,0,4809
3374,1,0,4810
3375,1,0,4811
3376,1,0,4812
3377,1,0,4813
3378,1,0,4814
3379,1,0,4815
3380,3,0,4818
3381,2,0,4820
3382,2,0,4822
3383,1,0,4823
3384,2,0,4825
3385,1,0,4826
3386,2,0,4828
3387,1,0,4829
3388,1,0,4830
3389,1,0,4831
3390,1,0,4832
3391,1,0,4833
3392,1,0,4834
3393,1,0,4835
3394,1,0,4836
3395,1,0,4837
3396,1,0,4838
3397,1,0,4839
3398,5,0,4844
3399,1,0,4845
3400,1,0,4846
3401,1,0,4847
3402,1,0,4848
3403,1,0,4849
3404,1,0,4850
3405,1,0,4851
3406,4,0,4855
3407,2,0,4857
3408,1,0,4858
3409,1,0,4859
3410,1,0,4860
3411,1,0,4861
3412,2,0,4863
3413,1,0,4864
3414,1,0,4865
3415,3,0,4868
3416,1,0,4869
3417,1,0,4870
3418,1,0,4871
3419,1,0,4872
3420,2,0,4874
3421,1,0,4875
3422,3,0,4878
3423,4,0,4882
3424,1,0,4883
3425,1,0,4884
3426,1,0,4885
3427,3,0,4888
3428,1,0,4889
3429,1,0,4890
3430,1,0,4891
3431,3,0,4894
3432,1,0,4895
3433,1,0,4896
3434,1,0,4897
3435,1,0,4898
3436,1,0,4899
3437,1,0,4900
3438,3,0,4903
3439,1,0,4904
3440,1,0,4905
3441,1,0,4906
3442,1,0,4907
3443,1,0,4908
3444,1,0,4909
3445,1,0,4910
3446,1,0,4911
3447,1,0,4912
3448,1,0,4913
3449,1,0,4914
3450,1,0,4915
3451,2,0,4917
3452,1,0,4918
3453,1,0,4919
3454,3,0,4922
3455,3,0,4925
3456,2,0,4927
3457,1,0,4928
3458,1,0,4929
3459,1,0,4930
3460,1,0,4931
3461,1,0,4932
3462,1,0,4933
3463,1,0,4934
3464,1,0,4935
3465,1,0,4936
3466,1,0,4937
3467,2,0,4939
3468,2,0,4941
3469,1,0,4942
3470,1,0,4943
3471,1,0,4944
3472,1,0,4945
3473,1,0,4946
3474,1,0,4947
3475,1,0,4948
3476,1,0,4949
3477,1,0,4950
3478,1,0,4951
3479,1,0,4952
3480,1,0,4953
3481,2,0,4955
3482,1,0,4956
3483,1,0,4957
3484,1,0,4958
3485,3,0,4961
3486,1,0,4962
3487,1,0,4963
3488,1,0,4964
3489,1,0,4965
3490,1,0,4966
3491,2,0,4968
3492,1,0,4969
3493,1,0,4970
3494,1,0,4971
3495,1,0,4972
3496,1,0,4973
3497,1,0,4974
3498,1,0,4975
3499,1,0,4976
3500,1,0,4977
3501,1,0,4978
3502,3,0,4981
3503,1,0,4982
3504,1,0,4983
3505,1,0,4984
3506,1,0,4985
3507,2,0,4987
3508,1,0,4988
3509,1,0,4989
3510,1,0,4990
3511,1,0,4991
3512,1,0,4992
3513,1,0,4993
3514,1,0,4994
3515,1,0,4995
3516,1,0,4996
3517,1,0,4997
3518,2,0,4999
3519,1,0,5000
3520,1,0,5001
3521,3,0,5004
3522,3,0,5007
3523,1,0,5008
3524,3,0,5011
3525,1,0,5012
3526,1,0,5013
3527,1,0,5014
3528,3,0,5017
3529,1,0,5018
3530,2,0,5020
3531,1,0,5021
3532,1,0,5022
3533,1,0,5023
3534,1,0,5024
3535,1,0,5025
3536,2,0,5027
3537,1,0,5028
3538,1,0,5029
3539,1,0,5030
3540,1,0,5031
3541,2,0,5033
3542,1,0,5034
3543,1,0,5035
3544,1,0,5036
3545,1,0,5037
3546,1,0,5038
3547,1,0,5039
3548,1,0,5040
3549,1,0,5041
3550,2,0,5043
3551,1,0,5044
3552,1,0,5045
3553,2,0,5047
3554,3,0,5050
3555,1,0,5051
3556,1,0,5052
3557,1,0,5053
3558,1,0,5054
3559,1,0,5055
3560,1,0,5056
3561,1,0,5057
3562,3,0,5060
3563,1,0,5061
3564,1,0,5062
3565,1,0,5063
3566,1,0,5064
3567,1,0,5065
3568,3,0,5068
3569,2,0,5070
3570,1,0,5071
3571,1,0,5072
3572,1,0,5073
3573,1,0,5074
3574,2,0,5076
3575,2,0,5078
3576,2,0,5080
3577,1,0,5081
3578,1,0,5082
3579,1,0,5083
3580,2,0,5085
3581,1,0,5086
3582,1,0,5087
3583,3,0,5090
3584,1,0,5091
3585,1,0,5092
3586,1,0,5093
3587,1,0,5094
3588,2,0,5096
3589,1,0,5097
3590,2,0,5099
3591,1,0,5100
3592,3,0,5103
3593,2,0,5105
3594,1,0,5106
3595,1,0,5107
3596,1,0,5108
3597,2,0,5110
3598,1,0,5111
3599,1,0,5112
3600,1,0,5113
3601,1,0,5114
3602,1,0,5115
3603,1,0,5116
3604,3,0,5119
3605,1,0,5120
3606,1,0,5121
3607,1,0,5122
3608,2,0,5124
3609,2,0,5126
3610,2,0,5128
3611,1,0,5129
3612,1,0,5130
3613,2,0,5132
3614,1,0,5133
3615,1,0,5134
3616,1,0,5135
3617,1,0,5136
3618,1,0,5137
3619,1,0,5138
3620,1,0,5139
3621,1,0,5140
3622,2,0,5142
3623,1,0,5143
3624,2,0,5145
3625,1,0,5146
3626,1,0,5147
3627,1,0,5148
3628,1,0,5149
3629,1,0,5150
3630,3,0,5153
3631,3,0,5156
3632,1,0,5157
3633,1,0,5158
3634,1,0,5159
3635,1,0,5160
3636,3,0,5163
3637,1,0,5164
3638,1,0,5165
3639,1,0,5166
3640,1,0,5167
3641,1,0,5168
3642,1,0,5169
3643,1,0,5170
3644,2,0,5172
3645,2,0,5174
3646,2,0,5176
3647,1,0,5177
3648,1,0,5178
3649,1,0,5179
3650,1,0,5180
3651,1,0,5181
3652,1,0,5182
3653,1,0,5183
3654,2,0,5185
3655,2,0,5187
3656,1,0,5188
3657,1,0,5189
3658,1,0,5190
3659,3,0,5193
3660,1,0,5194
3661,1,0,5195
3662,2,0,5197
3663,1,0,5198
3664,1,0,5199
3665,1,0,5200
3666,1,0,5201
3667,1,0,5202
3668,1,0,5203
3669,2,0,5205
3670,1,0,5206
3671,1,0,5207
3672,1,0,5208
3673,1,0,5209
3674,2,0,5211
3675,2,0,5213
3676,1,0,5214
3677,2,0,5216
3678,1,0,5217
3679,2,0,5219
3680,2,0,5221
3681,1,0,5222
3682,1,0,5223
3683,3,0,5226
3684,1,0,5227
3685,1,0,5228
3686,1,0,5229
3687,1,0,5230
3688,1,0,5231
3689,1,0,5232
3690,1,0,5233
3691,3,0,5236
3692,1,0,5237
3693,2,0,5239
3694,2,0,5241
3695,2,0,5243
3696,3,0,5246
3697,1,0,5247
3698,1,0,5248
3699,1,0,5249
3700,1,0,5250
3701,1,0,5251
3702,1,0,5252
3703,2,0,5254
3704,1,0,5255
3705,2,0,5257
3706,1,0,5258
3707,1,0,5259
3708,1,0,5260
3709,1,0,5261
3710,3,0,5264
3711,2,0,5266
3712,1,0,5267
3713,3,0,5270
3714,1,0,5271
3715,1,0,5272
3716,1,0,5273
3717,1,0,5274
3718,1,0,5275
3719,2,0,5277
3720,1,0,5278
3721,3,0,5281
3722,1,0,5282
3723,1,0,5283
3724,1,0,5284
3725,3,0,5287
3726,1,0,5288
3727,1,0,5289
3728,1,0,5290
3729,1,0,5291
3730,1,0,5292
3731,1,0,5293
3732,2,0,5295
3733,2,0,5297
3734,2,0,5299
3735,2,0,5301
3736,2,0,5303
3737,1,0,5304
3738,2,0,5306
3739,2,0,5308
3740,2,0,5310
3741,1,0,5311
3742,1,0,5312
3743,1,0,5313
3744,1,0,5314
3745,1,0,5315
3746,1,0,5316
3747,2,0,5318
3748,4,0,5322
3749,1,0,5323
3750,1,0,5324
3751,1,0,5325
3752,1,0,5326
3753,1,0,5327
3754,1,0,5328
3755,2,0,5330
3756,1,0,5331
3757,1,0,5332
3758,1,0,5333
3759,1,0,5334
3760,1,0,5335
3761,1,0,5336
3762,1,0,5337
3763,1,0,5338
3764,2,0,5340
3765,1,0,5341
3766,1,0,5342
3767,1,0,5343
3768,1,0,5344
3769,2,0,5346
3770,1,0,5347
3771,1,0,5348
3772,1,0,5349
3773,2,0,5351
3774,2,0,5353
3775,1,0,5354
3776,2,0,5356
3777,1,0,5357
3778,1,0,5358
3779,1,0,5359
3780,1,0,5360
3781,3,0,5363
3782,1,0,5364
3783,1,0,5365
3784,1,0,5366
3785,1,0,5367
3786,3,0,5370
3787,2,0,5372
3788,1,0,5373
3789,1,0,5374
3790,3,0,5377
3791,2,0,5379
3792,1,0,5380
3793,2,0,5382
3794,1,0,5383
3795,1,0,5384
3796,3,0,5387
3797,4,0,5391
3798,1,0,5392
3799,2,0,5394
3800,1,0,5395
3801,2,0,5397
3802,3,0,5400
3803,1,0,5401
3804,1,0,5402
3805,1,0,5403
3806,1,0,5404
3807,1,0,5405
3808,2,0,5407
3809,1,0,5408
3810,1,0,5409
3811,1,0,5410
3812,1,0,5411
3813,1,0,5412
3814,1,0,5413
3815,1,0,5414
3816,2,0,5416
3817,1,0,5417
3818,2,0,5419
3819,1,0,5420
3820,1,0,5421
3821,1,0,5422
3822,1,0,5423
3823,2,0,5425
3824,1,0,5426
3825,1,0,5427
3826,1,0,5428
3827,1,0,5429
3828,1,0,5430
3829,1,0,5431
3830,1,0,5432
3831,1,0,5433
3832,1,0,5434
3833,2,0,5436
3834,1,0,5437
3835,1,0,5438
3836,1,0,5439
3837,1,0,5440
3838,1,0,5441
3839,2,0,5443
3840,1,0,5444
3841,1,0,5445
3842,1,0,5446
3843,1,0,5447
3844,1,0,5448
3845,1,0,5449
3846,2,0,5451
3847,1,0,5452
3848,2,0,5454
3849,1,0,5455
3850,2,0,5457
3851,1,0,5458
3852,1,0,5459
3853,3,0,5462
3854,1,0,5463
3855,3,0,5466
3856,1,0,5467
3857,2,0,5469
3858,1,0,5470
3859,2,0,5472
3860,2,0,5474
3861,1,0,5475
3862,2,0,5477
3863,1,0,5478
3864,3,0,5481
3865,2,0,5483
3866,1,0,5484
3867,1,0,5485
3868,1,0,5486
3869,1,0,5487
3870,1,0,5488
3871,1,0,5489
3872,1,0,5490
3873,1,0,5491
3874,1,0,5492
3875,1,0,5493
3876,2,0,5495
3877,1,0,5496
3878,1,0,5497
3879,2,0,5499
3880,1,0,5500
3881,1,0,5501
3882,1,0,5502
3883,1,0,5503
3884,1,0,5504
3885,1,0,5505
3886,1,0,5506
3887,2,0,5508
3888,1,0,5509
3889,1,0,5510
3890,2,0,5512
3891,1,0,5513
3892,4,0,5517
3893,1,0,5518
3894,2,0,5520
3895,1,0,5521
3896,2,0,5523
3897,1,0,5524
3898,2,0,5526
3899,1,0,5527
3900,2,0,5529
3901,1,0,5530
3902,1,0,5531
3903,4,0,5535
3904,1,0,5536
3905,1,0,5537
3906,1,0,5538
3907,1,0,5539
3908,1,0,5540
3909,1,0,5541
3910,3,0,5544
3911,1,0,5545
3912,3,0,5548
3913,1,0,5549
3914,1,0,5550
3915,2,0,5552
3916,2,0,5554
3917,1,0,5555
3918,1,0,5556
3919,1,0,5557
3920,1,0,5558
3921,2,0,5560
3922,1,0,5561
3923,2,0,5563
3924,2,0,5565
3925,1,0,5566
3926,3,0,5569
3927,3,0,5572
3928,1,0,5573
3929,1,0,5574
3930,1,0,5575
3931,1,0,5576
3932,1,0,5577
3933,1,0,5578
3934,1,0,5579
3935,1,0,5580
3936,2,0,5582
3937,1,0,5583
3938,1,0,5584
3939,1,0,5585
3940,1,0,5586
3941,1,0,5587
3942,2,0,5589
3943,2,0,5591
3944,1,0,5592
3945,2,0,5594
3946,1,0,5595
3947,1,0,5596
3948,1,0,5597
3949,1,0,5598
3950,1,0,5599
3951,1,0,5600
3952,1,0,5601
3953,1,0,5602
3954,2,0,5604
3955,2,0,5606
3956,2,0,5608
3957,2,0,5610
3958,1,0,5611
3959,1,0,5612
3960,2,0,5614
3961,1,0,5615
3962,1,0,5616
3963,1,0,5617
3964,1,0,5618
3965,2,0,5620
3966,3,0,5623
3967,1,0,5624
3968,1,0,5625
3969,2,0,5627
3970,1,0,5628
3971,2,0,5630
3972,3,0,5633
3973,1,0,5634
3974,1,0,5635
3975,2,0,5637
3976,1,0,5638
3977,1,0,5639
3978,1,0,5640
3979,1,0,5641
3980,1,0,5642
3981,2,0,5644
3982,2,0,5646
3983,1,0,5647
3984,1,0,5648
3985,1,0,5649
3986,1,0,5650
3987,1,0,5651
3988,1,0,5652
3989,1,0,5653
3990,1,0,5654
3991,1,0,5655
3992,1,0,5656
3993,1,0,5657
3994,1,0,5658
3995,1,0,5659
3996,2,0,5661
3997,1,0,5662
3998,6,0,5668
3999,2,0,5670
4000,1,0,5671
4001,1,0,5672
4002,1,0,5673
4003,2,0,5675
4004,1,0,5676
4005,1,0,5677
4006,1,0,5678
4007,2,0,5680
4008,1,0,5681
4009,2,0,5683
4010,1,0,5684
4011,1,0,5685
4012,1,0,5686
4013,1,0,5687
4014,1,0,5688
4015,1,0,5689
4016,2,0,5691
4017,2,0,5693
4018,1,0,5694
4019,1,0,5695
4020,2,0,5697
4021,2,0,5699
4022,1,0,5700
4023,1,0,5701
4024,1,0,5702
4025,1,0,5703
4026,1,0,5704
4027,2,0,5706
4028,1,0,5707
4029,2,0,5709
4030,2,0,5711
4031,1,0,5712
4032,2,0,5714
4033,2,0,5716
4034,1,0,5717
4035,1,0,5718
4036,2,0,5720
4037,3,0,5723
4038,1,0,5724
4039,1,0,5725
4040,1,0,5726
4041,1,0,5727
4042,1,0,5728
4043,1,0,5729
4044,2,0,5731
4045,1,0,5732
4046,2,0,5734
4047,1,0,5735
4048,1,0,5736
4049,1,0,5737
4050,1,0,5738
4051,1,0,5739
4052,3,0,5742
4053,1,0,5743
4054,1,0,5744
4055,1,0,5745
4056,2,0,5747
4057,3,0,5750
4058,1,0,5751
4059,1,0,5752
4060,1,0,5753
4061,1,0,5754
4062,1,0,5755
4063,1,0,5756
4064,2,0,5758
4065,1,0,5759
4066,1,0,5760
4067,1,0,5761
4068,1,0,5762
4069,1,0,5763
4070,2,0,5765
4071,1,0,5766
4072,1,0,5767
4073,1,0,5768
4074,1,0,5769
4075,4,0,5773
4076,2,0,5775
4077,1,0,5776
4078,1,0,5777
4079,2,0,5779
4080,2,0,5781
4081,1,0,5782
4082,1,0,5783
4083,1,0,5784
4084,1,0,5785
4085,3,0,5788
4086,2,0,5790
4087,1,0,5791
4088,1,0,5792
4089,1,0,5793
4090,1,0,5794
4091,1,0,5795
4092,1,0,5796
4093,2,0,5798
4094,2,0,5800
4095,2,0,5802
4096,1,0,5803
4097,1,0,5804
4098,1,0,5805
4099,2,0,5807
4100,1,0,5808
4101,2,0,5810
4102,1,0,5811
4103,1,0,5812
4104,2,0,5814
4105,1,0,5815
4106,4,0,5819
4107,1,0,5820
4108,3,0,5823
4109,1,0,5824
4110,3,0,5827
4111,2,0,5829
4112,2,0,5831
4113,1,0,5832
4114,1,0,5833
4115,1,0,5834
4116,1,0,5835
4117,1,0,5836
4118,1,0,5837
4119,2,0,5839
4120,1,0,5840
4121,2,0,5842
4122,1,0,5843
4123,2,0,5845
4124,1,0,5846
4125,1,0,5847
4126,1,0,5848
4127,1,0,5849
4128,2,0,5851
4129,1,0,5852
4130,1,0,5853
4131,1,0,5854
4132,1,0,5855
4133,1,0,5856
4134,1,0,5857
4135,1,0,5858
4136,1,0,5859
4137,2,0,5861
4138,1,0,5862
4139,1,0,5863
4140,1,0,5864
4141,2,0,5866
4142,1,0,5867
4143,1,0,5868
4144,1,0,5869
4145,2,0,5871
4146,1,0,5872
4147,1,0,5873
4148,1,0,5874
4149,1,0,5875
4150,1,0,5876
4151,3,0,5879
4152,1,0,5880
4153,2,0,5882
4154,2,0,5884
4155,1,0,5885
4156,1,0,5886
4157,3,0,5889
4158,1,0,5890
4159,1,0,5891
4160,2,0,5893
4161,1,0,5894
4162,1,0,5895
4163,1,0,5896
4164,2,0,5898
4165,1,0,5899
4166,2,0,5901
4167,2,0,5903
4168,4,0,5907
4169,3,0,5910
4170,2,0,5912
4171,2,0,5914
4172,1,0,5915
4173,1,0,5916
4174,2,0,5918
4175,1,0,5919
4176,3,0,5922
4177,1,0,5923
4178,2,0,5925
4179,1,0,5926
4180,1,0,5927
4181,1,0,5928
4182,2,0,5930
4183,2,0,5932
4184,1,0,5933
4185,1,0,5934
4186,1,0,5935
4187,2,0,5937
4188,1,0,5938
4189,2,0,5940
4190,2,0,5942
4191,1,0,5943
4192,2,0,5945
4193,1,0,5946
4194,1,0,5947
4195,1,0,5948
4196,2,0,5950
4197,1,0,5951
4198,2,0,5953
4199,1,0,5954
4200,1,0,5955
4201,1,0,5956
4202,1,0,5957
4203,1,0,5958
4204,2,0,5960
4205,1,0,5961
4206,1,0,5962
4207,1,0,5963
4208,1,0,5964
4209,1,0,5965
4210,1,0,5966
4211,3,0,5969
4212,2,0,5971
4213,2,0,5973
4214,1,0,5974
4215,2,0,5976
4216,1,0,5977
4217,2,0,5979
4218,3,0,5982
4219,1,0,5983
4220,1,0,5984
4221,3,0,5987
4222,2,0,5989
4223,1,0,5990
4224,1,0,5991
4225,1,0,5992
4226,1,0,5993
4227,1,0,5994
4228,2,0,5996
4229,1,0,5997
4230,1,0,5998
4231,3,0,6001
4232,1,0,6002
4233,1,0,6003
4234,1,0,6004
4235,1,0,6005
4236,1,0,6006
4237,1,0,6007
4238,1,0,6008
4239,1,0,6009
4240,2,0,6011
4241,2,0,6013
4242,1,0,6014
4243,2,0,6016
4244,3,0,6019
4245,1,0,6020
4246,1,0,6021
4247,3,0,6024
4248,1,0,6025
4249,1,0,6026
4250,2,0,6028
4251,1,0,6029
4252,2,0,6031
4253,1,0,6032
4254,2,0,6034
4255,3,0,6037
4256,1,0,6038
4257,2,0,6040
4258,2,0,6042
4259,1,0,6043
4260,3,0,6046
4261,1,0,6047
4262,2,0,6049
4263,1,0,6050
4264,1,0,6051
4265,1,0,6052
4266,1,0,6053
4267,1,0,6054
4268,1,0,6055
4269,1,0,6056
4270,2,0,6058
4271,1,0,6059
4272,1,0,6060
4273,2,0,6062
4274,8,0,6070
4275,2,0,6072
4276,3,0,6075
4277,1,0,6076
4278,1,0,6077
4279,2,0,6079
4280,1,0,6080
4281,1,0,6081
4282,1,0,6082
4283,2,0,6084
4284,2,0,6086
4285,1,0,6087
4286,1,0,6088
4287,2,0,6090
4288,3,0,6093
4289,1,0,6094
4290,2,0,6096
4291,1,0,6097
4292,1,0,6098
4293,3,0,6101
4294,1,0,6102
4295,1,0,6103
4296,2,0,6105
4297,2,0,6107
4298,2,0,6109
4299,1,0,6110
4300,2,0,6112
4301,1,0,6113
4302,1,0,6114
4303,1,0,6115
4304,1,0,6116
4305,1,0,6117
4306,1,0,6118
4307,1,0,6119
4308,1,0,6120
4309,2,0,6122
4310,1,0,6123
4311,1,0,6124
4312,1,0,6125
4313,2,0,6127
4314,1,0,6128
4315,2,0,6130
4316,1,0,6131
4317,1,0,6132
4318,1,0,6133
4319,2,0,6135
4320,1,0,6136
4321,4,0,6140
4322,1,0,6141
4323,3,0,6144
4324,1,0,6145
4325,1,0,6146
4326,2,0,6148
4327,1,0,6149
4328,2,0,6151
4329,2,0,6153
4330,1,0,6154
4331,3,0,6157
4332,1,0,6158
4333,1,0,6159
4334,1,0,6160
4335,1,0,6161
4336,1,0,6162
4337,4,0,6166
4338,1,0,6167
4339,1,0,6168
4340,1,0,6169
4341,1,0,6170
4342,1,0,6171
4343,2,0,6173
4344,1,0,6174
4345,2,0,6176
4346,1,0,6177
4347,1,0,6178
4348,1,0,6179
4349,1,0,6180
4350,1,0,6181
4351,1,0,6182
4352,2,0,6184
4353,1,0,6185
4354,1,0,6186
4355,1,0,6187
4356,1,0,6188
4357,1,0,6189
4358,1,0,6190
4359,1,0,6191
4360,4,0,6195
4361,1,0,6196
4362,2,0,6198
4363,1,0,6199
4364,1,0,6200
4365,2,0,6202
4366,1,0,6203
4367,1,0,6204
4368,1,0,6205
4369,1,0,6206
4370,1,0,6207
4371,2,0,6209
4372,1,0,6210
4373,4,0,6214
4374,1,0,6215
4375,1,0,6216
4376,1,0,6217
4377,2,0,6219
4378,1,0,6220
4379,2,0,6222
4380,1,0,6223
4381,1,0,6224
4382,2,0,6226
4383,4,0,6230
4384,1,0,6231
4385,1,0,6232
4386,1,0,6233
4387,1,0,6234
4388,1,0,6235
4389,2,0,6237
4390,1,0,6238
4391,2,0,6240
4392,1,0,6241
4393,2,0,6243
4394,1,0,6244
4395,2,0,6246
4396,2,0,6248
4397,2,0,6250
4398,1,0,6251
4399,1,0,6252
4400,1,0,6253
4401,1,0,6254
4402,2,0,6256
4403,2,0,6258
4404,1,0,6259
4405,1,0,6260
4406,1,0,6261
4407,1,0,6262
4408,1,0,6263
4409,2,0,6265
4410,1,0,6266
4411,2,0,6268
4412,1,0,6269
4413,3,0,6272
4414,2,0,6274
4415,1,0,6275
4416,1,0,6276
4417,2,0,6278
4418,2,0,6280
4419,1,0,6281
4420,1,0,6282
4421,2,0,6284
4422,2,0,6286
4423,1,0,6287
4424,1,0,6288
4425,1,0,6289
4426,1,0,6290
4427,1,0,6291
4428,1,0,6292
4429,1,0,6293
4430,1,0,6294
4431,1,0,6295
4432,1,0,6296
4433,1,0,6297
4434,1,0,6298
4435,1,0,6299
4436,1,0,6300
4437,2,0,6302
4438,1,0,6303
4439,2,0,6305
4440,1,0,6306
4441,1,0,6307
4442,1,0,6308
4443,1,0,6309
4444,1,0,6310
4445,2,0,6312
4446,1,0,6313
4447,1,0,6314
4448,2,0,6316
4449,1,0,6317
4450,1,0,6318
4451,1,0,6319
4452,1,0,6320
4453,1,0,6321
4454,1,0,6322
4455,1,0,6323
4456,4,0,6327
4457,1,0,6328
4458,2,0,6330
4459,1,0,6331
4460,1,0,6332
4461,1,0,6333
4462,3,0,6336
4463,1,0,6337
4464,1,0,6338
4465,2,0,6340
4466,1,0,6341
4467,1,0,6342
4468,1,0,6343
4469,1,0,6344
4470,2,0,6346
4471,1,0,6347
4472,1,0,6348
4473,1,0,6349
4474,2,0,6351
4475,3,0,6354
4476,2,0,6356
4477,1,0,6357
4478,1,0,6358
4479,2,0,6360
4480,1,0,6361
4481,1,0,6362
4482,1,0,6363
4483,1,0,6364
4484,5,0,6369
4485,1,0,6370
4486,1,0,6371
4487,1,0,6372
4488,2,0,6374
4489,3,0,6377
4490,1,0,6378
4491,1,0,6379
4492,2,0,6381
4493,2,0,6383
4494,1,0,6384
4495,2,0,6386
4496,1,0,6387
4497,1,0,6388
4498,1,0,6389
4499,2,0,6391
4500,1,0,6392
4501,2,0,6394
4502,1,0,6395
4503,1,0,6396
4504,1,0,6397
4505,1,0,6398
4506,1,0,6399
4507,1,0,6400
4508,1,0,6401
4509,2,0,6403
4510,2,0,6405
4511,1,0,6406
4512,1,0,6407
4513,1,0,6408
4514,1,0,6409
4515,1,0,6410
4516,2,0,6412
4517,1,0,6413
4518,1,0,6414
4519,1,0,6415
4520,1,0,6416
4521,1,0,6417
4522,1,0,6418
4523,2,0,6420
4524,2,0,6422
4525,2,0,6424
4526,1,0,6425
4527,1,0,6426
4528,2,0,6428
4529,1,0,6429
4530,2,0,6431
4531,1,0,6432
4532,1,0,6433
4533,1,0,6434
4534,1,0,6435
4535,2,0,6437
4536,1,0,6438
4537,2,0,6440
4538,1,0,6441
4539,1,0,6442
4540,1,0,6443
4541,1,0,6444
4542,1,0,6445
4543,1,0,6446
4544,1,0,6447
4545,1,0,6448
4546,1,0,6449
4547,2,0,6451
4548,2,0,6453
4549,1,0,6454
4550,1,0,6455
4551,1,0,6456
4552,1,0,6457
4553,1,0,6458
4554,1,0,6459
4555,2,0,6461
4556,1,0,6462
4557,1,0,6463
4558,1,0,6464
4559,2,0,6466
4560,1,0,6467
4561,1,0,6468
4562,1,0,6469
4563,2,0,6471
4564,2,0,6473
4565,2,0,6475
4566,1,0,6476
4567,3,0,6479
4568,1,0,6480
4569,2,0,6482
4570,1,0,6483
4571,1,0,6484
4572,1,0,6485
4573,1,0,6486
4574,1,0,6487
4575,1,0,6488
4576,1,0,6489
4577,1,0,6490
4578,2,0,6492
4579,2,0,6494
4580,1,0,6495
4581,1,0,6496
4582,1,0,6497
4583,2,0,6499
4584,3,0,6502
4585,1,0,6503
4586,1,0,6504
4587,1,0,6505
4588,1,0,6506
4589,4,0,6510
4590,1,0,6511
4591,1,0,6512
4592,1,0,6513
4593,1,0,6514
4594,1,0,6515
4595,2,0,6517
4596,1,0,6518
4597,3,0,6521
4598,1,0,6522
4599,1,0,6523
4600,1,0,6524
4601,1,0,6525
4602,1,0,6526
4603,1,0,6527
4604,1,0,6528
4605,1,0,6529
4606,1,0,6530
4607,3,0,6533
4608,2,0,6535
4609,2,0,6537
4610,1,0,6538
4611,1,0,6539
4612,2,0,6541
4613,1,0,6542
4614,3,0,6545
4615,1,0,6546
4616,2,0,6548
4617,1,0,6549
4618,2,0,6551
4619,3,0,6554
4620,1,0,6555
4621,1,0,6556
4622,1,0,6557
4623,1,0,6558
4624,2,0,6560
4625,1,0,6561
4626,2,0,6563
4627,2,0,6565
4628,1,0,6566
4629,1,0,6567
4630,2,0,6569
4631,4,0,6573
4632,1,0,6574
4633,2,0,6576
4634,1,0,6577
4635,1,0,6578
4636,3,0,6581
4637,1,0,6582
4638,2,0,6584
4639,3,0,6587
4640,1,0,6588
4641,1,0,6589
4642,1,0,6590
4643,1,0,6591
4644,1,0,6592
4645,2,0,6594
4646,1,0,6595
4647,1,0,6596
4648,1,0,6597
4649,2,0,6599
4650,1,0,6600
4651,1,0,6601
4652,1,0,6602
4653,1,0,6603
4654,2,0,6605
4655,1,0,6606
4656,2,0,6608
4657,1,0,6609
4658,2,0,6611
4659,3,0,6614
4660,1,0,6615
4661,1,0,6616
4662,1,0,6617
4663,1,0,6618
4664,2,0,6620
4665,3,0,6623
4666,1,0,6624
4667,3,0,6627
4668,2,0,6629
4669,1,0,6630
4670,5,0,6635
4671,1,0,6636
4672,1,0,6637
4673,1,0,6638
4674,1,0,6639
4675,1,0,6640
4676,1,0,6641
4677,1,0,6642
4678,1,0,6643
4679,1,0,6644
4680,1,0,6645
4681,1,0,6646
4682,3,0,6649
4683,2,0,6651
4684,3,0,6654
4685,1,0,6655
4686,1,0,6656
4687,1,0,6657
4688,1,0,6658
4689,1,0,6659
4690,1,0,6660
4691,2,0,6662
4692,1,0,6663
4693,1,0,6664
4694,1,0,6665
4695,1,0,6666
4696,1,0,6667
4697,1,0,6668
4698,2,0,6670
4699,1,0,6671
4700,1,0,6672
4701,4,0,6676
4702,3,0,6679
4703,3,0,6682
4704,1,0,6683
4705,2,0,6685
4706,4,0,6689
4707,1,0,6690
4708,1,0,6691
4709,1,0,6692
4710,1,0,6693
4711,2,0,6695
4712,1,0,6696
4713,1,0,6697
4714,1,0,6698
4715,1,0,6699
4716,1,0,6700
4717,2,0,6702
4718,3,0,6705
4719,1,0,6706
4720,3,0,6709
4721,1,0,6710
4722,2,0,6712
4723,1,0,6713
4724,1,0,6714
4725,1,0,6715
4726,1,0,6716
4727,1,0,6717
4728,2,0,6719
4729,1,0,6720
4730,1,0,6721
4731,3,0,6724
4732,1,0,6725
4733,1,0,6726
4734,1,0,6727
4735,1,0,6728
4736,1,0,6729
4737,1,0,6730
4738,1,0,6731
4739,1,0,6732
4740,2,0,6734
4741,1,0,6735
4742,1,0,6736
4743,1,0,6737
4744,1,0,6738
4745,1,0,6739
4746,1,0,6740
4747,2,0,6742
4748,1,0,6743
4749,1,0,6744
4750,1,0,6745
4751,1,0,6746
4752,1,0,6747
4753,1,0,6748
4754,2,0,6750
4755,2,0,6752
4756,3,0,6755
4757,1,0,6756
4758,1,0,6757
4759,1,0,6758
4760,1,0,6759
4761,1,0,6760
4762,1,0,6761
4763,1,0,6762
4764,2,0,6764
4765,1,0,6765
4766,1,0,6766
4767,1,0,6767
4768,3,0,6770
4769,4,0,6774
4770,1,0,6775
4771,1,0,6776
4772,2,0,6778
4773,1,0,6779
4774,3,0,6782
4775,2,0,6784
4776,1,0,6785
4777,1,0,6786
4778,2,0,6788
4779,2,0,6790
4780,1,0,6791
4781,1,0,6792
4782,1,0,6793
4783,1,0,6794
4784,1,0,6795
4785,1,0,6796
4786,1,0,6797
4787,1,0,6798
4788,1,0,6799
4789,4,0,6803
4790,1,0,6804
4791,1,0,6805
4792,5,0,6810
4793,1,0,6811
4794,1,0,6812
4795,2,0,6814
4796,1,0,6815
4797,1,0,6816
4798,1,0,6817
4799,3,0,6820
4800,2,0,6822
4801,1,0,6823
4802,2,0,6825
4803,2,0,6827
4804,2,0,6829
4805,1,0,6830
4806,2,0,6832
4807,1,0,6833
4808,3,0,6836
4809,1,0,6837
4810,2,0,6839
4811,2,0,6841
4812,1,0,6842
4813,2,0,6844
4814,1,0,6845
4815,1,0,6846
4816,1,0,6847
4817,1,0,6848
4818,1,0,6849
4819,1,0,6850
4820,3,0,6853
4821,1,0,6854
4822,1,0,6855
4823,1,0,6856
4824,1,0,6857
4825,2,0,6859
4826,1,0,6860
4827,1,0,6861
4828,2,0,6863
4829,2,0,6865
4830,1,0,6866
4831,2,0,6868
4832,1,0,6869
4833,1,0,6870
4834,1,0,6871
4835,3,0,6874
4836,1,0,6875
4837,1,0,6876
4838,3,0,6879
4839,1,0,6880
4840,1,0,6881
4841,2,0,6883
4842,3,0,6886
4843,1,0,6887
4844,1,0,6888
4845,1,0,6889
4846,2,0,6891
4847,1,0,6892
4848,1,0,6893
4849,1,0,6894
4850,1,0,6895
4851,2,0,6897
4852,3,0,6900
4853,1,0,6901
4854,1,0,6902
4855,1,0,6903
4856,1,0,6904
4857,1,0,6905
4858,3,0,6908
4859,1,0,6909
4860,1,0,6910
4861,4,0,6914
4862,2,0,6916
4863,1,0,6917
4864,1,0,6918
4865,2,0,6920
4866,1,0,6921
4867,1,0,6922
4868,1,0,6923
4869,1,0,6924
4870,1,0,6925
4871,1,0,6926
4872,2,0,6928
4873,3,0,6931
4874,1,0,6932
4875,2,0,6934
4876,1,0,6935
4877,1,0,6936
4878,2,0,6938
4879,1,0,6939
4880,1,0,6940
4881,2,0,6942
4882,3,0,6945
4883,1,0,6946
4884,1,0,6947
4885,1,0,6948
4886,1,0,6949
4887,1,0,6950
4888,2,0,6952
4889,1,0,6953
4890,1,0,6954
4891,2,0,6956
4892,1,0,6957
4893,1,0,6958
4894,2,0,6960
4895,1,0,6961
4896,1,0,6962
4897,1,0,6963
4898,1,0,6964
4899,2,0,6966
4900,1,0,6967
4901,1,0,6968
4902,2,0,6970
4903,2,0,6972
4904,1,0,6973
4905,1,0,6974
4906,2,0,6976
4907,1,0,6977
4908,4,0,6981
4909,2,0,6983
4910,1,0,6984
4911,1,0,6985
4912,1,0,6986
4913,2,0,6988
4914,5,0,6993
4915,2,0,6995
4916,1,0,6996
4917,1,0,6997
4918,1,0,6998
4919,1,0,6999
4920,1,0,7000
4921,1,0,7001
4922,1,0,7002
4923,1,0,7003
4924,2,0,7005
4925,1,0,7006
4926,1,0,7007
4927,1,0,7008
4928,1,0,7009
4929,1,0,7010
4930,1,0,7011
4931,5,0,7016
4932,1,0,7017
4933,1,0,7018
4934,1,0,7019
4935,1,0,7020
4936,3,0,7023
4937,1,0,7024
4938,1,0,7025
4939,1,0,7026
4940,1,0,7027
4941,2,0,7029
4942,2,0,7031
4943,2,0,7033
4944,2,0,7035
4945,2,0,7037
4946,1,0,7038
4947,1,0,7039
4948,1,0,7040
4949,1,0,7041
4950,1,0,7042
4951,1,0,7043
4952,1,0,7044
4953,1,0,7045
4954,3,0,7048
4955,1,0,7049
4956,1,0,7050
4957,1,0,7051
4958,2,0,7053
4959,1,0,7054
4960,2,0,7056
4961,3,0,7059
4962,2,0,7061
4963,1,0,7062
4964,1,0,7063
4965,1,0,7064
4966,1,0,7065
4967,2,0,7067
4968,1,0,7068
4969,2,0,7070
4970,1,0,7071
4971,3,0,7074
4972,1,0,7075
4973,2,0,7077
4974,1,0,7078
4975,2,0,7080
4976,1,0,7081
4977,2,0,7083
4978,2,0,7085
4979,2,0,7087
4980,2,0,7089
4981,1,0,7090
4982,1,0,7091
4983,2,0,7093
4984,1,0,7094
4985,1,0,7095
4986,1,0,7096
4987,1,0,7097
4988,3,0,7100
4989,1,0,7101
4990,2,0,7103
4991,4,0,7107
4992,1,0,7108
4993,1,0,7109
4994,1,0,7110
4995,1,0,7111
4996,1,0,7112
4997,1,0,7113
4998,1,0,7114
4999,1,0,7115
5000,1,0,7116
5001,1,0,7117
5002,1,0,7118
5003,3,0,7121
5004,1,0,7122
5005,2,0,7124
5006,1,0,7125
5007,1,0,7126
5008,2,0,7128
5009,1,0,7129
5010,1,0,7130
5011,3,0,7133
5012,1,0,7134
5013,2,0,7136
5014,1,0,7137
5015,1,0,7138
5016,1,0,7139
5017,2,0,7141
5018,2,0,7143
5019,1,0,7144
5020,1,0,7145
5021,1,0,7146
5022,1,0,7147
5023,5,0,7152
5024,1,0,7153
5025,1,0,7154
5026,1,0,7155
5027,2,0,7157
5028,3,0,7160
5029,1,0,7161
5030,2,0,7163
5031,1,0,7164
5032,1,0,7165
5033,2,0,7167
5034,1,0,7168
5035,2,0,7170
5036,1,0,7171
5037,6,0,7177
5038,1,0,7178
5039,2,0,7180
5040,1,0,7181
5041,2,0,7183
5042,1,0,7184
5043,1,0,7185
5044,2,0,7187
5045,1,0,7188
5046,1,0,7189
5047,2,0,7191
5048,1,0,7192
5049,1,0,7193
5050,1,0,7194
5051,3,0,7197
5052,2,0,7199
5053,1,0,7200
5054,2,0,7202
5055,1,0,7203
5056,4,0,7207
5057,1,0,7208
5058,1,0,7209
5059,2,0,7211
5060,4,0,7215
5061,1,0,7216
5062,1,0,7217
5063,1,0,7218
5064,3,0,7221
5065,1,0,7222
5066,1,0,7223
5067,2,0,7225
5068,1,0,7226
5069,2,0,7228
5070,3,0,7231
5071,2,0,7233
5072,1,0,7234
5073,2,0,7236
5074,1,0,7237
5075,1,0,7238
5076,2,0,7240
5077,3,0,7243
5078,1,0,7244
5079,1,0,7245
5080,2,0,7247
5081,1,0,7248
5082,1,0,7249
5083,1,0,7250
5084,1,0,7251
5085,2,0,7253
5086,1,0,7254
5087,3,0,7257
5088,1,0,7258
5089,1,0,7259
5090,2,0,7261
5091,1,0,7262
5092,1,0,7263
5093,1,0,7264
5094,1,0,7265
5095,1,0,7266
5096,1,0,7267
5097,2,0,7269
5098,1,0,7270
5099,1,0,7271
5100,3,0,7274
5101,1,0,7275
5102,3,0,7278
5103,1,0,7279
5104,2,0,7281
5105,2,0,7283
5106,1,0,7284
5107,1,0,7285
5108,2,0,7287
5109,2,0,7289
5110,1,0,7290
5111,1,0,7291
5112,3,0,7294
5113,1,0,7295
5114,2,0,7297
5115,2,0,7299
5116,1,0,7300
5117,1,0,7301
5118,3,0,7304
5119,1,0,7305
5120,1,0,7306
5121,1,0,7307
5122,2,0,7309
5123,2,0,7311
5124,3,0,7314
5125,1,0,7315
5126,1,0,7316
5127,1,0,7317
5128,1,0,7318
5129,1,0,7319
5130,2,0,7321
5131,1,0,7322
5132,2,0,7324
5133,1,0,7325
5134,1,0,7326
5135,3,0,7329
5136,3,0,7332
5137,1,0,7333
5138,1,0,7334
5139,1,0,7335
5140,1,0,7336
5141,1,0,7337
5142,2,0,7339
5143,1,0,7340
5144,1,0,7341
5145,1,0,7342
5146,1,0,7343
5147,1,0,7344
5148,1,0,7345
5149,2,0,7347
5150,1,0,7348
5151,1,0,7349
5152,1,0,7350
5153,1,0,7351
5154,1,0,7352
5155,1,0,7353
5156,2,0,7355
5157,1,0,7356
5158,1,0,7357
5159,2,0,7359
5160,1,0,7360
5161,1,0,7361
5162,2,0,7363
5163,2,0,7365
5164,2,0,7367
5165,1,0,7368
5166,1,0,7369
5167,1,0,7370
5168,1,0,7371
5169,1,0,7372
5170,1,0,7373
5171,1,0,7374
5172,1,0,7375
5173,1,0,7376
5174,2,0,7378
5175,1,0,7379
5176,1,0,7380
5177,3,0,7383
5178,2,0,7385
5179,2,0,7387
5180,2,0,7389
5181,2,0,7391
5182,1,0,7392
5183,3,0,7395
5184,1,0,7396
5185,1,0,7397
5186,1,0,7398
5187,1,0,7399
5188,1,0,7400
5189,1,0,7401
5190,1,0,7402
5191,1,0,7403
5192,1,0,7404
5193,2,0,7406
5194,2,0,7408
5195,1,0,7409
5196,1,0,7410
5197,1,0,7411
5198,1,0,7412
5199,1,0,7413
5200,2,0,7415
5201,1,0,7416
5202,1,0,7417
5203,1,0,7418
5204,1,0,7419
5205,1,0,7420
5206,1,0,7421
5207,1,0,7422
5208,1,0,7423
5209,2,0,7425
5210,3,0,7428
5211,3,0,7431
5212,1,0,7432
5213,3,0,7435
5214,1,0,7436
5215,1,0,7437
5216,1,0,7438
5217,1,0,7439
5218,1,0,7440
5219,1,0,7441
5220,1,0,7442
5221,2,0,7444
5222,2,0,7446
5223,1,0,7447
5224,2,0,7449
5225,1,0,7450
5226,1,0,7451
5227,1,0,7452
5228,1,0,7453
5229,1,0,7454
5230,4,0,7458
5231,1,0,7459
5232,1,0,7460
5233,1,0,7461
5234,1,0,7462
5235,1,0,7463
5236,1,0,7464
5237,2,0,7466
5238,1,0,7467
5239,2,0,7469
5240,1,0,7470
5241,1,0,7471
5242,1,0,7472
5243,1,0,7473
5244,2,0,7475
5245,1,0,7476
5246,1,0,7477
5247,1,0,7478
5248,1,0,7479
5249,1,0,7480
5250,1,0,7481
5251,1,0,7482
5252,2,0,7484
5253,1,0,7485
5254,3,0,7488
5255,1,0,7489
5256,3,0,7492
5257,1,0,7493
5258,1,0,7494
5259,1,0,7495
5260,2,0,7497
5261,1,0,7498
5262,3,0,7501
5263,1,0,7502
5264,3,0,7505
5265,1,0,7506
5266,1,0,7507
5267,1,0,7508
5268,1,0,7509
5269,1,0,7510
5270,3,0,7513
5271,1,0,7514
5272,1,0,7515
5273,1,0,7516
5274,1,0,7517
5275,3,0,7520
5276,1,0,7521
5277,1,0,7522
5278,1,0,7523
5279,2,0,7525
5280,2,0,7527
5281,1,0,7528
5282,1,0,7529
5283,1,0,7530
5284,2,0,7532
5285,3,0,7535
5286,1,0,7536
5287,2,0,7538
5288,1,0,7539
5289,1,0,7540
5290,1,0,7541
5291,1,0,7542
5292,1,0,7543
5293,1,0,7544
5294,1,0,7545
5295,1,0,7546
5296,1,0,7547
5297,1,0,7548
5298,1,0,7549
5299,1,0,7550
5300,1,0,7551
5301,1,0,7552
5302,2,0,7554
5303,1,0,7555
5304,1,0,7556
5305,2,0,7558
5306,3,0,7561
5307,1,0,7562
5308,2,0,7564
5309,1,0,7565
5310,2,0,7567
5311,2,0,7569
5312,1,0,7570
5313,1,0,7571
5314,1,0,7572
5315,1,0,7573
5316,2,0,7575
5317,1,0,7576
5318,1,0,7577
5319,1,0,7578
5320,1,0,7579
5321,1,0,7580
5322,1,0,7581
5323,1,0,7582
5324,5,0,7587
5325,2,0,7589
5326,1,0,7590
5327,1,0,7591
5328,1,0,7592
5329,1,0,7593
5330,1,0,7594
5331,1,0,7595
5332,1,0,7596
5333,1,0,7597
5334,1,0,7598
5335,1,0,7599
5336,2,0,7601
5337,1,0,7602
5338,4,0,7606
5339,1,0,7607
5340,2,0,7609
5341,1,0,7610
5342,1,0,7611
5343,2,0,7613
5344,1,0,7614
5345,1,0,7615
5346,1,0,7616
5347,1,0,7617
5348,1,0,7618
5349,2,0,7620
5350,1,0,7621
5351,2,0,7623
5352,1,0,7624
5353,1,0,7625
5354,1,0,7626
5355,1,0,7627
5356,4,0,7631
5357,1,0,7632
5358,1,0,7633
5359,1,0,7634
5360,1,0,7635
5361,1,0,7636
5362,2,0,7638
5363,1,0,7639
5364,1,0,7640
5365,2,0,7642
5366,3,0,7645
5367,1,0,7646
5368,1,0,7647
5369,1,0,7648
5370,4,0,7652
5371,1,0,7653
5372,1,0,7654
5373,1,0,7655
5374,1,0,7656
5375,1,0,7657
5376,1,0,7658
5377,1,0,7659
5378,2,0,7661
5379,2,0,7663
5380,1,0,7664
5381,1,0,7665
5382,1,0,7666
5383,1,0,7667
5384,1,0,7668
5385,1,0,7669
5386,2,0,7671
5387,3,0,7674
5388,1,0,7675
5389,1,0,7676
5390,4,0,7680
5391,1,0,7681
5392,1,0,7682
5393,1,0,7683
5394,1,0,7684
5395,1,0,7685
5396,1,0,7686
5397,1,0,7687
5398,1,0,7688
5399,1,0,7689
5400,1,0,7690
5401,1,0,7691
5402,2,0,7693
5403,1,0,7694
5404,1,0,7695
5405,1,0,7696
5406,1,0,7697
5407,1,0,7698
5408,1,0,7699
5409,1,0,7700
5410,1,0,7701
5411,1,0,7702
5412,1,0,7703
5413,1,0,7704
5414,1,0,7705
5415,1,0,7706
5416,2,0,7708
5417,2,0,7710
5418,1,0,7711
5419,2,0,7713
5420,1,0,7714
5421,2,0,7716
5422,1,0,7717
5423,1,0,7718
5424,1,0,7719
5425,1,0,7720
5426,1,0,7721
5427,1,0,7722
5428,1,0,7723
5429,1,0,7724
5430,1,0,7725
5431,1,0,7726
5432,2,0,7728
5433,1,0,7729
5434,1,0,7730
5435,1,0,7731
5436,1,0,7732
5437,1,0,7733
5438,1,0,7734
5439,1,0,7735
5440,5,0,7740
5441,1,0,7741
5442,1,0,7742
5443,1,0,7743
5444,1,0,7744
5445,1,0,7745
5446,3,0,7748
5447,1,0,7749
5448,1,0,7750
5449,1,0,7751
5450,1,0,7752
5451,1,0,7753
5452,1,0,7754
5453,1,0,7755
5454,1,0,7756
5455,2,0,7758
5456,2,0,7760
5457,1,0,7761
5458,1,0,7762
5459,3,0,7765
5460,2,0,7767
5461,1,0,7768
5462,1,0,7769
5463,2,0,7771
5464,4,0,7775
5465,4,0,7779
5466,1,0,7780
5467,1,0,7781
5468,1,0,7782
5469,1,0,7783
5470,1,0,7784
5471,1,0,7785
5472,1,0,7786
5473,1,0,7787
5474,1,0,7788
5475,2,0,7790
5476,2,0,7792
5477,1,0,7793
5478,1,0,7794
5479,1,0,7795
5480,1,0,7796
5481,1,0,7797
5482,1,0,7798
5483,2,0,7800
5484,1,0,7801
5485,2,0,7803
5486,1,0,7804
5487,1,0,7805
5488,2,0,7807
5489,4,0,7811
5490,1,0,7812
5491,1,0,7813
5492,2,0,7815
5493,1,0,7816
5494,1,0,7817
5495,2,0,7819
5496,1,0,7820
5497,4,0,7824
5498,1,0,7825
5499,1,0,7826
5500,2,0,7828
5501,2,0,7830
5502,1,0,7831
5503,1,0,7832
5504,1,0,7833
5505,1,0,7834
5506,1,0,7835
5507,1,0,7836
5508,1,0,7837
5509,1,0,7838
5510,1,0,7839
5511,2,0,7841
5512,1,0,7842
5513,2,0,7844
5514,1,0,7845
5515,1,0,7846
5516,1,0,7847
5517,2,0,7849
5518,1,0,7850
5519,1,0,7851
5520,1,0,7852
5521,1,0,7853
5522,1,0,7854
5523,1,0,7855
5524,1,0,7856
5525,1,0,7857
5526,2,0,7859
5527,1,0,7860
5528,2,0,7862
5529,3,0,7865
5530,2,0,7867
5531,1,0,7868
5532,1,0,7869
5533,2,0,7871
5534,1,0,7872
5535,1,0,7873
5536,1,0,7874
5537,1,0,7875
5538,2,0,7877
5539,1,0,7878
5540,1,0,7879
5541,1,0,7880
5542,1,0,7881
5543,1,0,7882
5544,1,0,7883
5545,1,0,7884
5546,1,0,7885
5547,1,0,7886
5548,1,0,7887
5549,1,0,7888
5550,2,0,7890
5551,3,0,7893
5552,1,0,7894
5553,1,0,7895
5554,1,0,7896
5555,1,0,7897
5556,1,0,7898
5557,1,0,7899
5558,1,0,7900
5559,1,0,7901
5560,1,0,7902
5561,3,0,7905
5562,2,0,7907
5563,1,0,7908
5564,2,0,7910
5565,1,0,7911
5566,2,0,7913
5567,2,0,7915
5568,2,0,7917
5569,1,0,7918
5570,1,0,7919
5571,1,0,7920
5572,1,0,7921
5573,3,0,7924
5574,2,0,7926
5575,4,0,7930
5576,2,0,7932
5577,1,0,7933
5578,2,0,7935
5579,2,0,7937
5580,1,0,7938
5581,1,0,7939
5582,3,0,7942
5583,1,0,7943
5584,1,0,7944
5585,1,0,7945
5586,1,0,7946
5587,1,0,7947
5588,3,0,7950
5589,4,0,7954
5590,1,0,7955
5591,1,0,7956
5592,2,0,7958
5593,1,0,7959
5594,2,0,7961
5595,2,0,7963
5596,2,0,7965
5597,1,0,7966
5598,1,0,7967
5599,1,0,7968
5600,2,0,7970
5601,5,0,7975
5602,1,0,7976
5603,1,0,7977
5604,1,0,7978
5605,1,0,7979
5606,1,0,7980
5607,1,0,7981
5608,1,0,7982
5609,1,0,7983
5610,1,0,7984
5611,1,0,7985
5612,1,0,7986
5613,1,0,7987
5614,4,0,7991
5615,1,0,7992
5616,2,0,7994
5617,1,0,7995
5618,2,0,7997
5619,1,0,7998
5620,2,0,8000
5621,1,0,8001
5622,2,0,8003
5623,1,0,8004
5624,1,0,8005
5625,1,0,8006
5626,2,0,8008
5627,1,0,8009
5628,1,0,8010
5629,1,0,8011
5630,1,0,8012
5631,1,0,8013
5632,2,0,8015
5633,1,0,8016
5634,1,0,8017
5635,1,0,8018
5636,1,0,8019
5637,1,0,8020
5638,1,0,8021
5639,1,0,8022
5640,3,0,8025
5641,2,0,8027
5642,2,0,8029
5643,1,0,8030
5644,1,0,8031
5645,1,0,8032
5646,1,0,8033
5647,1,0,8034
5648,1,0,8035
5649,1,0,8036
5650,1,0,8037
5651,1,0,8038
5652,2,0,8040
5653,1,0,8041
5654,2,0,8043
5655,1,0,8044
5656,1,0,8045
5657,1,0,8046
5658,1,0,8047
5659,1,0,8048
5660,3,0,8051
5661,1,0,8052
5662,2,0,8054
5663,3,0,8057
5664,1,0,8058
5665,1,0,8059
5666,2,0,8061
5667,1,0,8062
5668,1,0,8063
5669,1,0,8064
5670,1,0,8065
5671,1,0,8066
5672,1,0,8067
5673,1,0,8068
5674,1,0,8069
5675,1,0,8070
5676,1,0,8071
5677,1,0,8072
5678,1,0,8073
5679,1,0,8074
5680,1,0,8075
5681,2,0,8077
5682,1,0,8078
5683,1,0,8079
5684,1,0,8080
5685,2,0,8082
5686,1,0,8083
5687,1,0,8084
5688,1,0,8085
5689,1,0,8086
5690,3,0,8089
5691,1,0,8090
5692,2,0,8092
5693,1,0,8093
5694,1,0,8094
5695,1,0,8095
5696,1,0,8096
5697,1,0,8097
5698,1,0,8098
5699,1,0,8099
5700,1,0,8100
5701,1,0,8101
5702,1,0,8102
5703,2,0,8104
5704,1,0,8105
5705,1,0,8106
5706,2,0,8108
5707,2,0,8110
5708,1,0,8111
5709,1,0,8112
5710,1,0,8113
5711,1,0,8114
5712,3,0,8117
5713,1,0,8118
5714,1,0,8119
5715,1,0,8120
5716,2,0,8122
5717,1,0,8123
5718,1,0,8124
5719,2,0,8126
5720,1,0,8127
5721,1,0,8128
5722,1,0,8129
5723,1,0,8130
5724,1,0,8131
5725,2,0,8133
5726,2,0,8135
5727,1,0,8136
5728,1,0,8137
5729,1,0,8138
5730,4,0,8142
5731,1,0,8143
5732,1,0,8144
5733,2,0,8146
5734,1,0,8147
5735,1,0,8148
5736,1,0,8149
5737,1,0,8150
5738,1,0,8151
5739,1,0,8152
5740,3,0,8155
5741,2,0,8157
5742,1,0,8158
5743,2,0,8160
5744,1,0,8161
5745,1,0,8162
5746,1,0,8163
5747,1,0,8164
5748,2,0,8166
5749,2,0,8168
5750,1,0,8169
5751,3,0,8172
5752,1,0,8173
5753,1,0,8174
5754,1,0,8175
5755,5,0,8180
5756,1,0,8181
5757,2,0,8183
5758,2,0,8185
5759,1,0,8186
5760,1,0,8187
5761,1,0,8188
5762,1,0,8189
5763,3,0,8192
5764,2,0,8194
5765,1,0,8195
5766,2,0,8197
5767,2,0,8199
5768,1,0,8200
5769,3,0,8203
5770,1,0,8204
5771,1,0,8205
5772,1,0,8206
5773,1,0,8207
5774,1,0,8208
5775,1,0,8209
5776,3,0,8212
5777,1,0,8213
5778,1,0,8214
5779,1,0,8215
5780,1,0,8216
5781,2,0,8218
5782,1,0,8219
5783,1,0,8220
5784,2,0,8222
5785,2,0,8224
5786,4,0,8228
5787,2,0,8230
5788,1,0,8231
5789,1,0,8232
5790,2,0,8234
5791,1,0,8235
5792,2,0,8237
5793,1,0,8238
5794,2,0,8240
5795,4,0,8244
5796,1,0,8245
5797,2,0,8247
5798,1,0,8248
5799,1,0,8249
5800,2,0,8251
5801,1,0,8252
5802,1,0,8253
5803,1,0,8254
5804,2,0,8256
5805,1,0,8257
5806,1,0,8258
5807,1,0,8259
5808,3,0,8262
5809,1,0,8263
5810,1,0,8264
5811,1,0,8265
5812,1,0,8266
5813,1,0,8267
5814,1,0,8268
5815,1,0,8269
5816,1,0,8270
5817,1,0,8271
5818,1,0,8272
5819,1,0,8273
5820,1,0,8274
5821,1,0,8275
5822,3,0,8278
5823,1,0,8279
5824,1,0,8280
5825,2,0,8282
5826,1,0,8283
5827,2,0,8285
5828,2,0,8287
5829,2,0,8289
5830,2,0,8291
5831,1,0,8292
5832,1,0,8293
5833,1,0,8294
5834,1,0,8295
5835,1,0,8296
5836,3,0,8299
5837,1,0,8300
5838,1,0,8301
5839,2,0,8303
5840,2,0,8305
5841,2,0,8307
5842,2,0,8309
5843,1,0,8310
5844,1,0,8311
5845,1,0,8312
5846,1,0,8313
5847,1,0,8314
5848,1,0,8315
5849,3,0,8318
5850,1,0,8319
5851,1,0,8320
5852,2,0,8322
5853,1,0,8323
5854,1,0,8324
5855,2,0,8326
5856,1,0,8327
5857,1,0,8328
5858,2,0,8330
5859,1,0,8331
5860,1,0,8332
5861,1,0,8333
5862,4,0,8337
5863,3,0,8340
5864,1,0,8341
5865,1,0,8342
5866,1,0,8343
5867,4,0,8347
5868,2,0,8349
5869,1,0,8350
5870,2,0,8352
5871,1,0,8353
5872,1,0,8354
5873,2,0,8356
5874,1,0,8357
5875,1,0,8358
5876,2,0,8360
5877,3,0,8363
5878,1,0,8364
5879,1,0,8365
5880,4,0,8369
5881,2,0,8371
5882,1,0,8372
5883,1,0,8373
5884,1,0,8374
5885,1,0,8375
5886,1,0,8376
5887,3,0,8379
5888,1,0,8380
5889,1,0,8381
5890,1,0,8382
5891,1,0,8383
5892,1,0,8384
5893,1,0,8385
5894,1,0,8386
5895,1,0,8387
5896,1,0,8388
5897,1,0,8389
5898,2,0,8391
5899,1,0,8392
5900,1,0,8393
5901,1,0,8394
5902,3,0,8397
5903,1,0,8398
5904,1,0,8399
5905,1,0,8400
5906,1,0,8401
5907,3,0,8404
5908,1,0,8405
5909,2,0,8407
5910,1,0,8408
5911,1,0,8409
5912,1,0,8410
5913,1,0,8411
5914,1,0,8412
5915,2,0,8414
5916,1,0,8415
5917,3,0,8418
5918,1,0,8419
5919,1,0,8420
5920,2,0,8422
5921,1,0,8423
5922,1,0,8424
5923,2,0,8426
5924,2,0,8428
5925,1,0,8429
5926,5,0,8434
5927,1,0,8435
5928,1,0,8436
5929,1,0,8437
5930,2,0,8439
5931,1,0,8440
5932,3,0,8443
5933,1,0,8444
5934,1,0,8445
5935,1,0,8446
5936,1,0,8447
5937,1,0,8448
5938,5,0,8453
5939,1,0,8454
5940,1,0,8455
5941,1,0,8456
5942,1,0,8457
5943,1,0,8458
5944,1,0,8459
5945,1,0,8460
5946,2,0,8462
5947,1,0,8463
5948,1,0,8464
5949,1,0,8465
5950,3,0,8468
5951,1,0,8469
5952,1,0,8470
5953,1,0,8471
5954,1,0,8472
5955,3,0,8475
5956,1,0,8476
5957,1,0,8477
5958,1,0,8478
5959,2,0,8480
5960,1,0,8481
5961,2,0,8483
5962,1,0,8484
5963,1,0,8485
5964,3,0,8488
5965,1,0,8489
5966,1,0,8490
5967,1,0,8491
5968,2,0,8493
5969,2,0,8495
5970,1,0,8496
5971,1,0,8497
5972,1,0,8498
5973,1,0,8499
5974,1,0,8500
5975,2,0,8502
5976,4,0,8506
5977,2,0,8508
5978,1,0,8509
5979,1,0,8510
5980,3,0,8513
5981,2,0,8515
5982,1,0,8516
5983,1,0,8517
5984,1,0,8518
5985,1,0,8519
5986,2,0,8521
5987,1,0,8522
5988,1,0,8523
5989,1,0,8524
5990,1,0,8525
5991,3,0,8528
5992,2,0,8530
5993,1,0,8531
5994,1,0,8532
5995,2,0,8534
5996,3,0,8537
5997,2,0,8539
5998,2,0,8541
5999,1,0,8542
6000,1,0,8543
6001,2,0,8545
6002,1,0,8546
6003,1,0,8547
6004,1,0,8548
6005,2,0,8550
6006,1,0,8551
6007,1,0,8552
6008,1,0,8553
6009,3,0,8556
6010,5,0,8561
6011,1,0,8562
6012,1,0,8563
6013,1,0,8564
6014,2,0,8566
6015,1,0,8567
6016,1,0,8568
6017,1,0,8569
6018,1,0,8570
6019,1,0,8571
6020,2,0,8573
6021,1,0,8574
6022,1,0,8575
6023,1,0,8576
6024,1,0,8577
6025,1,0,8578
6026,1,0,8579
6027,1,0,8580
6028,1,0,8581
6029,1,0,8582
6030,1,0,8583
6031,1,0,8584
6032,1,0,8585
6033,1,0,8586
6034,1,0,8587
6035,1,0,8588
6036,1,0,8589
6037,2,0,8591
6038,1,0,8592
6039,1,0,8593
6040,1,0,8594
6041,1,0,8595
6042,2,0,8597
6043,3,0,8600
6044,1,0,8601
6045,1,0,8602
6046,4,0,8606
6047,4,0,8610
6048,1,0,8611
6049,1,0,8612
6050,1,0,8613
6051,2,0,8615
6052,1,0,8616
6053,1,0,8617
6054,3,0,8620
6055,1,0,8621
6056,1,0,8622
6057,3,0,8625
6058,1,0,8626
6059,1,0,8627
6060,2,0,8629
6061,1,0,8630
6062,1,0,8631
6063,1,0,8632
6064,1,0,8633
6065,1,0,8634
6066,1,0,8635
6067,1,0,8636
6068,2,0,8638
6069,1,0,8639
6070,1,0,8640
6071,2,0,8642
6072,1,0,8643
6073,1,0,8644
6074,1,0,8645
6075,1,0,8646
6076,1,0,8647
6077,2,0,8649
6078,2,0,8651
6079,2,0,8653
6080,1,0,8654
6081,1,0,8655
6082,3,0,8658
6083,2,0,8660
6084,2,0,8662
6085,2,0,8664
6086,1,0,8665
6087,1,0,8666
6088,1,0,8667
6089,1,0,8668
6090,3,0,8671
6091,1,0,8672
6092,1,0,8673
6093,1,0,8674
6094,1,0,8675
6095,1,0,8676
6096,1,0,8677
6097,1,0,8678
6098,1,0,8679
6099,2,0,8681
6100,3,0,8684
6101,2,0,8686
6102,1,0,8687
6103,1,0,8688
6104,2,0,8690
6105,1,0,8691
6106,1,0,8692
6107,1,0,8693
6108,1,0,8694
6109,1,0,8695
6110,1,0,8696
6111,1,0,8697
6112,2,0,8699
6113,1,0,8700
6114,1,0,8701
6115,2,0,8703
6116,1,0,8704
6117,1,0,8705
6118,2,0,8707
6119,2,0,8709
6120,1,0,8710
6121,1,0,8711
6122,1,0,8712
6123,3,0,8715
6124,2,0,8717
6125,1,0,8718
6126,1,0,8719
6127,1,0,8720
6128,1,0,8721
6129,1,0,8722
6130,1,0,8723
6131,1,0,8724
6132,1,0,8725
6133,2,0,8727
6134,1,0,8728
6135,1,0,8729
6136,1,0,8730
6137,1,0,8731
6138,1,0,8732
6139,1,0,8733
6140,1,0,8734
6141,1,0,8735
6142,1,0,8736
6143,1,0,8737
6144,1,0,8738
6145,1,0,8739
6146,1,0,8740
6147,1,0,8741
6148,2,0,8743
6149,1,0,8744
6150,1,0,8745
6151,4,0,8749
6152,1,0,8750
6153,1,0,8751
6154,1,0,8752
6155,2,0,8754
6156,1,0,8755
6157,2,0,8757
6158,1,0,8758
6159,2,0,8760
6160,1,0,8761
6161,1,0,8762
6162,1,0,8763
6163,1,0,8764
6164,1,0,8765
6165,1,0,8766
6166,1,0,8767
6167,1,0,8768
6168,1,0,8769
6169,1,0,8770
6170,2,0,8772
6171,6,0,8778
6172,1,0,8779
6173,3,0,8782
6174,1,0,8783
6175,1,0,8784
6176,1,0,8785
6177,1,0,8786
6178,2,0,8788
6179,1,0,8789
6180,2,0,8791
6181,2,0,8793
6182,1,0,8794
6183,1,0,8795
6184,1,0,8796
6185,1,0,8797
6186,1,0,8798
6187,2,0,8800
6188,1,0,8801
6189,1,0,8802
6190,1,0,8803
6191,1,0,8804
6192,3,0,8807
6193,1,0,8808
6194,1,0,8809
6195,1,0,8810
6196,1,0,8811
6197,1,0,8812
6198,1,0,8813
6199,1,0,8814
6200,1,0,8815
6201,1,0,8816
6202,1,0,8817
6203,1,0,8818
6204,2,0,8820
6205,2,0,8822
6206,1,0,8823
6207,2,0,8825
6208,2,0,8827
6209,4,0,8831
6210,1,0,8832
6211,1,0,8833
6212,1,0,8834
6213,3,0,8837
6214,3,0,8840
6215,1,0,8841
6216,1,0,8842
6217,2,0,8844
6218,1,0,8845
6219,1,0,8846
6220,1,0,8847
6221,1,0,8848
6222,2,0,8850
6223,1,0,8851
6224,2,0,8853
6225,1,0,8854
6226,4,0,8858
6227,1,0,8859
6228,1,0,8860
6229,1,0,8861
6230,1,0,8862
6231,1,0,8863
6232,1,0,8864
6233,1,0,8865
6234,1,0,8866
6235,1,0,8867
6236,1,0,8868
6237,2,0,8870
6238,3,0,8873
6239,2,0,8875
6240,1,0,8876
6241,1,0,8877
6242,1,0,8878
6243,1,0,8879
6244,1,0,8880
6245,1,0,8881
6246,1,0,8882
6247,1,0,8883
6248,1,0,8884
6249,3,0,8887
6250,1,0,8888
6251,2,0,8890
6252,1,0,8891
6253,1,0,8892
6254,2,0,8894
6255,1,0,8895
6256,2,0,8897
6257,1,0,8898
6258,1,0,8899
6259,1,0,8900
6260,2,0,8902
6261,1,0,8903
6262,1,0,8904
6263,1,0,8905
6264,1,0,8906
6265,1,0,8907
6266,1,0,8908
6267,2,0,8910
6268,1,0,8911
6269,1,0,8912
6270,1,0,8913
6271,1,0,8914
6272,1,0,8915
6273,2,0,8917
6274,1,0,8918
6275,1,0,8919
6276,1,0,8920
6277,3,0,8923
6278,1,0,8924
6279,1,0,8925
6280,1,0,8926
6281,1,0,8927
6282,1,0,8928
6283,1,0,8929
6284,1,0,8930
6285,1,0,8931
6286,1,0,8932
6287,1,0,8933
6288,1,0,8934
6289,3,0,8937
6290,1,0,8938
6291,1,0,8939
6292,1,0,8940
6293,1,0,8941
6294,1,0,8942
6295,2,0,8944
6296,1,0,8945
6297,4,0,8949
6298,1,0,8950
6299,1,0,8951
6300,2,0,8953
6301,3,0,8956
6302,1,0,8957
6303,2,0,8959
6304,1,0,8960
6305,1,0,8961
6306,1,0,8962
6307,3,0,8965
6308,1,0,8966
6309,1,0,8967
6310,1,0,8968
6311,1,0,8969
6312,2,0,8971
6313,3,0,8974
6314,1,0,8975
6315,1,0,8976
6316,1,0,8977
6317,1,0,8978
6318,1,0,8979
6319,1,0,8980
6320,4,0,8984
6321,1,0,8985
6322,1,0,8986
6323,1,0,8987
6324,1,0,8988
6325,1,0,8989
6326,1,0,8990
6327,1,0,8991
6328,1,0,8992
6329,1,0,8993
6330,2,0,8995
6331,4,0,8999
6332,1,0,9000
6333,2,0,9002
6334,1,0,9003
6335,1,0,9004
6336,2,0,9006
6337,1,0,9007
6338,1,0,9008
6339,2,0,9010
6340,2,0,9012
6341,1,0,9013
6342,2,0,9015
6343,1,0,9016
6344,1,0,9017
6345,1,0,9018
6346,2,0,9020
6347,1,0,9021
6348,2,0,9023
6349,1,0,9024
6350,1,0,9025
6351,1,0,9026
6352,2,0,9028
6353,2,0,9030
6354,2,0,9032
6355,1,0,9033
6356,2,0,9035
6357,1,0,9036
6358,1,0,9037
6359,1,0,9038
6360,1,0,9039
6361,2,0,9041
6362,2,0,9043
6363,1,0,9044
6364,2,0,9046
6365,3,0,9049
6366,1,0,9050
6367,2,0,9052
6368,1,0,9053
6369,1,0,9054
6370,2,0,9056
6371,1,0,9057
6372,1,0,9058
6373,1,0,9059
6374,1,0,9060
6375,3,0,9063
6376,3,0,9066
6377,2,0,9068
6378,1,0,9069
6379,1,0,9070
6380,1,0,9071
6381,3,0,9074
6382,1,0,9075
6383,1,0,9076
6384,1,0,9077
6385,1,0,9078
6386,1,0,9079
6387,1,0,9080
6388,1,0,9081
6389,4,0,9085
6390,2,0,9087
6391,1,0,9088
6392,1,0,9089
6393,1,0,9090
6394,2,0,9092
6395,1,0,9093
6396,2,0,9095
6397,1,0,9096
6398,1,0,9097
6399,1,0,9098
6400,1,0,9099
6401,1,0,9100
6402,2,0,9102
6403,1,0,9103
6404,1,0,9104
6405,2,0,9106
6406,1,0,9107
6407,3,0,9110
6408,1,0,9111
6409,1,0,9112
6410,2,0,9114
6411,1,0,9115
6412,3,0,9118
6413,2,0,9120
6414,1,0,9121
6415,3,0,9124
6416,2,0,9126
6417,1,0,9127
6418,1,0,9128
6419,1,0,9129
6420,1,0,9130
6421,1,0,9131
6422,1,0,9132
6423,1,0,9133
6424,2,0,9135
6425,2,0,9137
6426,1,0,9138
6427,4,0,9142
6428,5,0,9147
6429,2,0,9149
6430,2,0,9151
6431,1,0,9152
6432,1,0,9153
6433,1,0,9154
6434,2,0,9156
6435,1,0,9157
6436,1,0,9158
6437,1,0,9159
6438,1,0,9160
6439,1,0,9161
6440,1,0,9162
6441,2,0,9164
6442,3,0,9167
6443,1,0,9168
6444,1,0,9169
6445,1,0,9170
6446,2,0,9172
6447,1,0,9173
6448,1,0,9174
6449,1,0,9175
6450,1,0,9176
6451,1,0,9177
6452,1,0,9178
6453,1,0,9179
6454,1,0,9180
6455,3,0,9183
6456,2,0,9185
6457,2,0,9187
6458,2,0,9189
6459,1,0,9190
6460,2,0,9192
6461,2,0,9194
6462,1,0,9195
6463,1,0,9196
6464,1,0,9197
6465,1,0,9198
6466,6,0,9204
6467,1,0,9205
6468,1,0,9206
6469,1,0,9207
6470,1,0,9208
6471,1,0,9209
6472,1,0,9210
6473,1,0,9211
6474,1,0,9212
6475,5,0,9217
6476,1,0,9218
6477,2,0,9220
6478,15,0,9235
6479,1,0,9236
6480,2,0,9238
6481,1,0,9239
6482,1,0,9240
6483,2,0,9242
6484,1,0,9243
6485,1,0,9244
6486,1,0,9245
6487,2,0,9247
6488,1,0,9248
6489,1,0,9249
6490,1,0,9250
6491,3,0,9253
6492,4,0,9257
6493,2,0,9259
6494,1,0,9260
6495,1,0,9261
6496,1,0,9262
6497,2,0,9264
6498,1,0,9265
6499,2,0,9267
6500,1,0,9268
6501,2,0,9270
6502,2,0,9272
6503,5,0,9277
6504,4,0,9281
6505,1,0,9282
6506,1,0,9283
6507,1,0,9284
6508,1,0,9285
6509,1,0,9286
6510,3,0,9289
6511,2,0,9291
6512,1,0,9292
6513,1,0,9293
6514,1,0,9294
6515,1,0,9295
6516,2,0,9297
6517,1,0,9298
6518,1,0,9299
6519,2,0,9301
6520,2,0,9303
6521,1,0,9304
6522,2,0,9306
6523,1,0,9307
6524,1,0,9308
6525,1,0,9309
6526,2,0,9311
6527,1,0,9312
6528,2,0,9314
6529,2,0,9316
6530,1,0,9317
6531,1,0,9318
6532,1,0,9319
6533,1,0,9320
6534,1,0,9321
6535,1,0,9322
6536,1,0,9323
6537,1,0,9324
6538,1,0,9325
6539,2,0,9327
6540,1,0,9328
6541,1,0,9329
6542,1,0,9330
6543,1,0,9331
6544,1,0,9332
6545,5,0,9337
6546,4,0,9341
6547,1,0,9342
6548,1,0,9343
6549,2,0,9345
6550,1,0,9346
6551,1,0,9347
6552,1,0,9348
6553,1,0,9349
6554,1,0,9350
6555,2,0,9352
6556,1,0,9353
6557,1,0,9354
6558,1,0,9355
6559,2,0,9357
6560,1,0,9358
6561,1,0,9359
6562,2,0,9361
6563,1,0,9362
6564,1,0,9363
6565,1,0,9364
6566,2,0,9366
6567,1,0,9367
6568,2,0,9369
6569,5,0,9374
6570,3,0,9377
6571,4,0,9381
6572,2,0,9383
6573,1,0,9384
6574,4,0,9388
6575,1,0,9389
6576,1,0,9390
6577,1,0,9391
6578,2,0,9393
6579,1,0,9394
6580,1,0,9395
6581,2,0,9397
6582,2,0,9399
6583,1,0,9400
6584,1,0,9401
6585,1,0,9402
6586,1,0,9403
6587,2,0,9405
6588,1,0,9406
6589,2,0,9408
6590,2,0,9410
6591,1,0,9411
6592,2,0,9413
6593,2,0,9415
6594,1,0,9416
6595,1,0,9417
6596,7,0,9424
6597,1,0,9425
6598,2,0,9427
6599,1,0,9428
6600,1,0,9429
6601,1,0,9430
6602,1,0,9431
6603,1,0,9432
6604,1,0,9433
6605,1,0,9434
6606,1,0,9435
6607,4,0,9439
6608,3,0,9442
6609,1,0,9443
6610,1,0,9444
6611,3,0,9447
6612,1,0,9448
6613,2,0,9450
6614,1,0,9451
6615,1,0,9452
6616,1,0,9453
6617,1,0,9454
6618,1,0,9455
6619,1,0,9456
6620,1,0,9457
6621,2,0,9459
6622,5,0,9464
6623,2,0,9466
6624,1,0,9467
6625,1,0,9468
6626,1,0,9469
6627,1,0,9470
6628,2,0,9472
6629,2,0,9474
6630,1,0,9475
6631,1,0,9476
6632,1,0,9477
6633,1,0,9478
6634,1,0,9479
6635,1,0,9480
6636,1,0,9481
6637,1,0,9482
6638,1,0,9483
6639,1,0,9484
6640,2,0,9486
6641,2,0,9488
6642,1,0,9489
6643,1,0,9490
6644,2,0,9492
6645,2,0,9494
6646,1,0,9495
6647,2,0,9497
6648,1,0,9498
6649,1,0,9499
6650,1,0,9500
6651,1,0,9501
6652,1,0,9502
6653,2,0,9504
6654,1,0,9505
6655,2,0,9507
6656,1,0,9508
6657,1,0,9509
6658,1,0,9510
6659,1,0,9511
6660,2,0,9513
6661,4,0,9517
6662,1,0,9518
6663,2,0,9520
6664,2,0,9522
6665,1,0,9523
6666,1,0,9524
6667,1,0,9525
6668,1,0,9526
6669,2,0,9528
6670,1,0,9529
6671,1,0,9530
6672,2,0,9532
6673,1,0,9533
6674,2,0,9535
6675,1,0,9536
6676,1,0,9537
6677,1,0,9538
6678,1,0,9539
6679,1,0,9540
6680,2,0,9542
6681,2,0,9544
6682,1,0,9545
6683,1,0,9546
6684,1,0,9547
6685,2,0,9549
6686,1,0,9550
6687,2,0,9552
6688,2,0,9554
6689,1,0,9555
6690,1,0,9556
6691,1,0,9557
6692,1,0,9558
6693,1,0,9559
6694,1,0,9560
6695,1,0,9561
6696,1,0,9562
6697,1,0,9563
6698,4,0,9567
6699,1,0,9568
6700,3,0,9571
6701,1,0,9572
6702,1,0,9573
6703,1,0,9574
6704,1,0,9575
6705,3,0,9578
6706,1,0,9579
6707,1,0,9580
6708,1,0,9581
6709,1,0,9582
6710,4,0,9586
6711,2,0,9588
6712,1,0,9589
6713,2,0,9591
6714,3,0,9594
6715,1,0,9595
6716,1,0,9596
6717,1,0,9597
6718,1,0,9598
6719,1,0,9599
6720,2,0,9601
6721,2,0,9603
6722,2,0,9605
6723,1,0,9606
6724,1,0,9607
6725,1,0,9608
6726,1,0,9609
6727,1,0,9610
6728,2,0,9612
6729,1,0,9613
6730,1,0,9614
6731,3,0,9617
6732,1,0,9618
6733,2,0,9620
6734,1,0,9621
6735,1,0,9622
6736,1,0,9623
6737,2,0,9625
6738,2,0,9627
6739,1,0,9628
6740,1,0,9629
6741,1,0,9630
6742,1,0,9631
6743,1,0,9632
6744,1,0,9633
6745,1,0,9634
6746,1,0,9635
6747,1,0,9636
6748,1,0,9637
6749,1,0,9638
6750,2,0,9640
6751,1,0,9641
6752,1,0,9642
6753,1,0,9643
6754,1,0,9644
6755,1,0,9645
6756,1,0,9646
6757,1,0,9647
6758,1,0,9648
6759,2,0,9650
6760,1,0,9651
6761,2,0,9653
6762,1,0,9654
6763,2,0,9656
6764,1,0,9657
6765,1,0,9658
6766,1,0,9659
6767,3,0,9662
6768,1,0,9663
6769,2,0,9665
6770,1,0,9666
6771,4,0,9670
6772,1,0,9671
6773,1,0,9672
6774,1,0,9673
6775,1,0,9674
6776,2,0,9676
6777,1,0,9677
6778,1,0,9678
6779,1,0,9679
6780,1,0,9680
6781,1,0,9681
6782,2,0,9683
6783,1,0,9684
6784,1,0,9685
6785,2,0,9687
6786,2,0,9689
6787,1,0,9690
6788,1,0,9691
6789,1,0,9692
6790,1,0,9693
6791,2,0,9695
6792,1,0,9696
6793,1,0,9697
6794,1,0,9698
6795,1,0,9699
6796,1,0,9700
6797,1,0,9701
6798,1,0,9702
6799,2,0,9704
6800,1,0,9705
6801,1,0,9706
6802,1,0,9707
6803,1,0,9708
6804,1,0,9709
6805,3,0,9712
6806,1,0,9713
6807,1,0,9714
6808,2,0,9716
6809,1,0,9717
6810,1,0,9718
6811,1,0,9719
6812,2,0,9721
6813,1,0,9722
6814,1,0,9723
6815,1,0,9724
6816,1,0,9725
6817,1,0,9726
6818,2,0,9728
6819,1,0,9729
6820,1,0,9730
6821,1,0,9731
6822,1,0,9732
6823,1,0,9733
6824,1,0,9734
6825,2,0,9736
6826,1,0,9737
6827,2,0,9739
6828,1,0,9740
6829,2,0,9742
6830,1,0,9743
6831,2,0,9745
6832,1,0,9746
6833,3,0,9749
6834,2,0,9751
6835,1,0,9752
6836,2,0,9754
6837,1,0,9755
6838,1,0,9756
6839,1,0,9757
6840,1,0,9758
6841,2,0,9760
6842,1,0,9761
6843,2,0,9763
6844,2,0,9765
6845,1,0,9766
6846,1,0,9767
6847,1,0,9768
6848,1,0,9769
6849,1,0,9770
6850,1,0,9771
6851,1,0,9772
6852,1,0,9773
6853,1,0,9774
6854,1,0,9775
6855,1,0,9776
6856,1,0,9777
6857,2,0,9779
6858,1,0,9780
6859,1,0,9781
6860,1,0,9782
6861,2,0,9784
6862,2,0,9786
6863,1,0,9787
6864,1,0,9788
6865,2,0,9790
6866,1,0,9791
6867,1,0,9792
6868,1,0,9793
6869,1,0,9794
6870,1,0,9795
6871,1,0,9796
6872,1,0,9797
6873,2,0,9799
6874,2,0,9801
6875,1,0,9802
6876,3,0,9805
6877,1,0,9806
6878,1,0,9807
6879,1,0,9808
6880,1,0,9809
6881,3,0,9812
6882,2,0,9814
6883,2,0,9816
6884,1,0,9817
6885,1,0,9818
6886,1,0,9819
6887,2,0,9821
6888,1,0,9822
6889,1,0,9823
6890,1,0,9824
6891,1,0,9825
6892,1,0,9826
6893,1,0,9827
6894,1,0,9828
6895,1,0,9829
6896,2,0,9831
6897,1,0,9832
6898,1,0,9833
6899,1,0,9834
6900,1,0,9835
6901,1,0,9836
6902,1,0,9837
6903,1,0,9838
6904,1,0,9839
6905,1,0,9840
6906,1,0,9841
6907,1,0,9842
6908,1,0,9843
6909,1,0,9844
6910,1,0,9845
6911,1,0,9846
6912,1,0,9847
6913,1,0,9848
6914,1,0,9849
6915,1,0,9850
6916,1,0,9851
6917,1,0,9852
6918,1,0,9853
6919,2,0,9855
6920,1,0,9856
6921,1,0,9857
6922,1,0,9858
6923,2,0,9860
6924,1,0,9861
6925,1,0,9862
6926,1,0,9863
6927,1,0,9864
6928,1,0,9865
6929,3,0,9868
6930,2,0,9870
6931,2,0,9872
6932,1,0,9873
6933,1,0,9874
6934,1,0,9875
6935,1,0,9876
6936,1,0,9877
6937,1,0,9878
6938,1,0,9879
6939,1,0,9880
6940,1,0,9881
6941,2,0,9883
6942,1,0,9884
6943,2,0,9886
6944,3,0,9889
6945,1,0,9890
6946,1,0,9891
6947,1,0,9892
6948,2,0,9894
6949,1,0,9895
6950,1,0,9896
6951,2,0,9898
6952,1,0,9899
6953,1,0,9900
6954,1,0,9901
6955,1,0,9902
6956,1,0,9903
6957,1,0,9904
6958,1,0,9905
6959,1,0,9906
6960,2,0,9908
6961,1,0,9909
6962,1,0,9910
6963,1,0,9911
6964,1,0,9912
6965,1,0,9913
6966,1,0,9914
6967,2,0,9916
6968,1,0,9917
6969,1,0,9918
6970,1,0,9919
6971,1,0,9920
6972,1,0,9921
6973,1,0,9922
6974,1,0,9923
6975,2,0,9925
6976,1,0,9926
6977,1,0,9927
6978,1,0,9928
6979,1,0,9929
6980,1,0,9930
6981,1,0,9931
6982,1,0,9932
6983,1,0,9933
6984,1,0,9934
6985,1,0,9935
6986,2,0,9937
6987,1,0,9938
6988,1,0,9939
6989,1,0,9940
6990,1,0,9941
6991,1,0,9942
6992,1,0,9943
6993,1,0,9944
6994,1,0,9945
6995,1,0,9946
6996,1,0,9947
6997,1,0,9948
6998,1,0,9949
6999,2,0,9951
7000,2,0,9953
7001,1,0,9954
7002,2,0,9956
7003,1,0,9957
7004,1,0,9958
7005,1,0,9959
7006,1,0,9960
7007,3,0,9963
7008,1,0,9964
7009,1,0,9965
7010,1,0,9966
7011,1,0,9967
7012,4,0,9971
7013,3,0,9974
7014,1,0,9975
7015,1,0,9976
7016,1,0,9977
7017,2,0,9979
7018,1,0,9980
7019,1,0,9981
7020,1,0,9982
7021,1,0,9983
7022,1,0,9984
7023,1,0,9985
7024,1,0,9986
7025,1,0,9987
7026,1,0,9988
7027,2,0,9990
7028,3,0,9993
7029,1,0,9994
7030,1,0,9995
7031,1,0,9996
7032,3,0,9999
7033,2,0,10001
7034,1,0,10002
7035,1,0,10003
7036,1,0,10004
7037,1,0,10005
7038,1,0,10006
7039,2,0,10008
7040,1,0,10009
7041,1,0,10010
7042,1,0,10011
7043,1,0,10012
7044,1,0,10013
7045,4,0,10017
7046,1,0,10018
7047,1,0,10019
7048,2,0,10021
7049,1,0,10022
7050,2,0,10024
7051,1,0,10025
7052,1,0,10026
7053,2,0,10028
7054,1,0,10029
7055,1,0,10030
7056,1,0,10031
7057,2,0,10033
7058,1,0,10034
7059,2,0,10036
7060,1,0,10037
7061,1,0,10038
7062,1,0,10039
7063,1,0,10040
7064,1,0,10041
7065,1,0,10042
7066,2,0,10044
7067,1,0,10045
7068,1,0,10046
7069,2,0,10048
7070,1,0,10049
7071,2,0,10051
7072,1,0,10052
7073,1,0,10053
7074,3,0,10056
7075,1,0,10057
7076,2,0,10059
7077,1,0,10060
7078,1,0,10061
7079,1,0,10062
7080,1,0,10063
7081,1,0,10064
7082,1,0,10065
7083,1,0,10066
7084,1,0,10067
7085,4,0,10071
7086,1,0,10072
7087,1,0,10073
7088,1,0,10074
7089,1,0,10075
7090,1,0,10076
7091,1,0,10077
7092,2,0,10079
7093,3,0,10082
7094,1,0,10083
7095,2,0,10085
7096,1,0,10086
7097,2,0,10088
7098,1,0,10089
7099,2,0,10091
7100,1,0,10092
7101,2,0,10094
7102,1,0,10095
7103,1,0,10096
7104,2,0,10098
7105,1,0,10099
7106,1,0,10100
7107,1,0,10101
7108,4,0,10105
7109,1,0,10106
7110,1,0,10107
7111,1,0,10108
7112,1,0,10109
7113,2,0,10111
7114,2,0,10113
7115,1,0,10114
7116,1,0,10115
7117,1,0,10116
7118,1,0,10117
7119,1,0,10118
7120,1,0,10119
7121,1,0,10120
7122,1,0,10121
7123,1,0,10122
7124,2,0,10124
7125,1,0,10125
7126,1,0,10126
7127,1,0,10127
7128,1,0,10128
7129,1,0,10129
7130,1,0,10130
7131,1,0,10131
7132,2,0,10133
7133,3,0,10136
7134,2,0,10138
7135,3,0,10141
7136,2,0,10143
7137,1,0,10144
7138,1,0,10145
7139,1,0,10146
7140,1,0,10147
7141,4,0,10151
7142,3,0,10154
7143,1,0,10155
7144,1,0,10156
7145,1,0,10157
7146,1,0,10158
7147,1,0,10159
7148,1,0,10160
7149,4,0,10164
7150,4,0,10168
7151,1,0,10169
7152,3,0,10172
7153,1,0,10173
7154,1,0,10174
7155,2,0,10176
7156,1,0,10177
7157,2,0,10179
7158,2,0,10181
7159,1,0,10182
7160,1,0,10183
7161,3,0,10186
7162,2,0,10188
7163,1,0,10189
7164,5,0,10194
7165,1,0,10195
7166,3,0,10198
7167,3,0,10201
7168,1,0,10202
7169,1,0,10203
7170,2,0,10205
7171,2,0,10207
7172,1,0,10208
7173,1,0,10209
7174,1,0,10210
7175,1,0,10211
7176,1,0,10212
7177,1,0,10213
7178,2,0,10215
7179,1,0,10216
7180,1,0,10217
7181,1,0,10218
7182,1,0,10219
7183,4,0,10223
7184,1,0,10224
7185,1,0,10225
7186,5,0,10230
7187,1,0,10231
7188,2,0,10233
7189,1,0,10234
7190,1,0,10235
7191,1,0,10236
7192,1,0,10237
7193,1,0,10238
7194,1,0,10239
7195,1,0,10240
7196,2,0,10242
7197,1,0,10243
7198,1,0,10244
7199,3,0,10247
7200,2,0,10249
7201,1,0,10250
7202,1,0,10251
7203,1,0,10252
7204,1,0,10253
7205,2,0,10255
7206,2,0,10257
7207,1,0,10258
7208,1,0,10259
7209,2,0,10261
7210,1,0,10262
7211,2,0,10264
7212,1,0,10265
7213,1,0,10266
7214,1,0,10267
7215,1,0,10268
7216,1,0,10269
7217,1,0,10270
7218,1,0,10271
7219,1,0,10272
7220,2,0,10274
7221,2,0,10276
7222,1,0,10277
7223,3,0,10280
7224,1,0,10281
7225,1,0,10282
7226,1,0,10283
7227,2,0,10285
7228,1,0,10286
7229,1,0,10287
7230,1,0,10288
7231,1,0,10289
7232,2,0,10291
7233,1,0,10292
7234,1,0,10293
7235,21,0,10314
7236,3,0,10317
7237,2,0,10319
7238,3,0,10322
7239,4,0,10326
7240,8,0,10334
7241,1,0,10335
7242,1,0,10336
7243,1,0,10337
7244,1,0,10338
7245,4,0,10342
7246,1,0,10343
7247,1,0,10344
7248,1,0,10345
7249,1,0,10346
7250,1,0,10347
7251,1,0,10348
7252,1,0,10349
7253,1,0,10350
7254,1,0,10351
7255,3,0,10354
7256,1,0,10355
7257,1,0,10356
7258,1,0,10357
7259,1,0,10358
7260,1,0,10359
7261,1,0,10360
7262,5,0,10365
7263,1,0,10366
7264,1,0,10367
7265,1,0,10368
7266,2,0,10370
7267,2,0,10372
7268,2,0,10374
7269,3,0,10377
7270,2,0,10379
7271,2,0,10381
7272,2,0,10383
7273,1,0,10384
7274,1,0,10385
7275,1,0,10386
7276,1,0,10387
7277,1,0,10388
7278,1,0,10389
7279,1,0,10390
7280,2,0,10392
7281,4,0,10396
7282,1,0,10397
7283,2,0,10399
7284,1,0,10400
7285,1,0,10401
7286,2,0,10403
7287,1,0,10404
7288,1,0,10405
7289,1,0,10406
7290,1,0,10407
7291,1,0,10408
7292,1,0,10409
7293,2,0,10411
7294,1,0,10412
7295,1,0,10413
7296,2,0,10415
7297,1,0,10416
7298,2,0,10418
7299,2,0,10420
7300,1,0,10421
7301,1,0,10422
7302,3,0,10425
7303,1,0,10426
7304,1,0,10427
7305,1,0,10428
7306,2,0,10430
7307,1,0,10431
7308,1,0,10432
7309,1,0,10433
7310,1,0,10434
7311,1,0,10435
7312,2,0,10437
7313,1,0,10438
7314,1,0,10439
7315,1,0,10440
7316,4,0,10444
7317,1,0,10445
7318,3,0,10448
7319,2,0,10450
7320,1,0,10451
7321,1,0,10452
7322,1,0,10453
7323,1,0,10454
7324,1,0,10455
7325,1,0,10456
7326,1,0,10457
7327,1,0,10458
7328,2,0,10460
7329,1,0,10461
7330,1,0,10462
7331,1,0,10463
7332,1,0,10464
7333,1,0,10465
7334,1,0,10466
7335,1,0,10467
7336,1,0,10468
7337,1,0,10469
7338,1,0,10470
7339,1,0,10471
7340,1,0,10472
7341,1,0,10473
7342,2,0,10475
7343,2,0,10477
7344,1,0,10478
7345,1,0,10479
7346,1,0,10480
7347,1,0,10481
7348,1,0,10482
7349,1,0,10483
7350,1,0,10484
7351,1,0,10485
7352,1,0,10486
7353,1,0,10487
7354,1,0,10488
7355,1,0,10489
7356,2,0,10491
7357,1,0,10492
7358,1,0,10493
7359,1,0,10494
7360,4,0,10498
7361,1,0,10499
7362,5,0,10504
7363,1,0,10505
7364,1,0,10506
7365,1,0,10507
7366,1,0,10508
7367,2,0,10510
7368,1,0,10511
7369,1,0,10512
7370,1,0,10513
7371,1,0,10514
7372,1,0,10515
7373,1,0,10516
7374,1,0,10517
7375,2,0,10519
7376,1,0,10520
7377,1,0,10521
7378,1,0,10522
7379,2,0,10524
7380,2,0,10526
7381,2,0,10528
7382,1,0,10529
7383,1,0,10530
7384,2,0,10532
7385,1,0,10533
7386,1,0,10534
7387,1,0,10535
7388,1,0,10536
7389,1,0,10537
7390,1,0,10538
7391,1,0,10539
7392,1,0,10540
7393,1,0,10541
7394,1,0,10542
7395,1,0,10543
7396,1,0,10544
7397,1,0,10545
7398,1,0,10546
7399,1,0,10547
7400,1,0,10548
7401,1,0,10549
7402,1,0,10550
7403,1,0,10551
7404,1,0,10552
7405,2,0,10554
7406,2,0,10556
7407,2,0,10558
7408,1,0,10559
7409,1,0,10560
7410,1,0,10561
7411,1,0,10562
7412,1,0,10563
7413,1,0,10564
7414,1,0,10565
7415,1,0,10566
7416,3,0,10569
7417,1,0,10570
7418,2,0,10572
7419,1,0,10573
7420,1,0,10574
7421,1,0,10575
7422,1,0,10576
7423,1,0,10577
7424,2,0,10579
7425,1,0,10580
7426,1,0,10581
7427,1,0,10582
7428,1,0,10583
7429,1,0,10584
7430,1,0,10585
7431,2,0,10587
7432,1,0,10588
7433,1,0,10589
7434,2,0,10591
7435,1,0,10592
7436,1,0,10593
7437,2,0,10595
7438,1,0,10596
7439,1,0,10597
7440,1,0,10598
7441,1,0,10599
7442,1,0,10600
7443,2,0,10602
7444,1,0,10603
7445,1,0,10604
7446,2,0,10606
7447,1,0,10607
7448,1,0,10608
7449,2,0,10610
7450,1,0,10611
7451,1,0,10612
7452,2,0,10614
7453,1,0,10615
7454,2,0,10617
7455,2,0,10619
7456,1,0,10620
7457,1,0,10621
7458,2,0,10623
7459,1,0,10624
7460,1,0,10625
7461,1,0,10626
7462,1,0,10627
7463,1,0,10628
7464,2,0,10630
7465,1,0,10631
7466,1,0,10632
7467,1,0,10633
7468,1,0,10634
7469,1,0,10635
7470,1,0,10636
7471,1,0,10637
7472,1,0,10638
7473,3,0,10641
7474,1,0,10642
7475,1,0,10643
7476,1,0,10644
7477,1,0,10645
7478,1,0,10646
7479,1,0,10647
7480,1,0,10648
7481,1,0,10649
7482,1,0,10650
7483,1,0,10651
7484,1,0,10652
7485,2,0,10654
7486,1,0,10655
7487,1,0,10656
7488,2,0,10658
7489,1,0,10659
7490,2,0,10661
7491,1,0,10662
7492,1,0,10663
7493,1,0,10664
7494,1,0,10665
7495,1,0,10666
7496,1,0,10667
7497,1,0,10668
7498,2,0,10670
7499,2,0,10672
7500,1,0,10673
7501,1,0,10674
7502,1,0,10675
7503,1,0,10676
7504,1,0,10677
7505,3,0,10680
7506,1,0,10681
7507,1,0,10682
7508,2,0,10684
7509,1,0,10685
7510,1,0,10686
7511,1,0,10687
7512,2,0,10689
7513,1,0,10690
7514,1,0,10691
7515,1,0,10692
7516,1,0,10693
7517,2,0,10695
7518,2,0,10697
7519,1,0,10698
7520,1,0,10699
7521,1,0,10700
7522,2,0,10702
7523,1,0,10703
7524,1,0,10704
7525,2,0,10706
7526,1,0,10707
7527,1,0,10708
7528,1,0,10709
7529,1,0,10710
7530,2,0,10712
7531,2,0,10714
7532,1,0,10715
7533,1,0,10716
7534,2,0,10718
7535,1,0,10719
7536,1,0,10720
7537,3,0,10723
7538,2,0,10725
7539,1,0,10726
7540,1,0,10727
7541,1,0,10728
7542,2,0,10730
7543,1,0,10731
7544,2,0,10733
7545,2,0,10735
7546,1,0,10736
7547,1,0,10737
7548,1,0,10738
7549,1,0,10739
7550,2,0,10741
7551,2,0,10743
7552,1,0,10744
7553,1,0,10745
7554,2,0,10747
7555,1,0,10748
7556,1,0,10749
7557,1,0,10750
7558,3,0,10753
7559,1,0,10754
7560,1,0,10755
7561,1,0,10756
7562,1,0,10757
7563,3,0,10760
7564,3,0,10763
7565,1,0,10764
7566,1,0,10765
7567,2,0,10767
7568,1,0,10768
7569,1,0,10769
7570,1,0,10770
7571,2,0,10772
7572,1,0,10773
7573,1,0,10774
7574,2,0,10776
7575,1,0,10777
7576,1,0,10778
7577,1,0,10779
7578,1,0,10780
7579,1,0,10781
7580,1,0,10782
7581,1,0,10783
7582,2,0,10785
7583,1,0,10786
7584,2,0,10788
7585,1,0,10789
7586,1,0,10790
7587,1,0,10791
7588,1,0,10792
7589,2,0,10794
7590,2,0,10796
7591,1,0,10797
7592,1,0,10798
7593,1,0,10799
7594,3,0,10802
7595,2,0,10804
7596,2,0,10806
7597,1,0,10807
7598,1,0,10808
7599,1,0,10809
7600,1,0,10810
7601,2,0,10812
7602,1,0,10813
7603,1,0,10814
7604,1,0,10815
7605,1,0,10816
7606,2,0,10818
7607,1,0,10819
7608,1,0,10820
7609,1,0,10821
7610,1,0,10822
7611,1,0,10823
7612,1,0,10824
7613,1,0,10825
7614,3,0,10828
7615,1,0,10829
7616,1,0,10830
7617,2,0,10832
7618,1,0,10833
7619,1,0,10834
7620,1,0,10835
7621,1,0,10836
7622,1,0,10837
7623,3,0,10840
7624,1,0,10841
7625,2,0,10843
7626,2,0,10845
7627,1,0,10846
7628,1,0,10847
7629,1,0,10848
7630,1,0,10849
7631,1,0,10850
7632,1,0,10851
7633,1,0,10852
7634,3,0,10855
7635,3,0,10858
7636,2,0,10860
7637,1,0,10861
7638,1,0,10862
7639,1,0,10863
7640,2,0,10865
7641,1,0,10866
7642,1,0,10867
7643,7,0,10874
7644,6,0,10880
7645,2,0,10882
7646,1,0,10883
7647,1,0,10884
7648,1,0,10885
7649,1,0,10886
7650,3,0,10889
7651,1,0,10890
7652,1,0,10891
7653,3,0,10894
7654,1,0,10895
7655,2,0,10897
7656,2,0,10899
7657,2,0,10901
7658,1,0,10902
7659,2,0,10904
7660,1,0,10905
7661,1,0,10906
7662,1,0,10907
7663,5,0,10912
7664,1,0,10913
7665,1,0,10914
7666,1,0,10915
7667,1,0,10916
7668,1,0,10917
7669,1,0,10918
7670,1,0,10919
7671,1,0,10920
7672,1,0,10921
7673,2,0,10923
7674,1,0,10924
7675,1,0,10925
7676,1,0,10926
7677,3,0,10929
7678,1,0,10930
7679,1,0,10931
7680,1,0,10932
7681,1,0,10933
7682,1,0,10934
7683,1,0,10935
7684,1,0,10936
7685,4,0,10940
7686,1,0,10941
7687,3,0,10944
7688,1,0,10945
7689,2,0,10947
7690,1,0,10948
7691,1,0,10949
7692,4,0,10953
7693,1,0,10954
7694,1,0,10955
7695,1,0,10956
7696,1,0,10957
7697,1,0,10958
7698,1,0,10959
7699,2,0,10961
7700,1,0,10962
7701,1,0,10963
7702,1,0,10964
7703,1,0,10965
7704,1,0,10966
7705,1,0,10967
7706,2,0,10969
7707,2,0,10971
7708,1,0,10972
7709,1,0,10973
7710,2,0,10975
7711,2,0,10977
7712,1,0,10978
7713,1,0,10979
7714,1,0,10980
7715,2,0,10982
7716,2,0,10984
7717,1,0,10985
7718,1,0,10986
7719,1,0,10987
7720,1,0,10988
7721,1,0,10989
7722,1,0,10990
7723,1,0,10991
7724,2,0,10993
7725,1,0,10994
7726,1,0,10995
7727,1,0,10996
7728,1,0,10997
7729,1,0,10998
7730,1,0,10999
7731,1,0,11000
7732,1,0,11001
7733,1,0,11002
7734,2,0,11004
7735,2,0,11006
7736,1,0,11007
7737,1,0,11008
7738,1,0,11009
7739,2,0,11011
7740,1,0,11012
7741,1,0,11013
7742,1,0,11014
7743,2,0,11016
7744,1,0,11017
7745,1,0,11018
7746,2,0,11020
7747,1,0,11021
7748,2,0,11023
7749,2,0,11025
7750,1,0,11026
7751,1,0,11027
7752,1,0,11028
7753,1,0,11029
7754,1,0,11030
7755,1,0,11031
7756,1,0,11032
7757,1,0,11033
7758,1,0,11034
7759,1,0,11035
7760,1,0,11036
7761,3,0,11039
7762,1,0,11040
7763,1,0,11041
7764,2,0,11043
7765,1,0,11044
7766,2,0,11046
7767,1,0,11047
7768,3,0,11050
7769,1,0,11051
7770,2,0,11053
7771,1,0,11054
7772,2,0,11056
7773,2,0,11058
7774,3,0,11061
7775,8,0,11069
7776,1,0,11070
7777,1,0,11071
7778,1,0,11072
7779,1,0,11073
7780,2,0,11075
7781,1,0,11076
7782,2,0,11078
7783,1,0,11079
7784,1,0,11080
7785,2,0,11082
7786,1,0,11083
7787,1,0,11084
7788,3,0,11087
7789,2,0,11089
7790,1,0,11090
7791,1,0,11091
7792,1,0,11092
7793,4,0,11096
7794,2,0,11098
7795,4,0,11102
7796,2,0,11104
7797,1,0,11105
7798,3,0,11108
7799,2,0,11110
7800,1,0,11111
7801,1,0,11112
7802,1,0,11113
7803,1,0,11114
7804,1,0,11115
7805,6,0,11121
7806,1,0,11122
7807,2,0,11124
7808,2,0,11126
7809,1,0,11127
7810,1,0,11128
7811,1,0,11129
7812,1,0,11130
7813,3,0,11133
7814,2,0,11135
7815,1,0,11136
7816,1,0,11137
7817,3,0,11140
7818,2,0,11142
7819,1,0,11143
7820,1,0,11144
7821,2,0,11146
7822,2,0,11148
7823,3,0,11151
7824,2,0,11153
7825,1,0,11154
7826,1,0,11155
7827,1,0,11156
7828,1,0,11157
7829,1,0,11158
7830,4,0,11162
7831,3,0,11165
7832,1,0,11166
7833,1,0,11167
7834,1,0,11168
7835,1,0,11169
7836,1,0,11170
7837,1,0,11171
7838,1,0,11172
7839,3,0,11175
7840,1,0,11176
7841,1,0,11177
7842,3,0,11180
7843,1,0,11181
7844,1,0,11182
7845,1,0,11183
7846,1,0,11184
7847,1,0,11185
7848,1,0,11186
7849,1,0,11187
7850,1,0,11188
7851,1,0,11189
7852,1,0,11190
7853,1,0,11191
7854,1,0,11192
7855,1,0,11193
7856,1,0,11194
7857,1,0,11195
7858,2,0,11197
7859,1,0,11198
7860,1,0,11199
7861,3,0,11202
7862,1,0,11203
7863,1,0,11204
7864,1,0,11205
7865,2,0,11207
7866,1,0,11208
7867,1,0,11209
7868,1,0,11210
7869,2,0,11212
7870,1,0,11213
7871,1,0,11214
7872,1,0,11215
7873,2,0,11217
7874,1,0,11218
7875,1,0,11219
7876,3,0,11222
7877,1,0,11223
7878,1,0,11224
7879,3,0,11227
7880,1,0,11228
7881,1,0,11229
7882,3,0,11232
7883,1,0,11233
7884,1,0,11234
7885,1,0,11235
7886,2,0,11237
7887,2,0,11239
7888,1,0,11240
7889,1,0,11241
7890,1,0,11242
7891,2,0,11244
7892,2,0,11246
7893,1,0,11247
7894,1,0,11248
7895,1,0,11249
7896,2,0,11251
7897,2,0,11253
7898,1,0,11254
7899,1,0,11255
7900,1,0,11256
7901,4,0,11260
7902,3,0,11263
7903,1,0,11264
7904,1,0,11265
7905,3,0,11268
7906,1,0,11269
7907,4,0,11273
7908,1,0,11274
7909,4,0,11278
7910,1,0,11279
7911,1,0,11280
7912,1,0,11281
7913,1,0,11282
7914,4,0,11286
7915,2,0,11288
7916,1,0,11289
7917,1,0,11290
7918,2,0,11292
7919,3,0,11295
7920,1,0,11296
7921,1,0,11297
7922,3,0,11300
7923,2,0,11302
7924,1,0,11303
7925,1,0,11304
7926,1,0,11305
7927,1,0,11306
7928,2,0,11308
7929,1,0,11309
7930,1,0,11310
7931,1,0,11311
7932,2,0,11313
7933,1,0,11314
7934,2,0,11316
7935,1,0,11317
7936,2,0,11319
7937,1,0,11320
7938,1,0,11321
7939,1,0,11322
7940,1,0,11323
7941,1,0,11324
7942,1,0,11325
7943,1,0,11326
7944,1,0,11327
7945,1,0,11328
7946,2,0,11330
7947,1,0,11331
7948,1,0,11332
7949,1,0,11333
7950,2,0,11335
7951,2,0,11337
7952,1,0,11338
7953,1,0,11339
7954,2,0,11341
7955,2,0,11343
7956,1,0,11344
7957,1,0,11345
7958,1,0,11346
7959,1,0,11347
7960,2,0,11349
7961,1,0,11350
7962,1,0,11351
7963,1,0,11352
7964,2,0,11354
7965,1,0,11355
7966,1,0,11356
7967,5,0,11361
7968,2,0,11363
7969,2,0,11365
7970,1,0,11366
7971,1,0,11367
7972,2,0,11369
7973,2,0,11371
7974,1,0,11372
7975,1,0,11373
7976,2,0,11375
7977,1,0,11376
7978,2,0,11378
7979,1,0,11379
7980,2,0,11381
7981,1,0,11382
7982,1,0,11383
7983,1,0,11384
7984,3,0,11387
7985,3,0,11390
7986,1,0,11391
7987,2,0,11393
7988,1,0,11394
7989,1,0,11395
7990,3,0,11398
7991,5,0,11403
7992,1,0,11404
7993,2,0,11406
7994,2,0,11408
7995,1,0,11409
7996,3,0,11412
7997,1,0,11413
7998,4,0,11417
7999,3,0,11420
8000,1,0,11421
8001,1,0,11422
8002,1,0,11423
8003,3,0,11426
8004,1,0,11427
8005,2,0,11429
8006,1,0,11430
8007,1,0,11431
8008,2,0,11433
8009,1,0,11434
8010,1,0,11435
8011,1,0,11436
8012,2,0,11438
8013,1,0,11439
8014,2,0,11441
8015,2,0,11443
8016,3,0,11446
8017,3,0,11449
8018,1,0,11450
8019,4,0,11454
8020,1,0,11455
8021,1,0,11456
8022,2,0,11458
8023,2,0,11460
8024,2,0,11462
8025,1,0,11463
8026,1,0,11464
8027,1,0,11465
8028,1,0,11466
8029,1,0,11467
8030,2,0,11469
8031,2,0,11471
8032,3,0,11474
8033,1,0,11475
8034,1,0,11476
8035,1,0,11477
8036,1,0,11478
8037,2,0,11480
8038,2,0,11482
8039,1,0,11483
8040,3,0,11486
8041,1,0,11487
8042,1,0,11488
8043,1,0,11489
8044,2,0,11491
8045,1,0,11492
8046,1,0,11493
8047,1,0,11494
8048,1,0,11495
8049,2,0,11497
8050,1,0,11498
8051,1,0,11499
8052,2,0,11501
8053,3,0,11504
8054,1,0,11505
8055,5,0,11510
8056,2,0,11512
8057,2,0,11514
8058,1,0,11515
8059,2,0,11517
8060,1,0,11518
8061,1,0,11519
8062,1,0,11520
8063,2,0,11522
8064,3,0,11525
8065,1,0,11526
8066,2,0,11528
8067,2,0,11530
8068,1,0,11531
8069,5,0,11536
8070,2,0,11538
8071,1,0,11539
8072,1,0,11540
8073,1,0,11541
8074,1,0,11542
8075,1,0,11543
8076,3,0,11546
8077,1,0,11547
8078,1,0,11548
8079,1,0,11549
8080,2,0,11551
8081,1,0,11552
8082,1,0,11553
8083,1,0,11554
8084,1,0,11555
8085,1,0,11556
8086,1,0,11557
8087,1,0,11558
8088,1,0,11559
8089,1,0,11560
8090,2,0,11562
8091,1,0,11563
8092,4,0,11567
8093,1,0,11568
8094,2,0,11570
8095,2,0,11572
8096,3,0,11575
8097,2,0,11577
8098,4,0,11581
8099,1,0,11582
8100,1,0,11583
8101,1,0,11584
8102,2,0,11586
8103,1,0,11587
8104,3,0,11590
8105,1,0,11591
8106,1,0,11592
8107,1,0,11593
8108,1,0,11594
8109,1,0,11595
8110,1,0,11596
8111,1,0,11597
8112,1,0,11598
8113,1,0,11599
8114,2,0,11601
8115,1,0,11602
8116,1,0,11603
8117,1,0,11604
8118,1,0,11605
8119,1,0,11606
8120,3,0,11609
8121,1,0,11610
8122,3,0,11613
8123,1,0,11614
8124,1,0,11615
8125,3,0,11618
8126,2,0,11620
8127,1,0,11621
8128,3,0,11624
8129,1,0,11625
8130,1,0,11626
8131,1,0,11627
8132,2,0,11629
8133,1,0,11630
8134,1,0,11631
8135,2,0,11633
8136,1,0,11634
8137,2,0,11636
8138,1,0,11637
8139,3,0,11640
8140,1,0,11641
8141,2,0,11643
8142,1,0,11644
8143,2,0,11646
8144,1,0,11647
8145,1,0,11648
8146,2,0,11650
8147,2,0,11652
8148,1,0,11653
8149,1,0,11654
8150,1,0,11655
8151,2,0,11657
8152,1,0,11658
8153,1,0,11659
8154,1,0,11660
8155,2,0,11662
8156,1,0,11663
8157,1,0,11664
8158,1,0,11665
8159,1,0,11666
8160,1,0,11667
8161,1,0,11668
8162,4,0,11672
8163,1,0,11673
8164,1,0,11674
8165,1,0,11675
8166,2,0,11677
8167,1,0,11678
8168,2,0,11680
8169,1,0,11681
8170,1,0,11682
8171,1,0,11683
8172,1,0,11684
8173,1,0,11685
8174,1,0,11686
8175,2,0,11688
8176,1,0,11689
8177,2,0,11691
8178,3,0,11694
8179,4,0,11698
8180,2,0,11700
8181,2,0,11702
8182,1,0,11703
8183,1,0,11704
8184,1,0,11705
8185,3,0,11708
8186,1,0,11709
8187,1,0,11710
8188,2,0,11712
8189,1,0,11713
8190,1,0,11714
8191,1,0,11715
8192,1,0,11716
8193,1,0,11717
8194,1,0,11718
8195,3,0,11721
8196,2,0,11723
8197,3,0,11726
8198,2,0,11728
8199,1,0,11729
8200,2,0,11731
8201,1,0,11732
8202,1,0,11733
8203,4,0,11737
8204,2,0,11739
8205,1,0,11740
8206,1,0,11741
8207,1,0,11742
8208,1,0,11743
8209,1,0,11744
8210,1,0,11745
8211,2,0,11747
8212,2,0,11749
8213,2,0,11751
8214,1,0,11752
8215,1,0,11753
8216,1,0,11754
8217,1,0,11755
8218,1,0,11756
8219,1,0,11757
8220,2,0,11759
8221,1,0,11760
8222,1,0,11761
8223,1,0,11762
8224,1,0,11763
8225,2,0,11765
8226,2,0,11767
8227,1,0,11768
8228,2,0,11770
8229,2,0,11772
8230,1,0,11773
8231,1,0,11774
8232,2,0,11776
8233,2,0,11778
8234,1,0,11779
8235,1,0,11780
8236,1,0,11781
8237,1,0,11782
8238,1,0,11783
8239,2,0,11785
8240,3,0,11788
8241,2,0,11790
8242,1,0,11791
8243,2,0,11793
8244,1,0,11794
8245,1,0,11795
8246,1,0,11796
8247,1,0,11797
8248,2,0,11799
8249,1,0,11800
8250,1,0,11801
8251,1,0,11802
8252,2,0,11804
8253,2,0,11806
8254,1,0,11807
8255,1,0,11808
8256,1,0,11809
8257,1,0,11810
8258,3,0,11813
8259,1,0,11814
8260,2,0,11816
8261,1,0,11817
8262,3,0,11820
8263,1,0,11821
8264,2,0,11823
8265,1,0,11824
8266,1,0,11825
8267,1,0,11826
8268,1,0,11827
8269,1,0,11828
8270,1,0,11829
8271,3,0,11832
8272,1,0,11833
8273,1,0,11834
8274,1,0,11835
8275,1,0,11836
8276,3,0,11839
8277,1,0,11840
8278,2,0,11842
8279,2,0,11844
8280,1,0,11845
8281,1,0,11846
8282,2,0,11848
8283,1,0,11849
8284,2,0,11851
8285,1,0,11852
8286,2,0,11854
8287,3,0,11857
8288,1,0,11858
8289,2,0,11860
8290,1,0,11861
8291,1,0,11862
8292,2,0,11864
8293,1,0,11865
8294,3,0,11868
8295,1,0,11869
8296,2,0,11871
8297,1,0,11872
8298,2,0,11874
8299,1,0,11875
8300,1,0,11876
8301,1,0,11877
8302,1,0,11878
8303,2,0,11880
8304,2,0,11882
8305,2,0,11884
8306,1,0,11885
8307,2,0,11887
8308,1,0,11888
8309,1,0,11889
8310,2,0,11891
8311,1,0,11892
8312,1,0,11893
8313,2,0,11895
8314,1,0,11896
8315,1,0,11897
8316,1,0,11898
8317,4,0,11902
8318,1,0,11903
8319,2,0,11905
8320,9,0,11914
8321,2,0,11916
8322,1,0,11917
8323,2,0,11919
8324,1,0,11920
8325,1,0,11921
8326,2,0,11923
8327,2,0,11925
8328,2,0,11927
8329,2,0,11929
8330,3,0,11932
8331,1,0,11933
8332,1,0,11934
8333,1,0,11935
8334,1,0,11936
8335,2,0,11938
8336,1,0,11939
8337,2,0,11941
8338,1,0,11942
8339,1,0,11943
8340,1,0,11944
8341,1,0,11945
8342,2,0,11947
8343,1,0,11948
8344,2,0,11950
8345,1,0,11951
8346,1,0,11952
8347,1,0,11953
8348,1,0,11954
8349,1,0,11955
8350,1,0,11956
8351,1,0,11957
8352,1,0,11958
8353,1,0,11959
8354,1,0,11960
8355,1,0,11961
8356,1,0,11962
8357,1,0,11963
8358,1,0,11964
8359,1,0,11965
8360,1,0,11966
8361,3,0,11969
8362,1,0,11970
8363,3,0,11973
8364,1,0,11974
8365,1,0,11975
8366,1,0,11976
8367,1,0,11977
8368,1,0,11978
8369,5,0,11983
8370,1,0,11984
8371,1,0,11985
8372,1,0,11986
8373,1,0,11987
8374,1,0,11988
8375,2,0,11990
8376,1,0,11991
8377,2,0,11993
8378,2,0,11995
8379,1,0,11996
8380,3,0,11999
8381,1,0,12000
8382,1,0,12001
8383,1,0,12002
8384,1,0,12003
8385,1,0,12004
8386,1,0,12005
8387,1,0,12006
8388,1,0,12007
8389,2,0,12009
8390,3,0,12012
8391,1,0,12013
8392,1,0,12014
8393,1,0,12015
8394,2,0,12017
8395,1,0,12018
8396,1,0,12019
8397,1,0,12020
8398,1,0,12021
8399,1,0,12022
8400,1,0,12023
8401,1,0,12024
8402,2,0,12026
8403,2,0,12028
8404,1,0,12029
8405,1,0,12030
8406,1,0,12031
8407,2,0,12033
8408,1,0,12034
8409,2,0,12036
8410,2,0,12038
8411,2,0,12040
8412,1,0,12041
8413,1,0,12042
8414,1,0,12043
8415,1,0,12044
8416,2,0,12046
8417,1,0,12047
8418,1,0,12048
8419,2,0,12050
8420,1,0,12051
8421,1,0,12052
8422,1,0,12053
8423,3,0,12056
8424,1,0,12057
8425,1,0,12058
8426,1,0,12059
8427,1,0,12060
8428,1,0,12061
8429,2,0,12063
8430,1,0,12064
8431,1,0,12065
8432,1,0,12066
8433,1,0,12067
8434,1,0,12068
8435,1,0,12069
8436,2,0,12071
8437,1,0,12072
8438,3,0,12075
8439,1,0,12076
8440,1,0,12077
8441,1,0,12078
8442,1,0,12079
8443,2,0,12081
8444,1,0,12082
8445,2,0,12084
8446,2,0,12086
8447,1,0,12087
8448,2,0,12089
8449,1,0,12090
8450,1,0,12091
8451,1,0,12092
8452,1,0,12093
8453,2,0,12095
8454,1,0,12096
8455,1,0,12097
8456,1,0,12098
8457,2,0,12100
8458,1,0,12101
8459,1,0,12102
8460,1,0,12103
8461,1,0,12104
8462,1,0,12105
8463,1,0,12106
8464,2,0,12108
8465,1,0,12109
8466,1,0,12110
8467,1,0,12111
8468,2,0,12113
8469,1,0,12114
8470,3,0,12117
8471,1,0,12118
8472,1,0,12119
8473,1,0,12120
8474,2,0,12122
8475,1,0,12123
8476,2,0,12125
8477,2,0,12127
8478,1,0,12128
8479,1,0,12129
8480,2,0,12131
8481,1,0,12132
8482,3,0,12135
8483,1,0,12136
8484,2,0,12138
8485,3,0,12141
8486,1,0,12142
8487,1,0,12143
8488,1,0,12144
8489,1,0,12145
8490,1,0,12146
8491,1,0,12147
8492,1,0,12148
8493,1,0,12149
8494,3,0,12152
8495,3,0,12155
8496,2,0,12157
8497,1,0,12158
8498,1,0,12159
8499,1,0,12160
8500,1,0,12161
8501,1,0,12162
8502,2,0,12164
8503,1,0,12165
8504,1,0,12166
8505,1,0,12167
8506,2,0,12169
8507,2,0,12171
8508,1,0,12172
8509,1,0,12173
8510,2,0,12175
8511,1,0,12176
8512,1,0,12177
8513,1,0,12178
8514,1,0,12179
8515,1,0,12180
8516,1,0,12181
8517,1,0,12182
8518,2,0,12184
8519,2,0,12186
8520,1,0,12187
8521,1,0,12188
8522,1,0,12189
8523,1,0,12190
8524,1,0,12191
8525,1,0,12192
8526,1,0,12193
8527,4,0,12197
8528,1,0,12198
8529,1,0,12199
8530,2,0,12201
8531,1,0,12202
8532,1,0,12203
8533,1,0,12204
8534,1,0,12205
8535,1,0,12206
8536,1,0,12207
8537,4,0,12211
8538,1,0,12212
8539,1,0,12213
8540,1,0,12214
8541,2,0,12216
8542,1,0,12217
8543,2,0,12219
8544,1,0,12220
8545,1,0,12221
8546,1,0,12222
8547,2,0,12224
8548,1,0,12225
8549,1,0,12226
8550,1,0,12227
8551,2,0,12229
8552,1,0,12230
8553,1,0,12231
8554,1,0,12232
8555,1,0,12233
8556,1,0,12234
8557,1,0,12235
8558,1,0,12236
8559,1,0,12237
8560,1,0,12238
8561,1,0,12239
8562,1,0,12240
8563,1,0,12241
8564,1,0,12242
8565,1,0,12243
8566,1,0,12244
8567,1,0,12245
8568,1,0,12246
8569,1,0,12247
8570,1,0,12248
8571,1,0,12249
8572,1,0,12250
8573,1,0,12251
8574,3,0,12254
8575,1,0,12255
8576,1,0,12256
8577,2,0,12258
8578,1,0,12259
8579,1,0,12260
8580,5,0,12265
8581,1,0,12266
8582,2,0,12268
8583,1,0,12269
8584,1,0,12270
8585,1,0,12271
8586,2,0,12273
8587,1,0,12274
8588,1,0,12275
8589,1,0,12276
8590,1,0,12277
8591,2,0,12279
8592,1,0,12280
8593,2,0,12282
8594,1,0,12283
8595,1,0,12284
8596,1,0,12285
8597,1,0,12286
8598,2,0,12288
8599,1,0,12289
8600,3,0,12292
8601,2,0,12294
8602,1,0,12295
8603,1,0,12296
8604,1,0,12297
8605,1,0,12298
8606,1,0,12299
8607,1,0,12300
8608,2,0,12302
8609,1,0,12303
8610,1,0,12304
8611,1,0,12305
8612,1,0,12306
8613,2,0,12308
8614,1,0,12309
8615,1,0,12310
8616,1,0,12311
8617,1,0,12312
8618,1,0,12313
8619,2,0,12315
8620,2,0,12317
8621,1,0,12318
8622,2,0,12320
8623,1,0,12321
8624,1,0,12322
8625,2,0,12324
8626,1,0,12325
8627,1,0,12326
8628,1,0,12327
8629,1,0,12328
8630,2,0,12330
8631,1,0,12331
8632,1,0,12332
8633,2,0,12334
8634,3,0,12337
8635,2,0,12339
8636,1,0,12340
8637,2,0,12342
8638,1,0,12343
8639,1,0,12344
8640,1,0,12345
8641,1,0,12346
8642,1,0,12347
8643,2,0,12349
8644,1,0,12350
8645,1,0,12351
8646,1,0,12352
8647,1,0,12353
8648,2,0,12355
8649,3,0,12358
8650,1,0,12359
8651,2,0,12361
8652,2,0,12363
8653,2,0,12365
8654,1,0,12366
8655,1,0,12367
8656,1,0,12368
8657,1,0,12369
8658,1,0,12370
8659,1,0,12371
8660,1,0,12372
8661,1,0,12373
8662,1,0,12374
8663,1,0,12375
8664,1,0,12376
8665,1,0,12377
8666,1,0,12378
8667,2,0,12380
8668,1,0,12381
8669,1,0,12382
8670,1,0,12383
8671,1,0,12384
8672,1,0,12385
8673,1,0,12386
8674,1,0,12387
8675,2,0,12389
8676,1,0,12390
8677,1,0,12391
8678,1,0,12392
8679,1,0,12393
8680,1,0,12394
8681,1,0,12395
8682,1,0,12396
8683,1,0,12397
8684,1,0,12398
8685,1,0,12399
8686,1,0,12400
8687,1,0,12401
8688,1,0,12402
8689,1,0,12403
8690,1,0,12404
8691,1,0,12405
8692,1,0,12406
8693,3,0,12409
8694,2,0,12411
8695,1,0,12412
8696,1,0,12413
8697,1,0,12414
8698,1,0,12415
8699,1,0,12416
8700,1,0,12417
8701,2,0,12419
8702,1,0,12420
8703,1,0,12421
8704,1,0,12422
8705,1,0,12423
8706,1,0,12424
8707,2,0,12426
8708,1,0,12427
8709,1,0,12428
8710,1,0,12429
8711,2,0,12431
8712,1,0,12432
8713,2,0,12434
8714,1,0,12435
8715,1,0,12436
8716,2,0,12438
8717,3,0,12441
8718,1,0,12442
8719,2,0,12444
8720,2,0,12446
8721,2,0,12448
8722,2,0,12450
8723,1,0,12451
8724,1,0,12452
8725,1,0,12453
8726,1,0,12454
8727,2,0,12456
8728,1,0,12457
8729,1,0,12458
8730,2,0,12460
8731,1,0,12461
8732,3,0,12464
8733,1,0,12465
8734,2,0,12467
8735,1,0,12468
8736,1,0,12469
8737,1,0,12470
8738,1,0,12471
8739,2,0,12473
8740,1,0,12474
8741,1,0,12475
8742,2,0,12477
8743,2,0,12479
8744,3,0,12482
8745,3,0,12485
8746,1,0,12486
8747,1,0,12487
8748,1,0,12488
8749,2,0,12490
8750,1,0,12491
8751,1,0,12492
8752,2,0,12494
8753,1,0,12495
8754,1,0,12496
8755,1,0,12497
8756,2,0,12499
8757,1,0,12500
8758,2,0,12502
8759,1,0,12503
8760,1,0,12504
8761,1,0,12505
8762,2,0,12507
8763,2,0,12509
8764,1,0,12510
8765,3,0,12513
8766,2,0,12515
8767,1,0,12516
8768,1,0,12517
8769,1,0,12518
8770,1,0,12519
8771,1,0,12520
8772,2,0,12522
8773,2,0,12524
8774,2,0,12526
8775,1,0,12527
8776,1,0,12528
8777,1,0,12529
8778,1,0,12530
8779,3,0,12533
8780,2,0,12535
8781,1,0,12536
8782,1,0,12537
8783,2,0,12539
8784,1,0,12540
8785,2,0,12542
8786,1,0,12543
8787,1,0,12544
8788,2,0,12546
8789,2,0,12548
8790,3,0,12551
8791,2,0,12553
8792,1,0,12554
8793,2,0,12556
8794,1,0,12557
8795,1,0,12558
8796,1,0,12559
8797,1,0,12560
8798,1,0,12561
8799,1,0,12562
8800,1,0,12563
8801,2,0,12565
8802,1,0,12566
8803,3,0,12569
8804,1,0,12570
8805,1,0,12571
8806,1,0,12572
8807,1,0,12573
8808,1,0,12574
8809,1,0,12575
8810,1,0,12576
8811,1,0,12577
8812,5,0,12582
8813,1,0,12583
8814,1,0,12584
8815,1,0,12585
8816,1,0,12586
8817,1,0,12587
8818,1,0,12588
8819,1,0,12589
8820,2,0,12591
8821,2,0,12593
8822,3,0,12596
8823,2,0,12598
8824,1,0,12599
8825,1,0,12600
8826,1,0,12601
8827,1,0,12602
8828,2,0,12604
8829,1,0,12605
8830,1,0,12606
8831,1,0,12607
8832,1,0,12608
8833,1,0,12609
8834,1,0,12610
8835,2,0,12612
8836,2,0,12614
8837,1,0,12615
8838,2,0,12617
8839,2,0,12619
8840,1,0,12620
8841,1,0,12621
8842,2,0,12623
8843,1,0,12624
8844,1,0,12625
8845,1,0,12626
8846,1,0,12627
8847,1,0,12628
8848,1,0,12629
8849,2,0,12631
8850,1,0,12632
8851,1,0,12633
8852,1,0,12634
8853,1,0,12635
8854,2,0,12637
8855,1,0,12638
8856,1,0,12639
8857,1,0,12640
8858,1,0,12641
8859,3,0,12644
8860,1,0,12645
8861,1,0,12646
8862,1,0,12647
8863,1,0,12648
8864,1,0,12649
8865,3,0,12652
8866,1,0,12653
8867,1,0,12654
8868,1,0,12655
8869,1,0,12656
8870,1,0,12657
8871,1,0,12658
8872,2,0,12660
8873,1,0,12661
8874,2,0,12663
8875,1,0,12664
8876,1,0,12665
8877,2,0,12667
8878,2,0,12669
8879,1,0,12670
8880,1,0,12671
8881,1,0,12672
8882,1,0,12673
8883,1,0,12674
8884,1,0,12675
8885,1,0,12676
8886,1,0,12677
8887,1,0,12678
8888,1,0,12679
8889,2,0,12681
8890,2,0,12683
8891,1,0,12684
8892,1,0,12685
8893,1,0,12686
8894,3,0,12689
8895,2,0,12691
8896,1,0,12692
8897,1,0,12693
8898,2,0,12695
8899,2,0,12697
8900,1,0,12698
8901,3,0,12701
8902,1,0,12702
8903,2,0,12704
8904,2,0,12706
8905,1,0,12707
8906,2,0,12709
8907,1,0,12710
8908,3,0,12713
8909,1,0,12714
8910,2,0,12716
8911,1,0,12717
8912,1,0,12718
8913,2,0,12720
8914,1,0,12721
8915,2,0,12723
8916,1,0,12724
8917,2,0,12726
8918,2,0,12728
8919,1,0,12729
8920,1,0,12730
8921,1,0,12731
8922,1,0,12732
8923,3,0,12735
8924,1,0,12736
8925,1,0,12737
8926,2,0,12739
8927,1,0,12740
8928,1,0,12741
8929,2,0,12743
8930,1,0,12744
8931,1,0,12745
8932,1,0,12746
8933,1,0,12747
8934,2,0,12749
8935,1,0,12750
8936,1,0,12751
8937,5,0,12756
8938,2,0,12758
8939,3,0,12761
8940,3,0,12764
8941,2,0,12766
8942,2,0,12768
8943,1,0,12769
8944,1,0,12770
8945,1,0,12771
8946,1,0,12772
8947,3,0,12775
8948,1,0,12776
8949,1,0,12777
8950,1,0,12778
8951,1,0,12779
8952,1,0,12780
8953,1,0,12781
8954,2,0,12783
8955,1,0,12784
8956,1,0,12785
8957,1,0,12786
8958,1,0,12787
8959,1,0,12788
8960,1,0,12789
8961,1,0,12790
8962,1,0,12791
8963,1,0,12792
8964,1,0,12793
8965,1,0,12794
8966,1,0,12795
8967,2,0,12797
8968,1,0,12798
8969,1,0,12799
8970,1,0,12800
8971,1,0,12801
8972,6,0,12807
8973,1,0,12808
8974,1,0,12809
8975,1,0,12810
8976,3,0,12813
8977,2,0,12815
8978,2,0,12817
8979,1,0,12818
8980,3,0,12821
8981,1,0,12822
8982,1,0,12823
8983,1,0,12824
8984,2,0,12826
8985,1,0,12827
8986,2,0,12829
8987,1,0,12830
8988,1,0,12831
8989,1,0,12832
8990,1,0,12833
8991,1,0,12834
8992,1,0,12835
8993,1,0,12836
8994,1,0,12837
8995,2,0,12839
8996,2,0,12841
8997,1,0,12842
8998,1,0,12843
8999,2,0,12845
9000,1,0,12846
9001,1,0,12847
9002,1,0,12848
9003,2,0,12850
9004,2,0,12852
9005,3,0,12855
9006,1,0,12856
9007,1,0,12857
9008,1,0,12858
9009,1,0,12859
9010,1,0,12860
9011,1,0,12861
9012,1,0,12862
9013,1,0,12863
9014,1,0,12864
9015,1,0,12865
9016,1,0,12866
9017,1,0,12867
9018,2,0,12869
9019,1,0,12870
9020,1,0,12871
9021,2,0,12873
9022,1,0,12874
9023,1,0,12875
9024,1,0,12876
9025,1,0,12877
9026,1,0,12878
9027,1,0,12879
9028,2,0,12881
9029,2,0,12883
9030,1,0,12884
9031,3,0,12887
9032,1,0,12888
9033,2,0,12890
9034,1,0,12891
9035,1,0,12892
9036,1,0,12893
9037,1,0,12894
9038,1,0,12895
9039,1,0,12896
9040,1,0,12897
9041,1,0,12898
9042,2,0,12900
9043,1,0,12901
9044,1,0,12902
9045,2,0,12904
9046,1,0,12905
9047,3,0,12908
9048,1,0,12909
9049,1,0,12910
9050,1,0,12911
9051,1,0,12912
9052,3,0,12915
9053,1,0,12916
9054,1,0,12917
9055,1,0,12918
9056,3,0,12921
9057,1,0,12922
9058,1,0,12923
9059,2,0,12925
9060,1,0,12926
9061,1,0,12927
9062,1,0,12928
9063,1,0,12929
9064,1,0,12930
9065,1,0,12931
9066,1,0,12932
9067,2,0,12934
9068,2,0,12936
9069,2,0,12938
9070,1,0,12939
9071,1,0,12940
9072,3,0,12943
9073,1,0,12944
9074,1,0,12945
9075,1,0,12946
9076,3,0,12949
9077,3,0,12952
9078,1,0,12953
9079,1,0,12954
9080,1,0,12955
9081,2,0,12957
9082,1,0,12958
9083,1,0,12959
9084,1,0,12960
9085,1,0,12961
9086,3,0,12964
9087,1,0,12965
9088,1,0,12966
9089,1,0,12967
9090,1,0,12968
9091,1,0,12969
9092,1,0,12970
9093,1,0,12971
9094,1,0,12972
9095,1,0,12973
9096,1,0,12974
9097,1,0,12975
9098,1,0,12976
9099,2,0,12978
9100,2,0,12980
9101,1,0,12981
9102,1,0,12982
9103,1,0,12983
9104,1,0,12984
9105,1,0,12985
9106,1,0,12986
9107,1,0,12987
9108,1,0,12988
9109,1,0,12989
9110,1,0,12990
9111,1,0,12991
9112,1,0,12992
9113,1,0,12993
9114,1,0,12994
9115,1,0,12995
9116,1,0,12996
9117,2,0,12998
9118,1,0,12999
9119,1,0,13000
9120,1,0,13001
9121,1,0,13002
9122,1,0,13003
9123,1,0,13004
9124,1,0,13005
9125,2,0,13007
9126,2,0,13009
9127,1,0,13010
9128,1,0,13011
9129,2,0,13013
9130,1,0,13014
9131,1,0,13015
9132,4,0,13019
9133,4,0,13023
9134,2,0,13025
9135,1,0,13026
9136,1,0,13027
9137,1,0,13028
9138,1,0,13029
9139,4,0,13033
9140,1,0,13034
9141,1,0,13035
9142,1,0,13036
9143,2,0,13038
9144,1,0,13039
9145,1,0,13040
9146,2,0,13042
9147,1,0,13043
9148,1,0,13044
9149,2,0,13046
9150,1,0,13047
9151,1,0,13048
9152,1,0,13049
9153,1,0,13050
9154,1,0,13051
9155,2,0,13053
9156,1,0,13054
9157,2,0,13056
9158,1,0,13057
9159,1,0,13058
9160,1,0,13059
9161,2,0,13061
9162,3,0,13064
9163,3,0,13067
9164,2,0,13069
9165,2,0,13071
9166,1,0,13072
9167,1,0,13073
9168,1,0,13074
9169,1,0,13075
9170,4,0,13079
9171,3,0,13082
9172,1,0,13083
9173,1,0,13084
9174,1,0,13085
9175,1,0,13086
9176,4,0,13090
9177,2,0,13092
9178,2,0,13094
9179,1,0,13095
9180,2,0,13097
9181,2,0,13099
9182,2,0,13101
9183,1,0,13102
9184,2,0,13104
9185,1,0,13105
9186,1,0,13106
9187,1,0,13107
9188,1,0,13108
9189,2,0,13110
9190,1,0,13111
9191,1,0,13112
9192,3,0,13115
9193,2,0,13117
9194,2,0,13119
9195,1,0,13120
9196,2,0,13122
9197,1,0,13123
9198,1,0,13124
9199,4,0,13128
9200,1,0,13129
9201,1,0,13130
9202,7,0,13137
9203,1,0,13138
9204,1,0,13139
9205,1,0,13140
9206,1,0,13141
9207,2,0,13143
9208,1,0,13144
9209,1,0,13145
9210,2,0,13147
9211,1,0,13148
9212,1,0,13149
9213,4,0,13153
9214,3,0,13156
9215,2,0,13158
9216,2,0,13160
9217,1,0,13161
9218,2,0,13163
9219,3,0,13166
9220,1,0,13167
9221,1,0,13168
9222,3,0,13171
9223,2,0,13173
9224,1,0,13174
9225,1,0,13175
9226,1,0,13176
9227,2,0,13178
9228,1,0,13179
9229,1,0,13180
9230,2,0,13182
9231,1,0,13183
9232,1,0,13184
9233,1,0,13185
9234,1,0,13186
9235,2,0,13188
9236,1,0,13189
9237,1,0,13190
9238,1,0,13191
9239,2,0,13193
9240,1,0,13194
9241,1,0,13195
9242,1,0,13196
9243,1,0,13197
9244,1,0,13198
9245,1,0,13199
9246,1,0,13200
9247,1,0,13201
9248,3,0,13204
9249,2,0,13206
9250,1,0,13207
9251,2,0,13209
9252,1,0,13210
9253,3,0,13213
9254,1,0,13214
9255,1,0,13215
9256,2,0,13217
9257,2,0,13219
9258,1,0,13220
9259,1,0,13221
9260,2,0,13223
9261,2,0,13225
9262,1,0,13226
9263,1,0,13227
9264,1,0,13228
9265,1,0,13229
9266,1,0,13230
9267,1,0,13231
9268,1,0,13232
9269,1,0,13233
9270,3,0,13236
9271,1,0,13237
9272,1,0,13238
9273,1,0,13239
9274,1,0,13240
9275,1,0,13241
9276,1,0,13242
9277,1,0,13243
9278,1,0,13244
9279,1,0,13245
9280,1,0,13246
9281,1,0,13247
9282,2,0,13249
9283,1,0,13250
9284,1,0,13251
9285,2,0,13253
9286,1,0,13254
9287,1,0,13255
9288,1,0,13256
9289,1,0,13257
9290,1,0,13258
9291,1,0,13259
9292,2,0,13261
9293,1,0,13262
9294,1,0,13263
9295,2,0,13265
9296,1,0,13266
9297,1,0,13267
9298,1,0,13268
9299,2,0,13270
9300,2,0,13272
9301,3,0,13275
9302,1,0,13276
9303,6,0,13282
9304,2,0,13284
9305,2,0,13286
9306,1,0,13287
9307,1,0,13288
9308,2,0,13290
9309,1,0,13291
9310,1,0,13292
9311,1,0,13293
9312,1,0,13294
9313,1,0,13295
9314,1,0,13296
9315,1,0,13297
9316,3,0,13300
9317,1,0,13301
9318,1,0,13302
9319,2,0,13304
9320,2,0,13306
9321,1,0,13307
9322,1,0,13308
9323,2,0,13310
9324,2,0,13312
9325,2,0,13314
9326,1,0,13315
9327,1,0,13316
9328,1,0,13317
9329,1,0,13318
9330,1,0,13319
9331,1,0,13320
9332,1,0,13321
9333,1,0,13322
9334,3,0,13325
9335,1,0,13326
9336,1,0,13327
9337,1,0,13328
9338,1,0,13329
9339,2,0,13331
9340,2,0,13333
9341,1,0,13334
9342,1,0,13335
9343,1,0,13336
9344,1,0,13337
9345,1,0,13338
9346,1,0,13339
9347,1,0,13340
9348,1,0,13341
9349,3,0,13344
9350,1,0,13345
9351,1,0,13346
9352,2,0,13348
9353,1,0,13349
9354,1,0,13350
9355,1,0,13351
9356,2,0,13353
9357,1,0,13354
9358,1,0,13355
9359,1,0,13356
9360,1,0,13357
9361,3,0,13360
9362,3,0,13363
9363,1,0,13364
9364,1,0,13365
9365,3,0,13368
9366,1,0,13369
9367,2,0,13371
9368,1,0,13372
9369,2,0,13374
9370,1,0,13375
9371,2,0,13377
9372,1,0,13378
9373,1,0,13379
9374,2,0,13381
9375,1,0,13382
9376,1,0,13383
9377,3,0,13386
9378,2,0,13388
9379,2,0,13390
9380,4,0,13394
9381,1,0,13395
9382,1,0,13396
9383,2,0,13398
9384,4,0,13402
9385,1,0,13403
9386,1,0,13404
9387,1,0,13405
9388,1,0,13406
9389,1,0,13407
9390,1,0,13408
9391,1,0,13409
9392,1,0,13410
9393,1,0,13411
9394,1,0,13412
9395,2,0,13414
9396,2,0,13416
9397,1,0,13417
9398,5,0,13422
9399,1,0,13423
9400,1,0,13424
9401,1,0,13425
9402,1,0,13426
9403,1,0,13427
9404,2,0,13429
9405,1,0,13430
9406,3,0,13433
9407,1,0,13434
9408,3,0,13437
9409,1,0,13438
9410,1,0,13439
9411,1,0,13440
9412,1,0,13441
9413,1,0,13442
9414,1,0,13443
9415,2,0,13445
9416,1,0,13446
9417,1,0,13447
9418,2,0,13449
9419,1,0,13450
9420,1,0,13451
9421,2,0,13453
9422,1,0,13454
9423,1,0,13455
9424,2,0,13457
9425,2,0,13459
9426,1,0,13460
9427,1,0,13461
9428,1,0,13462
9429,1,0,13463
9430,2,0,13465
9431,2,0,13467
9432,1,0,13468
9433,1,0,13469
9434,1,0,13470
9435,1,0,13471
9436,2,0,13473
9437,1,0,13474
9438,1,0,13475
9439,1,0,13476
9440,1,0,13477
9441,1,0,13478
9442,1,0,13479
9443,1,0,13480
9444,1,0,13481
9445,1,0,13482
9446,2,0,13484
9447,1,0,13485
9448,1,0,13486
9449,1,0,13487
9450,1,0,13488
9451,1,0,13489
9452,2,0,13491
9453,1,0,13492
9454,1,0,13493
9455,1,0,13494
9456,1,0,13495
9457,1,0,13496
9458,1,0,13497
9459,1,0,13498
9460,2,0,13500
9461,1,0,13501
9462,1,0,13502
9463,1,0,13503
9464,3,0,13506
9465,1,0,13507
9466,1,0,13508
9467,1,0,13509
9468,2,0,13511
9469,1,0,13512
9470,1,0,13513
9471,1,0,13514
9472,1,0,13515
9473,2,0,13517
9474,1,0,13518
9475,2,0,13520
9476,3,0,13523
9477,1,0,13524
9478,1,0,13525
9479,1,0,13526
9480,1,0,13527
9481,2,0,13529
9482,3,0,13532
9483,1,0,13533
9484,1,0,13534
9485,2,0,13536
9486,1,0,13537
9487,1,0,13538
9488,1,0,13539
9489,1,0,13540
9490,1,0,13541
9491,1,0,13542
9492,1,0,13543
9493,2,0,13545
9494,1,0,13546
9495,1,0,13547
9496,2,0,13549
9497,2,0,13551
9498,1,0,13552
9499,1,0,13553
9500,1,0,13554
9501,1,0,13555
9502,1,0,13556
9503,1,0,13557
9504,2,0,13559
9505,1,0,13560
9506,2,0,13562
9507,1,0,13563
9508,1,0,13564
9509,1,0,13565
9510,1,0,13566
9511,1,0,13567
9512,1,0,13568
9513,2,0,13570
9514,1,0,13571
9515,1,0,13572
9516,1,0,13573
9517,1,0,13574
9518,1,0,13575
9519,1,0,13576
9520,2,0,13578
9521,2,0,13580
9522,1,0,13581
9523,1,0,13582
9524,3,0,13585
9525,1,0,13586
9526,1,0,13587
9527,1,0,13588
9528,3,0,13591
9529,1,0,13592
9530,1,0,13593
9531,1,0,13594
9532,1,0,13595
9533,1,0,13596
9534,2,0,13598
9535,3,0,13601
9536,3,0,13604
9537,1,0,13605
9538,1,0,13606
9539,1,0,13607
9540,1,0,13608
9541,1,0,13609
9542,1,0,13610
9543,1,0,13611
9544,1,0,13612
9545,1,0,13613
9546,1,0,13614
9547,1,0,13615
9548,1,0,13616
9549,1,0,13617
9550,1,0,13618
9551,1,0,13619
9552,1,0,13620
9553,2,0,13622
9554,1,0,13623
9555,1,0,13624
9556,1,0,13625
9557,2,0,13627
9558,2,0,13629
9559,1,0,13630
9560,2,0,13632
9561,1,0,13633
9562,1,0,13634
9563,1,0,13635
9564,1,0,13636
9565,4,0,13640
9566,2,0,13642
9567,3,0,13645
9568,2,0,13647
9569,1,0,13648
9570,1,0,13649
9571,1,0,13650
9572,1,0,13651
9573,1,0,13652
9574,1,0,13653
9575,1,0,13654
9576,1,0,13655
9577,1,0,13656
9578,1,0,13657
9579,1,0,13658
9580,1,0,13659
9581,1,0,13660
9582,1,0,13661
9583,2,0,13663
9584,1,0,13664
9585,1,0,13665
9586,1,0,13666
9587,1,0,13667
9588,1,0,13668
9589,1,0,13669
9590,2,0,13671
9591,1,0,13672
9592,3,0,13675
9593,1,0,13676
9594,2,0,13678
9595,1,0,13679
9596,4,0,13683
9597,1,0,13684
9598,1,0,13685
9599,1,0,13686
9600,3,0,13689
9601,2,0,13691
9602,2,0,13693
9603,1,0,13694
9604,1,0,13695
9605,1,0,13696
9606,1,0,13697
9607,2,0,13699
9608,1,0,13700
9609,1,0,13701
9610,1,0,13702
9611,1,0,13703
9612,1,0,13704
9613,1,0,13705
9614,1,0,13706
9615,1,0,13707
9616,1,0,13708
9617,2,0,13710
9618,1,0,13711
9619,1,0,13712
9620,1,0,13713
9621,1,0,13714
9622,1,0,13715
9623,3,0,13718
9624,1,0,13719
9625,1,0,13720
9626,1,0,13721
9627,1,0,13722
9628,1,0,13723
9629,2,0,13725
9630,1,0,13726
9631,2,0,13728
9632,1,0,13729
9633,2,0,13731
9634,1,0,13732
9635,2,0,13734
9636,1,0,13735
9637,2,0,13737
9638,1,0,13738
9639,1,0,13739
9640,1,0,13740
9641,1,0,13741
9642,2,0,13743
9643,2,0,13745
9644,2,0,13747
9645,1,0,13748
9646,1,0,13749
9647,2,0,13751
9648,1,0,13752
9649,1,0,13753
9650,1,0,13754
9651,1,0,13755
9652,1,0,13756
9653,4,0,13760
9654,4,0,13764
9655,1,0,13765
9656,1,0,13766
9657,1,0,13767
9658,1,0,13768
9659,1,0,13769
9660,1,0,13770
9661,1,0,13771
9662,1,0,13772
9663,2,0,13774
9664,2,0,13776
9665,1,0,13777
9666,1,0,13778
9667,1,0,13779
9668,1,0,13780
9669,1,0,13781
9670,1,0,13782
9671,1,0,13783
9672,1,0,13784
9673,1,0,13785
9674,1,0,13786
9675,1,0,13787
9676,1,0,13788
9677,2,0,13790
9678,1,0,13791
9679,3,0,13794
9680,1,0,13795
9681,1,0,13796
9682,4,0,13800
9683,4,0,13804
9684,1,0,13805
9685,1,0,13806
9686,3,0,13809
9687,3,0,13812
9688,2,0,13814
9689,1,0,13815
9690,3,0,13818
9691,1,0,13819
9692,1,0,13820
9693,1,0,13821
9694,3,0,13824
9695,2,0,13826
9696,2,0,13828
9697,1,0,13829
9698,1,0,13830
9699,2,0,13832
9700,1,0,13833
9701,1,0,13834
9702,1,0,13835
9703,2,0,13837
9704,2,0,13839
9705,1,0,13840
9706,4,0,13844
9707,1,0,13845
9708,1,0,13846
9709,1,0,13847
9710,3,0,13850
9711,1,0,13851
9712,1,0,13852
9713,1,0,13853
9714,1,0,13854
9715,2,0,13856
9716,1,0,13857
9717,1,0,13858
9718,1,0,13859
9719,1,0,13860
9720,1,0,13861
9721,1,0,13862
9722,1,0,13863
9723,1,0,13864
9724,1,0,13865
9725,2,0,13867
9726,1,0,13868
9727,1,0,13869
9728,1,0,13870
9729,1,0,13871
9730,1,0,13872
9731,1,0,13873
9732,2,0,13875
9733,2,0,13877
9734,1,0,13878
9735,1,0,13879
9736,2,0,13881
9737,1,0,13882
9738,1,0,13883
9739,1,0,13884
9740,1,0,13885
9741,2,0,13887
9742,2,0,13889
9743,1,0,13890
9744,1,0,13891
9745,2,0,13893
9746,1,0,13894
9747,1,0,13895
9748,2,0,13897
9749,1,0,13898
9750,1,0,13899
9751,1,0,13900
9752,1,0,13901
9753,1,0,13902
9754,1,0,13903
9755,1,0,13904
9756,2,0,13906
9757,1,0,13907
9758,1,0,13908
9759,1,0,13909
9760,1,0,13910
9761,1,0,13911
9762,1,0,13912
9763,1,0,13913
9764,2,0,13915
9765,2,0,13917
9766,1,0,13918
9767,1,0,13919
9768,2,0,13921
9769,1,0,13922
9770,1,0,13923
9771,2,0,13925
9772,1,0,13926
9773,2,0,13928
9774,2,0,13930
9775,1,0,13931
9776,1,0,13932
9777,1,0,13933
9778,1,0,13934
9779,2,0,13936
9780,1,0,13937
9781,2,0,13939
9782,2,0,13941
9783,2,0,13943
9784,2,0,13945
9785,1,0,13946
9786,3,0,13949
9787,1,0,13950
9788,2,0,13952
9789,3,0,13955
9790,2,0,13957
9791,1,0,13958
9792,1,0,13959
9793,7,0,13966
9794,1,0,13967
9795,1,0,13968
9796,2,0,13970
9797,1,0,13971
9798,1,0,13972
9799,1,0,13973
9800,1,0,13974
9801,1,0,13975
9802,1,0,13976
9803,4,0,13980
9804,4,0,13984
9805,2,0,13986
9806,2,0,13988
9807,1,0,13989
9808,1,0,13990
9809,1,0,13991
9810,1,0,13992
9811,1,0,13993
9812,2,0,13995
9813,1,0,13996
9814,1,0,13997
9815,2,0,13999
9816,3,0,14002
9817,1,0,14003
9818,2,0,14005
9819,1,0,14006
9820,1,0,14007
9821,4,0,14011
9822,2,0,14013
9823,1,0,14014
9824,1,0,14015
9825,1,0,14016
9826,2,0,14018
9827,1,0,14019
9828,1,0,14020
9829,1,0,14021
9830,1,0,14022
9831,2,0,14024
9832,1,0,14025
9833,1,0,14026
9834,1,0,14027
9835,1,0,14028
9836,2,0,14030
9837,1,0,14031
9838,1,0,14032
9839,1,0,14033
9840,1,0,14034
9841,1,0,14035
9842,1,0,14036
9843,1,0,14037
9844,4,0,14041
9845,2,0,14043
9846,2,0,14045
9847,1,0,14046
9848,3,0,14049
9849,1,0,14050
9850,2,0,14052
9851,2,0,14054
9852,5,0,14059
9853,1,0,14060
9854,1,0,14061
9855,1,0,14062
9856,1,0,14063
9857,1,0,14064
9858,2,0,14066
9859,4,0,14070
9860,1,0,14071
9861,2,0,14073
9862,1,0,14074
9863,2,0,14076
9864,3,0,14079
9865,1,0,14080
9866,1,0,14081
9867,1,0,14082
9868,1,0,14083
9869,2,0,14085
9870,1,0,14086
9871,5,0,14091
9872,2,0,14093
9873,2,0,14095
9874,2,0,14097
9875,2,0,14099
9876,1,0,14100
9877,1,0,14101
9878,1,0,14102
9879,3,0,14105
9880,1,0,14106
9881,1,0,14107
9882,2,0,14109
9883,3,0,14112
9884,3,0,14115
9885,1,0,14116
9886,5,0,14121
9887,2,0,14123
9888,2,0,14125
9889,1,0,14126
9890,3,0,14129
9891,2,0,14131
9892,1,0,14132
9893,1,0,14133
9894,1,0,14134
9895,1,0,14135
9896,1,0,14136
9897,1,0,14137
9898,1,0,14138
9899,1,0,14139
9900,1,0,14140
9901,1,0,14141
9902,1,0,14142
9903,1,0,14143
9904,1,0,14144
9905,1,0,14145
9906,2,0,14147
9907,1,0,14148
9908,1,0,14149
9909,1,0,14150
9910,1,0,14151
9911,5,0,14156
9912,1,0,14157
9913,1,0,14158
9914,3,0,14161
9915,2,0,14163
9916,1,0,14164
9917,1,0,14165
9918,1,0,14166
9919,3,0,14169
9920,3,0,14172
9921,1,0,14173
9922,3,0,14176
9923,1,0,14177
9924,1,0,14178
9925,1,0,14179
9926,1,0,14180
9927,1,0,14181
9928,1,0,14182
9929,1,0,14183
9930,1,0,14184
9931,3,0,14187
9932,1,0,14188
9933,2,0,14190
9934,3,0,14193
9935,2,0,14195
9936,1,0,14196
9937,1,0,14197
9938,2,0,14199
9939,2,0,14201
9940,1,0,14202
9941,1,0,14203
9942,1,0,14204
9943,1,0,14205
9944,1,0,14206
9945,1,0,14207
9946,1,0,14208
9947,1,0,14209
9948,2,0,14211
9949,1,0,14212
9950,2,0,14214
9951,1,0,14215
9952,1,0,14216
9953,1,0,14217
9954,2,0,14219
9955,1,0,14220
9956,1,0,14221
9957,1,0,14222
9958,2,0,14224
9959,2,0,14226
9960,1,0,14227
9961,1,0,14228
9962,1,0,14229
9963,1,0,14230
9964,1,0,14231
9965,1,0,14232
9966,1,0,14233
9967,2,0,14235
9968,1,0,14236
9969,1,0,14237
9970,1,0,14238
9971,1,0,14239
9972,1,0,14240
9973,1,0,14241
9974,1,0,14242
9975,2,0,14244
9976,1,0,14245
9977,1,0,14246
9978,1,0,14247
9979,1,0,14248
9980,1,0,14249
9981,1,0,14250
9982,1,0,14251
9983,1,0,14252
9984,2,0,14254
9985,1,0,14255
9986,1,0,14256
9987,2,0,14258
9988,1,0,14259
9989,1,0,14260
9990,1,0,14261
9991,1,0,14262
9992,1,0,14263
9993,7,0,14270
9994,2,0,14272
9995,4,0,14276
9996,1,0,14277
9997,1,0,14278
9998,1,0,14279
9999,1,0,14280
10000,1,0,14281
10001,2,0,14283
10002,1,0,14284
10003,1,0,14285
10004,1,0,14286
10005,1,0,14287
10006,1,0,14288
10007,2,0,14290
10008,4,0,14294
10009,3,0,14297
10010,1,0,14298
10011,1,0,14299
10012,1,0,14300
10013,1,0,14301
10014,1,0,14302
10015,1,0,14303
10016,1,0,14304
10017,1,0,14305
10018,2,0,14307
10019,1,0,14308
10020,1,0,14309
10021,1,0,14310
10022,1,0,14311
10023,2,0,14313
10024,1,0,14314
10025,3,0,14317
10026,1,0,14318
10027,1,0,14319
10028,1,0,14320
10029,3,0,14323
10030,1,0,14324
10031,1,0,14325
10032,1,0,14326
10033,1,0,14327
10034,1,0,14328
10035,1,0,14329
10036,1,0,14330
10037,2,0,14332
10038,1,0,14333
10039,3,0,14336
10040,8,0,14344
10041,1,0,14345
10042,2,0,14347
10043,1,0,14348
10044,1,0,14349
10045,1,0,14350
10046,2,0,14352
10047,1,0,14353
10048,1,0,14354
10049,1,0,14355
10050,1,0,14356
10051,1,0,14357
10052,1,0,14358
10053,1,0,14359
10054,1,0,14360
10055,1,0,14361
10056,1,0,14362
10057,4,0,14366
10058,2,0,14368
10059,3,0,14371
10060,1,0,14372
10061,1,0,14373
10062,1,0,14374
10063,1,0,14375
10064,1,0,14376
10065,1,0,14377
10066,1,0,14378
10067,1,0,14379
10068,1,0,14380
10069,3,0,14383
10070,1,0,14384
10071,1,0,14385
10072,1,0,14386
10073,1,0,14387
10074,1,0,14388
10075,1,0,14389
10076,1,0,14390
10077,2,0,14392
10078,1,0,14393
10079,1,0,14394
10080,2,0,14396
10081,1,0,14397
10082,2,0,14399
10083,3,0,14402
10084,3,0,14405
10085,6,0,14411
10086,3,0,14414
10087,4,0,14418
10088,3,0,14421
10089,2,0,14423
10090,1,0,14424
10091,1,0,14425
10092,1,0,14426
10093,1,0,14427
10094,1,0,14428
10095,1,0,14429
10096,2,0,14431
10097,1,0,14432
10098,1,0,14433
10099,1,0,14434
10100,2,0,14436
10101,2,0,14438
10102,1,0,14439
10103,1,0,14440
10104,2,0,14442
10105,2,0,14444
10106,3,0,14447
10107,1,0,14448
10108,1,0,14449
10109,1,0,14450
10110,3,0,14453
10111,1,0,14454
10112,2,0,14456
10113,1,0,14457
10114,1,0,14458
10115,2,0,14460
10116,2,0,14462
10117,1,0,14463
10118,1,0,14464
10119,2,0,14466
10120,2,0,14468
10121,2,0,14470
10122,1,0,14471
10123,3,0,14474
10124,1,0,14475
10125,1,0,14476
10126,1,0,14477
10127,1,0,14478
10128,1,0,14479
10129,1,0,14480
10130,2,0,14482
10131,1,0,14483
10132,1,0,14484
10133,1,0,14485
10134,2,0,14487
10135,2,0,14489
10136,3,0,14492
10137,1,0,14493
10138,3,0,14496
10139,1,0,14497
10140,1,0,14498
10141,2,0,14500
10142,1,0,14501
10143,1,0,14502
10144,1,0,14503
10145,3,0,14506
10146,1,0,14507
10147,1,0,14508
10148,1,0,14509
10149,1,0,14510
10150,2,0,14512
10151,2,0,14514
10152,2,0,14516
10153,1,0,14517
10154,3,0,14520
10155,2,0,14522
10156,2,0,14524
10157,2,0,14526
10158,1,0,14527
10159,2,0,14529
10160,1,0,14530
10161,1,0,14531
10162,1,0,14532
10163,1,0,14533
10164,1,0,14534
10165,1,0,14535
10166,1,0,14536
10167,2,0,14538
10168,1,0,14539
10169,1,0,14540
10170,1,0,14541
10171,2,0,14543
10172,2,0,14545
10173,1,0,14546
10174,1,0,14547
10175,1,0,14548
10176,2,0,14550
10177,1,0,14551
10178,2,0,14553
10179,1,0,14554
10180,1,0,14555
10181,1,0,14556
10182,1,0,14557
10183,1,0,14558
10184,2,0,14560
10185,2,0,14562
10186,1,0,14563
10187,2,0,14565
10188,1,0,14566
10189,1,0,14567
10190,1,0,14568
10191,2,0,14570
10192,1,0,14571
10193,1,0,14572
10194,3,0,14575
10195,2,0,14577
10196,1,0,14578
10197,2,0,14580
10198,1,0,14581
10199,1,0,14582
10200,1,0,14583
10201,2,0,14585
10202,1,0,14586
10203,1,0,14587
10204,1,0,14588
10205,1,0,14589
10206,3,0,14592
10207,1,0,14593
10208,1,0,14594
10209,1,0,14595
10210,1,0,14596
10211,2,0,14598
10212,1,0,14599
10213,1,0,14600
10214,1,0,14601
10215,1,0,14602
10216,1,0,14603
10217,1,0,14604
10218,1,0,14605
10219,2,0,14607
10220,1,0,14608
10221,1,0,14609
10222,1,0,14610
10223,1,0,14611
10224,2,0,14613
10225,1,0,14614
10226,1,0,14615
10227,1,0,14616
10228,1,0,14617
10229,5,0,14622
10230,1,0,14623
10231,1,0,14624
10232,5,0,14629
10233,1,0,14630
10234,1,0,14631
10235,1,0,14632
10236,1,0,14633
10237,1,0,14634
10238,2,0,14636
10239,1,0,14637
10240,2,0,14639
10241,1,0,14640
10242,1,0,14641
10243,1,0,14642
10244,1,0,14643
10245,1,0,14644
10246,1,0,14645
10247,2,0,14647
10248,2,0,14649
10249,2,0,14651
10250,2,0,14653
10251,1,0,14654
10252,1,0,14655
10253,2,0,14657
10254,1,0,14658
10255,1,0,14659
10256,2,0,14661
10257,1,0,14662
10258,1,0,14663
10259,2,0,14665
10260,1,0,14666
10261,1,0,14667
10262,1,0,14668
10263,1,0,14669
10264,1,0,14670
10265,1,0,14671
10266,1,0,14672
10267,1,0,14673
10268,1,0,14674
10269,1,0,14675
10270,1,0,14676
10271,1,0,14677
10272,2,0,14679
10273,1,0,14680
10274,1,0,14681
10275,2,0,14683
10276,1,0,14684
10277,1,0,14685
10278,1,0,14686
10279,1,0,14687
10280,2,0,14689
10281,1,0,14690
10282,2,0,14692
10283,1,0,14693
10284,1,0,14694
10285,24,0,14718
10286,3,0,14721
10287,1,0,14722
10288,1,0,14723
10289,2,0,14725
10290,2,0,14727
10291,1,0,14728
10292,1,0,14729
10293,2,0,14731
10294,1,0,14732
10295,2,0,14734
10296,2,0,14736
10297,1,0,14737
10298,1,0,14738
10299,1,0,14739
10300,1,0,14740
10301,1,0,14741
10302,2,0,14743
10303,1,0,14744
10304,1,0,14745
10305,1,0,14746
10306,1,0,14747
10307,1,0,14748
10308,2,0,14750
10309,1,0,14751
10310,1,0,14752
10311,1,0,14753
10312,1,0,14754
10313,2,0,14756
10314,1,0,14757
10315,1,0,14758
10316,1,0,14759
10317,1,0,14760
10318,1,0,14761
10319,1,0,14762
10320,1,0,14763
10321,2,0,14765
10322,1,0,14766
10323,2,0,14768
10324,2,0,14770
10325,2,0,14772
10326,3,0,14775
10327,1,0,14776
10328,1,0,14777
10329,2,0,14779
10330,1,0,14780
10331,2,0,14782
10332,1,0,14783
10333,2,0,14785
10334,1,0,14786
10335,1,0,14787
10336,1,0,14788
10337,1,0,14789
10338,1,0,14790
10339,3,0,14793
10340,2,0,14795
10341,1,0,14796
10342,1,0,14797
10343,1,0,14798
10344,1,0,14799
10345,2,0,14801
10346,1,0,14802
10347,1,0,14803
10348,1,0,14804
10349,1,0,14805
10350,2,0,14807
10351,2,0,14809
10352,1,0,14810
10353,1,0,14811
10354,2,0,14813
10355,1,0,14814
10356,1,0,14815
10357,2,0,14817
10358,1,0,14818
10359,1,0,14819
10360,1,0,14820
10361,1,0,14821
10362,1,0,14822
10363,1,0,14823
10364,1,0,14824
10365,1,0,14825
10366,2,0,14827
10367,1,0,14828
10368,2,0,14830
10369,1,0,14831
10370,2,0,14833
10371,1,0,14834
10372,2,0,14836
10373,2,0,14838
10374,1,0,14839
10375,1,0,14840
10376,1,0,14841
10377,2,0,14843
10378,1,0,14844
10379,1,0,14845
10380,1,0,14846
10381,1,0,14847
10382,1,0,14848
10383,1,0,14849
10384,3,0,14852
10385,2,0,14854
10386,1,0,14855
10387,1,0,14856
10388,2,0,14858
10389,1,0,14859
10390,1,0,14860
10391,1,0,14861
10392,1,0,14862
10393,1,0,14863
10394,1,0,14864
10395,1,0,14865
10396,1,0,14866
10397,1,0,14867
10398,1,0,14868
10399,1,0,14869
10400,1,0,14870
10401,1,0,14871
10402,1,0,14872
10403,1,0,14873
10404,2,0,14875
10405,1,0,14876
10406,1,0,14877
10407,4,0,14881
10408,1,0,14882
10409,2,0,14884
10410,1,0,14885
10411,1,0,14886
10412,1,0,14887
10413,1,0,14888
10414,2,0,14890
10415,1,0,14891
10416,2,0,14893
10417,1,0,14894
10418,2,0,14896
10419,1,0,14897
10420,1,0,14898
10421,1,0,14899
10422,3,0,14902
10423,2,0,14904
10424,1,0,14905
10425,1,0,14906
10426,1,0,14907
10427,1,0,14908
10428,1,0,14909
10429,1,0,14910
10430,1,0,14911
10431,1,0,14912
10432,4,0,14916
10433,2,0,14918
10434,2,0,14920
10435,1,0,14921
10436,1,0,14922
10437,1,0,14923
10438,1,0,14924
10439,1,0,14925
10440,1,0,14926
10441,2,0,14928
10442,1,0,14929
10443,3,0,14932
10444,1,0,14933
10445,1,0,14934
10446,2,0,14936
10447,1,0,14937
10448,3,0,14940
10449,2,0,14942
10450,2,0,14944
10451,2,0,14946
10452,1,0,14947
10453,1,0,14948
10454,1,0,14949
10455,2,0,14951
10456,1,0,14952
10457,1,0,14953
10458,4,0,14957
10459,1,0,14958
10460,1,0,14959
10461,1,0,14960
10462,1,0,14961
10463,1,0,14962
10464,4,0,14966
10465,1,0,14967
10466,2,0,14969
10467,1,0,14970
10468,1,0,14971
10469,1,0,14972
10470,1,0,14973
10471,1,0,14974
10472,2,0,14976
10473,3,0,14979
10474,3,0,14982
10475,2,0,14984
10476,3,0,14987
10477,1,0,14988
10478,4,0,14992
10479,1,0,14993
10480,2,0,14995
10481,1,0,14996
10482,1,0,14997
10483,1,0,14998
10484,1,0,14999
10485,1,0,15000
10486,1,0,15001
10487,1,0,15002
10488,1,0,15003
10489,3,0,15006
10490,1,0,15007
10491,1,0,15008
10492,2,0,15010
10493,1,0,15011
10494,1,0,15012
10495,2,0,15014
10496,2,0,15016
10497,1,0,15017
10498,1,0,15018
10499,1,0,15019
10500,1,0,15020
10501,1,0,15021
10502,6,0,15027
10503,2,0,15029
10504,1,0,15030
10505,2,0,15032
10506,3,0,15035
10507,1,0,15036
10508,1,0,15037
10509,1,0,15038
10510,3,0,15041
10511,1,0,15042
10512,1,0,15043
10513,1,0,15044
10514,3,0,15047
10515,1,0,15048
10516,1,0,15049
10517,1,0,15050
10518,2,0,15052
10519,2,0,15054
10520,2,0,15056
10521,3,0,15059
10522,1,0,15060
10523,1,0,15061
10524,1,0,15062
10525,1,0,15063
10526,1,0,15064
10527,1,0,15065
10528,1,0,15066
10529,3,0,15069
10530,1,0,15070
10531,3,0,15073
10532,2,0,15075
10533,4,0,15079
10534,2,0,15081
10535,1,0,15082
10536,2,0,15084
10537,1,0,15085
10538,1,0,15086
10539,1,0,15087
10540,1,0,15088
10541,1,0,15089
10542,1,0,15090
10543,2,0,15092
10544,2,0,15094
10545,1,0,15095
10546,2,0,15097
10547,2,0,15099
10548,1,0,15100
10549,2,0,15102
10550,2,0,15104
10551,2,0,15106
10552,1,0,15107
10553,4,0,15111
10554,1,0,15112
10555,1,0,15113
10556,1,0,15114
10557,1,0,15115
10558,2,0,15117
10559,1,0,15118
10560,1,0,15119
10561,1,0,15120
10562,2,0,15122
10563,1,0,15123
10564,5,0,15128
10565,5,0,15133
10566,3,0,15136
10567,1,0,15137
10568,1,0,15138
10569,2,0,15140
10570,2,0,15142
10571,1,0,15143
10572,1,0,15144
10573,1,0,15145
10574,1,0,15146
10575,1,0,15147
10576,1,0,15148
10577,3,0,15151
10578,2,0,15153
10579,2,0,15155
10580,2,0,15157
10581,1,0,15158
10582,1,0,15159
10583,1,0,15160
10584,1,0,15161
10585,1,0,15162
10586,1,0,15163
10587,1,0,15164
10588,1,0,15165
10589,2,0,15167
10590,1,0,15168
10591,1,0,15169
10592,1,0,15170
10593,1,0,15171
10594,2,0,15173
10595,1,0,15174
10596,2,0,15176
10597,1,0,15177
10598,1,0,15178
10599,2,0,15180
10600,2,0,15182
10601,1,0,15183
10602,2,0,15185
10603,1,0,15186
10604,1,0,15187
10605,3,0,15190
10606,1,0,15191
10607,1,0,15192
10608,2,0,15194
10609,1,0,15195
10610,1,0,15196
10611,1,0,15197
10612,1,0,15198
10613,2,0,15200
10614,3,0,15203
10615,1,0,15204
10616,2,0,15206
10617,2,0,15208
10618,2,0,15210
10619,3,0,15213
10620,3,0,15216
10621,2,0,15218
10622,1,0,15219
10623,2,0,15221
10624,1,0,15222
10625,1,0,15223
10626,4,0,15227
10627,1,0,15228
10628,2,0,15230
10629,2,0,15232
10630,1,0,15233
10631,1,0,15234
10632,1,0,15235
10633,2,0,15237
10634,1,0,15238
10635,1,0,15239
10636,1,0,15240
10637,1,0,15241
10638,1,0,15242
10639,1,0,15243
10640,1,0,15244
10641,1,0,15245
10642,2,0,15247
10643,3,0,15250
10644,2,0,15252
10645,5,0,15257
10646,1,0,15258
10647,1,0,15259
10648,1,0,15260
10649,1,0,15261
10650,1,0,15262
10651,2,0,15264
10652,1,0,15265
10653,1,0,15266
10654,1,0,15267
10655,1,0,15268
10656,3,0,15271
10657,1,0,15272
10658,1,0,15273
10659,2,0,15275
10660,1,0,15276
10661,1,0,15277
10662,1,0,15278
10663,5,0,15283
10664,1,0,15284
10665,1,0,15285
10666,1,0,15286
10667,1,0,15287
10668,1,0,15288
10669,1,0,15289
10670,1,0,15290
10671,2,0,15292
10672,1,0,15293
10673,2,0,15295
10674,1,0,15296
10675,1,0,15297
10676,1,0,15298
10677,1,0,15299
10678,1,0,15300
10679,2,0,15302
10680,2,0,15304
10681,1,0,15305
10682,1,0,15306
10683,1,0,15307
10684,1,0,15308
10685,1,0,15309
10686,1,0,15310
10687,1,0,15311
10688,2,0,15313
10689,1,0,15314
10690,1,0,15315
10691,1,0,15316
10692,3,0,15319
10693,1,0,15320
10694,3,0,15323
10695,1,0,15324
10696,1,0,15325
10697,1,0,15326
10698,1,0,15327
10699,1,0,15328
10700,1,0,15329
10701,1,0,15330
10702,2,0,15332
10703,1,0,15333
10704,2,0,15335
10705,2,0,15337
10706,2,0,15339
10707,1,0,15340
10708,1,0,15341
10709,2,0,15343
10710,2,0,15345
10711,3,0,15348
10712,3,0,15351
10713,2,0,15353
10714,1,0,15354
10715,2,0,15356
10716,1,0,15357
10717,2,0,15359
10718,1,0,15360
10719,1,0,15361
10720,1,0,15362
10721,1,0,15363
10722,1,0,15364
10723,1,0,15365
10724,1,0,15366
10725,1,0,15367
10726,1,0,15368
10727,1,0,15369
10728,1,0,15370
10729,3,0,15373
10730,1,0,15374
10731,1,0,15375
10732,1,0,15376
10733,3,0,15379
10734,1,0,15380
10735,1,0,15381
10736,1,0,15382
10737,1,0,15383
10738,1,0,15384
10739,1,0,15385
10740,1,0,15386
10741,1,0,15387
10742,1,0,15388
10743,1,0,15389
10744,1,0,15390
10745,2,0,15392
10746,1,0,15393
10747,1,0,15394
10748,1,0,15395
10749,1,0,15396
10750,1,0,15397
10751,1,0,15398
10752,2,0,15400
10753,1,0,15401
10754,1,0,15402
10755,2,0,15404
10756,1,0,15405
10757,1,0,15406
10758,1,0,15407
10759,1,0,15408
10760,1,0,15409
10761,3,0,15412
10762,3,0,15415
10763,1,0,15416
10764,1,0,15417
10765,3,0,15420
10766,1,0,15421
10767,2,0,15423
10768,1,0,15424
10769,1,0,15425
10770,1,0,15426
10771,1,0,15427
10772,1,0,15428
10773,1,0,15429
10774,1,0,15430
10775,4,0,15434
10776,2,0,15436
10777,1,0,15437
10778,2,0,15439
10779,4,0,15443
10780,2,0,15445
10781,1,0,15446
10782,3,0,15449
10783,1,0,15450
10784,1,0,15451
10785,1,0,15452
10786,2,0,15454
10787,1,0,15455
10788,1,0,15456
10789,1,0,15457
10790,1,0,15458
10791,1,0,15459
10792,1,0,15460
10793,1,0,15461
10794,1,0,15462
10795,1,0,15463
10796,1,0,15464
10797,1,0,15465
10798,1,0,15466
10799,1,0,15467
10800,1,0,15468
10801,2,0,15470
10802,1,0,15471
10803,3,0,15474
10804,1,0,15475
10805,1,0,15476
10806,1,0,15477
10807,1,0,15478
10808,1,0,15479
10809,1,0,15480
10810,3,0,15483
10811,1,0,15484
10812,3,0,15487
10813,1,0,15488
10814,1,0,15489
10815,2,0,15491
10816,1,0,15492
10817,1,0,15493
10818,1,0,15494
10819,2,0,15496
10820,1,0,15497
10821,4,0,15501
10822,1,0,15502
10823,2,0,15504
10824,1,0,15505
10825,1,0,15506
10826,1,0,15507
10827,1,0,15508
10828,1,0,15509
10829,2,0,15511
10830,3,0,15514
10831,1,0,15515
10832,2,0,15517
10833,1,0,15518
10834,1,0,15519
10835,2,0,15521
10836,1,0,15522
10837,1,0,15523
10838,1,0,15524
10839,2,0,15526
10840,1,0,15527
10841,1,0,15528
10842,3,0,15531
10843,1,0,15532
10844,2,0,15534
10845,1,0,15535
10846,1,0,15536
10847,1,0,15537
10848,3,0,15540
10849,1,0,15541
10850,1,0,15542
10851,2,0,15544
10852,2,0,15546
10853,1,0,15547
10854,2,0,15549
10855,1,0,15550
10856,1,0,15551
10857,1,0,15552
10858,1,0,15553
10859,1,0,15554
10860,1,0,15555
10861,2,0,15557
10862,2,0,15559
10863,2,0,15561
10864,1,0,15562
10865,1,0,15563
10866,1,0,15564
10867,1,0,15565
10868,1,0,15566
10869,2,0,15568
10870,1,0,15569
10871,1,0,15570
10872,2,0,15572
10873,2,0,15574
10874,1,0,15575
10875,3,0,15578
10876,1,0,15579
10877,1,0,15580
10878,2,0,15582
10879,1,0,15583
10880,1,0,15584
10881,1,0,15585
10882,1,0,15586
10883,1,0,15587
10884,1,0,15588
10885,1,0,15589
10886,2,0,15591
10887,1,0,15592
10888,1,0,15593
10889,1,0,15594
10890,2,0,15596
10891,1,0,15597
10892,1,0,15598
10893,1,0,15599
10894,2,0,15601
10895,3,0,15604
10896,2,0,15606
10897,1,0,15607
10898,2,0,15609
10899,1,0,15610
10900,2,0,15612
10901,1,0,15613
10902,2,0,15615
10903,1,0,15616
10904,2,0,15618
10905,1,0,15619
10906,2,0,15621
10907,2,0,15623
10908,1,0,15624
10909,3,0,15627
10910,1,0,15628
10911,1,0,15629
10912,3,0,15632
10913,2,0,15634
10914,1,0,15635
10915,1,0,15636
10916,1,0,15637
10917,3,0,15640
10918,1,0,15641
10919,1,0,15642
10920,1,0,15643
10921,1,0,15644
10922,2,0,15646
10923,2,0,15648
10924,1,0,15649
10925,3,0,15652
10926,1,0,15653
10927,4,0,15657
10928,2,0,15659
10929,2,0,15661
10930,1,0,15662
10931,4,0,15666
10932,3,0,15669
10933,1,0,15670
10934,1,0,15671
10935,1,0,15672
10936,2,0,15674
10937,1,0,15675
10938,1,0,15676
10939,1,0,15677
10940,4,0,15681
10941,1,0,15682
10942,1,0,15683
10943,1,0,15684
10944,2,0,15686
10945,3,0,15689
10946,2,0,15691
10947,3,0,15694
10948,1,0,15695
10949,2,0,15697
10950,2,0,15699
10951,1,0,15700
10952,2,0,15702
10953,2,0,15704
10954,1,0,15705
10955,1,0,15706
10956,1,0,15707
10957,3,0,15710
10958,1,0,15711
10959,1,0,15712
10960,1,0,15713
10961,1,0,15714
10962,4,0,15718
10963,1,0,15719
10964,1,0,15720
10965,2,0,15722
10966,1,0,15723
10967,5,0,15728
10968,1,0,15729
10969,3,0,15732
10970,1,0,15733
10971,1,0,15734
10972,3,0,15737
10973,1,0,15738
10974,1,0,15739
10975,1,0,15740
10976,1,0,15741
10977,1,0,15742
10978,1,0,15743
10979,1,0,15744
10980,3,0,15747
10981,1,0,15748
10982,2,0,15750
10983,2,0,15752
10984,1,0,15753
10985,2,0,15755
10986,1,0,15756
10987,1,0,15757
10988,3,0,15760
10989,1,0,15761
10990,1,0,15762
10991,1,0,15763
10992,1,0,15764
10993,2,0,15766
10994,2,0,15768
10995,2,0,15770
10996,1,0,15771
10997,2,0,15773
10998,2,0,15775
10999,2,0,15777
11000,1,0,15778
11001,1,0,15779
11002,1,0,15780
11003,1,0,15781
11004,1,0,15782
11005,1,0,15783
11006,1,0,15784
11007,1,0,15785
11008,3,0,15788
11009,1,0,15789
11010,2,0,15791
11011,1,0,15792
11012,1,0,15793
11013,1,0,15794
11014,3,0,15797
11015,2,0,15799
11016,1,0,15800
11017,1,0,15801
11018,2,0,15803
11019,3,0,15806
11020,5,0,15811
11021,1,0,15812
11022,1,0,15813
11023,1,0,15814
11024,1,0,15815
11025,1,0,15816
11026,3,0,15819
11027,3,0,15822
11028,3,0,15825
11029,1,0,15826
11030,3,0,15829
11031,1,0,15830
11032,3,0,15833
11033,1,0,15834
11034,1,0,15835
11035,1,0,15836
11036,1,0,15837
11037,1,0,15838
11038,1,0,15839
11039,1,0,15840
11040,2,0,15842
11041,1,0,15843
11042,1,0,15844
11043,1,0,15845
11044,1,0,15846
11045,1,0,15847
11046,1,0,15848
11047,1,0,15849
11048,2,0,15851
11049,3,0,15854
11050,3,0,15857
11051,1,0,15858
11052,1,0,15859
11053,1,0,15860
11054,3,0,15863
11055,2,0,15865
11056,1,0,15866
11057,1,0,15867
11058,1,0,15868
11059,6,0,15874
11060,2,0,15876
11061,3,0,15879
11062,2,0,15881
11063,1,0,15882
11064,1,0,15883
11065,1,0,15884
11066,1,0,15885
11067,1,0,15886
11068,1,0,15887
11069,1,0,15888
11070,1,0,15889
11071,2,0,15891
11072,1,0,15892
11073,1,0,15893
11074,1,0,15894
11075,2,0,15896
11076,3,0,15899
11077,1,0,15900
11078,1,0,15901
11079,1,0,15902
11080,1,0,15903
11081,1,0,15904
11082,1,0,15905
11083,1,0,15906
11084,1,0,15907
11085,1,0,15908
11086,2,0,15910
11087,2,0,15912
11088,2,0,15914
11089,1,0,15915
11090,1,0,15916
11091,1,0,15917
11092,2,0,15919
11093,1,0,15920
11094,1,0,15921
11095,1,0,15922
11096,1,0,15923
11097,1,0,15924
11098,1,0,15925
11099,1,0,15926
11100,2,0,15928
11101,2,0,15930
11102,1,0,15931
11103,1,0,15932
11104,1,0,15933
11105,1,0,15934
11106,2,0,15936
11107,1,0,15937
11108,2,0,15939
11109,1,0,15940
11110,1,0,15941
11111,1,0,15942
11112,1,0,15943
11113,1,0,15944
11114,1,0,15945
11115,1,0,15946
11116,1,0,15947
11117,1,0,15948
11118,4,0,15952
11119,2,0,15954
11120,1,0,15955
11121,1,0,15956
11122,1,0,15957
11123,1,0,15958
11124,2,0,15960
11125,3,0,15963
11126,1,0,15964
11127,1,0,15965
11128,1,0,15966
11129,1,0,15967
11130,1,0,15968
11131,1,0,15969
11132,1,0,15970
11133,1,0,15971
11134,1,0,15972
11135,1,0,15973
11136,1,0,15974
11137,4,0,15978
11138,2,0,15980
11139,3,0,15983
11140,3,0,15986
11141,2,0,15988
11142,1,0,15989
11143,4,0,15993
11144,1,0,15994
11145,1,0,15995
11146,1,0,15996
11147,4,0,16000
11148,2,0,16002
11149,2,0,16004
11150,2,0,16006
11151,2,0,16008
11152,2,0,16010
11153,3,0,16013
11154,1,0,16014
11155,1,0,16015
11156,1,0,16016
11157,1,0,16017
11158,4,0,16021
11159,2,0,16023
11160,1,0,16024
11161,2,0,16026
11162,1,0,16027
11163,1,0,16028
11164,1,0,16029
11165,1,0,16030
11166,1,0,16031
11167,1,0,16032
11168,2,0,16034
11169,1,0,16035
11170,1,0,16036
11171,2,0,16038
11172,1,0,16039
11173,2,0,16041
11174,1,0,16042
11175,1,0,16043
11176,1,0,16044
11177,2,0,16046
11178,1,0,16047
11179,2,0,16049
11180,1,0,16050
11181,1,0,16051
11182,1,0,16052
11183,1,0,16053
11184,1,0,16054
11185,1,0,16055
11186,1,0,16056
11187,2,0,16058
11188,1,0,16059
11189,1,0,16060
11190,1,0,16061
11191,1,0,16062
11192,1,0,16063
11193,1,0,16064
11194,1,0,16065
11195,1,0,16066
11196,1,0,16067
11197,1,0,16068
11198,2,0,16070
11199,2,0,16072
11200,1,0,16073
11201,2,0,16075
11202,1,0,16076
11203,2,0,16078
11204,1,0,16079
11205,1,0,16080
11206,2,0,16082
11207,2,0,16084
11208,2,0,16086
11209,1,0,16087
11210,1,0,16088
11211,1,0,16089
11212,1,0,16090
11213,5,0,16095
11214,1,0,16096
11215,1,0,16097
11216,1,0,16098
11217,1,0,16099
11218,1,0,16100
11219,1,0,16101
11220,1,0,16102
11221,1,0,16103
11222,1,0,16104
11223,2,0,16106
11224,1,0,16107
11225,1,0,16108
11226,1,0,16109
11227,2,0,16111
11228,1,0,16112
11229,1,0,16113
11230,1,0,16114
11231,1,0,16115
11232,1,0,16116
11233,2,0,16118
11234,1,0,16119
11235,1,0,16120
11236,1,0,16121
11237,1,0,16122
11238,1,0,16123
11239,1,0,16124
11240,1,0,16125
11241,1,0,16126
11242,3,0,16129
11243,1,0,16130
11244,1,0,16131
11245,3,0,16134
11246,1,0,16135
11247,2,0,16137
11248,1,0,16138
11249,3,0,16141
11250,1,0,16142
11251,1,0,16143
11252,1,0,16144
11253,1,0,16145
11254,1,0,16146
11255,2,0,16148
11256,1,0,16149
11257,1,0,16150
11258,1,0,16151
11259,1,0,16152
11260,1,0,16153
11261,1,0,16154
11262,2,0,16156
11263,2,0,16158
11264,2,0,16160
11265,2,0,16162
11266,1,0,16163
11267,2,0,16165
11268,1,0,16166
11269,1,0,16167
11270,2,0,16169
11271,2,0,16171
11272,1,0,16172
11273,1,0,16173
11274,1,0,16174
11275,2,0,16176
11276,2,0,16178
11277,1,0,16179
11278,2,0,16181
11279,2,0,16183
11280,1,0,16184
11281,2,0,16186
11282,2,0,16188
11283,2,0,16190
11284,1,0,16191
11285,3,0,16194
11286,1,0,16195
11287,2,0,16197
11288,1,0,16198
11289,1,0,16199
11290,2,0,16201
11291,1,0,16202
11292,1,0,16203
11293,1,0,16204
11294,1,0,16205
11295,1,0,16206
11296,1,0,16207
11297,1,0,16208
11298,1,0,16209
11299,2,0,16211
11300,1,0,16212
11301,2,0,16214
11302,5,0,16219
11303,1,0,16220
11304,2,0,16222
11305,2,0,16224
11306,2,0,16226
11307,2,0,16228
11308,1,0,16229
11309,1,0,16230
11310,1,0,16231
11311,2,0,16233
11312,2,0,16235
11313,4,0,16239
11314,1,0,16240
11315,1,0,16241
11316,1,0,16242
11317,1,0,16243
11318,1,0,16244
11319,1,0,16245
11320,4,0,16249
11321,1,0,16250
11322,2,0,16252
11323,1,0,16253
11324,1,0,16254
11325,1,0,16255
11326,3,0,16258
11327,1,0,16259
11328,3,0,16262
11329,1,0,16263
11330,1,0,16264
11331,5,0,16269
11332,2,0,16271
11333,1,0,16272
11334,1,0,16273
11335,1,0,16274
11336,1,0,16275
11337,1,0,16276
11338,1,0,16277
11339,1,0,16278
11340,1,0,16279
11341,1,0,16280
11342,1,0,16281
11343,1,0,16282
11344,3,0,16285
11345,4,0,16289
11346,1,0,16290
11347,1,0,16291
11348,1,0,16292
11349,1,0,16293
11350,1,0,16294
11351,1,0,16295
11352,2,0,16297
11353,1,0,16298
11354,1,0,16299
11355,1,0,16300
11356,4,0,16304
11357,2,0,16306
11358,1,0,16307
11359,2,0,16309
11360,3,0,16312
11361,1,0,16313
11362,1,0,16314
11363,2,0,16316
11364,1,0,16317
11365,1,0,16318
11366,2,0,16320
11367,1,0,16321
11368,1,0,16322
11369,2,0,16324
11370,2,0,16326
11371,1,0,16327
11372,1,0,16328
11373,2,0,16330
11374,1,0,16331
11375,2,0,16333
11376,2,0,16335
11377,1,0,16336
11378,2,0,16338
11379,2,0,16340
11380,2,0,16342
11381,2,0,16344
11382,1,0,16345
11383,1,0,16346
11384,1,0,16347
11385,1,0,16348
11386,1,0,16349
11387,1,0,16350
11388,1,0,16351
11389,1,0,16352
11390,1,0,16353
11391,1,0,16354
11392,1,0,16355
11393,1,0,16356
11394,1,0,16357
11395,4,0,16361
11396,1,0,16362
11397,4,0,16366
11398,1,0,16367
11399,2,0,16369
11400,1,0,16370
11401,2,0,16372
11402,2,0,16374
11403,2,0,16376
11404,1,0,16377
11405,1,0,16378
11406,3,0,16381
11407,1,0,16382
11408,1,0,16383
11409,3,0,16386
11410,1,0,16387
11411,1,0,16388
11412,2,0,16390
11413,1,0,16391
11414,3,0,16394
11415,1,0,16395
11416,1,0,16396
11417,1,0,16397
11418,1,0,16398
11419,1,0,16399
11420,1,0,16400
11421,2,0,16402
11422,1,0,16403
11423,1,0,16404
11424,1,0,16405
11425,1,0,16406
11426,1,0,16407
11427,1,0,16408
11428,3,0,16411
11429,1,0,16412
11430,1,0,16413
11431,3,0,16416
11432,1,0,16417
11433,2,0,16419
11434,1,0,16420
11435,1,0,16421
11436,1,0,16422
11437,2,0,16424
11438,2,0,16426
11439,1,0,16427
11440,1,0,16428
11441,2,0,16430
11442,1,0,16431
11443,1,0,16432
11444,1,0,16433
11445,3,0,16436
11446,3,0,16439
11447,2,0,16441
11448,2,0,16443
11449,1,0,16444
11450,1,0,16445
11451,1,0,16446
11452,1,0,16447
11453,1,0,16448
11454,1,0,16449
11455,1,0,16450
11456,4,0,16454
11457,1,0,16455
11458,1,0,16456
11459,2,0,16458
11460,1,0,16459
11461,4,0,16463
11462,1,0,16464
11463,2,0,16466
11464,1,0,16467
11465,1,0,16468
11466,2,0,16470
11467,1,0,16471
11468,1,0,16472
11469,1,0,16473
11470,1,0,16474
11471,1,0,16475
11472,1,0,16476
11473,1,0,16477
11474,1,0,16478
11475,4,0,16482
11476,1,0,16483
11477,1,0,16484
11478,1,0,16485
11479,4,0,16489
11480,1,0,16490
11481,1,0,16491
11482,1,0,16492
11483,1,0,16493
11484,1,0,16494
11485,1,0,16495
11486,1,0,16496
11487,1,0,16497
11488,2,0,16499
11489,1,0,16500
11490,1,0,16501
11491,1,0,16502
11492,1,0,16503
11493,2,0,16505
11494,1,0,16506
11495,2,0,16508
11496,1,0,16509
11497,2,0,16511
11498,2,0,16513
11499,2,0,16515
11500,1,0,16516
11501,1,0,16517
11502,1,0,16518
11503,3,0,16521
11504,1,0,16522
11505,1,0,16523
11506,1,0,16524
11507,2,0,16526
11508,3,0,16529
11509,1,0,16530
11510,2,0,16532
11511,1,0,16533
11512,1,0,16534
11513,4,0,16538
11514,2,0,16540
11515,2,0,16542
11516,1,0,16543
11517,1,0,16544
11518,2,0,16546
11519,1,0,16547
11520,2,0,16549
11521,1,0,16550
11522,1,0,16551
11523,1,0,16552
11524,3,0,16555
11525,1,0,16556
11526,1,0,16557
11527,1,0,16558
11528,3,0,16561
11529,2,0,16563
11530,1,0,16564
11531,2,0,16566
11532,1,0,16567
11533,1,0,16568
11534,4,0,16572
11535,2,0,16574
11536,2,0,16576
11537,1,0,16577
11538,1,0,16578
11539,1,0,16579
11540,1,0,16580
11541,3,0,16583
11542,2,0,16585
11543,1,0,16586
11544,1,0,16587
11545,1,0,16588
11546,1,0,16589
11547,1,0,16590
11548,1,0,16591
11549,1,0,16592
11550,1,0,16593
11551,1,0,16594
11552,1,0,16595
11553,2,0,16597
11554,1,0,16598
11555,1,0,16599
11556,1,0,16600
11557,1,0,16601
11558,1,0,16602
11559,3,0,16605
11560,4,0,16609
11561,1,0,16610
11562,1,0,16611
11563,2,0,16613
11564,1,0,16614
11565,1,0,16615
11566,1,0,16616
11567,1,0,16617
11568,2,0,16619
11569,1,0,16620
11570,2,0,16622
11571,1,0,16623
11572,1,0,16624
11573,1,0,16625
11574,1,0,16626
11575,3,0,16629
11576,1,0,16630
11577,1,0,16631
11578,1,0,16632
11579,2,0,16634
11580,2,0,16636
11581,1,0,16637
11582,2,0,16639
11583,1,0,16640
11584,1,0,16641
11585,3,0,16644
11586,4,0,16648
11587,3,0,16651
11588,1,0,16652
11589,1,0,16653
11590,1,0,16654
11591,2,0,16656
11592,2,0,16658
11593,3,0,16661
11594,1,0,16662
11595,2,0,16664
11596,1,0,16665
11597,1,0,16666
11598,1,0,16667
11599,3,0,16670
11600,2,0,16672
11601,1,0,16673
11602,2,0,16675
11603,1,0,16676
11604,1,0,16677
11605,2,0,16679
11606,1,0,16680
11607,1,0,16681
11608,2,0,16683
11609,3,0,16686
11610,1,0,16687
11611,1,0,16688
11612,1,0,16689
11613,1,0,16690
11614,1,0,16691
11615,2,0,16693
11616,1,0,16694
11617,1,0,16695
11618,2,0,16697
11619,1,0,16698
11620,1,0,16699
11621,5,0,16704
11622,1,0,16705
11623,2,0,16707
11624,2,0,16709
11625,1,0,16710
11626,1,0,16711
11627,2,0,16713
11628,1,0,16714
11629,1,0,16715
11630,2,0,16717
11631,1,0,16718
11632,2,0,16720
11633,1,0,16721
11634,1,0,16722
11635,3,0,16725
11636,1,0,16726
11637,2,0,16728
11638,2,0,16730
11639,1,0,16731
11640,2,0,16733
11641,1,0,16734
11642,1,0,16735
11643,1,0,16736
11644,3,0,16739
11645,1,0,16740
11646,1,0,16741
11647,1,0,16742
11648,2,0,16744
11649,1,0,16745
11650,1,0,16746
11651,1,0,16747
11652,1,0,16748
11653,2,0,16750
11654,1,0,16751
11655,2,0,16753
11656,1,0,16754
11657,2,0,16756
11658,1,0,16757
11659,1,0,16758
11660,2,0,16760
11661,1,0,16761
11662,1,0,16762
11663,2,0,16764
11664,2,0,16766
11665,1,0,16767
11666,1,0,16768
11667,1,0,16769
11668,1,0,16770
11669,3,0,16773
11670,2,0,16775
11671,1,0,16776
11672,1,0,16777
11673,1,0,16778
11674,2,0,16780
11675,3,0,16783
11676,2,0,16785
11677,1,0,16786
11678,2,0,16788
11679,1,0,16789
11680,1,0,16790
11681,1,0,16791
11682,1,0,16792
11683,1,0,16793
11684,1,0,16794
11685,1,0,16795
11686,2,0,16797
11687,2,0,16799
11688,2,0,16801
11689,1,0,16802
11690,1,0,16803
11691,2,0,16805
11692,5,0,16810
11693,1,0,16811
11694,2,0,16813
11695,1,0,16814
11696,2,0,16816
11697,2,0,16818
11698,1,0,16819
11699,1,0,16820
11700,3,0,16823
11701,3,0,16826
11702,2,0,16828
11703,1,0,16829
11704,2,0,16831
11705,1,0,16832
11706,1,0,16833
11707,3,0,16836
11708,1,0,16837
11709,1,0,16838
11710,1,0,16839
11711,1,0,16840
11712,1,0,16841
11713,1,0,16842
11714,1,0,16843
11715,1,0,16844
11716,3,0,16847
11717,3,0,16850
11718,1,0,16851
11719,1,0,16852
11720,1,0,16853
11721,3,0,16856
11722,1,0,16857
11723,1,0,16858
11724,3,0,16861
11725,1,0,16862
11726,1,0,16863
11727,1,0,16864
11728,1,0,16865
11729,1,0,16866
11730,1,0,16867
11731,1,0,16868
11732,1,0,16869
11733,1,0,16870
11734,1,0,16871
11735,1,0,16872
11736,1,0,16873
11737,2,0,16875
11738,3,0,16878
11739,2,0,16880
11740,1,0,16881
11741,2,0,16883
11742,3,0,16886
11743,1,0,16887
11744,1,0,16888
11745,4,0,16892
11746,2,0,16894
11747,1,0,16895
11748,1,0,16896
11749,1,0,16897
11750,1,0,16898
11751,1,0,16899
11752,2,0,16901
11753,1,0,16902
11754,1,0,16903
11755,1,0,16904
11756,2,0,16906
11757,1,0,16907
11758,1,0,16908
11759,1,0,16909
11760,1,0,16910
11761,1,0,16911
11762,1,0,16912
11763,1,0,16913
11764,1,0,16914
11765,1,0,16915
11766,1,0,16916
11767,1,0,16917
11768,3,0,16920
11769,1,0,16921
11770,3,0,16924
11771,3,0,16927
11772,3,0,16930
11773,2,0,16932
11774,3,0,16935
11775,1,0,16936
11776,1,0,16937
11777,1,0,16938
11778,1,0,16939
11779,3,0,16942
11780,1,0,16943
11781,1,0,16944
11782,1,0,16945
11783,2,0,16947
11784,2,0,16949
11785,2,0,16951
11786,4,0,16955
11787,1,0,16956
11788,1,0,16957
11789,1,0,16958
11790,1,0,16959
11791,1,0,16960
11792,3,0,16963
11793,1,0,16964
11794,3,0,16967
11795,3,0,16970
11796,1,0,16971
11797,1,0,16972
11798,1,0,16973
11799,1,0,16974
11800,2,0,16976
11801,1,0,16977
11802,1,0,16978
11803,1,0,16979
11804,1,0,16980
11805,2,0,16982
11806,3,0,16985
11807,2,0,16987
11808,1,0,16988
11809,1,0,16989
11810,1,0,16990
11811,3,0,16993
11812,2,0,16995
11813,3,0,16998
11814,3,0,17001
11815,1,0,17002
11816,1,0,17003
11817,7,0,17010
11818,1,0,17011
11819,1,0,17012
11820,3,0,17015
11821,3,0,17018
11822,1,0,17019
11823,1,0,17020
11824,3,0,17023
11825,1,0,17024
11826,2,0,17026
11827,1,0,17027
11828,1,0,17028
11829,2,0,17030
11830,1,0,17031
11831,3,0,17034
11832,2,0,17036
11833,3,0,17039
11834,1,0,17040
11835,2,0,17042
11836,1,0,17043
11837,1,0,17044
11838,1,0,17045
11839,1,0,17046
11840,1,0,17047
11841,2,0,17049
11842,1,0,17050
11843,1,0,17051
11844,2,0,17053
11845,1,0,17054
11846,1,0,17055
11847,2,0,17057
11848,1,0,17058
11849,2,0,17060
11850,1,0,17061
11851,2,0,17063
11852,1,0,17064
11853,1,0,17065
11854,1,0,17066
11855,2,0,17068
11856,1,0,17069
11857,1,0,17070
11858,2,0,17072
11859,1,0,17073
11860,2,0,17075
11861,2,0,17077
11862,1,0,17078
11863,1,0,17079
11864,1,0,17080
11865,1,0,17081
11866,3,0,17084
11867,1,0,17085
11868,1,0,17086
11869,1,0,17087
11870,1,0,17088
11871,1,0,17089
11872,1,0,17090
11873,2,0,17092
11874,1,0,17093
11875,1,0,17094
11876,1,0,17095
11877,3,0,17098
11878,1,0,17099
11879,4,0,17103
11880,1,0,17104
11881,1,0,17105
11882,2,0,17107
11883,1,0,17108
11884,3,0,17111
11885,2,0,17113
11886,3,0,17116
11887,2,0,17118
11888,1,0,17119
11889,1,0,17120
11890,1,0,17121
11891,2,0,17123
11892,3,0,17126
11893,1,0,17127
11894,1,0,17128
11895,3,0,17131
11896,1,0,17132
11897,1,0,17133
11898,1,0,17134
11899,2,0,17136
11900,3,0,17139
11901,1,0,17140
11902,1,0,17141
11903,2,0,17143
11904,4,0,17147
11905,1,0,17148
11906,1,0,17149
11907,1,0,17150
11908,1,0,17151
11909,1,0,17152
11910,1,0,17153
11911,1,0,17154
11912,2,0,17156
11913,2,0,17158
11914,1,0,17159
11915,1,0,17160
11916,1,0,17161
11917,1,0,17162
11918,1,0,17163
11919,3,0,17166
11920,1,0,17167
11921,2,0,17169
11922,2,0,17171
11923,1,0,17172
11924,1,0,17173
11925,1,0,17174
11926,1,0,17175
11927,1,0,17176
11928,2,0,17178
11929,1,0,17179
11930,1,0,17180
11931,1,0,17181
11932,2,0,17183
11933,4,0,17187
11934,2,0,17189
11935,2,0,17191
11936,1,0,17192
11937,1,0,17193
11938,2,0,17195
11939,1,0,17196
11940,1,0,17197
11941,2,0,17199
11942,1,0,17200
11943,1,0,17201
11944,2,0,17203
11945,1,0,17204
11946,1,0,17205
11947,1,0,17206
11948,4,0,17210
11949,1,0,17211
11950,3,0,17214
11951,1,0,17215
11952,2,0,17217
11953,1,0,17218
11954,1,0,17219
11955,3,0,17222
11956,2,0,17224
11957,2,0,17226
11958,1,0,17227
11959,1,0,17228
11960,2,0,17230
11961,1,0,17231
11962,1,0,17232
11963,1,0,17233
11964,1,0,17234
11965,1,0,17235
11966,2,0,17237
11967,2,0,17239
11968,2,0,17241
11969,1,0,17242
11970,1,0,17243
11971,2,0,17245
11972,1,0,17246
11973,1,0,17247
11974,1,0,17248
11975,2,0,17250
11976,1,0,17251
11977,1,0,17252
11978,1,0,17253
11979,1,0,17254
11980,1,0,17255
11981,1,0,17256
11982,1,0,17257
11983,1,0,17258
11984,2,0,17260
11985,1,0,17261
11986,1,0,17262
11987,1,0,17263
11988,1,0,17264
11989,2,0,17266
11990,1,0,17267
11991,3,0,17270
11992,1,0,17271
11993,1,0,17272
11994,2,0,17274
11995,1,0,17275
11996,1,0,17276
11997,3,0,17279
11998,1,0,17280
11999,2,0,17282
12000,1,0,17283
12001,1,0,17284
12002,2,0,17286
12003,1,0,17287
12004,1,0,17288
12005,2,0,17290
12006,1,0,17291
12007,1,0,17292
12008,1,0,17293
12009,1,0,17294
12010,1,0,17295
12011,1,0,17296
12012,1,0,17297
12013,2,0,17299
12014,2,0,17301
12015,2,0,17303
12016,1,0,17304
12017,2,0,17306
12018,1,0,17307
12019,5,0,17312
12020,1,0,17313
12021,2,0,17315
12022,1,0,17316
12023,1,0,17317
12024,4,0,17321
12025,1,0,17322
12026,1,0,17323
12027,1,0,17324
12028,1,0,17325
12029,1,0,17326
12030,1,0,17327
12031,1,0,17328
12032,3,0,17331
12033,1,0,17332
12034,1,0,17333
12035,3,0,17336
12036,1,0,17337
12037,1,0,17338
12038,2,0,17340
12039,1,0,17341
12040,1,0,17342
12041,2,0,17344
12042,1,0,17345
12043,1,0,17346
12044,1,0,17347
12045,1,0,17348
12046,2,0,17350
12047,1,0,17351
12048,2,0,17353
12049,1,0,17354
12050,1,0,17355
12051,1,0,17356
12052,1,0,17357
12053,1,0,17358
12054,2,0,17360
12055,1,0,17361
12056,2,0,17363
12057,1,0,17364
12058,2,0,17366
12059,4,0,17370
12060,2,0,17372
12061,1,0,17373
12062,2,0,17375
12063,1,0,17376
12064,1,0,17377
12065,3,0,17380
12066,1,0,17381
12067,1,0,17382
12068,1,0,17383
12069,1,0,17384
12070,1,0,17385
12071,2,0,17387
12072,2,0,17389
12073,2,0,17391
12074,1,0,17392
12075,1,0,17393
12076,1,0,17394
12077,1,0,17395
12078,3,0,17398
12079,2,0,17400
12080,2,0,17402
12081,1,0,17403
12082,2,0,17405
12083,1,0,17406
12084,3,0,17409
12085,1,0,17410
12086,1,0,17411
12087,1,0,17412
12088,1,0,17413
12089,1,0,17414
12090,1,0,17415
12091,2,0,17417
12092,1,0,17418
12093,4,0,17422
12094,3,0,17425
12095,1,0,17426
12096,2,0,17428
12097,3,0,17431
12098,1,0,17432
12099,2,0,17434
12100,5,0,17439
12101,1,0,17440
12102,1,0,17441
12103,2,0,17443
12104,1,0,17444
12105,3,0,17447
12106,3,0,17450
12107,1,0,17451
12108,1,0,17452
12109,1,0,17453
12110,1,0,17454
12111,1,0,17455
12112,2,0,17457
12113,1,0,17458
12114,1,0,17459
12115,1,0,17460
12116,1,0,17461
12117,1,0,17462
12118,1,0,17463
12119,3,0,17466
12120,1,0,17467
12121,2,0,17469
12122,1,0,17470
12123,2,0,17472
12124,1,0,17473
12125,1,0,17474
12126,2,0,17476
12127,1,0,17477
12128,3,0,17480
12129,1,0,17481
12130,1,0,17482
12131,1,0,17483
12132,1,0,17484
12133,1,0,17485
12134,1,0,17486
12135,1,0,17487
12136,1,0,17488
12137,2,0,17490
12138,2,0,17492
12139,1,0,17493
12140,2,0,17495
12141,1,0,17496
12142,1,0,17497
12143,1,0,17498
12144,3,0,17501
12145,2,0,17503
12146,1,0,17504
12147,1,0,17505
12148,1,0,17506
12149,1,0,17507
12150,1,0,17508
12151,1,0,17509
12152,4,0,17513
12153,1,0,17514
12154,1,0,17515
12155,1,0,17516
12156,1,0,17517
12157,4,0,17521
12158,2,0,17523
12159,1,0,17524
12160,1,0,17525
12161,2,0,17527
12162,1,0,17528
12163,1,0,17529
12164,1,0,17530
12165,1,0,17531
12166,2,0,17533
12167,1,0,17534
12168,4,0,17538
12169,1,0,17539
12170,2,0,17541
12171,1,0,17542
12172,5,0,17547
12173,1,0,17548
12174,1,0,17549
12175,1,0,17550
12176,1,0,17551
12177,1,0,17552
12178,3,0,17555
12179,1,0,17556
12180,2,0,17558
12181,8,0,17566
12182,1,0,17567
12183,1,0,17568
12184,1,0,17569
12185,1,0,17570
12186,1,0,17571
12187,1,0,17572
12188,1,0,17573
12189,1,0,17574
12190,1,0,17575
12191,1,0,17576
12192,2,0,17578
12193,1,0,17579
12194,1,0,17580
12195,1,0,17581
12196,2,0,17583
12197,1,0,17584
12198,2,0,17586
12199,1,0,17587
12200,3,0,17590
12201,1,0,17591
12202,2,0,17593
12203,1,0,17594
12204,1,0,17595
12205,1,0,17596
12206,1,0,17597
12207,1,0,17598
12208,2,0,17600
12209,3,0,17603
12210,3,0,17606
12211,5,0,17611
12212,1,0,17612
12213,2,0,17614
12214,1,0,17615
12215,2,0,17617
12216,1,0,17618
12217,1,0,17619
12218,1,0,17620
12219,2,0,17622
12220,1,0,17623
12221,1,0,17624
12222,1,0,17625
12223,1,0,17626
12224,4,0,17630
12225,1,0,17631
12226,2,0,17633
12227,3,0,17636
12228,4,0,17640
12229,4,0,17644
12230,1,0,17645
12231,1,0,17646
12232,3,0,17649
12233,2,0,17651
12234,2,0,17653
12235,1,0,17654
12236,1,0,17655
12237,1,0,17656
12238,1,0,17657
12239,1,0,17658
12240,1,0,17659
12241,1,0,17660
12242,1,0,17661
12243,1,0,17662
12244,1,0,17663
12245,1,0,17664
12246,1,0,17665
12247,1,0,17666
12248,1,0,17667
12249,1,0,17668
12250,1,0,17669
12251,1,0,17670
12252,1,0,17671
12253,1,0,17672
12254,1,0,17673
12255,1,0,17674
12256,1,0,17675
12257,2,0,17677
12258,1,0,17678
12259,1,0,17679
12260,1,0,17680
12261,1,0,17681
12262,1,0,17682
12263,1,0,17683
12264,3,0,17686
12265,2,0,17688
12266,2,0,17690
12267,1,0,17691
12268,1,0,17692
12269,2,0,17694
12270,1,0,17695
12271,2,0,17697
12272,5,0,17702
12273,1,0,17703
12274,3,0,17706
12275,2,0,17708
12276,1,0,17709
12277,1,0,17710
12278,1,0,17711
12279,1,0,17712
12280,1,0,17713
12281,1,0,17714
12282,1,0,17715
12283,4,0,17719
12284,1,0,17720
12285,1,0,17721
12286,1,0,17722
12287,1,0,17723
12288,2,0,17725
12289,2,0,17727
12290,1,0,17728
12291,1,0,17729
12292,1,0,17730
12293,1,0,17731
12294,1,0,17732
12295,2,0,17734
12296,1,0,17735
12297,1,0,17736
12298,1,0,17737
12299,1,0,17738
12300,1,0,17739
12301,1,0,17740
12302,2,0,17742
12303,1,0,17743
12304,2,0,17745
12305,3,0,17748
12306,3,0,17751
12307,1,0,17752
12308,1,0,17753
12309,1,0,17754
12310,2,0,17756
12311,1,0,17757
12312,1,0,17758
12313,1,0,17759
12314,1,0,17760
12315,2,0,17762
12316,1,0,17763
12317,1,0,17764
12318,2,0,17766
12319,1,0,17767
12320,1,0,17768
12321,1,0,17769
12322,1,0,17770
12323,2,0,17772
12324,2,0,17774
12325,1,0,17775
12326,2,0,17777
12327,5,0,17782
12328,2,0,17784
12329,1,0,17785
12330,1,0,17786
12331,2,0,17788
12332,1,0,17789
12333,2,0,17791
12334,1,0,17792
12335,1,0,17793
12336,1,0,17794
12337,1,0,17795
12338,1,0,17796
12339,1,0,17797
12340,1,0,17798
12341,3,0,17801
12342,1,0,17802
12343,1,0,17803
12344,1,0,17804
12345,1,0,17805
12346,1,0,17806
12347,2,0,17808
12348,1,0,17809
12349,1,0,17810
12350,1,0,17811
12351,1,0,17812
12352,1,0,17813
12353,1,0,17814
12354,1,0,17815
12355,2,0,17817
12356,1,0,17818
12357,1,0,17819
12358,1,0,17820
12359,4,0,17824
12360,3,0,17827
12361,1,0,17828
12362,1,0,17829
12363,2,0,17831
12364,2,0,17833
12365,1,0,17834
12366,5,0,17839
12367,1,0,17840
12368,1,0,17841
12369,3,0,17844
12370,2,0,17846
12371,1,0,17847
12372,1,0,17848
12373,1,0,17849
12374,1,0,17850
12375,1,0,17851
12376,1,0,17852
12377,1,0,17853
12378,1,0,17854
12379,1,0,17855
12380,1,0,17856
12381,3,0,17859
12382,1,0,17860
12383,1,0,17861
12384,1,0,17862
12385,2,0,17864
12386,1,0,17865
12387,1,0,17866
12388,1,0,17867
12389,1,0,17868
12390,1,0,17869
12391,1,0,17870
12392,1,0,17871
12393,1,0,17872
12394,1,0,17873
12395,2,0,17875
12396,3,0,17878
12397,2,0,17880
12398,1,0,17881
12399,1,0,17882
12400,1,0,17883
12401,4,0,17887
12402,1,0,17888
12403,1,0,17889
12404,3,0,17892
12405,1,0,17893
12406,1,0,17894
12407,2,0,17896
12408,1,0,17897
12409,3,0,17900
12410,2,0,17902
12411,3,0,17905
12412,1,0,17906
12413,1,0,17907
12414,1,0,17908
12415,1,0,17909
12416,1,0,17910
12417,1,0,17911
12418,3,0,17914
12419,1,0,17915
12420,1,0,17916
12421,2,0,17918
12422,2,0,17920
12423,2,0,17922
12424,1,0,17923
12425,1,0,17924
12426,3,0,17927
12427,1,0,17928
12428,2,0,17930
12429,1,0,17931
12430,1,0,17932
12431,4,0,17936
12432,1,0,17937
12433,2,0,17939
12434,1,0,17940
12435,2,0,17942
12436,2,0,17944
12437,1,0,17945
12438,1,0,17946
12439,1,0,17947
12440,2,0,17949
12441,1,0,17950
12442,3,0,17953
12443,1,0,17954
12444,1,0,17955
12445,2,0,17957
12446,1,0,17958
12447,1,0,17959
12448,3,0,17962
12449,4,0,17966
12450,2,0,17968
12451,1,0,17969
12452,1,0,17970
12453,2,0,17972
12454,1,0,17973
12455,1,0,17974
12456,1,0,17975
12457,1,0,17976
12458,3,0,17979
12459,1,0,17980
12460,1,0,17981
12461,1,0,17982
12462,1,0,17983
12463,1,0,17984
12464,1,0,17985
12465,1,0,17986
12466,1,0,17987
12467,3,0,17990
12468,1,0,17991
12469,2,0,17993
12470,2,0,17995
12471,1,0,17996
12472,1,0,17997
12473,2,0,17999
12474,3,0,18002
12475,2,0,18004
12476,1,0,18005
12477,1,0,18006
12478,1,0,18007
12479,2,0,18009
12480,2,0,18011
12481,1,0,18012
12482,2,0,18014
12483,1,0,18015
12484,1,0,18016
12485,1,0,18017
12486,2,0,18019
12487,4,0,18023
12488,2,0,18025
12489,1,0,18026
12490,1,0,18027
12491,1,0,18028
12492,2,0,18030
12493,1,0,18031
12494,1,0,18032
12495,2,0,18034
12496,2,0,18036
12497,1,0,18037
12498,1,0,18038
12499,1,0,18039
12500,4,0,18043
12501,1,0,18044
12502,1,0,18045
12503,2,0,18047
12504,1,0,18048
12505,1,0,18049
12506,4,0,18053
12507,3,0,18056
12508,2,0,18058
12509,1,0,18059
12510,1,0,18060
12511,1,0,18061
12512,1,0,18062
12513,1,0,18063
12514,4,0,18067
12515,1,0,18068
12516,1,0,18069
12517,1,0,18070
12518,2,0,18072
12519,1,0,18073
12520,1,0,18074
12521,1,0,18075
12522,1,0,18076
12523,1,0,18077
12524,1,0,18078
12525,1,0,18079
12526,1,0,18080
12527,1,0,18081
12528,1,0,18082
12529,1,0,18083
12530,1,0,18084
12531,1,0,18085
12532,1,0,18086
12533,1,0,18087
12534,1,0,18088
12535,1,0,18089
12536,1,0,18090
12537,2,0,18092
12538,1,0,18093
12539,1,0,18094
12540,3,0,18097
12541,1,0,18098
12542,3,0,18101
12543,3,0,18104
12544,1,0,18105
12545,1,0,18106
12546,1,0,18107
12547,2,0,18109
12548,1,0,18110
12549,1,0,18111
12550,1,0,18112
12551,3,0,18115
12552,1,0,18116
12553,2,0,18118
12554,1,0,18119
12555,1,0,18120
12556,1,0,18121
12557,1,0,18122
12558,3,0,18125
12559,1,0,18126
12560,2,0,18128
12561,1,0,18129
12562,1,0,18130
12563,1,0,18131
12564,1,0,18132
12565,1,0,18133
12566,5,0,18138
12567,1,0,18139
12568,1,0,18140
12569,4,0,18144
12570,1,0,18145
12571,1,0,18146
12572,1,0,18147
12573,1,0,18148
12574,1,0,18149
12575,1,0,18150
12576,1,0,18151
12577,1,0,18152
12578,1,0,18153
12579,1,0,18154
12580,2,0,18156
12581,1,0,18157
12582,1,0,18158
12583,3,0,18161
12584,1,0,18162
12585,1,0,18163
12586,1,0,18164
12587,3,0,18167
12588,1,0,18168
12589,1,0,18169
12590,1,0,18170
12591,1,0,18171
12592,1,0,18172
12593,1,0,18173
12594,1,0,18174
12595,3,0,18177
12596,1,0,18178
12597,1,0,18179
12598,1,0,18180
12599,1,0,18181
12600,2,0,18183
12601,4,0,18187
12602,2,0,18189
12603,1,0,18190
12604,1,0,18191
12605,1,0,18192
12606,1,0,18193
12607,1,0,18194
12608,1,0,18195
12609,3,0,18198
12610,1,0,18199
12611,2,0,18201
12612,4,0,18205
12613,2,0,18207
12614,2,0,18209
12615,3,0,18212
12616,1,0,18213
12617,2,0,18215
12618,2,0,18217
12619,2,0,18219
12620,1,0,18220
12621,1,0,18221
12622,1,0,18222
12623,1,0,18223
12624,1,0,18224
12625,1,0,18225
12626,2,0,18227
12627,2,0,18229
12628,3,0,18232
12629,1,0,18233
12630,1,0,18234
12631,1,0,18235
12632,2,0,18237
12633,1,0,18238
12634,1,0,18239
12635,2,0,18241
12636,1,0,18242
12637,1,0,18243
12638,1,0,18244
12639,1,0,18245
12640,1,0,18246
12641,2,0,18248
12642,1,0,18249
12643,1,0,18250
12644,5,0,18255
12645,5,0,18260
12646,3,0,18263
12647,1,0,18264
12648,1,0,18265
12649,1,0,18266
12650,1,0,18267
12651,3,0,18270
12652,1,0,18271
12653,1,0,18272
12654,1,0,18273
12655,2,0,18275
12656,2,0,18277
12657,2,0,18279
12658,1,0,18280
12659,1,0,18281
12660,1,0,18282
12661,1,0,18283
12662,1,0,18284
12663,1,0,18285
12664,2,0,18287
12665,1,0,18288
12666,1,0,18289
12667,1,0,18290
12668,4,0,18294
12669,2,0,18296
12670,1,0,18297
12671,1,0,18298
12672,1,0,18299
12673,2,0,18301
12674,2,0,18303
12675,3,0,18306
12676,1,0,18307
12677,1,0,18308
12678,1,0,18309
12679,1,0,18310
12680,1,0,18311
12681,2,0,18313
12682,2,0,18315
12683,1,0,18316
12684,2,0,18318
12685,2,0,18320
12686,1,0,18321
12687,2,0,18323
12688,1,0,18324
12689,1,0,18325
12690,3,0,18328
12691,1,0,18329
12692,1,0,18330
12693,2,0,18332
12694,1,0,18333
12695,2,0,18335
12696,1,0,18336
12697,1,0,18337
12698,1,0,18338
12699,1,0,18339
12700,5,0,18344
12701,1,0,18345
12702,1,0,18346
12703,1,0,18347
12704,1,0,18348
12705,1,0,18349
12706,1,0,18350
12707,2,0,18352
12708,1,0,18353
12709,1,0,18354
12710,1,0,18355
12711,1,0,18356
12712,1,0,18357
12713,1,0,18358
12714,1,0,18359
12715,2,0,18361
12716,2,0,18363
12717,1,0,18364
12718,1,0,18365
12719,2,0,18367
12720,2,0,18369
12721,1,0,18370
12722,2,0,18372
12723,2,0,18374
12724,1,0,18375
12725,1,0,18376
12726,2,0,18378
12727,2,0,18380
12728,1,0,18381
12729,1,0,18382
12730,1,0,18383
12731,2,0,18385
12732,1,0,18386
12733,2,0,18388
12734,2,0,18390
12735,1,0,18391
12736,1,0,18392
12737,2,0,18394
12738,1,0,18395
12739,2,0,18397
12740,1,0,18398
12741,1,0,18399
12742,2,0,18401
12743,3,0,18404
12744,1,0,18405
12745,1,0,18406
12746,1,0,18407
12747,1,0,18408
12748,1,0,18409
12749,5,0,18414
12750,1,0,18415
12751,2,0,18417
12752,1,0,18418
12753,2,0,18420
12754,1,0,18421
12755,2,0,18423
12756,1,0,18424
12757,2,0,18426
12758,1,0,18427
12759,1,0,18428
12760,1,0,18429
12761,2,0,18431
12762,1,0,18432
12763,3,0,18435
12764,1,0,18436
12765,1,0,18437
12766,1,0,18438
12767,1,0,18439
12768,2,0,18441
12769,2,0,18443
12770,2,0,18445
12771,1,0,18446
12772,2,0,18448
12773,1,0,18449
12774,3,0,18452
12775,1,0,18453
12776,1,0,18454
12777,1,0,18455
12778,1,0,18456
12779,2,0,18458
12780,1,0,18459
12781,1,0,18460
12782,2,0,18462
12783,1,0,18463
12784,1,0,18464
12785,2,0,18466
12786,2,0,18468
12787,1,0,18469
12788,1,0,18470
12789,1,0,18471
12790,1,0,18472
12791,2,0,18474
12792,1,0,18475
12793,2,0,18477
12794,1,0,18478
12795,3,0,18481
12796,1,0,18482
12797,1,0,18483
12798,1,0,18484
12799,2,0,18486
12800,1,0,18487
12801,1,0,18488
12802,5,0,18493
12803,3,0,18496
12804,1,0,18497
12805,2,0,18499
12806,1,0,18500
12807,1,0,18501
12808,2,0,18503
12809,4,0,18507
12810,2,0,18509
12811,1,0,18510
12812,1,0,18511
12813,5,0,18516
12814,1,0,18517
12815,4,0,18521
12816,2,0,18523
12817,1,0,18524
12818,3,0,18527
12819,1,0,18528
12820,1,0,18529
12821,3,0,18532
12822,1,0,18533
12823,1,0,18534
12824,1,0,18535
12825,1,0,18536
12826,1,0,18537
12827,1,0,18538
12828,1,0,18539
12829,1,0,18540
12830,1,0,18541
12831,2,0,18543
12832,1,0,18544
12833,1,0,18545
12834,1,0,18546
12835,3,0,18549
12836,1,0,18550
12837,1,0,18551
12838,3,0,18554
12839,1,0,18555
12840,1,0,18556
12841,2,0,18558
12842,4,0,18562
12843,1,0,18563
12844,1,0,18564
12845,1,0,18565
12846,3,0,18568
12847,2,0,18570
12848,1,0,18571
12849,1,0,18572
12850,1,0,18573
12851,1,0,18574
12852,1,0,18575
12853,2,0,18577
12854,1,0,18578
12855,1,0,18579
12856,2,0,18581
12857,1,0,18582
12858,1,0,18583
12859,1,0,18584
12860,1,0,18585
12861,3,0,18588
12862,3,0,18591
12863,1,0,18592
12864,1,0,18593
12865,6,0,18599
12866,1,0,18600
12867,1,0,18601
12868,1,0,18602
12869,1,0,18603
12870,1,0,18604
12871,2,0,18606
12872,1,0,18607
12873,1,0,18608
12874,4,0,18612
12875,2,0,18614
12876,1,0,18615
12877,1,0,18616
12878,1,0,18617
12879,2,0,18619
12880,1,0,18620
12881,1,0,18621
12882,1,0,18622
12883,1,0,18623
12884,1,0,18624
12885,1,0,18625
12886,3,0,18628
12887,2,0,18630
12888,1,0,18631
12889,1,0,18632
12890,2,0,18634
12891,1,0,18635
12892,2,0,18637
12893,1,0,18638
12894,3,0,18641
12895,1,0,18642
12896,1,0,18643
12897,1,0,18644
12898,1,0,18645
12899,1,0,18646
12900,4,0,18650
12901,2,0,18652
12902,1,0,18653
12903,2,0,18655
12904,1,0,18656
12905,1,0,18657
12906,1,0,18658
12907,1,0,18659
12908,1,0,18660
12909,1,0,18661
12910,1,0,18662
12911,1,0,18663
12912,1,0,18664
12913,1,0,18665
12914,1,0,18666
12915,1,0,18667
12916,1,0,18668
12917,1,0,18669
12918,1,0,18670
12919,1,0,18671
12920,1,0,18672
12921,1,0,18673
12922,1,0,18674
12923,1,0,18675
12924,2,0,18677
12925,2,0,18679
12926,4,0,18683
12927,2,0,18685
12928,1,0,18686
12929,1,0,18687
12930,2,0,18689
12931,3,0,18692
12932,1,0,18693
12933,1,0,18694
12934,3,0,18697
12935,2,0,18699
12936,1,0,18700
12937,3,0,18703
12938,1,0,18704
12939,1,0,18705
12940,1,0,18706
12941,1,0,18707
12942,2,0,18709
12943,1,0,18710
12944,1,0,18711
12945,2,0,18713
12946,1,0,18714
12947,2,0,18716
12948,3,0,18719
12949,1,0,18720
12950,1,0,18721
12951,1,0,18722
12952,2,0,18724
12953,4,0,18728
12954,2,0,18730
12955,2,0,18732
12956,2,0,18734
12957,1,0,18735
12958,2,0,18737
12959,1,0,18738
12960,2,0,18740
12961,1,0,18741
12962,3,0,18744
12963,3,0,18747
12964,1,0,18748
12965,1,0,18749
12966,1,0,18750
12967,4,0,18754
12968,1,0,18755
12969,2,0,18757
12970,1,0,18758
12971,1,0,18759
12972,1,0,18760
12973,1,0,18761
12974,1,0,18762
12975,4,0,18766
12976,2,0,18768
12977,1,0,18769
12978,1,0,18770
12979,1,0,18771
12980,1,0,18772
12981,1,0,18773
12982,1,0,18774
12983,1,0,18775
12984,2,0,18777
12985,1,0,18778
12986,2,0,18780
12987,1,0,18781
12988,3,0,18784
12989,2,0,18786
12990,1,0,18787
12991,1,0,18788
12992,2,0,18790
12993,1,0,18791
12994,1,0,18792
12995,1,0,18793
12996,2,0,18795
12997,1,0,18796
12998,2,0,18798
12999,1,0,18799
13000,2,0,18801
13001,1,0,18802
13002,2,0,18804
13003,1,0,18805
13004,1,0,18806
13005,1,0,18807
13006,1,0,18808
13007,1,0,18809
13008,1,0,18810
13009,3,0,18813
13010,1,0,18814
13011,1,0,18815
13012,1,0,18816
13013,1,0,18817
13014,1,0,18818
13015,2,0,18820
13016,3,0,18823
13017,4,0,18827
13018,2,0,18829
13019,1,0,18830
13020,1,0,18831
13021,2,0,18833
13022,1,0,18834
13023,3,0,18837
13024,1,0,18838
13025,1,0,18839
13026,1,0,18840
13027,1,0,18841
13028,1,0,18842
13029,1,0,18843
13030,1,0,18844
13031,1,0,18845
13032,1,0,18846
13033,1,0,18847
13034,1,0,18848
13035,2,0,18850
13036,1,0,18851
13037,1,0,18852
13038,2,0,18854
13039,1,0,18855
13040,3,0,18858
13041,1,0,18859
13042,1,0,18860
13043,1,0,18861
13044,2,0,18863
13045,1,0,18864
13046,2,0,18866
13047,1,0,18867
13048,3,0,18870
13049,1,0,18871
13050,1,0,18872
13051,2,0,18874
13052,3,0,18877
13053,2,0,18879
13054,2,0,18881
13055,1,0,18882
13056,1,0,18883
13057,1,0,18884
13058,1,0,18885
13059,1,0,18886
13060,1,0,18887
13061,1,0,18888
13062,1,0,18889
13063,1,0,18890
13064,2,0,18892
13065,6,0,18898
13066,1,0,18899
13067,1,0,18900
13068,1,0,18901
13069,1,0,18902
13070,1,0,18903
13071,3,0,18906
13072,1,0,18907
13073,1,0,18908
13074,1,0,18909
13075,1,0,18910
13076,1,0,18911
13077,1,0,18912
13078,1,0,18913
13079,1,0,18914
13080,1,0,18915
13081,1,0,18916
13082,1,0,18917
13083,1,0,18918
13084,1,0,18919
13085,1,0,18920
13086,1,0,18921
13087,1,0,18922
13088,1,0,18923
13089,1,0,18924
13090,1,0,18925
13091,1,0,18926
13092,3,0,18929
13093,1,0,18930
13094,2,0,18932
13095,1,0,18933
13096,2,0,18935
13097,1,0,18936
13098,1,0,18937
13099,1,0,18938
13100,1,0,18939
13101,1,0,18940
13102,1,0,18941
13103,1,0,18942
13104,1,0,18943
13105,3,0,18946
13106,1,0,18947
13107,1,0,18948
13108,1,0,18949
13109,2,0,18951
13110,1,0,18952
13111,1,0,18953
13112,1,0,18954
13113,1,0,18955
13114,2,0,18957
13115,2,0,18959
13116,2,0,18961
13117,1,0,18962
13118,1,0,18963
13119,1,0,18964
13120,1,0,18965
13121,1,0,18966
13122,1,0,18967
13123,2,0,18969
13124,2,0,18971
13125,1,0,18972
13126,1,0,18973
13127,1,0,18974
13128,1,0,18975
13129,2,0,18977
13130,2,0,18979
13131,2,0,18981
13132,2,0,18983
13133,1,0,18984
13134,1,0,18985
13135,1,0,18986
13136,2,0,18988
13137,1,0,18989
13138,1,0,18990
13139,1,0,18991
13140,1,0,18992
13141,2,0,18994
13142,2,0,18996
13143,1,0,18997
13144,2,0,18999
13145,5,0,19004
13146,1,0,19005
13147,1,0,19006
13148,1,0,19007
13149,2,0,19009
13150,3,0,19012
13151,1,0,19013
13152,1,0,19014
13153,1,0,19015
13154,2,0,19017
13155,1,0,19018
13156,2,0,19020
13157,2,0,19022
13158,1,0,19023
13159,1,0,19024
13160,1,0,19025
13161,1,0,19026
13162,2,0,19028
13163,1,0,19029
13164,3,0,19032
13165,1,0,19033
13166,3,0,19036
13167,1,0,19037
13168,1,0,19038
13169,1,0,19039
13170,1,0,19040
13171,1,0,19041
13172,1,0,19042
13173,1,0,19043
13174,1,0,19044
13175,2,0,19046
13176,1,0,19047
13177,1,0,19048
13178,1,0,19049
13179,2,0,19051
13180,1,0,19052
13181,2,0,19054
13182,1,0,19055
13183,1,0,19056
13184,1,0,19057
13185,1,0,19058
13186,2,0,19060
13187,1,0,19061
13188,3,0,19064
13189,1,0,19065
13190,1,0,19066
13191,1,0,19067
13192,1,0,19068
13193,1,0,19069
13194,1,0,19070
13195,2,0,19072
13196,1,0,19073
13197,2,0,19075
13198,3,0,19078
13199,2,0,19080
13200,1,0,19081
13201,1,0,19082
13202,1,0,19083
13203,1,0,19084
13204,1,0,19085
13205,1,0,19086
13206,3,0,19089
13207,1,0,19090
13208,1,0,19091
13209,1,0,19092
13210,1,0,19093
13211,1,0,19094
13212,1,0,19095
13213,2,0,19097
13214,1,0,19098
13215,1,0,19099
13216,1,0,19100
13217,1,0,19101
13218,1,0,19102
13219,2,0,19104
13220,2,0,19106
13221,1,0,19107
13222,1,0,19108
13223,1,0,19109
13224,2,0,19111
13225,2,0,19113
13226,1,0,19114
13227,2,0,19116
13228,1,0,19117
13229,1,0,19118
13230,2,0,19120
13231,1,0,19121
13232,2,0,19123
13233,1,0,19124
13234,1,0,19125
13235,2,0,19127
13236,3,0,19130
13237,1,0,19131
13238,3,0,19134
13239,1,0,19135
13240,1,0,19136
13241,1,0,19137
13242,1,0,19138
13243,1,0,19139
13244,1,0,19140
13245,2,0,19142
13246,1,0,19143
13247,1,0,19144
13248,1,0,19145
13249,1,0,19146
13250,1,0,19147
13251,1,0,19148
13252,2,0,19150
13253,1,0,19151
13254,1,0,19152
13255,4,0,19156
13256,1,0,19157
13257,2,0,19159
13258,1,0,19160
13259,1,0,19161
13260,3,0,19164
13261,1,0,19165
13262,2,0,19167
13263,1,0,19168
13264,1,0,19169
13265,1,0,19170
13266,4,0,19174
13267,1,0,19175
13268,1,0,19176
13269,1,0,19177
13270,2,0,19179
13271,1,0,19180
13272,1,0,19181
13273,3,0,19184
13274,1,0,19185
13275,4,0,19189
13276,2,0,19191
13277,1,0,19192
13278,1,0,19193
13279,2,0,19195
13280,2,0,19197
13281,2,0,19199
13282,2,0,19201
13283,1,0,19202
13284,1,0,19203
13285,4,0,19207
13286,1,0,19208
13287,1,0,19209
13288,2,0,19211
13289,1,0,19212
13290,1,0,19213
13291,2,0,19215
13292,1,0,19216
13293,1,0,19217
13294,1,0,19218
13295,2,0,19220
13296,2,0,19222
13297,1,0,19223
13298,1,0,19224
13299,1,0,19225
13300,1,0,19226
13301,1,0,19227
13302,1,0,19228
13303,2,0,19230
13304,1,0,19231
13305,1,0,19232
13306,2,0,19234
13307,2,0,19236
13308,1,0,19237
13309,1,0,19238
13310,1,0,19239
13311,1,0,19240
13312,1,0,19241
13313,1,0,19242
13314,1,0,19243
13315,1,0,19244
13316,1,0,19245
13317,1,0,19246
13318,1,0,19247
13319,1,0,19248
13320,2,0,19250
13321,1,0,19251
13322,1,0,19252
13323,1,0,19253
13324,1,0,19254
13325,3,0,19257
13326,1,0,19258
13327,1,0,19259
13328,1,0,19260
13329,1,0,19261
13330,1,0,19262
13331,2,0,19264
13332,1,0,19265
13333,1,0,19266
13334,1,0,19267
13335,1,0,19268
13336,1,0,19269
13337,1,0,19270
13338,1,0,19271
13339,1,0,19272
13340,1,0,19273
13341,3,0,19276
13342,1,0,19277
13343,3,0,19280
13344,3,0,19283
13345,2,0,19285
13346,1,0,19286
13347,1,0,19287
13348,1,0,19288
13349,1,0,19289
13350,1,0,19290
13351,1,0,19291
13352,2,0,19293
13353,1,0,19294
13354,2,0,19296
13355,1,0,19297
13356,1,0,19298
13357,2,0,19300
13358,1,0,19301
13359,1,0,19302
13360,1,0,19303
13361,3,0,19306
13362,1,0,19307
13363,1,0,19308
13364,1,0,19309
13365,3,0,19312
13366,4,0,19316
13367,3,0,19319
13368,1,0,19320
13369,1,0,19321
13370,1,0,19322
13371,1,0,19323
13372,3,0,19326
13373,1,0,19327
13374,1,0,19328
13375,1,0,19329
13376,3,0,19332
13377,2,0,19334
13378,1,0,19335
13379,1,0,19336
13380,1,0,19337
13381,2,0,19339
13382,1,0,19340
13383,2,0,19342
13384,2,0,19344
13385,1,0,19345
13386,1,0,19346
13387,3,0,19349
13388,1,0,19350
13389,2,0,19352
13390,1,0,19353
13391,1,0,19354
13392,1,0,19355
13393,1,0,19356
13394,1,0,19357
13395,1,0,19358
13396,2,0,19360
13397,1,0,19361
13398,1,0,19362
13399,1,0,19363
13400,1,0,19364
13401,1,0,19365
13402,3,0,19368
13403,1,0,19369
13404,1,0,19370
13405,1,0,19371
13406,1,0,19372
13407,1,0,19373
13408,2,0,19375
13409,5,0,19380
13410,1,0,19381
13411,2,0,19383
13412,1,0,19384
13413,1,0,19385
13414,1,0,19386
13415,2,0,19388
13416,2,0,19390
13417,1,0,19391
13418,2,0,19393
13419,1,0,19394
13420,1,0,19395
13421,2,0,19397
13422,1,0,19398
13423,1,0,19399
13424,3,0,19402
13425,1,0,19403
13426,1,0,19404
13427,1,0,19405
13428,1,0,19406
13429,1,0,19407
13430,3,0,19410
13431,1,0,19411
13432,3,0,19414
13433,2,0,19416
13434,1,0,19417
13435,1,0,19418
13436,2,0,19420
13437,2,0,19422
13438,1,0,19423
13439,1,0,19424
13440,1,0,19425
13441,1,0,19426
13442,1,0,19427
13443,1,0,19428
13444,1,0,19429
13445,2,0,19431
13446,1,0,19432
13447,2,0,19434
13448,1,0,19435
13449,1,0,19436
13450,2,0,19438
13451,1,0,19439
13452,1,0,19440
13453,1,0,19441
13454,1,0,19442
13455,1,0,19443
13456,1,0,19444
13457,2,0,19446
13458,2,0,19448
13459,2,0,19450
13460,2,0,19452
13461,2,0,19454
13462,1,0,19455
13463,4,0,19459
13464,2,0,19461
13465,1,0,19462
13466,1,0,19463
13467,1,0,19464
13468,1,0,19465
13469,2,0,19467
13470,1,0,19468
13471,1,0,19469
13472,4,0,19473
13473,2,0,19475
13474,1,0,19476
13475,1,0,19477
13476,1,0,19478
13477,1,0,19479
13478,1,0,19480
13479,1,0,19481
13480,1,0,19482
13481,1,0,19483
13482,3,0,19486
13483,1,0,19487
13484,1,0,19488
13485,1,0,19489
13486,1,0,19490
13487,2,0,19492
13488,1,0,19493
13489,2,0,19495
13490,1,0,19496
13491,1,0,19497
13492,3,0,19500
13493,1,0,19501
13494,2,0,19503
13495,3,0,19506
13496,1,0,19507
13497,1,0,19508
13498,3,0,19511
13499,1,0,19512
13500,1,0,19513
13501,1,0,19514
13502,2,0,19516
13503,3,0,19519
13504,1,0,19520
13505,2,0,19522
13506,1,0,19523
13507,2,0,19525
13508,1,0,19526
13509,1,0,19527
13510,1,0,19528
13511,1,0,19529
13512,1,0,19530
13513,1,0,19531
13514,2,0,19533
13515,1,0,19534
13516,1,0,19535
13517,2,0,19537
13518,2,0,19539
13519,1,0,19540
13520,1,0,19541
13521,1,0,19542
13522,2,0,19544
13523,1,0,19545
13524,1,0,19546
13525,4,0,19550
13526,1,0,19551
13527,1,0,19552
13528,2,0,19554
13529,1,0,19555
13530,1,0,19556
13531,1,0,19557
13532,3,0,19560
13533,1,0,19561
13534,2,0,19563
13535,1,0,19564
13536,2,0,19566
13537,1,0,19567
13538,1,0,19568
13539,2,0,19570
13540,2,0,19572
13541,2,0,19574
13542,1,0,19575
13543,1,0,19576
13544,1,0,19577
13545,1,0,19578
13546,1,0,19579
13547,2,0,19581
13548,1,0,19582
13549,3,0,19585
13550,2,0,19587
13551,1,0,19588
13552,1,0,19589
13553,1,0,19590
13554,1,0,19591
13555,2,0,19593
13556,1,0,19594
13557,1,0,19595
13558,1,0,19596
13559,1,0,19597
13560,1,0,19598
13561,1,0,19599
13562,2,0,19601
13563,3,0,19604
13564,2,0,19606
13565,2,0,19608
13566,1,0,19609
13567,4,0,19613
13568,2,0,19615
13569,2,0,19617
13570,1,0,19618
13571,3,0,19621
13572,1,0,19622
13573,1,0,19623
13574,2,0,19625
13575,1,0,19626
13576,1,0,19627
13577,1,0,19628
13578,2,0,19630
13579,2,0,19632
13580,1,0,19633
13581,3,0,19636
13582,1,0,19637
13583,2,0,19639
13584,1,0,19640
13585,2,0,19642
13586,1,0,19643
13587,1,0,19644
13588,2,0,19646
13589,1,0,19647
13590,1,0,19648
13591,2,0,19650
13592,1,0,19651
13593,2,0,19653
13594,2,0,19655
13595,1,0,19656
13596,1,0,19657
13597,1,0,19658
13598,1,0,19659
13599,2,0,19661
13600,1,0,19662
13601,1,0,19663
13602,1,0,19664
13603,4,0,19668
13604,1,0,19669
13605,1,0,19670
13606,2,0,19672
13607,1,0,19673
13608,1,0,19674
13609,4,0,19678
13610,1,0,19679
13611,1,0,19680
13612,2,0,19682
13613,2,0,19684
13614,1,0,19685
13615,3,0,19688
13616,1,0,19689
13617,1,0,19690
13618,1,0,19691
13619,2,0,19693
13620,2,0,19695
13621,1,0,19696
13622,1,0,19697
13623,1,0,19698
13624,1,0,19699
13625,1,0,19700
13626,1,0,19701
13627,1,0,19702
13628,2,0,19704
13629,1,0,19705
13630,1,0,19706
13631,1,0,19707
13632,1,0,19708
13633,1,0,19709
13634,1,0,19710
13635,5,0,19715
13636,1,0,19716
13637,3,0,19719
13638,1,0,19720
13639,1,0,19721
13640,1,0,19722
13641,1,0,19723
13642,1,0,19724
13643,1,0,19725
13644,1,0,19726
13645,1,0,19727
13646,3,0,19730
13647,2,0,19732
13648,2,0,19734
13649,1,0,19735
13650,2,0,19737
13651,1,0,19738
13652,1,0,19739
13653,4,0,19743
13654,2,0,19745
13655,1,0,19746
13656,3,0,19749
13657,1,0,19750
13658,4,0,19754
13659,1,0,19755
13660,1,0,19756
13661,2,0,19758
13662,1,0,19759
13663,2,0,19761
13664,3,0,19764
13665,1,0,19765
13666,1,0,19766
13667,1,0,19767
13668,1,0,19768
13669,1,0,19769
13670,1,0,19770
13671,1,0,19771
13672,3,0,19774
13673,3,0,19777
13674,2,0,19779
13675,1,0,19780
13676,2,0,19782
13677,1,0,19783
13678,1,0,19784
13679,1,0,19785
13680,1,0,19786
13681,1,0,19787
13682,1,0,19788
13683,2,0,19790
13684,2,0,19792
13685,2,0,19794
13686,1,0,19795
13687,1,0,19796
13688,2,0,19798
13689,1,0,19799
13690,1,0,19800
13691,1,0,19801
13692,1,0,19802
13693,2,0,19804
13694,1,0,19805
13695,2,0,19807
13696,1,0,19808
13697,1,0,19809
13698,1,0,19810
13699,1,0,19811
13700,1,0,19812
13701,1,0,19813
13702,1,0,19814
13703,1,0,19815
13704,1,0,19816
13705,1,0,19817
13706,2,0,19819
13707,1,0,19820
13708,1,0,19821
13709,1,0,19822
13710,1,0,19823
13711,2,0,19825
13712,2,0,19827
13713,2,0,19829
13714,2,0,19831
13715,1,0,19832
13716,3,0,19835
13717,1,0,19836
13718,1,0,19837
13719,1,0,19838
13720,1,0,19839
13721,1,0,19840
13722,3,0,19843
13723,1,0,19844
13724,2,0,19846
13725,1,0,19847
13726,1,0,19848
13727,2,0,19850
13728,1,0,19851
13729,1,0,19852
13730,1,0,19853
13731,1,0,19854
13732,1,0,19855
13733,2,0,19857
13734,3,0,19860
13735,3,0,19863
13736,2,0,19865
13737,1,0,19866
13738,1,0,19867
13739,1,0,19868
13740,1,0,19869
13741,1,0,19870
13742,1,0,19871
13743,2,0,19873
13744,2,0,19875
13745,1,0,19876
13746,1,0,19877
13747,2,0,19879
13748,1,0,19880
13749,1,0,19881
13750,1,0,19882
13751,1,0,19883
13752,1,0,19884
13753,1,0,19885
13754,1,0,19886
13755,1,0,19887
13756,1,0,19888
13757,1,0,19889
13758,2,0,19891
13759,1,0,19892
13760,1,0,19893
13761,1,0,19894
13762,1,0,19895
13763,1,0,19896
13764,1,0,19897
13765,1,0,19898
13766,1,0,19899
13767,1,0,19900
13768,1,0,19901
13769,1,0,19902
13770,2,0,19904
13771,1,0,19905
13772,3,0,19908
13773,2,0,19910
13774,1,0,19911
13775,1,0,19912
13776,2,0,19914
13777,1,0,19915
13778,1,0,19916
13779,1,0,19917
13780,1,0,19918
13781,1,0,19919
13782,3,0,19922
13783,1,0,19923
13784,1,0,19924
13785,1,0,19925
13786,1,0,19926
13787,1,0,19927
13788,2,0,19929
13789,2,0,19931
13790,1,0,19932
13791,1,0,19933
13792,1,0,19934
13793,1,0,19935
13794,1,0,19936
13795,1,0,19937
13796,1,0,19938
13797,1,0,19939
13798,1,0,19940
13799,1,0,19941
13800,1,0,19942
13801,1,0,19943
13802,1,0,19944
13803,2,0,19946
13804,2,0,19948
13805,1,0,19949
13806,1,0,19950
13807,2,0,19952
13808,2,0,19954
13809,2,0,19956
13810,1,0,19957
13811,2,0,19959
13812,1,0,19960
13813,1,0,19961
13814,1,0,19962
13815,1,0,19963
13816,1,0,19964
13817,4,0,19968
13818,1,0,19969
13819,1,0,19970
13820,2,0,19972
13821,1,0,19973
13822,1,0,19974
13823,1,0,19975
13824,1,0,19976
13825,2,0,19978
13826,2,0,19980
13827,1,0,19981
13828,1,0,19982
13829,1,0,19983
13830,1,0,19984
13831,1,0,19985
13832,2,0,19987
13833,2,0,19989
13834,1,0,19990
13835,1,0,19991
13836,1,0,19992
13837,1,0,19993
13838,1,0,19994
13839,1,0,19995
13840,1,0,19996
13841,1,0,19997
13842,2,0,19999
13843,1,0,20000
13844,1,0,20001
13845,3,0,20004
13846,1,0,20005
13847,1,0,20006
13848,2,0,20008
13849,2,0,20010
13850,1,0,20011
13851,1,0,20012
13852,1,0,20013
13853,3,0,20016
13854,2,0,20018
13855,1,0,20019
13856,1,0,20020
13857,2,0,20022
13858,1,0,20023
13859,3,0,20026
13860,4,0,20030
13861,1,0,20031
13862,4,0,20035
13863,1,0,20036
13864,1,0,20037
13865,1,0,20038
13866,1,0,20039
13867,2,0,20041
13868,2,0,20043
13869,4,0,20047
13870,2,0,20049
13871,1,0,20050
13872,2,0,20052
13873,1,0,20053
13874,1,0,20054
13875,1,0,20055
13876,1,0,20056
13877,1,0,20057
13878,1,0,20058
13879,1,0,20059
13880,1,0,20060
13881,2,0,20062
13882,1,0,20063
13883,1,0,20064
13884,4,0,20068
13885,1,0,20069
13886,2,0,20071
13887,2,0,20073
13888,1,0,20074
13889,1,0,20075
13890,4,0,20079
13891,1,0,20080
13892,1,0,20081
13893,2,0,20083
13894,1,0,20084
13895,2,0,20086
13896,2,0,20088
13897,1,0,20089
13898,1,0,20090
13899,1,0,20091
13900,1,0,20092
13901,1,0,20093
13902,3,0,20096
13903,1,0,20097
13904,1,0,20098
13905,1,0,20099
13906,1,0,20100
13907,1,0,20101
13908,1,0,20102
13909,1,0,20103
13910,1,0,20104
13911,1,0,20105
13912,1,0,20106
13913,1,0,20107
13914,2,0,20109
13915,2,0,20111
13916,1,0,20112
13917,1,0,20113
13918,1,0,20114
13919,1,0,20115
13920,1,0,20116
13921,1,0,20117
13922,1,0,20118
13923,3,0,20121
13924,1,0,20122
13925,1,0,20123
13926,3,0,20126
13927,1,0,20127
13928,2,0,20129
13929,1,0,20130
13930,1,0,20131
13931,1,0,20132
13932,1,0,20133
13933,1,0,20134
13934,1,0,20135
13935,1,0,20136
13936,1,0,20137
13937,3,0,20140
13938,1,0,20141
13939,2,0,20143
13940,1,0,20144
13941,1,0,20145
13942,2,0,20147
13943,1,0,20148
13944,1,0,20149
13945,1,0,20150
13946,1,0,20151
13947,1,0,20152
13948,1,0,20153
13949,1,0,20154
13950,3,0,20157
13951,2,0,20159
13952,1,0,20160
13953,1,0,20161
13954,1,0,20162
13955,1,0,20163
13956,1,0,20164
13957,1,0,20165
13958,2,0,20167
13959,2,0,20169
13960,2,0,20171
13961,1,0,20172
13962,1,0,20173
13963,1,0,20174
13964,1,0,20175
13965,2,0,20177
13966,1,0,20178
13967,1,0,20179
13968,1,0,20180
13969,1,0,20181
13970,1,0,20182
13971,2,0,20184
13972,1,0,20185
13973,1,0,20186
13974,1,0,20187
13975,1,0,20188
13976,1,0,20189
13977,1,0,20190
13978,8,0,20198
13979,3,0,20201
13980,1,0,20202
13981,1,0,20203
13982,1,0,20204
13983,1,0,20205
13984,1,0,20206
13985,1,0,20207
13986,1,0,20208
13987,3,0,20211
13988,1,0,20212
13989,6,0,20218
13990,1,0,20219
13991,1,0,20220
13992,1,0,20221
13993,1,0,20222
13994,2,0,20224
13995,1,0,20225
13996,2,0,20227
13997,2,0,20229
13998,1,0,20230
13999,1,0,20231
14000,1,0,20232
14001,1,0,20233
14002,1,0,20234
14003,1,0,20235
14004,1,0,20236
14005,2,0,20238
14006,2,0,20240
14007,1,0,20241
14008,2,0,20243
14009,1,0,20244
14010,2,0,20246
14011,4,0,20250
14012,2,0,20252
14013,3,0,20255
14014,1,0,20256
14015,2,0,20258
14016,1,0,20259
14017,1,0,20260
14018,1,0,20261
14019,1,0,20262
14020,1,0,20263
14021,1,0,20264
14022,1,0,20265
14023,3,0,20268
14024,1,0,20269
14025,1,0,20270
14026,1,0,20271
14027,2,0,20273
14028,1,0,20274
14029,1,0,20275
14030,1,0,20276
14031,1,0,20277
14032,1,0,20278
14033,2,0,20280
14034,1,0,20281
14035,1,0,20282
14036,1,0,20283
14037,4,0,20287
14038,1,0,20288
14039,1,0,20289
14040,5,0,20294
14041,1,0,20295
14042,2,0,20297
14043,2,0,20299
14044,3,0,20302
14045,2,0,20304
14046,1,0,20305
14047,1,0,20306
14048,1,0,20307
14049,1,0,20308
14050,1,0,20309
14051,1,0,20310
14052,1,0,20311
14053,1,0,20312
14054,1,0,20313
14055,1,0,20314
14056,1,0,20315
14057,1,0,20316
14058,1,0,20317
14059,1,0,20318
14060,2,0,20320
14061,2,0,20322
14062,2,0,20324
14063,17,0,20341
14064,1,0,20342
14065,1,0,20343
14066,1,0,20344
14067,1,0,20345
14068,1,0,20346
14069,1,0,20347
14070,2,0,20349
14071,1,0,20350
14072,1,0,20351
14073,1,0,20352
14074,2,0,20354
14075,2,0,20356
14076,2,0,20358
14077,1,0,20359
14078,1,0,20360
14079,2,0,20362
14080,1,0,20363
14081,2,0,20365
14082,1,0,20366
14083,1,0,20367
14084,2,0,20369
14085,1,0,20370
14086,1,0,20371
14087,1,0,20372
14088,1,0,20373
14089,1,0,20374
14090,1,0,20375
14091,1,0,20376
14092,1,0,20377
14093,3,0,20380
14094,2,0,20382
14095,1,0,20383
14096,1,0,20384
14097,2,0,20386
14098,2,0,20388
14099,1,0,20389
14100,2,0,20391
14101,1,0,20392
14102,1,0,20393
14103,1,0,20394
14104,1,0,20395
14105,2,0,20397
14106,1,0,20398
14107,1,0,20399
14108,1,0,20400
14109,1,0,20401
14110,2,0,20403
14111,1,0,20404
14112,2,0,20406
14113,1,0,20407
14114,1,0,20408
14115,1,0,20409
14116,1,0,20410
14117,2,0,20412
14118,1,0,20413
14119,4,0,20417
14120,1,0,20418
14121,2,0,20420
14122,1,0,20421
14123,1,0,20422
14124,1,0,20423
14125,1,0,20424
14126,1,0,20425
14127,1,0,20426
14128,1,0,20427
14129,1,0,20428
14130,1,0,20429
14131,1,0,20430
14132,1,0,20431
14133,1,0,20432
14134,2,0,20434
14135,3,0,20437
14136,4,0,20441
14137,1,0,20442
14138,2,0,20444
14139,1,0,20445
14140,1,0,20446
14141,1,0,20447
14142,1,0,20448
14143,1,0,20449
14144,1,0,20450
14145,1,0,20451
14146,3,0,20454
14147,2,0,20456
14148,2,0,20458
14149,4,0,20462
14150,1,0,20463
14151,4,0,20467
14152,1,0,20468
14153,4,0,20472
14154,1,0,20473
14155,2,0,20475
14156,2,0,20477
14157,1,0,20478
14158,2,0,20480
14159,3,0,20483
14160,1,0,20484
14161,2,0,20486
14162,1,0,20487
14163,1,0,20488
14164,2,0,20490
14165,1,0,20491
14166,1,0,20492
14167,3,0,20495
14168,1,0,20496
14169,4,0,20500
14170,1,0,20501
14171,2,0,20503
14172,1,0,20504
14173,1,0,20505
14174,1,0,20506
14175,1,0,20507
14176,3,0,20510
14177,1,0,20511
14178,1,0,20512
14179,1,0,20513
14180,1,0,20514
14181,1,0,20515
14182,1,0,20516
14183,4,0,20520
14184,1,0,20521
14185,2,0,20523
14186,1,0,20524
14187,2,0,20526
14188,1,0,20527
14189,2,0,20529
14190,1,0,20530
14191,1,0,20531
14192,1,0,20532
14193,1,0,20533
14194,1,0,20534
14195,2,0,20536
14196,1,0,20537
14197,1,0,20538
14198,1,0,20539
14199,1,0,20540
14200,1,0,20541
14201,1,0,20542
14202,2,0,20544
14203,1,0,20545
14204,1,0,20546
14205,1,0,20547
14206,2,0,20549
14207,1,0,20550
14208,1,0,20551
14209,1,0,20552
14210,2,0,20554
14211,1,0,20555
14212,1,0,20556
14213,1,0,20557
14214,1,0,20558
14215,1,0,20559
14216,1,0,20560
14217,1,0,20561
14218,1,0,20562
14219,1,0,20563
14220,3,0,20566
14221,1,0,20567
14222,2,0,20569
14223,1,0,20570
14224,2,0,20572
14225,2,0,20574
14226,1,0,20575
14227,2,0,20577
14228,1,0,20578
14229,1,0,20579
14230,1,0,20580
14231,2,0,20582
14232,1,0,20583
14233,2,0,20585
14234,1,0,20586
14235,1,0,20587
14236,1,0,20588
14237,1,0,20589
14238,4,0,20593
14239,2,0,20595
14240,2,0,20597
14241,2,0,20599
14242,2,0,20601
14243,1,0,20602
14244,1,0,20603
14245,2,0,20605
14246,1,0,20606
14247,1,0,20607
14248,1,0,20608
14249,1,0,20609
14250,1,0,20610
14251,1,0,20611
14252,1,0,20612
14253,2,0,20614
14254,1,0,20615
14255,3,0,20618
14256,1,0,20619
14257,1,0,20620
14258,2,0,20622
14259,1,0,20623
14260,1,0,20624
14261,1,0,20625
14262,1,0,20626
14263,2,0,20628
14264,2,0,20630
14265,2,0,20632
14266,1,0,20633
14267,1,0,20634
14268,1,0,20635
14269,1,0,20636
14270,1,0,20637
14271,1,0,20638
14272,1,0,20639
14273,2,0,20641
14274,3,0,20644
14275,1,0,20645
14276,2,0,20647
14277,1,0,20648
14278,1,0,20649
14279,1,0,20650
14280,1,0,20651
14281,1,0,20652
14282,1,0,20653
14283,2,0,20655
14284,1,0,20656
14285,1,0,20657
14286,1,0,20658
14287,1,0,20659
14288,1,0,20660
14289,1,0,20661
14290,2,0,20663
14291,1,0,20664
14292,1,0,20665
14293,2,0,20667
14294,1,0,20668
14295,1,0,20669
14296,1,0,20670
14297,2,0,20672
14298,1,0,20673
14299,2,0,20675
14300,1,0,20676
14301,1,0,20677
14302,2,0,20679
14303,1,0,20680
14304,1,0,20681
14305,1,0,20682
14306,1,0,20683
14307,3,0,20686
14308,1,0,20687
14309,1,0,20688
14310,1,0,20689
14311,1,0,20690
14312,1,0,20691
14313,2,0,20693
14314,1,0,20694
14315,1,0,20695
14316,1,0,20696
14317,1,0,20697
14318,3,0,20700
14319,1,0,20701
14320,2,0,20703
14321,1,0,20704
14322,1,0,20705
14323,1,0,20706
14324,1,0,20707
14325,1,0,20708
14326,1,0,20709
14327,1,0,20710
14328,1,0,20711
14329,2,0,20713
14330,1,0,20714
14331,1,0,20715
14332,1,0,20716
14333,1,0,20717
14334,1,0,20718
14335,1,0,20719
14336,1,0,20720
14337,7,0,20727
14338,1,0,20728
14339,1,0,20729
14340,1,0,20730
14341,2,0,20732
14342,3,0,20735
14343,1,0,20736
14344,1,0,20737
14345,1,0,20738
14346,3,0,20741
14347,1,0,20742
14348,1,0,20743
14349,2,0,20745
14350,1,0,20746
14351,3,0,20749
14352,3,0,20752
14353,1,0,20753
14354,2,0,20755
14355,1,0,20756
14356,2,0,20758
14357,2,0,20760
14358,1,0,20761
14359,1,0,20762
14360,1,0,20763
14361,2,0,20765
14362,1,0,20766
14363,1,0,20767
14364,1,0,20768
14365,1,0,20769
14366,2,0,20771
14367,1,0,20772
14368,2,0,20774
14369,1,0,20775
14370,1,0,20776
14371,1,0,20777
14372,4,0,20781
14373,1,0,20782
14374,2,0,20784
14375,1,0,20785
14376,1,0,20786
14377,1,0,20787
14378,1,0,20788
14379,1,0,20789
14380,1,0,20790
14381,1,0,20791
14382,1,0,20792
14383,1,0,20793
14384,3,0,20796
14385,2,0,20798
14386,1,0,20799
14387,1,0,20800
14388,1,0,20801
14389,1,0,20802
14390,1,0,20803
14391,1,0,20804
14392,1,0,20805
14393,1,0,20806
14394,1,0,20807
14395,2,0,20809
14396,2,0,20811
14397,2,0,20813
14398,1,0,20814
14399,3,0,20817
14400,1,0,20818
14401,1,0,20819
14402,2,0,20821
14403,3,0,20824
14404,1,0,20825
14405,1,0,20826
14406,1,0,20827
14407,1,0,20828
14408,1,0,20829
14409,1,0,20830
14410,2,0,20832
14411,1,0,20833
14412,1,0,20834
14413,1,0,20835
14414,2,0,20837
14415,4,0,20841
14416,1,0,20842
14417,1,0,20843
14418,3,0,20846
14419,1,0,20847
14420,1,0,20848
14421,1,0,20849
14422,2,0,20851
14423,1,0,20852
14424,1,0,20853
14425,1,0,20854
14426,2,0,20856
14427,1,0,20857
14428,1,0,20858
14429,1,0,20859
14430,1,0,20860
14431,1,0,20861
14432,2,0,20863
14433,4,0,20867
14434,3,0,20870
14435,1,0,20871
14436,1,0,20872
14437,1,0,20873
14438,1,0,20874
14439,1,0,20875
14440,1,0,20876
14441,1,0,20877
14442,3,0,20880
14443,1,0,20881
14444,6,0,20887
14445,1,0,20888
14446,1,0,20889
14447,2,0,20891
14448,1,0,20892
14449,2,0,20894
14450,2,0,20896
14451,1,0,20897
14452,3,0,20900
14453,1,0,20901
14454,1,0,20902
14455,1,0,20903
14456,1,0,20904
14457,1,0,20905
14458,1,0,20906
14459,1,0,20907
14460,1,0,20908
14461,2,0,20910
14462,1,0,20911
14463,1,0,20912
14464,1,0,20913
14465,1,0,20914
14466,1,0,20915
14467,2,0,20917
14468,1,0,20918
14469,2,0,20920
14470,1,0,20921
14471,1,0,20922
14472,1,0,20923
14473,1,0,20924
14474,1,0,20925
14475,1,0,20926
14476,1,0,20927
14477,3,0,20930
14478,1,0,20931
14479,1,0,20932
14480,1,0,20933
14481,1,0,20934
14482,1,0,20935
14483,1,0,20936
14484,1,0,20937
14485,1,0,20938
14486,1,0,20939
14487,1,0,20940
14488,1,0,20941
14489,1,0,20942
14490,1,0,20943
14491,2,0,20945
14492,1,0,20946
14493,3,0,20949
14494,1,0,20950
14495,1,0,20951
14496,1,0,20952
14497,1,0,20953
14498,1,0,20954
14499,1,0,20955
14500,3,0,20958
14501,2,0,20960
14502,2,0,20962
14503,1,0,20963
14504,1,0,20964
14505,1,0,20965
14506,1,0,20966
14507,2,0,20968
14508,2,0,20970
14509,3,0,20973
14510,1,0,20974
14511,1,0,20975
14512,1,0,20976
14513,2,0,20978
14514,1,0,20979
14515,3,0,20982
14516,1,0,20983
14517,2,0,20985
14518,2,0,20987
14519,1,0,20988
14520,1,0,20989
14521,1,0,20990
14522,1,0,20991
14523,2,0,20993
14524,1,0,20994
14525,1,0,20995
14526,1,0,20996
14527,2,0,20998
14528,1,0,20999
14529,1,0,21000
14530,1,0,21001
14531,2,0,21003
14532,1,0,21004
14533,1,0,21005
14534,3,0,21008
14535,1,0,21009
14536,2,0,21011
14537,1,0,21012
14538,1,0,21013
14539,2,0,21015
14540,2,0,21017
14541,1,0,21018
14542,1,0,21019
14543,1,0,21020
14544,2,0,21022
14545,1,0,21023
14546,1,0,21024
14547,1,0,21025
14548,1,0,21026
14549,2,0,21028
14550,1,0,21029
14551,1,0,21030
14552,3,0,21033
14553,1,0,21034
14554,1,0,21035
14555,1,0,21036
14556,2,0,21038
14557,1,0,21039
14558,2,0,21041
14559,5,0,21046
14560,2,0,21048
14561,1,0,21049
14562,1,0,21050
14563,2,0,21052
14564,1,0,21053
14565,2,0,21055
14566,3,0,21058
14567,1,0,21059
14568,2,0,21061
14569,2,0,21063
14570,1,0,21064
14571,1,0,21065
14572,2,0,21067
14573,1,0,21068
14574,1,0,21069
14575,1,0,21070
14576,1,0,21071
14577,1,0,21072
14578,1,0,21073
14579,2,0,21075
14580,1,0,21076
14581,1,0,21077
14582,1,0,21078
14583,1,0,21079
14584,1,0,21080
14585,1,0,21081
14586,1,0,21082
14587,1,0,21083
14588,1,0,21084
14589,1,0,21085
14590,3,0,21088
14591,2,0,21090
14592,1,0,21091
14593,1,0,21092
14594,1,0,21093
14595,1,0,21094
14596,1,0,21095
14597,2,0,21097
14598,2,0,21099
14599,1,0,21100
14600,1,0,21101
14601,1,0,21102
14602,2,0,21104
14603,1,0,21105
14604,3,0,21108
14605,1,0,21109
14606,1,0,21110
14607,1,0,21111
14608,1,0,21112
14609,1,0,21113
14610,2,0,21115
14611,1,0,21116
14612,1,0,21117
14613,1,0,21118
14614,1,0,21119
14615,1,0,21120
14616,1,0,21121
14617,1,0,21122
14618,3,0,21125
14619,2,0,21127
14620,1,0,21128
14621,1,0,21129
14622,1,0,21130
14623,1,0,21131
14624,3,0,21134
14625,1,0,21135
14626,6,0,21141
14627,1,0,21142
14628,1,0,21143
14629,3,0,21146
14630,1,0,21147
14631,1,0,21148
14632,1,0,21149
14633,1,0,21150
14634,1,0,21151
14635,3,0,21154
14636,3,0,21157
14637,1,0,21158
14638,1,0,21159
14639,1,0,21160
14640,1,0,21161
14641,1,0,21162
14642,2,0,21164
14643,1,0,21165
14644,1,0,21166
14645,1,0,21167
14646,1,0,21168
14647,2,0,21170
14648,1,0,21171
14649,1,0,21172
14650,1,0,21173
14651,1,0,21174
14652,1,0,21175
14653,1,0,21176
14654,1,0,21177
14655,1,0,21178
14656,1,0,21179
14657,14,0,21193
14658,1,0,21194
14659,2,0,21196
14660,3,0,21199
14661,1,0,21200
14662,1,0,21201
14663,2,0,21203
14664,1,0,21204
14665,2,0,21206
14666,2,0,21208
14667,1,0,21209
14668,1,0,21210
14669,3,0,21213
14670,1,0,21214
14671,2,0,21216
14672,4,0,21220
14673,5,0,21225
14674,1,0,21226
14675,1,0,21227
14676,3,0,21230
14677,1,0,21231
14678,1,0,21232
14679,1,0,21233
14680,1,0,21234
14681,1,0,21235
14682,5,0,21240
14683,1,0,21241
14684,1,0,21242
14685,1,0,21243
14686,1,0,21244
14687,1,0,21245
14688,1,0,21246
14689,1,0,21247
14690,1,0,21248
14691,2,0,21250
14692,1,0,21251
14693,1,0,21252
14694,1,0,21253
14695,1,0,21254
14696,1,0,21255
14697,1,0,21256
14698,1,0,21257
14699,1,0,21258
14700,2,0,21260
14701,1,0,21261
14702,1,0,21262
14703,2,0,21264
14704,1,0,21265
14705,1,0,21266
14706,1,0,21267
14707,1,0,21268
14708,1,0,21269
14709,2,0,21271
14710,2,0,21273
14711,1,0,21274
14712,1,0,21275
14713,1,0,21276
14714,2,0,21278
14715,2,0,21280
14716,1,0,21281
14717,1,0,21282
14718,1,0,21283
14719,1,0,21284
14720,1,0,21285
14721,1,0,21286
14722,2,0,21288
14723,1,0,21289
14724,1,0,21290
14725,5,0,21295
14726,1,0,21296
14727,1,0,21297
14728,1,0,21298
14729,1,0,21299
14730,2,0,21301
14731,1,0,21302
14732,1,0,21303
14733,1,0,21304
14734,1,0,21305
14735,1,0,21306
14736,1,0,21307
14737,1,0,21308
14738,1,0,21309
14739,1,0,21310
14740,2,0,21312
14741,1,0,21313
14742,1,0,21314
14743,1,0,21315
14744,2,0,21317
14745,4,0,21321
14746,2,0,21323
14747,2,0,21325
14748,1,0,21326
14749,2,0,21328
14750,1,0,21329
14751,2,0,21331
14752,4,0,21335
14753,3,0,21338
14754,3,0,21341
14755,1,0,21342
14756,3,0,21345
14757,1,0,21346
14758,1,0,21347
14759,1,0,21348
14760,1,0,21349
14761,1,0,21350
14762,1,0,21351
14763,1,0,21352
14764,1,0,21353
14765,1,0,21354
14766,2,0,21356
14767,1,0,21357
14768,2,0,21359
14769,1,0,21360
14770,1,0,21361
14771,2,0,21363
14772,1,0,21364
14773,2,0,21366
14774,1,0,21367
14775,2,0,21369
14776,2,0,21371
14777,1,0,21372
14778,2,0,21374
14779,3,0,21377
14780,1,0,21378
14781,2,0,21380
14782,1,0,21381
14783,1,0,21382
14784,2,0,21384
14785,2,0,21386
14786,1,0,21387
14787,1,0,21388
14788,1,0,21389
14789,2,0,21391
14790,1,0,21392
14791,1,0,21393
14792,1,0,21394
14793,2,0,21396
14794,1,0,21397
14795,2,0,21399
14796,5,0,21404
14797,1,0,21405
14798,1,0,21406
14799,1,0,21407
14800,1,0,21408
14801,1,0,21409
14802,5,0,21414
14803,1,0,21415
14804,2,0,21417
14805,2,0,21419
14806,1,0,21420
14807,1,0,21421
14808,2,0,21423
14809,3,0,21426
14810,1,0,21427
14811,1,0,21428
14812,1,0,21429
14813,1,0,21430
14814,1,0,21431
14815,1,0,21432
14816,1,0,21433
14817,1,0,21434
14818,2,0,21436
14819,1,0,21437
14820,2,0,21439
14821,1,0,21440
14822,1,0,21441
14823,1,0,21442
14824,1,0,21443
14825,1,0,21444
14826,1,0,21445
14827,2,0,21447
14828,2,0,21449
14829,1,0,21450
14830,1,0,21451
14831,1,0,21452
14832,1,0,21453
14833,3,0,21456
14834,4,0,21460
14835,3,0,21463
14836,1,0,21464
14837,1,0,21465
14838,1,0,21466
14839,2,0,21468
14840,1,0,21469
14841,2,0,21471
14842,1,0,21472
14843,2,0,21474
14844,1,0,21475
14845,1,0,21476
14846,1,0,21477
14847,1,0,21478
14848,1,0,21479
14849,1,0,21480
14850,2,0,21482
14851,1,0,21483
14852,1,0,21484
14853,1,0,21485
14854,3,0,21488
14855,2,0,21490
14856,1,0,21491
14857,1,0,21492
14858,1,0,21493
14859,1,0,21494
14860,1,0,21495
14861,2,0,21497
14862,1,0,21498
14863,2,0,21500
14864,3,0,21503
14865,1,0,21504
14866,1,0,21505
14867,1,0,21506
14868,1,0,21507
14869,1,0,21508
14870,1,0,21509
14871,4,0,21513
14872,1,0,21514
14873,1,0,21515
14874,1,0,21516
14875,5,0,21521
14876,1,0,21522
14877,5,0,21527
14878,1,0,21528
14879,2,0,21530
14880,1,0,21531
14881,1,0,21532
14882,1,0,21533
14883,2,0,21535
14884,1,0,21536
14885,1,0,21537
14886,1,0,21538
14887,2,0,21540
14888,1,0,21541
14889,1,0,21542
14890,5,0,21547
14891,3,0,21550
14892,1,0,21551
14893,1,0,21552
14894,2,0,21554
14895,1,0,21555
14896,1,0,21556
14897,2,0,21558
14898,1,0,21559
14899,1,0,21560
14900,2,0,21562
14901,1,0,21563
14902,4,0,21567
14903,1,0,21568
14904,1,0,21569
14905,1,0,21570
14906,1,0,21571
14907,1,0,21572
14908,1,0,21573
14909,2,0,21575
14910,1,0,21576
14911,1,0,21577
14912,2,0,21579
14913,1,0,21580
14914,2,0,21582
14915,2,0,21584
14916,1,0,21585
14917,3,0,21588
14918,1,0,21589
14919,1,0,21590
14920,1,0,21591
14921,1,0,21592
14922,1,0,21593
14923,1,0,21594
14924,1,0,21595
14925,2,0,21597
14926,1,0,21598
14927,5,0,21603
14928,2,0,21605
14929,2,0,21607
14930,1,0,21608
14931,1,0,21609
14932,1,0,21610
14933,1,0,21611
14934,1,0,21612
14935,1,0,21613
14936,1,0,21614
14937,1,0,21615
14938,1,0,21616
14939,1,0,21617
14940,1,0,21618
14941,1,0,21619
14942,2,0,21621
14943,2,0,21623
14944,2,0,21625
14945,1,0,21626
14946,1,0,21627
14947,1,0,21628
14948,1,0,21629
14949,2,0,21631
14950,1,0,21632
14951,2,0,21634
14952,3,0,21637
14953,2,0,21639
14954,1,0,21640
14955,1,0,21641
14956,1,0,21642
14957,1,0,21643
14958,3,0,21646
14959,3,0,21649
14960,1,0,21650
14961,2,0,21652
14962,1,0,21653
14963,1,0,21654
14964,1,0,21655
14965,3,0,21658
14966,1,0,21659
14967,1,0,21660
14968,1,0,21661
14969,1,0,21662
14970,2,0,21664
14971,3,0,21667
14972,1,0,21668
14973,1,0,21669
14974,2,0,21671
14975,2,0,21673
14976,1,0,21674
14977,1,0,21675
14978,1,0,21676
14979,1,0,21677
14980,1,0,21678
14981,1,0,21679
14982,2,0,21681
14983,4,0,21685
14984,1,0,21686
14985,2,0,21688
14986,1,0,21689
14987,1,0,21690
14988,1,0,21691
14989,2,0,21693
14990,1,0,21694
14991,2,0,21696
14992,1,0,21697
14993,2,0,21699
14994,1,0,21700
14995,1,0,21701
14996,1,0,21702
14997,2,0,21704
14998,3,0,21707
14999,1,0,21708
15000,2,0,21710
15001,2,0,21712
15002,1,0,21713
15003,2,0,21715
15004,1,0,21716
15005,1,0,21717
15006,1,0,21718
15007,1,0,21719
15008,2,0,21721
15009,1,0,21722
15010,1,0,21723
15011,1,0,21724
15012,7,0,21731
15013,1,0,21732
15014,1,0,21733
15015,1,0,21734
15016,4,0,21738
15017,2,0,21740
15018,2,0,21742
15019,2,0,21744
15020,2,0,21746
15021,1,0,21747
15022,2,0,21749
15023,1,0,21750
15024,2,0,21752
15025,1,0,21753
15026,1,0,21754
15027,1,0,21755
15028,1,0,21756
15029,1,0,21757
15030,1,0,21758
15031,1,0,21759
15032,2,0,21761
15033,1,0,21762
15034,1,0,21763
15035,1,0,21764
15036,1,0,21765
15037,1,0,21766
15038,1,0,21767
15039,1,0,21768
15040,3,0,21771
15041,4,0,21775
15042,2,0,21777
15043,1,0,21778
15044,1,0,21779
15045,1,0,21780
15046,1,0,21781
15047,1,0,21782
15048,1,0,21783
15049,3,0,21786
15050,1,0,21787
15051,1,0,21788
15052,2,0,21790
15053,1,0,21791
15054,2,0,21793
15055,1,0,21794
15056,2,0,21796
15057,1,0,21797
15058,1,0,21798
15059,2,0,21800
15060,3,0,21803
15061,2,0,21805
15062,1,0,21806
15063,1,0,21807
15064,1,0,21808
15065,2,0,21810
15066,1,0,21811
15067,3,0,21814
15068,1,0,21815
15069,2,0,21817
15070,1,0,21818
15071,1,0,21819
15072,1,0,21820
15073,4,0,21824
15074,1,0,21825
15075,1,0,21826
15076,1,0,21827
15077,1,0,21828
15078,1,0,21829
15079,2,0,21831
15080,3,0,21834
15081,1,0,21835
15082,1,0,21836
15083,1,0,21837
15084,2,0,21839
15085,1,0,21840
15086,1,0,21841
15087,1,0,21842
15088,2,0,21844
15089,2,0,21846
15090,1,0,21847
15091,2,0,21849
15092,2,0,21851
15093,4,0,21855
15094,1,0,21856
15095,1,0,21857
15096,1,0,21858
15097,2,0,21860
15098,1,0,21861
15099,1,0,21862
15100,1,0,21863
15101,1,0,21864
15102,1,0,21865
15103,3,0,21868
15104,1,0,21869
15105,2,0,21871
15106,2,0,21873
15107,4,0,21877
15108,2,0,21879
15109,1,0,21880
15110,1,0,21881
15111,1,0,21882
15112,2,0,21884
15113,4,0,21888
15114,1,0,21889
15115,1,0,21890
15116,1,0,21891
15117,2,0,21893
15118,1,0,21894
15119,1,0,21895
15120,1,0,21896
15121,1,0,21897
15122,3,0,21900
15123,4,0,21904
15124,1,0,21905
15125,3,0,21908
15126,2,0,21910
15127,1,0,21911
15128,2,0,21913
15129,2,0,21915
15130,1,0,21916
15131,1,0,21917
15132,3,0,21920
15133,1,0,21921
15134,1,0,21922
15135,1,0,21923
15136,1,0,21924
15137,1,0,21925
15138,1,0,21926
15139,1,0,21927
15140,2,0,21929
15141,2,0,21931
15142,1,0,21932
15143,3,0,21935
15144,1,0,21936
15145,1,0,21937
15146,1,0,21938
15147,1,0,21939
15148,3,0,21942
15149,1,0,21943
15150,1,0,21944
15151,1,0,21945
15152,1,0,21946
15153,1,0,21947
15154,1,0,21948
15155,1,0,21949
15156,1,0,21950
15157,1,0,21951
15158,1,0,21952
15159,1,0,21953
15160,2,0,21955
15161,1,0,21956
15162,1,0,21957
15163,1,0,21958
15164,3,0,21961
15165,1,0,21962
15166,2,0,21964
15167,2,0,21966
15168,1,0,21967
15169,1,0,21968
15170,4,0,21972
15171,1,0,21973
15172,1,0,21974
15173,1,0,21975
15174,1,0,21976
15175,1,0,21977
15176,1,0,21978
15177,2,0,21980
15178,3,0,21983
15179,2,0,21985
15180,1,0,21986
15181,2,0,21988
15182,1,0,21989
15183,1,0,21990
15184,1,0,21991
15185,2,0,21993
15186,1,0,21994
15187,1,0,21995
15188,2,0,21997
15189,1,0,21998
15190,1,0,21999
15191,1,0,22000
15192,1,0,22001
15193,1,0,22002
15194,2,0,22004
15195,1,0,22005
15196,1,0,22006
15197,1,0,22007
15198,1,0,22008
15199,1,0,22009
15200,1,0,22010
15201,2,0,22012
15202,1,0,22013
15203,1,0,22014
15204,2,0,22016
15205,1,0,22017
15206,1,0,22018
15207,1,0,22019
15208,1,0,22020
15209,1,0,22021
15210,1,0,22022
15211,1,0,22023
15212,1,0,22024
15213,1,0,22025
15214,1,0,22026
15215,2,0,22028
15216,5,0,22033
15217,2,0,22035
15218,1,0,22036
15219,5,0,22041
15220,1,0,22042
15221,5,0,22047
15222,2,0,22049
15223,1,0,22050
15224,2,0,22052
15225,2,0,22054
15226,1,0,22055
15227,1,0,22056
15228,1,0,22057
15229,1,0,22058
15230,1,0,22059
15231,1,0,22060
15232,1,0,22061
15233,1,0,22062
15234,1,0,22063
15235,1,0,22064
15236,1,0,22065
15237,1,0,22066
15238,1,0,22067
15239,1,0,22068
15240,2,0,22070
15241,1,0,22071
15242,2,0,22073
15243,2,0,22075
15244,1,0,22076
15245,1,0,22077
15246,2,0,22079
15247,1,0,22080
15248,2,0,22082
15249,2,0,22084
15250,1,0,22085
15251,1,0,22086
15252,1,0,22087
15253,1,0,22088
15254,3,0,22091
15255,4,0,22095
15256,1,0,22096
15257,1,0,22097
15258,1,0,22098
15259,1,0,22099
15260,1,0,22100
15261,1,0,22101
15262,2,0,22103
15263,1,0,22104
15264,1,0,22105
15265,2,0,22107
15266,3,0,22110
15267,3,0,22113
15268,1,0,22114
15269,2,0,22116
15270,1,0,22117
15271,1,0,22118
15272,1,0,22119
15273,1,0,22120
15274,2,0,22122
15275,2,0,22124
15276,1,0,22125
15277,1,0,22126
15278,2,0,22128
15279,1,0,22129
15280,1,0,22130
15281,1,0,22131
15282,1,0,22132
15283,1,0,22133
15284,3,0,22136
15285,1,0,22137
15286,1,0,22138
15287,1,0,22139
15288,1,0,22140
15289,2,0,22142
15290,2,0,22144
15291,2,0,22146
15292,1,0,22147
15293,1,0,22148
15294,2,0,22150
15295,1,0,22151
15296,1,0,22152
15297,3,0,22155
15298,1,0,22156
15299,4,0,22160
15300,1,0,22161
15301,2,0,22163
15302,1,0,22164
15303,1,0,22165
15304,1,0,22166
15305,1,0,22167
15306,1,0,22168
15307,1,0,22169
15308,1,0,22170
15309,1,0,22171
15310,1,0,22172
15311,1,0,22173
15312,2,0,22175
15313,1,0,22176
15314,1,0,22177
15315,1,0,22178
15316,1,0,22179
15317,1,0,22180
15318,3,0,22183
15319,1,0,22184
15320,1,0,22185
15321,1,0,22186
15322,1,0,22187
15323,1,0,22188
15324,1,0,22189
15325,1,0,22190
15326,1,0,22191
15327,1,0,22192
15328,1,0,22193
15329,1,0,22194
15330,1,0,22195
15331,1,0,22196
15332,2,0,22198
15333,2,0,22200
15334,3,0,22203
15335,1,0,22204
15336,6,0,22210
15337,1,0,22211
15338,2,0,22213
15339,1,0,22214
15340,2,0,22216
15341,1,0,22217
15342,3,0,22220
15343,1,0,22221
15344,2,0,22223
15345,2,0,22225
15346,1,0,22226
15347,1,0,22227
15348,2,0,22229
15349,1,0,22230
15350,5,0,22235
15351,1,0,22236
15352,1,0,22237
15353,1,0,22238
15354,1,0,22239
15355,2,0,22241
15356,1,0,22242
15357,1,0,22243
15358,1,0,22244
15359,2,0,22246
15360,1,0,22247
15361,3,0,22250
15362,1,0,22251
15363,1,0,22252
15364,1,0,22253
15365,1,0,22254
15366,1,0,22255
15367,1,0,22256
15368,2,0,22258
15369,1,0,22259
15370,1,0,22260
15371,1,0,22261
15372,1,0,22262
15373,1,0,22263
15374,2,0,22265
15375,1,0,22266
15376,1,0,22267
15377,3,0,22270
15378,1,0,22271
15379,1,0,22272
15380,1,0,22273
15381,2,0,22275
15382,1,0,22276
15383,1,0,22277
15384,1,0,22278
15385,1,0,22279
15386,1,0,22280
15387,1,0,22281
15388,1,0,22282
15389,1,0,22283
15390,1,0,22284
15391,1,0,22285
15392,1,0,22286
15393,1,0,22287
15394,1,0,22288
15395,1,0,22289
15396,4,0,22293
15397,1,0,22294
15398,1,0,22295
15399,2,0,22297
15400,2,0,22299
15401,1,0,22300
15402,1,0,22301
15403,1,0,22302
15404,1,0,22303
15405,1,0,22304
15406,1,0,22305
15407,1,0,22306
15408,1,0,22307
15409,1,0,22308
15410,1,0,22309
15411,1,0,22310
15412,1,0,22311
15413,1,0,22312
15414,2,0,22314
15415,1,0,22315
15416,1,0,22316
15417,1,0,22317
15418,1,0,22318
15419,2,0,22320
15420,1,0,22321
15421,3,0,22324
15422,1,0,22325
15423,1,0,22326
15424,3,0,22329
15425,2,0,22331
15426,2,0,22333
15427,1,0,22334
15428,1,0,22335
15429,1,0,22336
15430,3,0,22339
15431,1,0,22340
15432,1,0,22341
15433,1,0,22342
15434,1,0,22343
15435,1,0,22344
15436,1,0,22345
15437,1,0,22346
15438,1,0,22347
15439,4,0,22351
15440,3,0,22354
15441,2,0,22356
15442,2,0,22358
15443,2,0,22360
15444,3,0,22363
15445,2,0,22365
15446,1,0,22366
15447,2,0,22368
15448,1,0,22369
15449,1,0,22370
15450,1,0,22371
15451,3,0,22374
15452,3,0,22377
15453,2,0,22379
15454,2,0,22381
15455,1,0,22382
15456,1,0,22383
15457,1,0,22384
15458,1,0,22385
15459,2,0,22387
15460,1,0,22388
15461,1,0,22389
15462,1,0,22390
15463,1,0,22391
15464,1,0,22392
15465,1,0,22393
15466,5,0,22398
15467,1,0,22399
15468,1,0,22400
15469,1,0,22401
15470,4,0,22405
15471,1,0,22406
15472,1,0,22407
15473,1,0,22408
15474,2,0,22410
15475,1,0,22411
15476,1,0,22412
15477,2,0,22414
15478,1,0,22415
15479,1,0,22416
15480,1,0,22417
15481,2,0,22419
15482,3,0,22422
15483,2,0,22424
15484,2,0,22426
15485,2,0,22428
15486,1,0,22429
15487,3,0,22432
15488,2,0,22434
15489,3,0,22437
15490,2,0,22439
15491,1,0,22440
15492,1,0,22441
15493,1,0,22442
15494,1,0,22443
15495,1,0,22444
15496,1,0,22445
15497,2,0,22447
15498,1,0,22448
15499,2,0,22450
15500,2,0,22452
15501,1,0,22453
15502,3,0,22456
15503,1,0,22457
15504,1,0,22458
15505,1,0,22459
15506,2,0,22461
15507,1,0,22462
15508,3,0,22465
15509,3,0,22468
15510,1,0,22469
15511,2,0,22471
15512,1,0,22472
15513,1,0,22473
15514,2,0,22475
15515,2,0,22477
15516,1,0,22478
15517,2,0,22480
15518,1,0,22481
15519,1,0,22482
15520,1,0,22483
15521,1,0,22484
15522,2,0,22486
15523,1,0,22487
15524,1,0,22488
15525,1,0,22489
15526,1,0,22490
15527,3,0,22493
15528,1,0,22494
15529,1,0,22495
15530,1,0,22496
15531,1,0,22497
15532,1,0,22498
15533,1,0,22499
15534,1,0,22500
15535,1,0,22501
15536,1,0,22502
15537,2,0,22504
15538,1,0,22505
15539,2,0,22507
15540,1,0,22508
15541,1,0,22509
15542,1,0,22510
15543,1,0,22511
15544,1,0,22512
15545,2,0,22514
15546,1,0,22515
15547,2,0,22517
15548,1,0,22518
15549,2,0,22520
15550,1,0,22521
15551,1,0,22522
15552,1,0,22523
15553,1,0,22524
15554,2,0,22526
15555,1,0,22527
15556,1,0,22528
15557,2,0,22530
15558,2,0,22532
15559,1,0,22533
15560,2,0,22535
15561,2,0,22537
15562,2,0,22539
15563,2,0,22541
15564,1,0,22542
15565,1,0,22543
15566,3,0,22546
15567,1,0,22547
15568,3,0,22550
15569,1,0,22551
15570,1,0,22552
15571,2,0,22554
15572,1,0,22555
15573,2,0,22557
15574,1,0,22558
15575,1,0,22559
15576,1,0,22560
15577,1,0,22561
15578,1,0,22562
15579,1,0,22563
15580,1,0,22564
15581,1,0,22565
15582,1,0,22566
15583,1,0,22567
15584,1,0,22568
15585,1,0,22569
15586,2,0,22571
15587,2,0,22573
15588,1,0,22574
15589,1,0,22575
15590,1,0,22576
15591,4,0,22580
15592,2,0,22582
15593,1,0,22583
15594,1,0,22584
15595,1,0,22585
15596,1,0,22586
15597,1,0,22587
15598,1,0,22588
15599,1,0,22589
15600,1,0,22590
15601,1,0,22591
15602,1,0,22592
15603,1,0,22593
15604,1,0,22594
15605,2,0,22596
15606,1,0,22597
15607,1,0,22598
15608,1,0,22599
15609,1,0,22600
15610,1,0,22601
15611,1,0,22602
15612,1,0,22603
15613,1,0,22604
15614,1,0,22605
15615,1,0,22606
15616,1,0,22607
15617,1,0,22608
15618,4,0,22612
15619,1,0,22613
15620,3,0,22616
15621,1,0,22617
15622,1,0,22618
15623,1,0,22619
15624,2,0,22621
15625,1,0,22622
15626,1,0,22623
15627,1,0,22624
15628,2,0,22626
15629,1,0,22627
15630,2,0,22629
15631,1,0,22630
15632,3,0,22633
15633,2,0,22635
15634,1,0,22636
15635,5,0,22641
15636,1,0,22642
15637,1,0,22643
15638,4,0,22647
15639,2,0,22649
15640,1,0,22650
15641,2,0,22652
15642,1,0,22653
15643,1,0,22654
15644,1,0,22655
15645,3,0,22658
15646,3,0,22661
15647,2,0,22663
15648,1,0,22664
15649,1,0,22665
15650,1,0,22666
15651,2,0,22668
15652,3,0,22671
15653,2,0,22673
15654,1,0,22674
15655,1,0,22675
15656,1,0,22676
15657,1,0,22677
15658,1,0,22678
15659,2,0,22680
15660,2,0,22682
15661,1,0,22683
15662,1,0,22684
15663,1,0,22685
15664,1,0,22686
15665,1,0,22687
15666,2,0,22689
15667,2,0,22691
15668,2,0,22693
15669,1,0,22694
15670,3,0,22697
15671,1,0,22698
15672,1,0,22699
15673,3,0,22702
15674,1,0,22703
15675,1,0,22704
15676,1,0,22705
15677,1,0,22706
15678,1,0,22707
15679,2,0,22709
15680,1,0,22710
15681,1,0,22711
15682,1,0,22712
15683,3,0,22715
15684,1,0,22716
15685,1,0,22717
15686,1,0,22718
15687,1,0,22719
15688,3,0,22722
15689,1,0,22723
15690,1,0,22724
15691,1,0,22725
15692,2,0,22727
15693,1,0,22728
15694,2,0,22730
15695,1,0,22731
15696,1,0,22732
15697,3,0,22735
15698,2,0,22737
15699,1,0,22738
15700,1,0,22739
15701,2,0,22741
15702,2,0,22743
15703,1,0,22744
15704,2,0,22746
15705,2,0,22748
15706,1,0,22749
15707,1,0,22750
15708,1,0,22751
15709,4,0,22755
15710,1,0,22756
15711,1,0,22757
15712,3,0,22760
15713,1,0,22761
15714,1,0,22762
15715,1,0,22763
15716,1,0,22764
15717,1,0,22765
15718,1,0,22766
15719,2,0,22768
15720,1,0,22769
15721,1,0,22770
15722,2,0,22772
15723,1,0,22773
15724,2,0,22775
15725,1,0,22776
15726,1,0,22777
15727,1,0,22778
15728,1,0,22779
15729,1,0,22780
15730,3,0,22783
15731,1,0,22784
15732,2,0,22786
15733,1,0,22787
15734,1,0,22788
15735,4,0,22792
15736,2,0,22794
15737,1,0,22795
15738,2,0,22797
15739,1,0,22798
15740,2,0,22800
15741,2,0,22802
15742,3,0,22805
15743,2,0,22807
15744,1,0,22808
15745,1,0,22809
15746,1,0,22810
15747,2,0,22812
15748,1,0,22813
15749,2,0,22815
15750,1,0,22816
15751,1,0,22817
15752,1,0,22818
15753,3,0,22821
15754,2,0,22823
15755,2,0,22825
15756,1,0,22826
15757,1,0,22827
15758,1,0,22828
15759,1,0,22829
15760,1,0,22830
15761,2,0,22832
15762,1,0,22833
15763,1,0,22834
15764,3,0,22837
15765,1,0,22838
15766,1,0,22839
15767,2,0,22841
15768,1,0,22842
15769,1,0,22843
15770,1,0,22844
15771,1,0,22845
15772,1,0,22846
15773,1,0,22847
15774,1,0,22848
15775,1,0,22849
15776,1,0,22850
15777,1,0,22851
15778,1,0,22852
15779,1,0,22853
15780,1,0,22854
15781,2,0,22856
15782,1,0,22857
15783,2,0,22859
15784,1,0,22860
15785,1,0,22861
15786,1,0,22862
15787,2,0,22864
15788,1,0,22865
15789,1,0,22866
15790,2,0,22868
15791,1,0,22869
15792,1,0,22870
15793,1,0,22871
15794,2,0,22873
15795,1,0,22874
15796,1,0,22875
15797,1,0,22876
15798,1,0,22877
15799,1,0,22878
15800,1,0,22879
15801,1,0,22880
15802,3,0,22883
15803,1,0,22884
15804,2,0,22886
15805,2,0,22888
15806,1,0,22889
15807,4,0,22893
15808,1,0,22894
15809,2,0,22896
15810,2,0,22898
15811,1,0,22899
15812,1,0,22900
15813,2,0,22902
15814,1,0,22903
15815,1,0,22904
15816,1,0,22905
15817,1,0,22906
15818,1,0,22907
15819,1,0,22908
15820,1,0,22909
15821,1,0,22910
15822,1,0,22911
15823,2,0,22913
15824,1,0,22914
15825,2,0,22916
15826,1,0,22917
15827,1,0,22918
15828,1,0,22919
15829,1,0,22920
15830,5,0,22925
15831,1,0,22926
15832,2,0,22928
15833,3,0,22931
15834,1,0,22932
15835,1,0,22933
15836,1,0,22934
15837,2,0,22936
15838,2,0,22938
15839,1,0,22939
15840,4,0,22943
15841,3,0,22946
15842,2,0,22948
15843,2,0,22950
15844,1,0,22951
15845,1,0,22952
15846,1,0,22953
15847,1,0,22954
15848,1,0,22955
15849,2,0,22957
15850,3,0,22960
15851,2,0,22962
15852,2,0,22964
15853,1,0,22965
15854,1,0,22966
15855,2,0,22968
15856,1,0,22969
15857,1,0,22970
15858,1,0,22971
15859,1,0,22972
15860,1,0,22973
15861,1,0,22974
15862,2,0,22976
15863,3,0,22979
15864,1,0,22980
15865,1,0,22981
15866,3,0,22984
15867,1,0,22985
15868,1,0,22986
15869,1,0,22987
15870,1,0,22988
15871,1,0,22989
15872,1,0,22990
15873,2,0,22992
15874,3,0,22995
15875,1,0,22996
15876,1,0,22997
15877,1,0,22998
15878,2,0,23000
15879,1,0,23001
15880,1,0,23002
15881,3,0,23005
15882,1,0,23006
15883,1,0,23007
15884,1,0,23008
15885,1,0,23009
15886,1,0,23010
15887,1,0,23011
15888,2,0,23013
15889,1,0,23014
15890,4,0,23018
15891,1,0,23019
15892,1,0,23020
15893,1,0,23021
15894,1,0,23022
15895,1,0,23023
15896,2,0,23025
15897,2,0,23027
15898,1,0,23028
15899,1,0,23029
15900,1,0,23030
15901,2,0,23032
15902,2,0,23034
15903,1,0,23035
15904,2,0,23037
15905,1,0,23038
15906,2,0,23040
15907,1,0,23041
15908,1,0,23042
15909,2,0,23044
15910,2,0,23046
15911,1,0,23047
15912,1,0,23048
15913,1,0,23049
15914,1,0,23050
15915,1,0,23051
15916,2,0,23053
15917,1,0,23054
15918,1,0,23055
15919,1,0,23056
15920,1,0,23057
15921,2,0,23059
15922,1,0,23060
15923,1,0,23061
15924,4,0,23065
15925,2,0,23067
15926,1,0,23068
15927,1,0,23069
15928,1,0,23070
15929,1,0,23071
15930,2,0,23073
15931,2,0,23075
15932,1,0,23076
15933,3,0,23079
15934,1,0,23080
15935,3,0,23083
15936,2,0,23085
15937,1,0,23086
15938,1,0,23087
15939,1,0,23088
15940,1,0,23089
15941,1,0,23090
15942,2,0,23092
15943,3,0,23095
15944,1,0,23096
15945,1,0,23097
15946,2,0,23099
15947,3,0,23102
15948,2,0,23104
15949,1,0,23105
15950,1,0,23106
15951,4,0,23110
15952,1,0,23111
15953,1,0,23112
15954,2,0,23114
15955,1,0,23115
15956,1,0,23116
15957,2,0,23118
15958,1,0,23119
15959,1,0,23120
15960,1,0,23121
15961,2,0,23123
15962,2,0,23125
15963,1,0,23126
15964,1,0,23127
15965,1,0,23128
15966,1,0,23129
15967,1,0,23130
15968,1,0,23131
15969,1,0,23132
15970,1,0,23133
15971,4,0,23137
15972,1,0,23138
15973,5,0,23143
15974,1,0,23144
15975,1,0,23145
15976,2,0,23147
15977,1,0,23148
15978,4,0,23152
15979,1,0,23153
15980,1,0,23154
15981,1,0,23155
15982,1,0,23156
15983,2,0,23158
15984,1,0,23159
15985,1,0,23160
15986,1,0,23161
15987,1,0,23162
15988,2,0,23164
15989,1,0,23165
15990,1,0,23166
15991,2,0,23168
15992,1,0,23169
15993,1,0,23170
15994,3,0,23173
15995,3,0,23176
15996,1,0,23177
15997,1,0,23178
15998,1,0,23179
15999,1,0,23180
16000,1,0,23181
16001,2,0,23183
16002,2,0,23185
16003,1,0,23186
16004,3,0,23189
16005,2,0,23191
16006,1,0,23192
16007,1,0,23193
16008,3,0,23196
16009,1,0,23197
16010,1,0,23198
16011,1,0,23199
16012,1,0,23200
16013,1,0,23201
16014,2,0,23203
16015,1,0,23204
16016,1,0,23205
16017,2,0,23207
16018,1,0,23208
16019,1,0,23209
16020,1,0,23210
16021,4,0,23214
16022,1,0,23215
16023,1,0,23216
16024,2,0,23218
16025,1,0,23219
16026,1,0,23220
16027,1,0,23221
16028,1,0,23222
16029,1,0,23223
16030,1,0,23224
16031,2,0,23226
16032,1,0,23227
16033,3,0,23230
16034,1,0,23231
16035,1,0,23232
16036,3,0,23235
16037,1,0,23236
16038,1,0,23237
16039,2,0,23239
16040,1,0,23240
16041,2,0,23242
16042,1,0,23243
16043,4,0,23247
16044,3,0,23250
16045,1,0,23251
16046,1,0,23252
16047,2,0,23254
16048,1,0,23255
16049,1,0,23256
16050,1,0,23257
16051,1,0,23258
16052,1,0,23259
16053,1,0,23260
16054,1,0,23261
16055,2,0,23263
16056,5,0,23268
16057,2,0,23270
16058,1,0,23271
16059,1,0,23272
16060,1,0,23273
16061,2,0,23275
16062,1,0,23276
16063,2,0,23278
16064,2,0,23280
16065,3,0,23283
16066,1,0,23284
16067,1,0,23285
16068,1,0,23286
16069,1,0,23287
16070,1,0,23288
16071,4,0,23292
16072,1,0,23293
16073,1,0,23294
16074,2,0,23296
16075,1,0,23297
16076,2,0,23299
16077,2,0,23301
16078,3,0,23304
16079,1,0,23305
16080,1,0,23306
16081,1,0,23307
16082,3,0,23310
16083,2,0,23312
16084,2,0,23314
16085,1,0,23315
16086,1,0,23316
16087,1,0,23317
16088,1,0,23318
16089,1,0,23319
16090,1,0,23320
16091,3,0,23323
16092,1,0,23324
16093,1,0,23325
16094,4,0,23329
16095,2,0,23331
16096,3,0,23334
16097,1,0,23335
16098,1,0,23336
16099,1,0,23337
16100,1,0,23338
16101,1,0,23339
16102,1,0,23340
16103,1,0,23341
16104,3,0,23344
16105,2,0,23346
16106,2,0,23348
16107,1,0,23349
16108,1,0,23350
16109,1,0,23351
16110,1,0,23352
16111,2,0,23354
16112,2,0,23356
16113,1,0,23357
16114,2,0,23359
16115,1,0,23360
16116,1,0,23361
16117,1,0,23362
16118,1,0,23363
16119,1,0,23364
16120,1,0,23365
16121,2,0,23367
16122,2,0,23369
16123,2,0,23371
16124,2,0,23373
16125,1,0,23374
16126,1,0,23375
16127,2,0,23377
16128,1,0,23378
16129,1,0,23379
16130,1,0,23380
16131,2,0,23382
16132,1,0,23383
16133,1,0,23384
16134,1,0,23385
16135,2,0,23387
16136,1,0,23388
16137,6,0,23394
16138,1,0,23395
16139,4,0,23399
16140,2,0,23401
16141,1,0,23402
16142,3,0,23405
16143,1,0,23406
16144,2,0,23408
16145,1,0,23409
16146,1,0,23410
16147,1,0,23411
16148,2,0,23413
16149,2,0,23415
16150,2,0,23417
16151,1,0,23418
16152,1,0,23419
16153,1,0,23420
16154,1,0,23421
16155,2,0,23423
16156,1,0,23424
16157,1,0,23425
16158,1,0,23426
16159,1,0,23427
16160,1,0,23428
16161,2,0,23430
16162,2,0,23432
16163,2,0,23434
16164,2,0,23436
16165,1,0,23437
16166,1,0,23438
16167,1,0,23439
16168,3,0,23442
16169,2,0,23444
16170,3,0,23447
16171,1,0,23448
16172,1,0,23449
16173,1,0,23450
16174,1,0,23451
16175,2,0,23453
16176,1,0,23454
16177,1,0,23455
16178,1,0,23456
16179,2,0,23458
16180,1,0,23459
16181,3,0,23462
16182,2,0,23464
16183,1,0,23465
16184,2,0,23467
16185,2,0,23469
16186,2,0,23471
16187,1,0,23472
16188,2,0,23474
16189,4,0,23478
16190,1,0,23479
16191,1,0,23480
16192,1,0,23481
16193,3,0,23484
16194,2,0,23486
16195,1,0,23487
16196,1,0,23488
16197,1,0,23489
16198,1,0,23490
16199,1,0,23491
16200,2,0,23493
16201,1,0,23494
16202,1,0,23495
16203,2,0,23497
16204,1,0,23498
16205,1,0,23499
16206,1,0,23500
16207,1,0,23501
16208,1,0,23502
16209,2,0,23504
16210,4,0,23508
16211,1,0,23509
16212,1,0,23510
16213,1,0,23511
16214,3,0,23514
16215,2,0,23516
16216,1,0,23517
16217,2,0,23519
16218,1,0,23520
16219,3,0,23523
16220,1,0,23524
16221,1,0,23525
16222,2,0,23527
16223,1,0,23528
16224,1,0,23529
16225,1,0,23530
16226,2,0,23532
16227,3,0,23535
16228,2,0,23537
16229,1,0,23538
16230,2,0,23540
16231,2,0,23542
16232,4,0,23546
16233,2,0,23548
16234,1,0,23549
16235,1,0,23550
16236,3,0,23553
16237,1,0,23554
16238,2,0,23556
16239,1,0,23557
16240,1,0,23558
16241,4,0,23562
16242,2,0,23564
16243,3,0,23567
16244,1,0,23568
16245,1,0,23569
16246,4,0,23573
16247,1,0,23574
16248,2,0,23576
16249,1,0,23577
16250,2,0,23579
16251,1,0,23580
16252,2,0,23582
16253,2,0,23584
16254,1,0,23585
16255,1,0,23586
16256,1,0,23587
16257,1,0,23588
16258,1,0,23589
16259,1,0,23590
16260,2,0,23592
16261,1,0,23593
16262,1,0,23594
16263,1,0,23595
16264,1,0,23596
16265,1,0,23597
16266,1,0,23598
16267,5,0,23603
16268,1,0,23604
16269,2,0,23606
16270,2,0,23608
16271,1,0,23609
16272,1,0,23610
16273,1,0,23611
16274,2,0,23613
16275,2,0,23615
16276,2,0,23617
16277,2,0,23619
16278,1,0,23620
16279,1,0,23621
16280,1,0,23622
16281,2,0,23624
16282,1,0,23625
16283,1,0,23626
16284,3,0,23629
16285,1,0,23630
16286,4,0,23634
16287,1,0,23635
16288,1,0,23636
16289,1,0,23637
16290,1,0,23638
16291,6,0,23644
16292,3,0,23647
16293,3,0,23650
16294,1,0,23651
16295,3,0,23654
16296,1,0,23655
16297,1,0,23656
16298,2,0,23658
16299,3,0,23661
16300,1,0,23662
16301,1,0,23663
16302,1,0,23664
16303,2,0,23666
16304,1,0,23667
16305,1,0,23668
16306,1,0,23669
16307,1,0,23670
16308,1,0,23671
16309,1,0,23672
16310,3,0,23675
16311,1,0,23676
16312,1,0,23677
16313,1,0,23678
16314,4,0,23682
16315,2,0,23684
16316,1,0,23685
16317,1,0,23686
16318,2,0,23688
16319,1,0,23689
16320,1,0,23690
16321,2,0,23692
16322,1,0,23693
16323,1,0,23694
16324,1,0,23695
16325,1,0,23696
16326,1,0,23697
16327,1,0,23698
16328,1,0,23699
16329,1,0,23700
16330,4,0,23704
16331,1,0,23705
16332,1,0,23706
16333,1,0,23707
16334,1,0,23708
16335,1,0,23709
16336,1,0,23710
16337,1,0,23711
16338,1,0,23712
16339,1,0,23713
16340,1,0,23714
16341,1,0,23715
16342,1,0,23716
16343,1,0,23717
16344,3,0,23720
16345,2,0,23722
16346,1,0,23723
16347,2,0,23725
16348,2,0,23727
16349,1,0,23728
16350,2,0,23730
16351,1,0,23731
16352,1,0,23732
16353,3,0,23735
16354,1,0,23736
16355,1,0,23737
16356,2,0,23739
16357,1,0,23740
16358,1,0,23741
16359,1,0,23742
16360,1,0,23743
16361,1,0,23744
16362,1,0,23745
16363,1,0,23746
16364,1,0,23747
16365,1,0,23748
16366,1,0,23749
16367,1,0,23750
16368,1,0,23751
16369,6,0,23757
16370,3,0,23760
16371,2,0,23762
16372,1,0,23763
16373,1,0,23764
16374,1,0,23765
16375,4,0,23769
16376,1,0,23770
16377,2,0,23772
16378,2,0,23774
16379,1,0,23775
16380,1,0,23776
16381,1,0,23777
16382,2,0,23779
16383,1,0,23780
16384,3,0,23783
16385,1,0,23784
16386,1,0,23785
16387,1,0,23786
16388,1,0,23787
16389,1,0,23788
16390,2,0,23790
16391,1,0,23791
16392,1,0,23792
16393,1,0,23793
16394,1,0,23794
16395,1,0,23795
16396,2,0,23797
16397,1,0,23798
16398,1,0,23799
16399,1,0,23800
16400,1,0,23801
16401,1,0,23802
16402,1,0,23803
16403,1,0,23804
16404,1,0,23805
16405,2,0,23807
16406,1,0,23808
16407,2,0,23810
16408,1,0,23811
16409,1,0,23812
16410,2,0,23814
16411,1,0,23815
16412,2,0,23817
16413,2,0,23819
16414,1,0,23820
16415,1,0,23821
16416,1,0,23822
16417,1,0,23823
16418,1,0,23824
16419,2,0,23826
16420,2,0,23828
16421,1,0,23829
16422,1,0,23830
16423,2,0,23832
16424,1,0,23833
16425,3,0,23836
16426,3,0,23839
16427,2,0,23841
16428,1,0,23842
16429,1,0,23843
16430,1,0,23844
16431,3,0,23847
16432,1,0,23848
16433,1,0,23849
16434,1,0,23850
16435,1,0,23851
16436,1,0,23852
16437,2,0,23854
16438,1,0,23855
16439,1,0,23856
16440,1,0,23857
16441,1,0,23858
16442,2,0,23860
16443,2,0,23862
16444,1,0,23863
16445,1,0,23864
16446,1,0,23865
16447,1,0,23866
16448,2,0,23868
16449,1,0,23869
16450,1,0,23870
16451,1,0,23871
16452,1,0,23872
16453,1,0,23873
16454,1,0,23874
16455,1,0,23875
16456,1,0,23876
16457,2,0,23878
16458,3,0,23881
16459,1,0,23882
16460,3,0,23885
16461,4,0,23889
16462,1,0,23890
16463,1,0,23891
16464,1,0,23892
16465,1,0,23893
16466,1,0,23894
16467,1,0,23895
16468,2,0,23897
16469,1,0,23898
16470,1,0,23899
16471,1,0,23900
16472,3,0,23903
16473,1,0,23904
16474,1,0,23905
16475,2,0,23907
16476,2,0,23909
16477,1,0,23910
16478,1,0,23911
16479,1,0,23912
16480,1,0,23913
16481,1,0,23914
16482,1,0,23915
16483,3,0,23918
16484,1,0,23919
16485,1,0,23920
16486,2,0,23922
16487,1,0,23923
16488,2,0,23925
16489,1,0,23926
16490,1,0,23927
16491,1,0,23928
16492,1,0,23929
16493,1,0,23930
16494,2,0,23932
16495,2,0,23934
16496,3,0,23937
16497,1,0,23938
16498,1,0,23939
16499,1,0,23940
16500,2,0,23942
16501,1,0,23943
16502,1,0,23944
16503,1,0,23945
16504,3,0,23948
16505,1,0,23949
16506,1,0,23950
16507,2,0,23952
16508,1,0,23953
16509,3,0,23956
16510,1,0,23957
16511,1,0,23958
16512,1,0,23959
16513,1,0,23960
16514,2,0,23962
16515,1,0,23963
16516,1,0,23964
16517,1,0,23965
16518,1,0,23966
16519,1,0,23967
16520,3,0,23970
16521,1,0,23971
16522,3,0,23974
16523,1,0,23975
16524,2,0,23977
16525,1,0,23978
16526,1,0,23979
16527,1,0,23980
16528,1,0,23981
16529,1,0,23982
16530,2,0,23984
16531,1,0,23985
16532,5,0,23990
16533,5,0,23995
16534,2,0,23997
16535,2,0,23999
16536,1,0,24000
16537,1,0,24001
16538,1,0,24002
16539,1,0,24003
16540,3,0,24006
16541,1,0,24007
16542,2,0,24009
16543,1,0,24010
16544,1,0,24011
16545,1,0,24012
16546,2,0,24014
16547,2,0,24016
16548,1,0,24017
16549,1,0,24018
16550,1,0,24019
16551,2,0,24021
16552,1,0,24022
16553,1,0,24023
16554,1,0,24024
16555,3,0,24027
16556,1,0,24028
16557,1,0,24029
16558,1,0,24030
16559,2,0,24032
16560,1,0,24033
16561,1,0,24034
16562,4,0,24038
16563,1,0,24039
16564,2,0,24041
16565,1,0,24042
16566,1,0,24043
16567,5,0,24048
16568,1,0,24049
16569,1,0,24050
16570,1,0,24051
16571,1,0,24052
16572,1,0,24053
16573,2,0,24055
16574,1,0,24056
16575,1,0,24057
16576,2,0,24059
16577,2,0,24061
16578,1,0,24062
16579,1,0,24063
16580,1,0,24064
16581,1,0,24065
16582,1,0,24066
16583,1,0,24067
16584,1,0,24068
16585,3,0,24071
16586,1,0,24072
16587,3,0,24075
16588,2,0,24077
16589,1,0,24078
16590,2,0,24080
16591,2,0,24082
16592,2,0,24084
16593,1,0,24085
16594,1,0,24086
16595,2,0,24088
16596,2,0,24090
16597,2,0,24092
16598,1,0,24093
16599,1,0,24094
16600,1,0,24095
16601,1,0,24096
16602,2,0,24098
16603,2,0,24100
16604,1,0,24101
16605,1,0,24102
16606,1,0,24103
16607,1,0,24104
16608,2,0,24106
16609,3,0,24109
16610,1,0,24110
16611,1,0,24111
16612,2,0,24113
16613,3,0,24116
16614,3,0,24119
16615,1,0,24120
16616,1,0,24121
16617,1,0,24122
16618,1,0,24123
16619,1,0,24124
16620,2,0,24126
16621,1,0,24127
16622,1,0,24128
16623,1,0,24129
16624,4,0,24133
16625,1,0,24134
16626,2,0,24136
16627,4,0,24140
16628,1,0,24141
16629,1,0,24142
16630,1,0,24143
16631,3,0,24146
16632,1,0,24147
16633,2,0,24149
16634,1,0,24150
16635,1,0,24151
16636,1,0,24152
16637,2,0,24154
16638,2,0,24156
16639,1,0,24157
16640,5,0,24162
16641,2,0,24164
16642,1,0,24165
16643,2,0,24167
16644,1,0,24168
16645,1,0,24169
16646,1,0,24170
16647,1,0,24171
16648,1,0,24172
16649,2,0,24174
16650,1,0,24175
16651,1,0,24176
16652,1,0,24177
16653,1,0,24178
16654,1,0,24179
16655,1,0,24180
16656,1,0,24181
16657,1,0,24182
16658,1,0,24183
16659,1,0,24184
16660,1,0,24185
16661,1,0,24186
16662,1,0,24187
16663,1,0,24188
16664,1,0,24189
16665,1,0,24190
16666,2,0,24192
16667,3,0,24195
16668,1,0,24196
16669,1,0,24197
16670,1,0,24198
16671,2,0,24200
16672,1,0,24201
16673,1,0,24202
16674,1,0,24203
16675,1,0,24204
16676,1,0,24205
16677,1,0,24206
16678,3,0,24209
16679,1,0,24210
16680,1,0,24211
16681,2,0,24213
16682,1,0,24214
16683,2,0,24216
16684,2,0,24218
16685,1,0,24219
16686,1,0,24220
16687,1,0,24221
16688,1,0,24222
16689,2,0,24224
16690,1,0,24225
16691,1,0,24226
16692,1,0,24227
16693,1,0,24228
16694,1,0,24229
16695,1,0,24230
16696,1,0,24231
16697,1,0,24232
16698,2,0,24234
16699,1,0,24235
16700,2,0,24237
16701,3,0,24240
16702,1,0,24241
16703,1,0,24242
16704,2,0,24244
16705,3,0,24247
16706,1,0,24248
16707,1,0,24249
16708,1,0,24250
16709,1,0,24251
16710,1,0,24252
16711,3,0,24255
16712,1,0,24256
16713,1,0,24257
16714,2,0,24259
16715,2,0,24261
16716,1,0,24262
16717,1,0,24263
16718,3,0,24266
16719,1,0,24267
16720,1,0,24268
16721,1,0,24269
16722,2,0,24271
16723,5,0,24276
16724,3,0,24279
16725,1,0,24280
16726,4,0,24284
16727,1,0,24285
16728,1,0,24286
16729,1,0,24287
16730,1,0,24288
16731,1,0,24289
16732,3,0,24292
16733,1,0,24293
16734,1,0,24294
16735,1,0,24295
16736,1,0,24296
16737,1,0,24297
16738,1,0,24298
16739,1,0,24299
16740,1,0,24300
16741,2,0,24302
16742,4,0,24306
16743,1,0,24307
16744,1,0,24308
16745,2,0,24310
16746,1,0,24311
16747,1,0,24312
16748,3,0,24315
16749,1,0,24316
16750,3,0,24319
16751,1,0,24320
16752,1,0,24321
16753,2,0,24323
16754,1,0,24324
16755,2,0,24326
16756,1,0,24327
16757,1,0,24328
16758,2,0,24330
16759,4,0,24334
16760,3,0,24337
16761,1,0,24338
16762,1,0,24339
16763,1,0,24340
16764,1,0,24341
16765,2,0,24343
16766,3,0,24346
16767,2,0,24348
16768,3,0,24351
16769,1,0,24352
16770,1,0,24353
16771,1,0,24354
16772,1,0,24355
16773,1,0,24356
16774,1,0,24357
16775,2,0,24359
16776,1,0,24360
16777,1,0,24361
16778,1,0,24362
16779,1,0,24363
16780,2,0,24365
16781,1,0,24366
16782,1,0,24367
16783,1,0,24368
16784,1,0,24369
16785,1,0,24370
16786,1,0,24371
16787,1,0,24372
16788,1,0,24373
16789,1,0,24374
16790,1,0,24375
16791,2,0,24377
16792,1,0,24378
16793,2,0,24380
16794,1,0,24381
16795,1,0,24382
16796,1,0,24383
16797,1,0,24384
16798,1,0,24385
16799,1,0,24386
16800,1,0,24387
16801,1,0,24388
16802,1,0,24389
16803,1,0,24390
16804,1,0,24391
16805,1,0,24392
16806,2,0,24394
16807,1,0,24395
16808,2,0,24397
16809,2,0,24399
16810,2,0,24401
16811,1,0,24402
16812,1,0,24403
16813,2,0,24405
16814,4,0,24409
16815,1,0,24410
16816,2,0,24412
16817,1,0,24413
16818,1,0,24414
16819,1,0,24415
16820,1,0,24416
16821,1,0,24417
16822,1,0,24418
16823,3,0,24421
16824,2,0,24423
16825,1,0,24424
16826,1,0,24425
16827,2,0,24427
16828,1,0,24428
16829,1,0,24429
16830,2,0,24431
16831,1,0,24432
16832,1,0,24433
16833,2,0,24435
16834,1,0,24436
16835,1,0,24437
16836,1,0,24438
16837,1,0,24439
16838,1,0,24440
16839,1,0,24441
16840,2,0,24443
16841,1,0,24444
16842,1,0,24445
16843,1,0,24446
16844,1,0,24447
16845,1,0,24448
16846,2,0,24450
16847,1,0,24451
16848,1,0,24452
16849,1,0,24453
16850,2,0,24455
16851,1,0,24456
16852,1,0,24457
16853,3,0,24460
16854,2,0,24462
16855,1,0,24463
16856,1,0,24464
16857,1,0,24465
16858,1,0,24466
16859,1,0,24467
16860,1,0,24468
16861,1,0,24469
16862,1,0,24470
16863,1,0,24471
16864,4,0,24475
16865,1,0,24476
16866,1,0,24477
16867,2,0,24479
16868,1,0,24480
16869,1,0,24481
16870,1,0,24482
16871,2,0,24484
16872,4,0,24488
16873,1,0,24489
16874,1,0,24490
16875,1,0,24491
16876,2,0,24493
16877,1,0,24494
16878,1,0,24495
16879,1,0,24496
16880,2,0,24498
16881,1,0,24499
16882,2,0,24501
16883,1,0,24502
16884,2,0,24504
16885,1,0,24505
16886,1,0,24506
16887,1,0,24507
16888,1,0,24508
16889,1,0,24509
16890,1,0,24510
16891,1,0,24511
16892,1,0,24512
16893,1,0,24513
16894,1,0,24514
16895,3,0,24517
16896,3,0,24520
16897,1,0,24521
16898,1,0,24522
16899,1,0,24523
16900,1,0,24524
16901,3,0,24527
16902,1,0,24528
16903,1,0,24529
16904,1,0,24530
16905,1,0,24531
16906,3,0,24534
16907,1,0,24535
16908,4,0,24539
16909,1,0,24540
16910,2,0,24542
16911,4,0,24546
16912,1,0,24547
16913,1,0,24548
16914,1,0,24549
16915,1,0,24550
16916,1,0,24551
16917,1,0,24552
16918,2,0,24554
16919,1,0,24555
16920,1,0,24556
16921,1,0,24557
16922,1,0,24558
16923,2,0,24560
16924,1,0,24561
16925,1,0,24562
16926,2,0,24564
16927,1,0,24565
16928,1,0,24566
16929,1,0,24567
16930,1,0,24568
16931,1,0,24569
16932,2,0,24571
16933,1,0,24572
16934,1,0,24573
16935,2,0,24575
16936,1,0,24576
16937,2,0,24578
16938,2,0,24580
16939,3,0,24583
16940,1,0,24584
16941,1,0,24585
16942,3,0,24588
16943,3,0,24591
16944,1,0,24592
16945,1,0,24593
16946,1,0,24594
16947,1,0,24595
16948,2,0,24597
16949,2,0,24599
16950,1,0,24600
16951,1,0,24601
16952,1,0,24602
16953,1,0,24603
16954,1,0,24604
16955,1,0,24605
16956,1,0,24606
16957,2,0,24608
16958,1,0,24609
16959,2,0,24611
16960,1,0,24612
16961,1,0,24613
16962,1,0,24614
16963,4,0,24618
16964,1,0,24619
16965,1,0,24620
16966,1,0,24621
16967,1,0,24622
16968,1,0,24623
16969,1,0,24624
16970,1,0,24625
16971,1,0,24626
16972,1,0,24627
16973,2,0,24629
16974,3,0,24632
16975,1,0,24633
16976,1,0,24634
16977,1,0,24635
16978,1,0,24636
16979,1,0,24637
16980,1,0,24638
16981,2,0,24640
16982,2,0,24642
16983,2,0,24644
16984,1,0,24645
16985,1,0,24646
16986,1,0,24647
16987,1,0,24648
16988,1,0,24649
16989,1,0,24650
16990,1,0,24651
16991,1,0,24652
16992,2,0,24654
16993,1,0,24655
16994,2,0,24657
16995,1,0,24658
16996,3,0,24661
16997,1,0,24662
16998,1,0,24663
16999,1,0,24664
17000,2,0,24666
17001,1,0,24667
17002,1,0,24668
17003,1,0,24669
17004,1,0,24670
17005,1,0,24671
17006,1,0,24672
17007,1,0,24673
17008,1,0,24674
17009,1,0,24675
17010,3,0,24678
17011,1,0,24679
17012,2,0,24681
17013,5,0,24686
17014,1,0,24687
17015,1,0,24688
17016,1,0,24689
17017,3,0,24692
17018,1,0,24693
17019,1,0,24694
17020,1,0,24695
17021,2,0,24697
17022,3,0,24700
17023,2,0,24702
17024,2,0,24704
17025,1,0,24705
17026,2,0,24707
17027,1,0,24708
17028,1,0,24709
17029,1,0,24710
17030,1,0,24711
17031,1,0,24712
17032,1,0,24713
17033,1,0,24714
17034,1,0,24715
17035,1,0,24716
17036,1,0,24717
17037,2,0,24719
17038,2,0,24721
17039,1,0,24722
17040,1,0,24723
17041,1,0,24724
17042,2,0,24726
17043,2,0,24728
17044,2,0,24730
17045,1,0,24731
17046,1,0,24732
17047,1,0,24733
17048,3,0,24736
17049,1,0,24737
17050,1,0,24738
17051,1,0,24739
17052,1,0,24740
17053,1,0,24741
17054,2,0,24743
17055,1,0,24744
17056,1,0,24745
17057,1,0,24746
17058,1,0,24747
17059,1,0,24748
17060,3,0,24751
17061,2,0,24753
17062,1,0,24754
17063,1,0,24755
17064,2,0,24757
17065,1,0,24758
17066,1,0,24759
17067,1,0,24760
17068,1,0,24761
17069,1,0,24762
17070,1,0,24763
17071,1,0,24764
17072,1,0,24765
17073,3,0,24768
17074,1,0,24769
17075,4,0,24773
17076,3,0,24776
17077,1,0,24777
17078,1,0,24778
17079,1,0,24779
17080,5,0,24784
17081,1,0,24785
17082,2,0,24787
17083,1,0,24788
17084,4,0,24792
17085,1,0,24793
17086,1,0,24794
17087,3,0,24797
17088,3,0,24800
17089,3,0,24803
17090,1,0,24804
17091,2,0,24806
17092,1,0,24807
17093,1,0,24808
17094,1,0,24809
17095,2,0,24811
17096,1,0,24812
17097,1,0,24813
17098,2,0,24815
17099,2,0,24817
17100,1,0,24818
17101,2,0,24820
17102,2,0,24822
17103,1,0,24823
17104,2,0,24825
17105,2,0,24827
17106,1,0,24828
17107,2,0,24830
17108,1,0,24831
17109,1,0,24832
17110,1,0,24833
17111,1,0,24834
17112,1,0,24835
17113,1,0,24836
17114,1,0,24837
17115,1,0,24838
17116,2,0,24840
17117,2,0,24842
17118,3,0,24845
17119,1,0,24846
17120,2,0,24848
17121,1,0,24849
17122,1,0,24850
17123,1,0,24851
17124,1,0,24852
17125,2,0,24854
17126,1,0,24855
17127,2,0,24857
17128,1,0,24858
17129,1,0,24859
17130,1,0,24860
17131,2,0,24862
17132,1,0,24863
17133,1,0,24864
17134,2,0,24866
17135,1,0,24867
17136,2,0,24869
17137,2,0,24871
17138,2,0,24873
17139,1,0,24874
17140,1,0,24875
17141,2,0,24877
17142,2,0,24879
17143,1,0,24880
17144,2,0,24882
17145,2,0,24884
17146,1,0,24885
17147,2,0,24887
17148,1,0,24888
17149,2,0,24890
17150,1,0,24891
17151,1,0,24892
17152,2,0,24894
17153,2,0,24896
17154,1,0,24897
17155,2,0,24899
17156,1,0,24900
17157,1,0,24901
17158,2,0,24903
17159,1,0,24904
17160,2,0,24906
17161,1,0,24907
17162,1,0,24908
17163,1,0,24909
17164,1,0,24910
17165,1,0,24911
17166,1,0,24912
17167,5,0,24917
17168,1,0,24918
17169,1,0,24919
17170,1,0,24920
17171,2,0,24922
17172,3,0,24925
17173,1,0,24926
17174,1,0,24927
17175,1,0,24928
17176,1,0,24929
17177,1,0,24930
17178,1,0,24931
17179,1,0,24932
17180,2,0,24934
17181,3,0,24937
17182,1,0,24938
17183,1,0,24939
17184,1,0,24940
17185,1,0,24941
17186,3,0,24944
17187,1,0,24945
17188,1,0,24946
17189,1,0,24947
17190,3,0,24950
17191,1,0,24951
17192,1,0,24952
17193,1,0,24953
17194,1,0,24954
17195,2,0,24956
17196,1,0,24957
17197,2,0,24959
17198,1,0,24960
17199,1,0,24961
17200,1,0,24962
17201,1,0,24963
17202,1,0,24964
17203,2,0,24966
17204,2,0,24968
17205,1,0,24969
17206,5,0,24974
17207,2,0,24976
17208,2,0,24978
17209,3,0,24981
17210,1,0,24982
17211,1,0,24983
17212,1,0,24984
17213,1,0,24985
17214,1,0,24986
17215,1,0,24987
17216,2,0,24989
17217,4,0,24993
17218,3,0,24996
17219,1,0,24997
17220,1,0,24998
17221,1,0,24999
17222,1,0,25000
17223,1,0,25001
17224,1,0,25002
17225,3,0,25005
17226,1,0,25006
17227,1,0,25007
17228,1,0,25008
17229,1,0,25009
17230,2,0,25011
17231,4,0,25015
17232,1,0,25016
17233,1,0,25017
17234,1,0,25018
17235,1,0,25019
17236,1,0,25020
17237,1,0,25021
17238,1,0,25022
17239,2,0,25024
17240,1,0,25025
17241,5,0,25030
17242,1,0,25031
17243,2,0,25033
17244,2,0,25035
17245,3,0,25038
17246,1,0,25039
17247,1,0,25040
17248,2,0,25042
17249,1,0,25043
17250,1,0,25044
17251,1,0,25045
17252,2,0,25047
17253,2,0,25049
17254,1,0,25050
17255,1,0,25051
17256,2,0,25053
17257,1,0,25054
17258,2,0,25056
17259,1,0,25057
17260,2,0,25059
17261,3,0,25062
17262,3,0,25065
17263,9,0,25074
17264,1,0,25075
17265,2,0,25077
17266,2,0,25079
17267,1,0,25080
17268,2,0,25082
17269,1,0,25083
17270,1,0,25084
17271,2,0,25086
17272,2,0,25088
17273,3,0,25091
17274,2,0,25093
17275,1,0,25094
17276,1,0,25095
17277,1,0,25096
17278,1,0,25097
17279,1,0,25098
17280,1,0,25099
17281,1,0,25100
17282,2,0,25102
17283,1,0,25103
17284,1,0,25104
17285,1,0,25105
17286,2,0,25107
17287,1,0,25108
17288,1,0,25109
17289,2,0,25111
17290,1,0,25112
17291,2,0,25114
17292,2,0,25116
17293,2,0,25118
17294,1,0,25119
17295,1,0,25120
17296,1,0,25121
17297,1,0,25122
17298,1,0,25123
17299,1,0,25124
17300,2,0,25126
17301,2,0,25128
17302,1,0,25129
17303,1,0,25130
17304,1,0,25131
17305,1,0,25132
17306,1,0,25133
17307,2,0,25135
17308,1,0,25136
17309,1,0,25137
17310,5,0,25142
17311,1,0,25143
17312,1,0,25144
17313,1,0,25145
17314,1,0,25146
17315,1,0,25147
17316,1,0,25148
17317,2,0,25150
17318,1,0,25151
17319,3,0,25154
17320,1,0,25155
17321,2,0,25157
17322,1,0,25158
17323,1,0,25159
17324,1,0,25160
17325,1,0,25161
17326,1,0,25162
17327,2,0,25164
17328,1,0,25165
17329,3,0,25168
17330,5,0,25173
17331,1,0,25174
17332,2,0,25176
17333,1,0,25177
17334,1,0,25178
17335,1,0,25179
17336,1,0,25180
17337,2,0,25182
17338,1,0,25183
17339,1,0,25184
17340,1,0,25185
17341,1,0,25186
17342,1,0,25187
17343,1,0,25188
17344,1,0,25189
17345,1,0,25190
17346,4,0,25194
17347,3,0,25197
17348,2,0,25199
17349,1,0,25200
17350,1,0,25201
17351,1,0,25202
17352,2,0,25204
17353,2,0,25206
17354,2,0,25208
17355,2,0,25210
17356,1,0,25211
17357,1,0,25212
17358,1,0,25213
17359,1,0,25214
17360,1,0,25215
17361,1,0,25216
17362,1,0,25217
17363,4,0,25221
17364,1,0,25222
17365,2,0,25224
17366,1,0,25225
17367,1,0,25226
17368,2,0,25228
17369,1,0,25229
17370,1,0,25230
17371,1,0,25231
17372,2,0,25233
17373,3,0,25236
17374,1,0,25237
17375,1,0,25238
17376,1,0,25239
17377,3,0,25242
17378,1,0,25243
17379,1,0,25244
17380,1,0,25245
17381,1,0,25246
17382,1,0,25247
17383,3,0,25250
17384,1,0,25251
17385,1,0,25252
17386,4,0,25256
17387,1,0,25257
17388,1,0,25258
17389,1,0,25259
17390,1,0,25260
17391,1,0,25261
17392,1,0,25262
17393,2,0,25264
17394,1,0,25265
17395,1,0,25266
17396,2,0,25268
17397,1,0,25269
17398,2,0,25271
17399,2,0,25273
17400,1,0,25274
17401,1,0,25275
17402,1,0,25276
17403,2,0,25278
17404,1,0,25279
17405,1,0,25280
17406,1,0,25281
17407,2,0,25283
17408,1,0,25284
17409,1,0,25285
17410,1,0,25286
17411,2,0,25288
17412,1,0,25289
17413,1,0,25290
17414,1,0,25291
17415,1,0,25292
17416,2,0,25294
17417,1,0,25295
17418,1,0,25296
17419,1,0,25297
17420,2,0,25299
17421,2,0,25301
17422,1,0,25302
17423,1,0,25303
17424,1,0,25304
17425,1,0,25305
17426,1,0,25306
17427,1,0,25307
17428,3,0,25310
17429,1,0,25311
17430,1,0,25312
17431,2,0,25314
17432,1,0,25315
17433,4,0,25319
17434,1,0,25320
17435,1,0,25321
17436,2,0,25323
17437,1,0,25324
17438,1,0,25325
17439,3,0,25328
17440,2,0,25330
17441,1,0,25331
17442,1,0,25332
17443,1,0,25333
17444,1,0,25334
17445,1,0,25335
17446,1,0,25336
17447,1,0,25337
17448,2,0,25339
17449,1,0,25340
17450,1,0,25341
17451,7,0,25348
17452,1,0,25349
17453,2,0,25351
17454,1,0,25352
17455,2,0,25354
17456,1,0,25355
17457,1,0,25356
17458,3,0,25359
17459,2,0,25361
17460,2,0,25363
17461,1,0,25364
17462,1,0,25365
17463,1,0,25366
17464,1,0,25367
17465,4,0,25371
17466,1,0,25372
17467,2,0,25374
17468,1,0,25375
17469,1,0,25376
17470,1,0,25377
17471,1,0,25378
17472,1,0,25379
17473,1,0,25380
17474,2,0,25382
17475,1,0,25383
17476,1,0,25384
17477,1,0,25385
17478,2,0,25387
17479,3,0,25390
17480,1,0,25391
17481,1,0,25392
17482,1,0,25393
17483,1,0,25394
17484,1,0,25395
17485,3,0,25398
17486,1,0,25399
17487,2,0,25401
17488,1,0,25402
17489,1,0,25403
17490,1,0,25404
17491,4,0,25408
17492,3,0,25411
17493,1,0,25412
17494,1,0,25413
17495,1,0,25414
17496,1,0,25415
17497,1,0,25416
17498,1,0,25417
17499,3,0,25420
17500,1,0,25421
17501,1,0,25422
17502,1,0,25423
17503,2,0,25425
17504,1,0,25426
17505,1,0,25427
17506,1,0,25428
17507,1,0,25429
17508,1,0,25430
17509,1,0,25431
17510,1,0,25432
17511,1,0,25433
17512,1,0,25434
17513,1,0,25435
17514,1,0,25436
17515,6,0,25442
17516,2,0,25444
17517,4,0,25448
17518,1,0,25449
17519,2,0,25451
17520,1,0,25452
17521,1,0,25453
17522,1,0,25454
17523,1,0,25455
17524,4,0,25459
17525,1,0,25460
17526,3,0,25463
17527,1,0,25464
17528,1,0,25465
17529,1,0,25466
17530,4,0,25470
17531,3,0,25473
17532,1,0,25474
17533,1,0,25475
17534,2,0,25477
17535,1,0,25478
17536,2,0,25480
17537,1,0,25481
17538,1,0,25482
17539,1,0,25483
17540,1,0,25484
17541,1,0,25485
17542,1,0,25486
17543,2,0,25488
17544,2,0,25490
17545,1,0,25491
17546,1,0,25492
17547,4,0,25496
17548,1,0,25497
17549,1,0,25498
17550,1,0,25499
17551,1,0,25500
17552,1,0,25501
17553,1,0,25502
17554,1,0,25503
17555,1,0,25504
17556,2,0,25506
17557,1,0,25507
17558,1,0,25508
17559,1,0,25509
17560,3,0,25512
17561,1,0,25513
17562,1,0,25514
17563,1,0,25515
17564,1,0,25516
17565,1,0,25517
17566,1,0,25518
17567,1,0,25519
17568,2,0,25521
17569,1,0,25522
17570,1,0,25523
17571,1,0,25524
17572,1,0,25525
17573,1,0,25526
17574,1,0,25527
17575,2,0,25529
17576,2,0,25531
17577,2,0,25533
17578,1,0,25534
17579,1,0,25535
17580,2,0,25537
17581,4,0,25541
17582,1,0,25542
17583,1,0,25543
17584,3,0,25546
17585,1,0,25547
17586,1,0,25548
17587,1,0,25549
17588,4,0,25553
17589,1,0,25554
17590,1,0,25555
17591,2,0,25557
17592,1,0,25558
17593,4,0,25562
17594,1,0,25563
17595,1,0,25564
17596,1,0,25565
17597,1,0,25566
17598,1,0,25567
17599,2,0,25569
17600,1,0,25570
17601,2,0,25572
17602,1,0,25573
17603,1,0,25574
17604,1,0,25575
17605,1,0,25576
17606,1,0,25577
17607,1,0,25578
17608,1,0,25579
17609,3,0,25582
17610,1,0,25583
17611,4,0,25587
17612,1,0,25588
17613,1,0,25589
17614,1,0,25590
17615,1,0,25591
17616,1,0,25592
17617,1,0,25593
17618,3,0,25596
17619,1,0,25597
17620,1,0,25598
17621,1,0,25599
17622,1,0,25600
17623,1,0,25601
17624,1,0,25602
17625,1,0,25603
17626,1,0,25604
17627,3,0,25607
17628,3,0,25610
17629,1,0,25611
17630,2,0,25613
17631,2,0,25615
17632,1,0,25616
17633,3,0,25619
17634,1,0,25620
17635,3,0,25623
17636,3,0,25626
17637,1,0,25627
17638,1,0,25628
17639,1,0,25629
17640,2,0,25631
17641,1,0,25632
17642,1,0,25633
17643,2,0,25635
17644,1,0,25636
17645,1,0,25637
17646,1,0,25638
17647,2,0,25640
17648,1,0,25641
17649,2,0,25643
17650,1,0,25644
17651,1,0,25645
17652,1,0,25646
17653,1,0,25647
17654,1,0,25648
17655,4,0,25652
17656,1,0,25653
17657,1,0,25654
17658,1,0,25655
17659,2,0,25657
17660,1,0,25658
17661,1,0,25659
17662,1,0,25660
17663,1,0,25661
17664,1,0,25662
17665,1,0,25663
17666,2,0,25665
17667,3,0,25668
17668,1,0,25669
17669,1,0,25670
17670,1,0,25671
17671,1,0,25672
17672,2,0,25674
17673,1,0,25675
17674,1,0,25676
17675,1,0,25677
17676,1,0,25678
17677,1,0,25679
17678,1,0,25680
17679,1,0,25681
17680,1,0,25682
17681,4,0,25686
17682,1,0,25687
17683,1,0,25688
17684,1,0,25689
17685,1,0,25690
17686,1,0,25691
17687,2,0,25693
17688,1,0,25694
17689,1,0,25695
17690,1,0,25696
17691,1,0,25697
17692,1,0,25698
17693,1,0,25699
17694,2,0,25701
17695,1,0,25702
17696,1,0,25703
17697,1,0,25704
17698,2,0,25706
17699,3,0,25709
17700,3,0,25712
17701,1,0,25713
17702,1,0,25714
17703,1,0,25715
17704,1,0,25716
17705,2,0,25718
17706,1,0,25719
17707,3,0,25722
17708,1,0,25723
17709,1,0,25724
17710,4,0,25728
17711,2,0,25730
17712,2,0,25732
17713,2,0,25734
17714,2,0,25736
17715,1,0,25737
17716,1,0,25738
17717,1,0,25739
17718,1,0,25740
17719,1,0,25741
17720,1,0,25742
17721,1,0,25743
17722,2,0,25745
17723,2,0,25747
17724,4,0,25751
17725,1,0,25752
17726,1,0,25753
17727,2,0,25755
17728,2,0,25757
17729,1,0,25758
17730,2,0,25760
17731,1,0,25761
17732,3,0,25764
17733,1,0,25765
17734,1,0,25766
17735,1,0,25767
17736,1,0,25768
17737,1,0,25769
17738,1,0,25770
17739,2,0,25772
17740,1,0,25773
17741,1,0,25774
17742,1,0,25775
17743,1,0,25776
17744,1,0,25777
17745,2,0,25779
17746,1,0,25780
17747,1,0,25781
17748,1,0,25782
17749,1,0,25783
17750,3,0,25786
17751,3,0,25789
17752,1,0,25790
17753,3,0,25793
17754,1,0,25794
17755,1,0,25795
17756,1,0,25796
17757,1,0,25797
17758,3,0,25800
17759,2,0,25802
17760,2,0,25804
17761,1,0,25805
17762,2,0,25807
17763,1,0,25808
17764,1,0,25809
17765,4,0,25813
17766,1,0,25814
17767,3,0,25817
17768,1,0,25818
17769,1,0,25819
17770,1,0,25820
17771,1,0,25821
17772,4,0,25825
17773,2,0,25827
17774,1,0,25828
17775,1,0,25829
17776,1,0,25830
17777,1,0,25831
17778,1,0,25832
17779,1,0,25833
17780,2,0,25835
17781,1,0,25836
17782,1,0,25837
17783,4,0,25841
17784,2,0,25843
17785,3,0,25846
17786,2,0,25848
17787,2,0,25850
17788,2,0,25852
17789,3,0,25855
17790,2,0,25857
17791,1,0,25858
17792,2,0,25860
17793,1,0,25861
17794,2,0,25863
17795,1,0,25864
17796,1,0,25865
17797,1,0,25866
17798,1,0,25867
17799,1,0,25868
17800,2,0,25870
17801,2,0,25872
17802,1,0,25873
17803,1,0,25874
17804,1,0,25875
17805,1,0,25876
17806,1,0,25877
17807,3,0,25880
17808,3,0,25883
17809,1,0,25884
17810,4,0,25888
17811,1,0,25889
17812,1,0,25890
17813,2,0,25892
17814,2,0,25894
17815,1,0,25895
17816,3,0,25898
17817,4,0,25902
17818,1,0,25903
17819,1,0,25904
17820,1,0,25905
17821,1,0,25906
17822,1,0,25907
17823,1,0,25908
17824,1,0,25909
17825,1,0,25910
17826,1,0,25911
17827,2,0,25913
17828,2,0,25915
17829,1,0,25916
17830,2,0,25918
17831,2,0,25920
17832,2,0,25922
17833,2,0,25924
17834,1,0,25925
17835,1,0,25926
17836,3,0,25929
17837,2,0,25931
17838,1,0,25932
17839,2,0,25934
17840,1,0,25935
17841,1,0,25936
17842,1,0,25937
17843,2,0,25939
17844,2,0,25941
17845,1,0,25942
17846,1,0,25943
17847,1,0,25944
17848,1,0,25945
17849,1,0,25946
17850,1,0,25947
17851,1,0,25948
17852,1,0,25949
17853,1,0,25950
17854,1,0,25951
17855,1,0,25952
17856,1,0,25953
17857,1,0,25954
17858,1,0,25955
17859,1,0,25956
17860,2,0,25958
17861,3,0,25961
17862,3,0,25964
17863,1,0,25965
17864,2,0,25967
17865,1,0,25968
17866,1,0,25969
17867,1,0,25970
17868,1,0,25971
17869,1,0,25972
17870,1,0,25973
17871,1,0,25974
17872,1,0,25975
17873,1,0,25976
17874,1,0,25977
17875,1,0,25978
17876,1,0,25979
17877,2,0,25981
17878,1,0,25982
17879,1,0,25983
17880,1,0,25984
17881,1,0,25985
17882,1,0,25986
17883,1,0,25987
17884,1,0,25988
17885,1,0,25989
17886,2,0,25991
17887,3,0,25994
17888,6,0,26000
17889,4,0,26004
17890,2,0,26006
17891,1,0,26007
17892,1,0,26008
17893,2,0,26010
17894,1,0,26011
17895,3,0,26014
17896,1,0,26015
17897,4,0,26019
17898,1,0,26020
17899,1,0,26021
17900,1,0,26022
17901,1,0,26023
17902,1,0,26024
17903,1,0,26025
17904,2,0,26027
17905,2,0,26029
17906,1,0,26030
17907,1,0,26031
17908,1,0,26032
17909,1,0,26033
17910,1,0,26034
17911,1,0,26035
17912,1,0,26036
17913,1,0,26037
17914,2,0,26039
17915,1,0,26040
17916,1,0,26041
17917,2,0,26043
17918,1,0,26044
17919,1,0,26045
17920,1,0,26046
17921,1,0,26047
17922,3,0,26050
17923,2,0,26052
17924,2,0,26054
17925,2,0,26056
17926,1,0,26057
17927,1,0,26058
17928,2,0,26060
17929,1,0,26061
17930,1,0,26062
17931,1,0,26063
17932,1,0,26064
17933,1,0,26065
17934,3,0,26068
17935,1,0,26069
17936,1,0,26070
17937,2,0,26072
17938,1,0,26073
17939,1,0,26074
17940,2,0,26076
17941,1,0,26077
17942,1,0,26078
17943,1,0,26079
17944,1,0,26080
17945,1,0,26081
17946,1,0,26082
17947,2,0,26084
17948,1,0,26085
17949,3,0,26088
17950,1,0,26089
17951,1,0,26090
17952,1,0,26091
17953,3,0,26094
17954,1,0,26095
17955,1,0,26096
17956,2,0,26098
17957,1,0,26099
17958,2,0,26101
17959,4,0,26105
17960,2,0,26107
17961,1,0,26108
17962,1,0,26109
17963,1,0,26110
17964,2,0,26112
17965,2,0,26114
17966,7,0,26121
17967,2,0,26123
17968,1,0,26124
17969,1,0,26125
17970,1,0,26126
17971,1,0,26127
17972,2,0,26129
17973,1,0,26130
17974,1,0,26131
17975,2,0,26133
17976,1,0,26134
17977,1,0,26135
17978,2,0,26137
17979,2,0,26139
17980,2,0,26141
17981,1,0,26142
17982,2,0,26144
17983,1,0,26145
17984,1,0,26146
17985,1,0,26147
17986,2,0,26149
17987,2,0,26151
17988,6,0,26157
17989,1,0,26158
17990,1,0,26159
17991,3,0,26162
17992,1,0,26163
17993,1,0,26164
17994,1,0,26165
17995,1,0,26166
17996,1,0,26167
17997,2,0,26169
17998,1,0,26170
17999,1,0,26171
18000,1,0,26172
18001,1,0,26173
18002,3,0,26176
18003,1,0,26177
18004,1,0,26178
18005,1,0,26179
18006,1,0,26180
18007,2,0,26182
18008,1,0,26183
18009,1,0,26184
18010,2,0,26186
18011,1,0,26187
18012,1,0,26188
18013,1,0,26189
18014,1,0,26190
18015,1,0,26191
18016,2,0,26193
18017,1,0,26194
18018,1,0,26195
18019,1,0,26196
18020,1,0,26197
18021,2,0,26199
18022,1,0,26200
18023,1,0,26201
18024,1,0,26202
18025,1,0,26203
18026,2,0,26205
18027,1,0,26206
18028,7,0,26213
18029,1,0,26214
18030,2,0,26216
18031,1,0,26217
18032,1,0,26218
18033,1,0,26219
18034,1,0,26220
18035,1,0,26221
18036,2,0,26223
18037,1,0,26224
18038,2,0,26226
18039,2,0,26228
18040,1,0,26229
18041,1,0,26230
18042,1,0,26231
18043,1,0,26232
18044,1,0,26233
18045,1,0,26234
18046,1,0,26235
18047,2,0,26237
18048,1,0,26238
18049,1,0,26239
18050,3,0,26242
18051,1,0,26243
18052,3,0,26246
18053,1,0,26247
18054,1,0,26248
18055,2,0,26250
18056,4,0,26254
18057,1,0,26255
18058,1,0,26256
18059,1,0,26257
18060,2,0,26259
18061,1,0,26260
18062,2,0,26262
18063,2,0,26264
18064,1,0,26265
18065,2,0,26267
18066,1,0,26268
18067,1,0,26269
18068,1,0,26270
18069,3,0,26273
18070,3,0,26276
18071,1,0,26277
18072,1,0,26278
18073,2,0,26280
18074,3,0,26283
18075,2,0,26285
18076,1,0,26286
18077,1,0,26287
18078,1,0,26288
18079,2,0,26290
18080,4,0,26294
18081,1,0,26295
18082,2,0,26297
18083,1,0,26298
18084,1,0,26299
18085,1,0,26300
18086,1,0,26301
18087,2,0,26303
18088,1,0,26304
18089,1,0,26305
18090,1,0,26306
18091,1,0,26307
18092,4,0,26311
18093,1,0,26312
18094,1,0,26313
18095,1,0,26314
18096,1,0,26315
18097,1,0,26316
18098,1,0,26317
18099,1,0,26318
18100,1,0,26319
18101,2,0,26321
18102,1,0,26322
18103,1,0,26323
18104,3,0,26326
18105,1,0,26327
18106,1,0,26328
18107,1,0,26329
18108,2,0,26331
18109,2,0,26333
18110,2,0,26335
18111,1,0,26336
18112,2,0,26338
18113,1,0,26339
18114,1,0,26340
18115,1,0,26341
18116,1,0,26342
18117,1,0,26343
18118,1,0,26344
18119,1,0,26345
18120,2,0,26347
18121,2,0,26349
18122,4,0,26353
18123,1,0,26354
18124,1,0,26355
18125,1,0,26356
18126,2,0,26358
18127,1,0,26359
18128,1,0,26360
18129,1,0,26361
18130,1,0,26362
18131,1,0,26363
18132,4,0,26367
18133,2,0,26369
18134,1,0,26370
18135,1,0,26371
18136,1,0,26372
18137,3,0,26375
18138,1,0,26376
18139,1,0,26377
18140,4,0,26381
18141,1,0,26382
18142,1,0,26383
18143,2,0,26385
18144,1,0,26386
18145,1,0,26387
18146,1,0,26388
18147,1,0,26389
18148,1,0,26390
18149,3,0,26393
18150,1,0,26394
18151,1,0,26395
18152,1,0,26396
18153,1,0,26397
18154,1,0,26398
18155,1,0,26399
18156,1,0,26400
18157,3,0,26403
18158,1,0,26404
18159,1,0,26405
18160,1,0,26406
18161,1,0,26407
18162,1,0,26408
18163,1,0,26409
18164,1,0,26410
18165,1,0,26411
18166,1,0,26412
18167,2,0,26414
18168,1,0,26415
18169,1,0,26416
18170,1,0,26417
18171,1,0,26418
18172,1,0,26419
18173,2,0,26421
18174,1,0,26422
18175,2,0,26424
18176,1,0,26425
18177,1,0,26426
18178,1,0,26427
18179,1,0,26428
18180,1,0,26429
18181,1,0,26430
18182,2,0,26432
18183,1,0,26433
18184,1,0,26434
18185,2,0,26436
18186,1,0,26437
18187,1,0,26438
18188,1,0,26439
18189,1,0,26440
18190,1,0,26441
18191,2,0,26443
18192,2,0,26445
18193,2,0,26447
18194,1,0,26448
18195,1,0,26449
18196,1,0,26450
18197,2,0,26452
18198,1,0,26453
18199,1,0,26454
18200,3,0,26457
18201,2,0,26459
18202,1,0,26460
18203,1,0,26461
18204,1,0,26462
18205,2,0,26464
18206,1,0,26465
18207,1,0,26466
18208,1,0,26467
18209,1,0,26468
18210,1,0,26469
18211,1,0,26470
18212,2,0,26472
18213,1,0,26473
18214,2,0,26475
18215,1,0,26476
18216,2,0,26478
18217,2,0,26480
18218,1,0,26481
18219,2,0,26483
18220,1,0,26484
18221,1,0,26485
18222,4,0,26489
18223,1,0,26490
18224,3,0,26493
18225,1,0,26494
18226,1,0,26495
18227,1,0,26496
18228,3,0,26499
18229,1,0,26500
18230,1,0,26501
18231,3,0,26504
18232,1,0,26505
18233,1,0,26506
18234,2,0,26508
18235,2,0,26510
18236,1,0,26511
18237,1,0,26512
18238,1,0,26513
18239,1,0,26514
18240,1,0,26515
18241,1,0,26516
18242,1,0,26517
18243,1,0,26518
18244,2,0,26520
18245,1,0,26521
18246,1,0,26522
18247,1,0,26523
18248,1,0,26524
18249,2,0,26526
18250,1,0,26527
18251,1,0,26528
18252,2,0,26530
18253,1,0,26531
18254,1,0,26532
18255,1,0,26533
18256,1,0,26534
18257,1,0,26535
18258,2,0,26537
18259,1,0,26538
18260,1,0,26539
18261,1,0,26540
18262,2,0,26542
18263,1,0,26543
18264,1,0,26544
18265,2,0,26546
18266,3,0,26549
18267,1,0,26550
18268,1,0,26551
18269,2,0,26553
18270,1,0,26554
18271,1,0,26555
18272,3,0,26558
18273,1,0,26559
18274,1,0,26560
18275,2,0,26562
18276,1,0,26563
18277,1,0,26564
18278,1,0,26565
18279,3,0,26568
18280,1,0,26569
18281,2,0,26571
18282,1,0,26572
18283,1,0,26573
18284,1,0,26574
18285,1,0,26575
18286,2,0,26577
18287,1,0,26578
18288,2,0,26580
18289,1,0,26581
18290,1,0,26582
18291,2,0,26584
18292,2,0,26586
18293,1,0,26587
18294,1,0,26588
18295,3,0,26591
18296,2,0,26593
18297,1,0,26594
18298,1,0,26595
18299,2,0,26597
18300,2,0,26599
18301,1,0,26600
18302,3,0,26603
18303,2,0,26605
18304,3,0,26608
18305,3,0,26611
18306,1,0,26612
18307,2,0,26614
18308,1,0,26615
18309,1,0,26616
18310,1,0,26617
18311,2,0,26619
18312,1,0,26620
18313,1,0,26621
18314,1,0,26622
18315,1,0,26623
18316,1,0,26624
18317,1,0,26625
18318,1,0,26626
18319,1,0,26627
18320,3,0,26630
18321,3,0,26633
18322,1,0,26634
18323,2,0,26636
18324,1,0,26637
18325,1,0,26638
18326,1,0,26639
18327,2,0,26641
18328,1,0,26642
18329,1,0,26643
18330,1,0,26644
18331,1,0,26645
18332,1,0,26646
18333,2,0,26648
18334,1,0,26649
18335,1,0,26650
18336,1,0,26651
18337,1,0,26652
18338,2,0,26654
18339,1,0,26655
18340,5,0,26660
18341,1,0,26661
18342,1,0,26662
18343,1,0,26663
18344,1,0,26664
18345,2,0,26666
18346,1,0,26667
18347,1,0,26668
18348,2,0,26670
18349,1,0,26671
18350,4,0,26675
18351,1,0,26676
18352,2,0,26678
18353,1,0,26679
18354,1,0,26680
18355,2,0,26682
18356,1,0,26683
18357,1,0,26684
18358,2,0,26686
18359,1,0,26687
18360,1,0,26688
18361,1,0,26689
18362,1,0,26690
18363,1,0,26691
18364,1,0,26692
18365,5,0,26697
18366,1,0,26698
18367,1,0,26699
18368,2,0,26701
18369,2,0,26703
18370,1,0,26704
18371,2,0,26706
18372,1,0,26707
18373,4,0,26711
18374,1,0,26712
18375,1,0,26713
18376,2,0,26715
18377,2,0,26717
18378,2,0,26719
18379,1,0,26720
18380,1,0,26721
18381,2,0,26723
18382,1,0,26724
18383,1,0,26725
18384,1,0,26726
18385,1,0,26727
18386,1,0,26728
18387,1,0,26729
18388,1,0,26730
18389,2,0,26732
18390,3,0,26735
18391,1,0,26736
18392,1,0,26737
18393,2,0,26739
18394,1,0,26740
18395,1,0,26741
18396,2,0,26743
18397,4,0,26747
18398,1,0,26748
18399,1,0,26749
18400,1,0,26750
18401,1,0,26751
18402,4,0,26755
18403,1,0,26756
18404,1,0,26757
18405,1,0,26758
18406,1,0,26759
18407,1,0,26760
18408,3,0,26763
18409,2,0,26765
18410,1,0,26766
18411,1,0,26767
18412,1,0,26768
18413,2,0,26770
18414,1,0,26771
18415,1,0,26772
18416,1,0,26773
18417,1,0,26774
18418,2,0,26776
18419,1,0,26777
18420,2,0,26779
18421,1,0,26780
18422,1,0,26781
18423,5,0,26786
18424,2,0,26788
18425,2,0,26790
18426,2,0,26792
18427,1,0,26793
18428,1,0,26794
18429,6,0,26800
18430,1,0,26801
18431,1,0,26802
18432,5,0,26807
18433,1,0,26808
18434,2,0,26810
18435,1,0,26811
18436,2,0,26813
18437,1,0,26814
18438,3,0,26817
18439,2,0,26819
18440,2,0,26821
18441,1,0,26822
18442,1,0,26823
18443,1,0,26824
18444,1,0,26825
18445,2,0,26827
18446,2,0,26829
18447,1,0,26830
18448,3,0,26833
18449,1,0,26834
18450,1,0,26835
18451,1,0,26836
18452,1,0,26837
18453,1,0,26838
18454,1,0,26839
18455,1,0,26840
18456,1,0,26841
18457,1,0,26842
18458,2,0,26844
18459,1,0,26845
18460,1,0,26846
18461,1,0,26847
18462,1,0,26848
18463,2,0,26850
18464,1,0,26851
18465,1,0,26852
18466,1,0,26853
18467,1,0,26854
18468,1,0,26855
18469,1,0,26856
18470,1,0,26857
18471,1,0,26858
18472,1,0,26859
18473,1,0,26860
18474,1,0,26861
18475,1,0,26862
18476,1,0,26863
18477,1,0,26864
18478,1,0,26865
18479,1,0,26866
18480,1,0,26867
18481,1,0,26868
18482,2,0,26870
18483,1,0,26871
18484,1,0,26872
18485,2,0,26874
18486,2,0,26876
18487,2,0,26878
18488,1,0,26879
18489,2,0,26881
18490,3,0,26884
18491,3,0,26887
18492,1,0,26888
18493,4,0,26892
18494,1,0,26893
18495,2,0,26895
18496,1,0,26896
18497,1,0,26897
18498,1,0,26898
18499,1,0,26899
18500,1,0,26900
18501,2,0,26902
18502,1,0,26903
18503,1,0,26904
18504,3,0,26907
18505,1,0,26908
18506,1,0,26909
18507,2,0,26911
18508,2,0,26913
18509,2,0,26915
18510,1,0,26916
18511,2,0,26918
18512,1,0,26919
18513,1,0,26920
18514,1,0,26921
18515,1,0,26922
18516,1,0,26923
18517,1,0,26924
18518,1,0,26925
18519,1,0,26926
18520,1,0,26927
18521,1,0,26928
18522,1,0,26929
18523,3,0,26932
18524,1,0,26933
18525,1,0,26934
18526,1,0,26935
18527,2,0,26937
18528,1,0,26938
18529,1,0,26939
18530,1,0,26940
18531,1,0,26941
18532,3,0,26944
18533,1,0,26945
18534,1,0,26946
18535,2,0,26948
18536,1,0,26949
18537,3,0,26952
18538,1,0,26953
18539,1,0,26954
18540,1,0,26955
18541,4,0,26959
18542,3,0,26962
18543,1,0,26963
18544,2,0,26965
18545,1,0,26966
18546,2,0,26968
18547,2,0,26970
18548,1,0,26971
18549,1,0,26972
18550,1,0,26973
18551,2,0,26975
18552,1,0,26976
18553,1,0,26977
18554,1,0,26978
18555,3,0,26981
18556,1,0,26982
18557,2,0,26984
18558,1,0,26985
18559,3,0,26988
18560,3,0,26991
18561,1,0,26992
18562,1,0,26993
18563,1,0,26994
18564,2,0,26996
18565,1,0,26997
18566,1,0,26998
18567,1,0,26999
18568,1,0,27000
18569,2,0,27002
18570,1,0,27003
18571,1,0,27004
18572,1,0,27005
18573,1,0,27006
18574,1,0,27007
18575,1,0,27008
18576,1,0,27009
18577,1,0,27010
18578,1,0,27011
18579,6,0,27017
18580,1,0,27018
18581,1,0,27019
18582,1,0,27020
18583,2,0,27022
18584,1,0,27023
18585,1,0,27024
18586,1,0,27025
18587,2,0,27027
18588,1,0,27028
18589,2,0,27030
18590,2,0,27032
18591,2,0,27034
18592,1,0,27035
18593,1,0,27036
18594,1,0,27037
18595,1,0,27038
18596,1,0,27039
18597,1,0,27040
18598,1,0,27041
18599,2,0,27043
18600,1,0,27044
18601,1,0,27045
18602,1,0,27046
18603,1,0,27047
18604,3,0,27050
18605,1,0,27051
18606,1,0,27052
18607,1,0,27053
18608,2,0,27055
18609,1,0,27056
18610,2,0,27058
18611,6,0,27064
18612,1,0,27065
18613,1,0,27066
18614,1,0,27067
18615,2,0,27069
18616,1,0,27070
18617,1,0,27071
18618,1,0,27072
18619,1,0,27073
18620,3,0,27076
18621,1,0,27077
18622,1,0,27078
18623,1,0,27079
18624,2,0,27081
18625,1,0,27082
18626,1,0,27083
18627,1,0,27084
18628,2,0,27086
18629,1,0,27087
18630,1,0,27088
18631,1,0,27089
18632,1,0,27090
18633,1,0,27091
18634,2,0,27093
18635,1,0,27094
18636,1,0,27095
18637,1,0,27096
18638,2,0,27098
18639,1,0,27099
18640,1,0,27100
18641,3,0,27103
18642,1,0,27104
18643,1,0,27105
18644,1,0,27106
18645,4,0,27110
18646,1,0,27111
18647,1,0,27112
18648,2,0,27114
18649,1,0,27115
18650,1,0,27116
18651,1,0,27117
18652,1,0,27118
18653,1,0,27119
18654,1,0,27120
18655,1,0,27121
18656,1,0,27122
18657,1,0,27123
18658,1,0,27124
18659,2,0,27126
18660,1,0,27127
18661,1,0,27128
18662,1,0,27129
18663,1,0,27130
18664,1,0,27131
18665,1,0,27132
18666,1,0,27133
18667,3,0,27136
18668,1,0,27137
18669,3,0,27140
18670,1,0,27141
18671,2,0,27143
18672,1,0,27144
18673,1,0,27145
18674,1,0,27146
18675,1,0,27147
18676,1,0,27148
18677,2,0,27150
18678,1,0,27151
18679,1,0,27152
18680,1,0,27153
18681,2,0,27155
18682,1,0,27156
18683,1,0,27157
18684,1,0,27158
18685,2,0,27160
18686,2,0,27162
18687,3,0,27165
18688,1,0,27166
18689,2,0,27168
18690,2,0,27170
18691,1,0,27171
18692,1,0,27172
18693,1,0,27173
18694,1,0,27174
18695,1,0,27175
18696,1,0,27176
18697,1,0,27177
18698,1,0,27178
18699,1,0,27179
18700,1,0,27180
18701,1,0,27181
18702,2,0,27183
18703,2,0,27185
18704,1,0,27186
18705,7,0,27193
18706,2,0,27195
18707,1,0,27196
18708,2,0,27198
18709,1,0,27199
18710,2,0,27201
18711,2,0,27203
18712,1,0,27204
18713,1,0,27205
18714,1,0,27206
18715,1,0,27207
18716,1,0,27208
18717,2,0,27210
18718,1,0,27211
18719,1,0,27212
18720,1,0,27213
18721,1,0,27214
18722,2,0,27216
18723,1,0,27217
18724,2,0,27219
18725,1,0,27220
18726,1,0,27221
18727,1,0,27222
18728,1,0,27223
18729,1,0,27224
18730,3,0,27227
18731,1,0,27228
18732,1,0,27229
18733,1,0,27230
18734,1,0,27231
18735,1,0,27232
18736,1,0,27233
18737,2,0,27235
18738,1,0,27236
18739,1,0,27237
18740,1,0,27238
18741,4,0,27242
18742,1,0,27243
18743,1,0,27244
18744,1,0,27245
18745,1,0,27246
18746,1,0,27247
18747,1,0,27248
18748,2,0,27250
18749,1,0,27251
18750,2,0,27253
18751,5,0,27258
18752,1,0,27259
18753,1,0,27260
18754,1,0,27261
18755,4,0,27265
18756,3,0,27268
18757,1,0,27269
18758,1,0,27270
18759,1,0,27271
18760,1,0,27272
18761,1,0,27273
18762,1,0,27274
18763,2,0,27276
18764,1,0,27277
18765,1,0,27278
18766,1,0,27279
18767,3,0,27282
18768,3,0,27285
18769,1,0,27286
18770,1,0,27287
18771,2,0,27289
18772,1,0,27290
18773,1,0,27291
18774,1,0,27292
18775,1,0,27293
18776,1,0,27294
18777,2,0,27296
18778,1,0,27297
18779,4,0,27301
18780,1,0,27302
18781,2,0,27304
18782,1,0,27305
18783,1,0,27306
18784,4,0,27310
18785,1,0,27311
18786,1,0,27312
18787,4,0,27316
18788,2,0,27318
18789,3,0,27321
18790,1,0,27322
18791,2,0,27324
18792,2,0,27326
18793,1,0,27327
18794,1,0,27328
18795,4,0,27332
18796,2,0,27334
18797,3,0,27337
18798,1,0,27338
18799,1,0,27339
18800,1,0,27340
18801,4,0,27344
18802,1,0,27345
18803,2,0,27347
18804,1,0,27348
18805,1,0,27349
18806,1,0,27350
18807,2,0,27352
18808,1,0,27353
18809,3,0,27356
18810,3,0,27359
18811,1,0,27360
18812,1,0,27361
18813,3,0,27364
18814,2,0,27366
18815,3,0,27369
18816,1,0,27370
18817,1,0,27371
18818,1,0,27372
18819,2,0,27374
18820,1,0,27375
18821,1,0,27376
18822,1,0,27377
18823,1,0,27378
18824,1,0,27379
18825,2,0,27381
18826,2,0,27383
18827,1,0,27384
18828,1,0,27385
18829,1,0,27386
18830,1,0,27387
18831,1,0,27388
18832,1,0,27389
18833,2,0,27391
18834,1,0,27392
18835,1,0,27393
18836,1,0,27394
18837,1,0,27395
18838,1,0,27396
18839,2,0,27398
18840,2,0,27400
18841,3,0,27403
18842,1,0,27404
18843,1,0,27405
18844,2,0,27407
18845,1,0,27408
18846,1,0,27409
18847,1,0,27410
18848,3,0,27413
18849,1,0,27414
18850,2,0,27416
18851,1,0,27417
18852,1,0,27418
18853,2,0,27420
18854,3,0,27423
18855,1,0,27424
18856,1,0,27425
18857,2,0,27427
18858,1,0,27428
18859,2,0,27430
18860,1,0,27431
18861,2,0,27433
18862,2,0,27435
18863,2,0,27437
18864,1,0,27438
18865,1,0,27439
18866,1,0,27440
18867,1,0,27441
18868,3,0,27444
18869,2,0,27446
18870,1,0,27447
18871,1,0,27448
18872,3,0,27451
18873,1,0,27452
18874,1,0,27453
18875,1,0,27454
18876,1,0,27455
18877,1,0,27456
18878,1,0,27457
18879,1,0,27458
18880,1,0,27459
18881,1,0,27460
18882,1,0,27461
18883,3,0,27464
18884,1,0,27465
18885,1,0,27466
18886,1,0,27467
18887,1,0,27468
18888,1,0,27469
18889,2,0,27471
18890,2,0,27473
18891,1,0,27474
18892,1,0,27475
18893,1,0,27476
18894,2,0,27478
18895,2,0,27480
18896,1,0,27481
18897,2,0,27483
18898,2,0,27485
18899,1,0,27486
18900,1,0,27487
18901,3,0,27490
18902,1,0,27491
18903,2,0,27493
18904,1,0,27494
18905,1,0,27495
18906,1,0,27496
18907,1,0,27497
18908,1,0,27498
18909,1,0,27499
18910,3,0,27502
18911,2,0,27504
18912,2,0,27506
18913,1,0,27507
18914,1,0,27508
18915,1,0,27509
18916,1,0,27510
18917,1,0,27511
18918,1,0,27512
18919,2,0,27514
18920,3,0,27517
18921,1,0,27518
18922,1,0,27519
18923,1,0,27520
18924,2,0,27522
18925,1,0,27523
18926,1,0,27524
18927,3,0,27527
18928,2,0,27529
18929,2,0,27531
18930,1,0,27532
18931,1,0,27533
18932,1,0,27534
18933,1,0,27535
18934,3,0,27538
18935,2,0,27540
18936,1,0,27541
18937,1,0,27542
18938,5,0,27547
18939,1,0,27548
18940,1,0,27549
18941,1,0,27550
18942,1,0,27551
18943,1,0,27552
18944,1,0,27553
18945,1,0,27554
18946,1,0,27555
18947,3,0,27558
18948,1,0,27559
18949,1,0,27560
18950,1,0,27561
18951,1,0,27562
18952,1,0,27563
18953,1,0,27564
18954,2,0,27566
18955,1,0,27567
18956,1,0,27568
18957,1,0,27569
18958,1,0,27570
18959,1,0,27571
18960,1,0,27572
18961,3,0,27575
18962,1,0,27576
18963,2,0,27578
18964,2,0,27580
18965,1,0,27581
18966,6,0,27587
18967,1,0,27588
18968,1,0,27589
18969,1,0,27590
18970,1,0,27591
18971,1,0,27592
18972,2,0,27594
18973,1,0,27595
18974,1,0,27596
18975,2,0,27598
18976,2,0,27600
18977,1,0,27601
18978,1,0,27602
18979,1,0,27603
18980,1,0,27604
18981,2,0,27606
18982,1,0,27607
18983,1,0,27608
18984,1,0,27609
18985,1,0,27610
18986,1,0,27611
18987,2,0,27613
18988,1,0,27614
18989,1,0,27615
18990,2,0,27617
18991,1,0,27618
18992,2,0,27620
18993,1,0,27621
18994,2,0,27623
18995,1,0,27624
18996,1,0,27625
18997,3,0,27628
18998,3,0,27631
18999,2,0,27633
19000,2,0,27635
19001,2,0,27637
19002,1,0,27638
19003,1,0,27639
19004,2,0,27641
19005,1,0,27642
19006,2,0,27644
19007,2,0,27646
19008,2,0,27648
19009,3,0,27651
19010,1,0,27652
19011,2,0,27654
19012,1,0,27655
19013,1,0,27656
19014,1,0,27657
19015,2,0,27659
19016,1,0,27660
19017,1,0,27661
19018,1,0,27662
19019,1,0,27663
19020,1,0,27664
19021,3,0,27667
19022,3,0,27670
19023,3,0,27673
19024,1,0,27674
19025,1,0,27675
19026,1,0,27676
19027,2,0,27678
19028,1,0,27679
19029,1,0,27680
19030,4,0,27684
19031,3,0,27687
19032,1,0,27688
19033,1,0,27689
19034,1,0,27690
19035,1,0,27691
19036,1,0,27692
19037,5,0,27697
19038,1,0,27698
19039,2,0,27700
19040,6,0,27706
19041,1,0,27707
19042,1,0,27708
19043,1,0,27709
19044,4,0,27713
19045,2,0,27715
19046,1,0,27716
19047,1,0,27717
19048,2,0,27719
19049,2,0,27721
19050,1,0,27722
19051,4,0,27726
19052,1,0,27727
19053,1,0,27728
19054,1,0,27729
19055,2,0,27731
19056,1,0,27732
19057,1,0,27733
19058,1,0,27734
19059,3,0,27737
19060,2,0,27739
19061,1,0,27740
19062,1,0,27741
19063,1,0,27742
19064,1,0,27743
19065,2,0,27745
19066,1,0,27746
19067,1,0,27747
19068,1,0,27748
19069,1,0,27749
19070,1,0,27750
19071,1,0,27751
19072,4,0,27755
19073,1,0,27756
19074,2,0,27758
19075,1,0,27759
19076,4,0,27763
19077,1,0,27764
19078,2,0,27766
19079,4,0,27770
19080,1,0,27771
19081,1,0,27772
19082,1,0,27773
19083,3,0,27776
19084,1,0,27777
19085,1,0,27778
19086,1,0,27779
19087,2,0,27781
19088,3,0,27784
19089,1,0,27785
19090,1,0,27786
19091,1,0,27787
19092,1,0,27788
19093,1,0,27789
19094,1,0,27790
19095,4,0,27794
19096,2,0,27796
19097,1,0,27797
19098,1,0,27798
19099,1,0,27799
19100,1,0,27800
19101,1,0,27801
19102,1,0,27802
19103,2,0,27804
19104,1,0,27805
19105,1,0,27806
19106,1,0,27807
19107,1,0,27808
19108,1,0,27809
19109,1,0,27810
19110,1,0,27811
19111,1,0,27812
19112,2,0,27814
19113,1,0,27815
19114,2,0,27817
19115,1,0,27818
19116,2,0,27820
19117,2,0,27822
19118,1,0,27823
19119,1,0,27824
19120,1,0,27825
19121,1,0,27826
19122,1,0,27827
19123,2,0,27829
19124,2,0,27831
19125,1,0,27832
19126,4,0,27836
19127,1,0,27837
19128,1,0,27838
19129,1,0,27839
19130,1,0,27840
19131,1,0,27841
19132,1,0,27842
19133,1,0,27843
19134,2,0,27845
19135,1,0,27846
19136,1,0,27847
19137,2,0,27849
19138,2,0,27851
19139,1,0,27852
19140,3,0,27855
19141,1,0,27856
19142,4,0,27860
19143,1,0,27861
19144,1,0,27862
19145,3,0,27865
19146,1,0,27866
19147,1,0,27867
19148,1,0,27868
19149,4,0,27872
19150,2,0,27874
19151,1,0,27875
19152,1,0,27876
19153,5,0,27881
19154,1,0,27882
19155,1,0,27883
19156,5,0,27888
19157,1,0,27889
19158,1,0,27890
19159,1,0,27891
19160,1,0,27892
19161,1,0,27893
19162,1,0,27894
19163,2,0,27896
19164,2,0,27898
19165,1,0,27899
19166,1,0,27900
19167,1,0,27901
19168,1,0,27902
19169,3,0,27905
19170,2,0,27907
19171,1,0,27908
19172,2,0,27910
19173,1,0,27911
19174,1,0,27912
19175,3,0,27915
19176,1,0,27916
19177,2,0,27918
19178,1,0,27919
19179,1,0,27920
19180,1,0,27921
19181,2,0,27923
19182,2,0,27925
19183,2,0,27927
19184,1,0,27928
19185,2,0,27930
19186,1,0,27931
19187,1,0,27932
19188,2,0,27934
19189,1,0,27935
19190,1,0,27936
19191,1,0,27937
19192,2,0,27939
19193,1,0,27940
19194,1,0,27941
19195,1,0,27942
19196,2,0,27944
19197,3,0,27947
19198,1,0,27948
19199,1,0,27949
19200,2,0,27951
19201,1,0,27952
19202,2,0,27954
19203,3,0,27957
19204,2,0,27959
19205,1,0,27960
19206,1,0,27961
19207,1,0,27962
19208,1,0,27963
19209,2,0,27965
19210,1,0,27966
19211,2,0,27968
19212,1,0,27969
19213,1,0,27970
19214,1,0,27971
19215,1,0,27972
19216,1,0,27973
19217,3,0,27976
19218,1,0,27977
19219,2,0,27979
19220,4,0,27983
19221,1,0,27984
19222,1,0,27985
19223,1,0,27986
19224,1,0,27987
19225,1,0,27988
19226,1,0,27989
19227,1,0,27990
19228,1,0,27991
19229,1,0,27992
19230,4,0,27996
19231,1,0,27997
19232,2,0,27999
19233,3,0,28002
19234,1,0,28003
19235,1,0,28004
19236,1,0,28005
19237,1,0,28006
19238,2,0,28008
19239,1,0,28009
19240,1,0,28010
19241,1,0,28011
19242,1,0,28012
19243,1,0,28013
19244,1,0,28014
19245,2,0,28016
19246,1,0,28017
19247,2,0,28019
19248,2,0,28021
19249,1,0,28022
19250,1,0,28023
19251,1,0,28024
19252,1,0,28025
19253,1,0,28026
19254,1,0,28027
19255,1,0,28028
19256,1,0,28029
19257,1,0,28030
19258,2,0,28032
19259,1,0,28033
19260,1,0,28034
19261,1,0,28035
19262,1,0,28036
19263,3,0,28039
19264,2,0,28041
19265,1,0,28042
19266,1,0,28043
19267,1,0,28044
19268,1,0,28045
19269,1,0,28046
19270,1,0,28047
19271,1,0,28048
19272,1,0,28049
19273,1,0,28050
19274,1,0,28051
19275,1,0,28052
19276,3,0,28055
19277,1,0,28056
19278,1,0,28057
19279,1,0,28058
19280,4,0,28062
19281,1,0,28063
19282,1,0,28064
19283,1,0,28065
19284,2,0,28067
19285,1,0,28068
19286,2,0,28070
19287,1,0,28071
19288,1,0,28072
19289,2,0,28074
19290,1,0,28075
19291,2,0,28077
19292,1,0,28078
19293,2,0,28080
19294,1,0,28081
19295,2,0,28083
19296,1,0,28084
19297,1,0,28085
19298,1,0,28086
19299,1,0,28087
19300,1,0,28088
19301,1,0,28089
19302,3,0,28092
19303,1,0,28093
19304,1,0,28094
19305,2,0,28096
19306,1,0,28097
19307,1,0,28098
19308,4,0,28102
19309,1,0,28103
19310,3,0,28106
19311,1,0,28107
19312,1,0,28108
19313,1,0,28109
19314,2,0,28111
19315,1,0,28112
19316,1,0,28113
19317,1,0,28114
19318,1,0,28115
19319,1,0,28116
19320,1,0,28117
19321,1,0,28118
19322,1,0,28119
19323,3,0,28122
19324,2,0,28124
19325,1,0,28125
19326,1,0,28126
19327,3,0,28129
19328,1,0,28130
19329,1,0,28131
19330,1,0,28132
19331,5,0,28137
19332,1,0,28138
19333,1,0,28139
19334,1,0,28140
19335,1,0,28141
19336,1,0,28142
19337,1,0,28143
19338,2,0,28145
19339,2,0,28147
19340,1,0,28148
19341,1,0,28149
19342,1,0,28150
19343,1,0,28151
19344,1,0,28152
19345,1,0,28153
19346,2,0,28155
19347,2,0,28157
19348,1,0,28158
19349,1,0,28159
19350,2,0,28161
19351,1,0,28162
19352,1,0,28163
19353,1,0,28164
19354,1,0,28165
19355,1,0,28166
19356,1,0,28167
19357,2,0,28169
19358,1,0,28170
19359,1,0,28171
19360,1,0,28172
19361,1,0,28173
19362,1,0,28174
19363,2,0,28176
19364,2,0,28178
19365,2,0,28180
19366,1,0,28181
19367,1,0,28182
19368,1,0,28183
19369,1,0,28184
19370,1,0,28185
19371,2,0,28187
19372,1,0,28188
19373,1,0,28189
19374,1,0,28190
19375,1,0,28191
19376,1,0,28192
19377,1,0,28193
19378,1,0,28194
19379,1,0,28195
19380,1,0,28196
19381,3,0,28199
19382,1,0,28200
19383,3,0,28203
19384,1,0,28204
19385,2,0,28206
19386,1,0,28207
19387,1,0,28208
19388,2,0,28210
19389,4,0,28214
19390,7,0,28221
19391,1,0,28222
19392,1,0,28223
19393,1,0,28224
19394,1,0,28225
19395,1,0,28226
19396,1,0,28227
19397,2,0,28229
19398,1,0,28230
19399,1,0,28231
19400,2,0,28233
19401,2,0,28235
19402,1,0,28236
19403,2,0,28238
19404,1,0,28239
19405,2,0,28241
19406,2,0,28243
19407,1,0,28244
19408,2,0,28246
19409,2,0,28248
19410,4,0,28252
19411,2,0,28254
19412,1,0,28255
19413,1,0,28256
19414,1,0,28257
19415,1,0,28258
19416,1,0,28259
19417,1,0,28260
19418,1,0,28261
19419,1,0,28262
19420,3,0,28265
19421,3,0,28268
19422,1,0,28269
19423,1,0,28270
19424,1,0,28271
19425,1,0,28272
19426,1,0,28273
19427,4,0,28277
19428,1,0,28278
19429,1,0,28279
19430,1,0,28280
19431,2,0,28282
19432,1,0,28283
19433,1,0,28284
19434,1,0,28285
19435,1,0,28286
19436,1,0,28287
19437,1,0,28288
19438,1,0,28289
19439,2,0,28291
19440,1,0,28292
19441,1,0,28293
19442,2,0,28295
19443,3,0,28298
19444,1,0,28299
19445,1,0,28300
19446,3,0,28303
19447,3,0,28306
19448,1,0,28307
19449,2,0,28309
19450,1,0,28310
19451,3,0,28313
19452,1,0,28314
19453,1,0,28315
19454,1,0,28316
19455,2,0,28318
19456,1,0,28319
19457,1,0,28320
19458,2,0,28322
19459,3,0,28325
19460,2,0,28327
19461,1,0,28328
19462,1,0,28329
19463,1,0,28330
19464,3,0,28333
19465,1,0,28334
19466,3,0,28337
19467,1,0,28338
19468,2,0,28340
19469,1,0,28341
19470,2,0,28343
19471,1,0,28344
19472,1,0,28345
19473,1,0,28346
19474,2,0,28348
19475,2,0,28350
19476,1,0,28351
19477,1,0,28352
19478,3,0,28355
19479,6,0,28361
19480,1,0,28362
19481,1,0,28363
19482,1,0,28364
19483,2,0,28366
19484,1,0,28367
19485,1,0,28368
19486,1,0,28369
19487,3,0,28372
19488,2,0,28374
19489,2,0,28376
19490,1,0,28377
19491,2,0,28379
19492,2,0,28381
19493,2,0,28383
19494,1,0,28384
19495,1,0,28385
19496,1,0,28386
19497,1,0,28387
19498,2,0,28389
19499,1,0,28390
19500,1,0,28391
19501,1,0,28392
19502,1,0,28393
19503,1,0,28394
19504,1,0,28395
19505,2,0,28397
19506,1,0,28398
19507,3,0,28401
19508,1,0,28402
19509,3,0,28405
19510,1,0,28406
19511,2,0,28408
19512,2,0,28410
19513,3,0,28413
19514,1,0,28414
19515,1,0,28415
19516,2,0,28417
19517,3,0,28420
19518,1,0,28421
19519,2,0,28423
19520,1,0,28424
19521,1,0,28425
19522,2,0,28427
19523,1,0,28428
19524,2,0,28430
19525,1,0,28431
19526,1,0,28432
19527,2,0,28434
19528,1,0,28435
19529,2,0,28437
19530,1,0,28438
19531,4,0,28442
19532,2,0,28444
19533,1,0,28445
19534,5,0,28450
19535,1,0,28451
19536,1,0,28452
19537,2,0,28454
19538,3,0,28457
19539,3,0,28460
19540,2,0,28462
19541,4,0,28466
19542,1,0,28467
19543,1,0,28468
19544,1,0,28469
19545,2,0,28471
19546,1,0,28472
19547,1,0,28473
19548,1,0,28474
19549,1,0,28475
19550,1,0,28476
19551,2,0,28478
19552,1,0,28479
19553,1,0,28480
19554,1,0,28481
19555,5,0,28486
19556,1,0,28487
19557,1,0,28488
19558,2,0,28490
19559,4,0,28494
19560,2,0,28496
19561,2,0,28498
19562,1,0,28499
19563,1,0,28500
19564,2,0,28502
19565,1,0,28503
19566,2,0,28505
19567,1,0,28506
19568,1,0,28507
19569,1,0,28508
19570,1,0,28509
19571,3,0,28512
19572,1,0,28513
19573,2,0,28515
19574,1,0,28516
19575,2,0,28518
19576,1,0,28519
19577,2,0,28521
19578,1,0,28522
19579,1,0,28523
19580,1,0,28524
19581,2,0,28526
19582,1,0,28527
19583,2,0,28529
19584,1,0,28530
19585,1,0,28531
19586,1,0,28532
19587,2,0,28534
19588,1,0,28535
19589,1,0,28536
19590,1,0,28537
19591,2,0,28539
19592,1,0,28540
19593,4,0,28544
19594,1,0,28545
19595,1,0,28546
19596,1,0,28547
19597,1,0,28548
19598,1,0,28549
19599,1,0,28550
19600,1,0,28551
19601,1,0,28552
19602,1,0,28553
19603,3,0,28556
19604,1,0,28557
19605,1,0,28558
19606,3,0,28561
19607,2,0,28563
19608,1,0,28564
19609,2,0,28566
19610,2,0,28568
19611,1,0,28569
19612,1,0,28570
19613,1,0,28571
19614,2,0,28573
19615,1,0,28574
19616,2,0,28576
19617,1,0,28577
19618,1,0,28578
19619,2,0,28580
19620,1,0,28581
19621,2,0,28583
19622,1,0,28584
19623,1,0,28585
19624,3,0,28588
19625,1,0,28589
19626,1,0,28590
19627,1,0,28591
19628,1,0,28592
19629,2,0,28594
19630,7,0,28601
19631,1,0,28602
19632,2,0,28604
19633,1,0,28605
19634,2,0,28607
19635,1,0,28608
19636,2,0,28610
19637,1,0,28611
19638,1,0,28612
19639,1,0,28613
19640,3,0,28616
19641,1,0,28617
19642,1,0,28618
19643,2,0,28620
19644,1,0,28621
19645,1,0,28622
19646,2,0,28624
19647,1,0,28625
19648,1,0,28626
19649,1,0,28627
19650,1,0,28628
19651,1,0,28629
19652,1,0,28630
19653,3,0,28633
19654,3,0,28636
19655,3,0,28639
19656,1,0,28640
19657,1,0,28641
19658,1,0,28642
19659,1,0,28643
19660,1,0,28644
19661,1,0,28645
19662,2,0,28647
19663,2,0,28649
19664,2,0,28651
19665,1,0,28652
19666,1,0,28653
19667,3,0,28656
19668,1,0,28657
19669,1,0,28658
19670,1,0,28659
19671,1,0,28660
19672,1,0,28661
19673,2,0,28663
19674,2,0,28665
19675,1,0,28666
19676,1,0,28667
19677,1,0,28668
19678,2,0,28670
19679,1,0,28671
19680,1,0,28672
19681,1,0,28673
19682,1,0,28674
19683,1,0,28675
19684,1,0,28676
19685,1,0,28677
19686,1,0,28678
19687,2,0,28680
19688,4,0,28684
19689,1,0,28685
19690,1,0,28686
19691,1,0,28687
19692,2,0,28689
19693,2,0,28691
19694,1,0,28692
19695,1,0,28693
19696,1,0,28694
19697,2,0,28696
19698,1,0,28697
19699,1,0,28698
19700,1,0,28699
19701,3,0,28702
19702,6,0,28708
19703,1,0,28709
19704,1,0,28710
19705,1,0,28711
19706,6,0,28717
19707,3,0,28720
19708,2,0,28722
19709,2,0,28724
19710,1,0,28725
19711,1,0,28726
19712,1,0,28727
19713,1,0,28728
19714,1,0,28729
19715,6,0,28735
19716,1,0,28736
19717,1,0,28737
19718,1,0,28738
19719,2,0,28740
19720,2,0,28742
19721,1,0,28743
19722,1,0,28744
19723,1,0,28745
19724,1,0,28746
19725,1,0,28747
19726,1,0,28748
19727,2,0,28750
19728,2,0,28752
19729,3,0,28755
19730,1,0,28756
19731,1,0,28757
19732,2,0,28759
19733,2,0,28761
19734,3,0,28764
19735,1,0,28765
19736,3,0,28768
19737,1,0,28769
19738,2,0,28771
19739,1,0,28772
19740,1,0,28773
19741,2,0,28775
19742,1,0,28776
19743,5,0,28781
19744,2,0,28783
19745,1,0,28784
19746,1,0,28785
19747,2,0,28787
19748,2,0,28789
19749,1,0,28790
19750,1,0,28791
19751,1,0,28792
19752,1,0,28793
19753,1,0,28794
19754,1,0,28795
19755,1,0,28796
19756,1,0,28797
19757,1,0,28798
19758,1,0,28799
19759,1,0,28800
19760,1,0,28801
19761,3,0,28804
19762,1,0,28805
19763,2,0,28807
19764,1,0,28808
19765,1,0,28809
19766,1,0,28810
19767,1,0,28811
19768,1,0,28812
19769,1,0,28813
19770,2,0,28815
19771,1,0,28816
19772,1,0,28817
19773,1,0,28818
19774,1,0,28819
19775,1,0,28820
19776,1,0,28821
19777,2,0,28823
19778,1,0,28824
19779,2,0,28826
19780,4,0,28830
19781,4,0,28834
19782,1,0,28835
19783,1,0,28836
19784,4,0,28840
19785,1,0,28841
19786,2,0,28843
19787,4,0,28847
19788,1,0,28848
19789,3,0,28851
19790,1,0,28852
19791,1,0,28853
19792,2,0,28855
19793,1,0,28856
19794,2,0,28858
19795,1,0,28859
19796,2,0,28861
19797,1,0,28862
19798,1,0,28863
19799,2,0,28865
19800,2,0,28867
19801,2,0,28869
19802,4,0,28873
19803,1,0,28874
19804,3,0,28877
19805,1,0,28878
19806,1,0,28879
19807,2,0,28881
19808,1,0,28882
19809,1,0,28883
19810,3,0,28886
19811,2,0,28888
19812,1,0,28889
19813,1,0,28890
19814,4,0,28894
19815,1,0,28895
19816,2,0,28897
19817,2,0,28899
19818,1,0,28900
19819,1,0,28901
19820,1,0,28902
19821,1,0,28903
19822,2,0,28905
19823,1,0,28906
19824,1,0,28907
19825,1,0,28908
19826,1,0,28909
19827,1,0,28910
19828,1,0,28911
19829,2,0,28913
19830,2,0,28915
19831,2,0,28917
19832,1,0,28918
19833,1,0,28919
19834,1,0,28920
19835,1,0,28921
19836,1,0,28922
19837,1,0,28923
19838,2,0,28925
19839,1,0,28926
19840,1,0,28927
19841,3,0,28930
19842,3,0,28933
19843,1,0,28934
19844,1,0,28935
19845,1,0,28936
19846,1,0,28937
19847,1,0,28938
19848,1,0,28939
19849,7,0,28946
19850,2,0,28948
19851,1,0,28949
19852,1,0,28950
19853,1,0,28951
19854,1,0,28952
19855,1,0,28953
19856,1,0,28954
19857,2,0,28956
19858,1,0,28957
19859,1,0,28958
19860,2,0,28960
19861,1,0,28961
19862,1,0,28962
19863,2,0,28964
19864,1,0,28965
19865,1,0,28966
19866,1,0,28967
19867,1,0,28968
19868,1,0,28969
19869,1,0,28970
19870,1,0,28971
19871,4,0,28975
19872,1,0,28976
19873,1,0,28977
19874,1,0,28978
19875,1,0,28979
19876,1,0,28980
19877,1,0,28981
19878,1,0,28982
19879,2,0,28984
19880,1,0,28985
19881,1,0,28986
19882,1,0,28987
19883,3,0,28990
19884,2,0,28992
19885,1,0,28993
19886,1,0,28994
19887,3,0,28997
19888,1,0,28998
19889,1,0,28999
19890,2,0,29001
19891,1,0,29002
19892,2,0,29004
19893,1,0,29005
19894,1,0,29006
19895,2,0,29008
19896,1,0,29009
19897,2,0,29011
19898,1,0,29012
19899,1,0,29013
19900,6,0,29019
19901,3,0,29022
19902,1,0,29023
19903,2,0,29025
19904,3,0,29028
19905,3,0,29031
19906,2,0,29033
19907,1,0,29034
19908,1,0,29035
19909,1,0,29036
19910,1,0,29037
19911,1,0,29038
19912,1,0,29039
19913,2,0,29041
19914,1,0,29042
19915,1,0,29043
19916,1,0,29044
19917,1,0,29045
19918,1,0,29046
19919,2,0,29048
19920,1,0,29049
19921,1,0,29050
19922,1,0,29051
19923,2,0,29053
19924,1,0,29054
19925,1,0,29055
19926,1,0,29056
19927,1,0,29057
19928,2,0,29059
19929,1,0,29060
19930,2,0,29062
19931,1,0,29063
19932,1,0,29064
19933,2,0,29066
19934,1,0,29067
19935,1,0,29068
19936,1,0,29069
19937,3,0,29072
19938,1,0,29073
19939,1,0,29074
19940,1,0,29075
19941,3,0,29078
19942,3,0,29081
19943,1,0,29082
19944,1,0,29083
19945,1,0,29084
19946,2,0,29086
19947,1,0,29087
19948,1,0,29088
19949,4,0,29092
19950,3,0,29095
19951,2,0,29097
19952,2,0,29099
19953,1,0,29100
19954,3,0,29103
19955,4,0,29107
19956,2,0,29109
19957,2,0,29111
19958,1,0,29112
19959,2,0,29114
19960,1,0,29115
19961,3,0,29118
19962,1,0,29119
19963,3,0,29122
19964,1,0,29123
19965,1,0,29124
19966,1,0,29125
19967,1,0,29126
19968,3,0,29129
19969,1,0,29130
19970,1,0,29131
19971,1,0,29132
19972,1,0,29133
19973,2,0,29135
19974,1,0,29136
19975,1,0,29137
19976,3,0,29140
19977,2,0,29142
19978,3,0,29145
19979,4,0,29149
19980,1,0,29150
19981,1,0,29151
19982,1,0,29152
19983,2,0,29154
19984,2,0,29156
19985,2,0,29158
19986,1,0,29159
19987,2,0,29161
19988,2,0,29163
19989,1,0,29164
19990,1,0,29165
19991,1,0,29166
19992,1,0,29167
19993,1,0,29168
19994,4,0,29172
19995,1,0,29173
19996,1,0,29174
19997,1,0,29175
19998,3,0,29178
19999,1,0,29179
20000,2,0,29181
20001,2,0,29183
20002,1,0,29184
20003,2,0,29186
20004,1,0,29187
20005,1,0,29188
20006,2,0,29190
20007,1,0,29191
20008,2,0,29193
20009,2,0,29195
20010,1,0,29196
20011,1,0,29197
20012,2,0,29199
20013,1,0,29200
20014,1,0,29201
20015,1,0,29202
20016,1,0,29203
20017,4,0,29207
20018,2,0,29209
20019,1,0,29210
20020,2,0,29212
20021,1,0,29213
20022,1,0,29214
20023,2,0,29216
20024,1,0,29217
20025,1,0,29218
20026,1,0,29219
20027,1,0,29220
20028,1,0,29221
20029,1,0,29222
20030,3,0,29225
20031,1,0,29226
20032,1,0,29227
20033,2,0,29229
20034,1,0,29230
20035,1,0,29231
20036,1,0,29232
20037,1,0,29233
20038,3,0,29236
20039,2,0,29238
20040,3,0,29241
20041,3,0,29244
20042,1,0,29245
20043,1,0,29246
20044,1,0,29247
20045,1,0,29248
20046,3,0,29251
20047,2,0,29253
20048,2,0,29255
20049,1,0,29256
20050,1,0,29257
20051,1,0,29258
20052,2,0,29260
20053,2,0,29262
20054,2,0,29264
20055,1,0,29265
20056,2,0,29267
20057,1,0,29268
20058,2,0,29270
20059,1,0,29271
20060,1,0,29272
20061,1,0,29273
20062,1,0,29274
20063,1,0,29275
20064,3,0,29278
20065,1,0,29279
20066,2,0,29281
20067,1,0,29282
20068,2,0,29284
20069,1,0,29285
20070,4,0,29289
20071,1,0,29290
20072,1,0,29291
20073,4,0,29295
20074,1,0,29296
20075,1,0,29297
20076,1,0,29298
20077,2,0,29300
20078,1,0,29301
20079,1,0,29302
20080,2,0,29304
20081,1,0,29305
20082,1,0,29306
20083,1,0,29307
20084,1,0,29308
20085,1,0,29309
20086,2,0,29311
20087,1,0,29312
20088,1,0,29313
20089,1,0,29314
20090,1,0,29315
20091,5,0,29320
20092,1,0,29321
20093,1,0,29322
20094,1,0,29323
20095,2,0,29325
20096,1,0,29326
20097,1,0,29327
20098,1,0,29328
20099,2,0,29330
20100,1,0,29331
20101,2,0,29333
20102,1,0,29334
20103,1,0,29335
20104,1,0,29336
20105,1,0,29337
20106,2,0,29339
20107,2,0,29341
20108,2,0,29343
20109,1,0,29344
20110,2,0,29346
20111,1,0,29347
20112,2,0,29349
20113,1,0,29350
20114,1,0,29351
20115,1,0,29352
20116,1,0,29353
20117,1,0,29354
20118,1,0,29355
20119,1,0,29356
20120,1,0,29357
20121,1,0,29358
20122,2,0,29360
20123,2,0,29362
20124,3,0,29365
20125,9,0,29374
20126,1,0,29375
20127,1,0,29376
20128,4,0,29380
20129,2,0,29382
20130,2,0,29384
20131,2,0,29386
20132,2,0,29388
20133,1,0,29389
20134,1,0,29390
20135,1,0,29391
20136,1,0,29392
20137,1,0,29393
20138,1,0,29394
20139,1,0,29395
20140,1,0,29396
20141,2,0,29398
20142,3,0,29401
20143,2,0,29403
20144,4,0,29407
20145,1,0,29408
20146,1,0,29409
20147,1,0,29410
20148,1,0,29411
20149,1,0,29412
20150,1,0,29413
20151,1,0,29414
20152,3,0,29417
20153,1,0,29418
20154,1,0,29419
20155,1,0,29420
20156,1,0,29421
20157,1,0,29422
20158,2,0,29424
20159,2,0,29426
20160,2,0,29428
20161,1,0,29429
20162,1,0,29430
20163,2,0,29432
20164,3,0,29435
20165,1,0,29436
20166,1,0,29437
20167,1,0,29438
20168,3,0,29441
20169,1,0,29442
20170,1,0,29443
20171,1,0,29444
20172,3,0,29447
20173,2,0,29449
20174,1,0,29450
20175,1,0,29451
20176,1,0,29452
20177,2,0,29454
20178,1,0,29455
20179,1,0,29456
20180,1,0,29457
20181,2,0,29459
20182,1,0,29460
20183,3,0,29463
20184,3,0,29466
20185,2,0,29468
20186,1,0,29469
20187,1,0,29470
20188,1,0,29471
20189,2,0,29473
20190,1,0,29474
20191,1,0,29475
20192,2,0,29477
20193,1,0,29478
20194,1,0,29479
20195,1,0,29480
20196,1,0,29481
20197,1,0,29482
20198,1,0,29483
20199,2,0,29485
20200,1,0,29486
20201,1,0,29487
20202,1,0,29488
20203,1,0,29489
20204,4,0,29493
20205,1,0,29494
20206,1,0,29495
20207,2,0,29497
20208,1,0,29498
20209,1,0,29499
20210,1,0,29500
20211,2,0,29502
20212,3,0,29505
20213,2,0,29507
20214,1,0,29508
20215,1,0,29509
20216,1,0,29510
20217,1,0,29511
20218,2,0,29513
20219,1,0,29514
20220,1,0,29515
20221,1,0,29516
20222,1,0,29517
20223,3,0,29520
20224,1,0,29521
20225,1,0,29522
20226,2,0,29524
20227,4,0,29528
20228,3,0,29531
20229,1,0,29532
20230,1,0,29533
20231,4,0,29537
20232,2,0,29539
20233,2,0,29541
20234,2,0,29543
20235,1,0,29544
20236,1,0,29545
20237,1,0,29546
20238,1,0,29547
20239,1,0,29548
20240,1,0,29549
20241,4,0,29553
20242,2,0,29555
20243,1,0,29556
20244,1,0,29557
20245,2,0,29559
20246,1,0,29560
20247,1,0,29561
20248,4,0,29565
20249,1,0,29566
20250,1,0,29567
20251,1,0,29568
20252,1,0,29569
20253,1,0,29570
20254,1,0,29571
20255,1,0,29572
20256,2,0,29574
20257,1,0,29575
20258,1,0,29576
20259,1,0,29577
20260,1,0,29578
20261,1,0,29579
20262,2,0,29581
20263,1,0,29582
20264,1,0,29583
20265,1,0,29584
20266,1,0,29585
20267,2,0,29587
20268,4,0,29591
20269,1,0,29592
20270,3,0,29595
20271,1,0,29596
20272,1,0,29597
20273,1,0,29598
20274,1,0,29599
20275,1,0,29600
20276,2,0,29602
20277,2,0,29604
20278,1,0,29605
20279,1,0,29606
20280,1,0,29607
20281,1,0,29608
20282,1,0,29609
20283,3,0,29612
20284,1,0,29613
20285,1,0,29614
20286,2,0,29616
20287,2,0,29618
20288,2,0,29620
20289,2,0,29622
20290,1,0,29623
20291,1,0,29624
20292,3,0,29627
20293,1,0,29628
20294,3,0,29631
20295,1,0,29632
20296,1,0,29633
20297,1,0,29634
20298,1,0,29635
20299,4,0,29639
20300,3,0,29642
20301,2,0,29644
20302,1,0,29645
20303,1,0,29646
20304,1,0,29647
20305,1,0,29648
20306,1,0,29649
20307,1,0,29650
20308,2,0,29652
20309,1,0,29653
20310,1,0,29654
20311,6,0,29660
20312,1,0,29661
20313,2,0,29663
20314,1,0,29664
20315,2,0,29666
20316,2,0,29668
20317,2,0,29670
20318,1,0,29671
20319,1,0,29672
20320,1,0,29673
20321,1,0,29674
20322,1,0,29675
20323,4,0,29679
20324,1,0,29680
20325,1,0,29681
20326,1,0,29682
20327,1,0,29683
20328,2,0,29685
20329,1,0,29686
20330,1,0,29687
20331,1,0,29688
20332,2,0,29690
20333,1,0,29691
20334,5,0,29696
20335,1,0,29697
20336,1,0,29698
20337,2,0,29700
20338,1,0,29701
20339,5,0,29706
20340,1,0,29707
20341,1,0,29708
20342,1,0,29709
20343,1,0,29710
20344,1,0,29711
20345,2,0,29713
20346,1,0,29714
20347,2,0,29716
20348,1,0,29717
20349,3,0,29720
20350,1,0,29721
20351,1,0,29722
20352,3,0,29725
20353,1,0,29726
20354,1,0,29727
20355,3,0,29730
20356,1,0,29731
20357,1,0,29732
20358,1,0,29733
20359,1,0,29734
20360,3,0,29737
20361,3,0,29740
20362,1,0,29741
20363,1,0,29742
20364,2,0,29744
20365,1,0,29745
20366,2,0,29747
20367,1,0,29748
20368,1,0,29749
20369,1,0,29750
20370,1,0,29751
20371,1,0,29752
20372,1,0,29753
20373,2,0,29755
20374,1,0,29756
20375,1,0,29757
20376,3,0,29760
20377,1,0,29761
20378,1,0,29762
20379,4,0,29766
20380,1,0,29767
20381,1,0,29768
20382,1,0,29769
20383,1,0,29770
20384,1,0,29771
20385,1,0,29772
20386,1,0,29773
20387,1,0,29774
20388,1,0,29775
20389,2,0,29777
20390,2,0,29779
20391,2,0,29781
20392,1,0,29782
20393,1,0,29783
20394,1,0,29784
20395,4,0,29788
20396,1,0,29789
20397,4,0,29793
20398,1,0,29794
20399,2,0,29796
20400,1,0,29797
20401,2,0,29799
20402,1,0,29800
20403,1,0,29801
20404,3,0,29804
20405,4,0,29808
20406,2,0,29810
20407,1,0,29811
20408,2,0,29813
20409,2,0,29815
20410,1,0,29816
20411,2,0,29818
20412,1,0,29819
20413,2,0,29821
20414,2,0,29823
20415,3,0,29826
20416,4,0,29830
20417,2,0,29832
20418,1,0,29833
20419,2,0,29835
20420,5,0,29840
20421,1,0,29841
20422,2,0,29843
20423,1,0,29844
20424,2,0,29846
20425,1,0,29847
20426,1,0,29848
20427,1,0,29849
20428,3,0,29852
20429,2,0,29854
20430,1,0,29855
20431,2,0,29857
20432,1,0,29858
20433,3,0,29861
20434,1,0,29862
20435,1,0,29863
20436,4,0,29867
20437,1,0,29868
20438,2,0,29870
20439,1,0,29871
20440,2,0,29873
20441,1,0,29874
20442,1,0,29875
20443,3,0,29878
20444,3,0,29881
20445,1,0,29882
20446,1,0,29883
20447,1,0,29884
20448,1,0,29885
20449,2,0,29887
20450,1,0,29888
20451,1,0,29889
20452,2,0,29891
20453,1,0,29892
20454,1,0,29893
20455,2,0,29895
20456,1,0,29896
20457,1,0,29897
20458,2,0,29899
20459,1,0,29900
20460,2,0,29902
20461,6,0,29908
20462,1,0,29909
20463,1,0,29910
20464,1,0,29911
20465,1,0,29912
20466,1,0,29913
20467,1,0,29914
20468,3,0,29917
20469,1,0,29918
20470,1,0,29919
20471,2,0,29921
20472,2,0,29923
20473,1,0,29924
20474,1,0,29925
20475,1,0,29926
20476,1,0,29927
20477,1,0,29928
20478,1,0,29929
20479,1,0,29930
20480,1,0,29931
20481,1,0,29932
20482,1,0,29933
20483,4,0,29937
20484,1,0,29938
20485,1,0,29939
20486,1,0,29940
20487,2,0,29942
20488,1,0,29943
20489,1,0,29944
20490,1,0,29945
20491,1,0,29946
20492,2,0,29948
20493,2,0,29950
20494,2,0,29952
20495,1,0,29953
20496,1,0,29954
20497,1,0,29955
20498,1,0,29956
20499,1,0,29957
20500,3,0,29960
20501,2,0,29962
20502,1,0,29963
20503,1,0,29964
20504,2,0,29966
20505,1,0,29967
20506,1,0,29968
20507,1,0,29969
20508,1,0,29970
20509,1,0,29971
20510,1,0,29972
20511,2,0,29974
20512,3,0,29977
20513,2,0,29979
20514,1,0,29980
20515,1,0,29981
20516,2,0,29983
20517,1,0,29984
20518,1,0,29985
20519,1,0,29986
20520,1,0,29987
20521,2,0,29989
20522,1,0,29990
20523,2,0,29992
20524,1,0,29993
20525,1,0,29994
20526,2,0,29996
20527,1,0,29997
20528,4,0,30001
20529,3,0,30004
20530,3,0,30007
20531,1,0,30008
20532,2,0,30010
20533,1,0,30011
20534,2,0,30013
20535,1,0,30014
20536,1,0,30015
20537,1,0,30016
20538,1,0,30017
20539,1,0,30018
20540,2,0,30020
20541,1,0,30021
20542,2,0,30023
20543,1,0,30024
20544,4,0,30028
20545,2,0,30030
20546,2,0,30032
20547,1,0,30033
20548,2,0,30035
20549,4,0,30039
20550,4,0,30043
20551,1,0,30044
20552,1,0,30045
20553,1,0,30046
20554,3,0,30049
20555,2,0,30051
20556,1,0,30052
20557,1,0,30053
20558,1,0,30054
20559,1,0,30055
20560,2,0,30057
20561,1,0,30058
20562,1,0,30059
20563,2,0,30061
20564,1,0,30062
20565,1,0,30063
20566,2,0,30065
20567,1,0,30066
20568,1,0,30067
20569,1,0,30068
20570,1,0,30069
20571,1,0,30070
20572,3,0,30073
20573,2,0,30075
20574,1,0,30076
20575,1,0,30077
20576,1,0,30078
20577,1,0,30079
20578,1,0,30080
20579,1,0,30081
20580,1,0,30082
20581,1,0,30083
20582,1,0,30084
20583,2,0,30086
20584,2,0,30088
20585,1,0,30089
20586,2,0,30091
20587,1,0,30092
20588,1,0,30093
20589,2,0,30095
20590,1,0,30096
20591,1,0,30097
20592,1,0,30098
20593,1,0,30099
20594,3,0,30102
20595,2,0,30104
20596,1,0,30105
20597,2,0,30107
20598,2,0,30109
20599,1,0,30110
20600,1,0,30111
20601,1,0,30112
20602,1,0,30113
20603,1,0,30114
20604,1,0,30115
20605,2,0,30117
20606,1,0,30118
20607,1,0,30119
20608,1,0,30120
20609,1,0,30121
20610,2,0,30123
20611,2,0,30125
20612,2,0,30127
20613,1,0,30128
20614,3,0,30131
20615,2,0,30133
20616,2,0,30135
20617,1,0,30136
20618,2,0,30138
20619,1,0,30139
20620,2,0,30141
20621,1,0,30142
20622,9,0,30151
20623,1,0,30152
20624,1,0,30153
20625,1,0,30154
20626,3,0,30157
20627,1,0,30158
20628,2,0,30160
20629,3,0,30163
20630,1,0,30164
20631,1,0,30165
20632,6,0,30171
20633,3,0,30174
20634,1,0,30175
20635,2,0,30177
20636,1,0,30178
20637,1,0,30179
20638,4,0,30183
20639,1,0,30184
20640,1,0,30185
20641,2,0,30187
20642,1,0,30188
20643,1,0,30189
20644,1,0,30190
20645,1,0,30191
20646,1,0,30192
20647,1,0,30193
20648,1,0,30194
20649,1,0,30195
20650,1,0,30196
20651,1,0,30197
20652,1,0,30198
20653,1,0,30199
20654,1,0,30200
20655,1,0,30201
20656,1,0,30202
20657,3,0,30205
20658,1,0,30206
20659,1,0,30207
20660,1,0,30208
20661,1,0,30209
20662,5,0,30214
20663,1,0,30215
20664,1,0,30216
20665,2,0,30218
20666,1,0,30219
20667,1,0,30220
20668,2,0,30222
20669,2,0,30224
20670,1,0,30225
20671,1,0,30226
20672,1,0,30227
20673,1,0,30228
20674,1,0,30229
20675,1,0,30230
20676,2,0,30232
20677,1,0,30233
20678,1,0,30234
20679,1,0,30235
20680,1,0,30236
20681,1,0,30237
20682,1,0,30238
20683,2,0,30240
20684,2,0,30242
20685,1,0,30243
20686,1,0,30244
20687,3,0,30247
20688,1,0,30248
20689,1,0,30249
20690,1,0,30250
20691,1,0,30251
20692,2,0,30253
20693,1,0,30254
20694,1,0,30255
20695,2,0,30257
20696,3,0,30260
20697,3,0,30263
20698,3,0,30266
20699,1,0,30267
20700,1,0,30268
20701,2,0,30270
20702,1,0,30271
20703,1,0,30272
20704,1,0,30273
20705,1,0,30274
20706,1,0,30275
20707,1,0,30276
20708,1,0,30277
20709,2,0,30279
20710,1,0,30280
20711,1,0,30281
20712,1,0,30282
20713,1,0,30283
20714,1,0,30284
20715,1,0,30285
20716,1,0,30286
20717,1,0,30287
20718,1,0,30288
20719,3,0,30291
20720,1,0,30292
20721,2,0,30294
20722,1,0,30295
20723,2,0,30297
20724,3,0,30300
20725,1,0,30301
20726,1,0,30302
20727,1,0,30303
20728,1,0,30304
20729,1,0,30305
20730,1,0,30306
20731,1,0,30307
20732,1,0,30308
20733,1,0,30309
20734,1,0,30310
20735,1,0,30311
20736,1,0,30312
20737,1,0,30313
20738,1,0,30314
20739,1,0,30315
20740,1,0,30316
20741,3,0,30319
20742,2,0,30321
20743,1,0,30322
20744,1,0,30323
20745,2,0,30325
20746,1,0,30326
20747,2,0,30328
20748,1,0,30329
20749,1,0,30330
20750,1,0,30331
20751,2,0,30333
20752,1,0,30334
20753,1,0,30335
20754,1,0,30336
20755,1,0,30337
20756,2,0,30339
20757,3,0,30342
20758,1,0,30343
20759,1,0,30344
20760,1,0,30345
20761,1,0,30346
20762,1,0,30347
20763,1,0,30348
20764,1,0,30349
20765,3,0,30352
20766,1,0,30353
20767,1,0,30354
20768,2,0,30356
20769,1,0,30357
20770,1,0,30358
20771,2,0,30360
20772,1,0,30361
20773,1,0,30362
20774,1,0,30363
20775,1,0,30364
20776,1,0,30365
20777,1,0,30366
20778,1,0,30367
20779,2,0,30369
20780,1,0,30370
20781,2,0,30372
20782,1,0,30373
20783,1,0,30374
20784,1,0,30375
20785,1,0,30376
20786,2,0,30378
20787,1,0,30379
20788,1,0,30380
20789,2,0,30382
20790,1,0,30383
20791,1,0,30384
20792,1,0,30385
20793,1,0,30386
20794,1,0,30387
20795,2,0,30389
20796,2,0,30391
20797,2,0,30393
20798,1,0,30394
20799,1,0,30395
20800,1,0,30396
20801,1,0,30397
20802,1,0,30398
20803,6,0,30404
20804,1,0,30405
20805,1,0,30406
20806,6,0,30412
20807,4,0,30416
20808,4,0,30420
20809,1,0,30421
20810,2,0,30423
20811,3,0,30426
20812,1,0,30427
20813,1,0,30428
20814,1,0,30429
20815,2,0,30431
20816,4,0,30435
20817,5,0,30440
20818,1,0,30441
20819,3,0,30444
20820,1,0,30445
20821,1,0,30446
20822,2,0,30448
20823,1,0,30449
20824,6,0,30455
20825,1,0,30456
20826,2,0,30458
20827,2,0,30460
20828,2,0,30462
20829,1,0,30463
20830,1,0,30464
20831,1,0,30465
20832,2,0,30467
20833,1,0,30468
20834,1,0,30469
20835,1,0,30470
20836,1,0,30471
20837,1,0,30472
20838,1,0,30473
20839,1,0,30474
20840,1,0,30475
20841,1,0,30476
20842,1,0,30477
20843,1,0,30478
20844,1,0,30479
20845,1,0,30480
20846,1,0,30481
20847,1,0,30482
20848,1,0,30483
20849,1,0,30484
20850,1,0,30485
20851,2,0,30487
20852,1,0,30488
20853,2,0,30490
20854,1,0,30491
20855,2,0,30493
20856,1,0,30494
20857,1,0,30495
20858,1,0,30496
20859,1,0,30497
20860,1,0,30498
20861,1,0,30499
20862,1,0,30500
20863,1,0,30501
20864,1,0,30502
20865,1,0,30503
20866,3,0,30506
20867,3,0,30509
20868,4,0,30513
20869,3,0,30516
20870,1,0,30517
20871,1,0,30518
20872,1,0,30519
20873,1,0,30520
20874,1,0,30521
20875,1,0,30522
20876,1,0,30523
20877,1,0,30524
20878,1,0,30525
20879,4,0,30529
20880,1,0,30530
20881,1,0,30531
20882,1,0,30532
20883,1,0,30533
20884,1,0,30534
20885,1,0,30535
20886,1,0,30536
20887,1,0,30537
20888,1,0,30538
20889,1,0,30539
20890,2,0,30541
20891,1,0,30542
20892,3,0,30545
20893,1,0,30546
20894,1,0,30547
20895,1,0,30548
20896,1,0,30549
20897,1,0,30550
20898,1,0,30551
20899,2,0,30553
20900,3,0,30556
20901,2,0,30558
20902,3,0,30561
20903,1,0,30562
20904,2,0,30564
20905,2,0,30566
20906,1,0,30567
20907,1,0,30568
20908,1,0,30569
20909,1,0,30570
20910,1,0,30571
20911,2,0,30573
20912,1,0,30574
20913,1,0,30575
20914,1,0,30576
20915,1,0,30577
20916,1,0,30578
20917,1,0,30579
20918,1,0,30580
20919,1,0,30581
20920,1,0,30582
20921,1,0,30583
20922,1,0,30584
20923,4,0,30588
20924,1,0,30589
20925,1,0,30590
20926,1,0,30591
20927,1,0,30592
20928,1,0,30593
20929,3,0,30596
20930,2,0,30598
20931,1,0,30599
20932,1,0,30600
20933,1,0,30601
20934,1,0,30602
20935,1,0,30603
20936,2,0,30605
20937,1,0,30606
20938,1,0,30607
20939,2,0,30609
20940,2,0,30611
20941,1,0,30612
20942,2,0,30614
20943,1,0,30615
20944,2,0,30617
20945,2,0,30619
20946,1,0,30620
20947,1,0,30621
20948,4,0,30625
20949,4,0,30629
20950,1,0,30630
20951,3,0,30633
20952,1,0,30634
20953,2,0,30636
20954,1,0,30637
20955,1,0,30638
20956,1,0,30639
20957,1,0,30640
20958,1,0,30641
20959,2,0,30643
20960,1,0,30644
20961,2,0,30646
20962,1,0,30647
20963,2,0,30649
20964,2,0,30651
20965,1,0,30652
20966,2,0,30654
20967,2,0,30656
20968,2,0,30658
20969,2,0,30660
20970,2,0,30662
20971,1,0,30663
20972,2,0,30665
20973,1,0,30666
20974,1,0,30667
20975,4,0,30671
20976,4,0,30675
20977,1,0,30676
20978,1,0,30677
20979,1,0,30678
20980,2,0,30680
20981,1,0,30681
20982,1,0,30682
20983,2,0,30684
20984,1,0,30685
20985,4,0,30689
20986,2,0,30691
20987,1,0,30692
20988,4,0,30696
20989,1,0,30697
20990,1,0,30698
20991,2,0,30700
20992,1,0,30701
20993,3,0,30704
20994,1,0,30705
20995,6,0,30711
20996,3,0,30714
20997,2,0,30716
20998,1,0,30717
20999,1,0,30718
21000,2,0,30720
21001,1,0,30721
21002,1,0,30722
21003,1,0,30723
21004,2,0,30725
21005,2,0,30727
21006,2,0,30729
21007,1,0,30730
21008,2,0,30732
21009,1,0,30733
21010,4,0,30737
21011,3,0,30740
21012,1,0,30741
21013,2,0,30743
21014,1,0,30744
21015,1,0,30745
21016,1,0,30746
21017,1,0,30747
21018,2,0,30749
21019,1,0,30750
21020,1,0,30751
21021,3,0,30754
21022,2,0,30756
21023,2,0,30758
21024,1,0,30759
21025,1,0,30760
21026,1,0,30761
21027,1,0,30762
21028,1,0,30763
21029,1,0,30764
21030,1,0,30765
21031,2,0,30767
21032,4,0,30771
21033,2,0,30773
21034,1,0,30774
21035,1,0,30775
21036,1,0,30776
21037,1,0,30777
21038,2,0,30779
21039,1,0,30780
21040,2,0,30782
21041,1,0,30783
21042,2,0,30785
21043,1,0,30786
21044,1,0,30787
21045,1,0,30788
21046,1,0,30789
21047,1,0,30790
21048,1,0,30791
21049,1,0,30792
21050,2,0,30794
21051,1,0,30795
21052,1,0,30796
21053,1,0,30797
21054,2,0,30799
21055,1,0,30800
21056,1,0,30801
21057,1,0,30802
21058,1,0,30803
21059,1,0,30804
21060,1,0,30805
21061,2,0,30807
21062,2,0,30809
21063,1,0,30810
21064,1,0,30811
21065,1,0,30812
21066,1,0,30813
21067,3,0,30816
21068,1,0,30817
21069,2,0,30819
21070,2,0,30821
21071,3,0,30824
21072,2,0,30826
21073,1,0,30827
21074,1,0,30828
21075,1,0,30829
21076,2,0,30831
21077,2,0,30833
21078,1,0,30834
21079,1,0,30835
21080,1,0,30836
21081,1,0,30837
21082,1,0,30838
21083,1,0,30839
21084,1,0,30840
21085,1,0,30841
21086,1,0,30842
21087,2,0,30844
21088,1,0,30845
21089,2,0,30847
21090,1,0,30848
21091,2,0,30850
21092,1,0,30851
21093,1,0,30852
21094,1,0,30853
21095,1,0,30854
21096,1,0,30855
21097,1,0,30856
21098,1,0,30857
21099,2,0,30859
21100,1,0,30860
21101,4,0,30864
21102,2,0,30866
21103,1,0,30867
21104,1,0,30868
21105,3,0,30871
21106,1,0,30872
21107,1,0,30873
21108,1,0,30874
21109,1,0,30875
21110,1,0,30876
21111,1,0,30877
21112,1,0,30878
21113,1,0,30879
21114,1,0,30880
21115,1,0,30881
21116,1,0,30882
21117,1,0,30883
21118,1,0,30884
21119,1,0,30885
21120,1,0,30886
21121,1,0,30887
21122,1,0,30888
21123,3,0,30891
21124,1,0,30892
21125,2,0,30894
21126,1,0,30895
21127,5,0,30900
21128,1,0,30901
21129,1,0,30902
21130,1,0,30903
21131,1,0,30904
21132,1,0,30905
21133,5,0,30910
21134,2,0,30912
21135,1,0,30913
21136,2,0,30915
21137,1,0,30916
21138,1,0,30917
21139,1,0,30918
21140,1,0,30919
21141,1,0,30920
21142,2,0,30922
21143,2,0,30924
21144,1,0,30925
21145,2,0,30927
21146,2,0,30929
21147,1,0,30930
21148,3,0,30933
21149,2,0,30935
21150,1,0,30936
21151,1,0,30937
21152,1,0,30938
21153,1,0,30939
21154,2,0,30941
21155,1,0,30942
21156,1,0,30943
21157,2,0,30945
21158,1,0,30946
21159,3,0,30949
21160,1,0,30950
21161,1,0,30951
21162,1,0,30952
21163,1,0,30953
21164,1,0,30954
21165,1,0,30955
21166,1,0,30956
21167,2,0,30958
21168,1,0,30959
21169,1,0,30960
21170,1,0,30961
21171,2,0,30963
21172,2,0,30965
21173,1,0,30966
21174,2,0,30968
21175,2,0,30970
21176,1,0,30971
21177,2,0,30973
21178,1,0,30974
21179,1,0,30975
21180,1,0,30976
21181,2,0,30978
21182,1,0,30979
21183,2,0,30981
21184,1,0,30982
21185,2,0,30984
21186,1,0,30985
21187,1,0,30986
21188,2,0,30988
21189,1,0,30989
21190,1,0,30990
21191,1,0,30991
21192,1,0,30992
21193,1,0,30993
21194,1,0,30994
21195,1,0,30995
21196,1,0,30996
21197,1,0,30997
21198,2,0,30999
21199,2,0,31001
21200,2,0,31003
21201,1,0,31004
21202,5,0,31009
21203,2,0,31011
21204,1,0,31012
21205,1,0,31013
21206,1,0,31014
21207,1,0,31015
21208,1,0,31016
21209,3,0,31019
21210,1,0,31020
21211,2,0,31022
21212,1,0,31023
21213,1,0,31024
21214,1,0,31025
21215,3,0,31028
21216,1,0,31029
21217,2,0,31031
21218,1,0,31032
21219,1,0,31033
21220,2,0,31035
21221,2,0,31037
21222,1,0,31038
21223,1,0,31039
21224,1,0,31040
21225,3,0,31043
21226,1,0,31044
21227,1,0,31045
21228,1,0,31046
21229,2,0,31048
21230,2,0,31050
21231,4,0,31054
21232,1,0,31055
21233,1,0,31056
21234,2,0,31058
21235,1,0,31059
21236,3,0,31062
21237,1,0,31063
21238,2,0,31065
21239,1,0,31066
21240,1,0,31067
21241,3,0,31070
21242,1,0,31071
21243,1,0,31072
21244,1,0,31073
21245,1,0,31074
21246,1,0,31075
21247,3,0,31078
21248,3,0,31081
21249,1,0,31082
21250,1,0,31083
21251,1,0,31084
21252,1,0,31085
21253,1,0,31086
21254,2,0,31088
21255,2,0,31090
21256,1,0,31091
21257,1,0,31092
21258,2,0,31094
21259,3,0,31097
21260,1,0,31098
21261,1,0,31099
21262,3,0,31102
21263,1,0,31103
21264,3,0,31106
21265,2,0,31108
21266,1,0,31109
21267,1,0,31110
21268,2,0,31112
21269,1,0,31113
21270,1,0,31114
21271,2,0,31116
21272,1,0,31117
21273,1,0,31118
21274,2,0,31120
21275,1,0,31121
21276,1,0,31122
21277,1,0,31123
21278,1,0,31124
21279,1,0,31125
21280,1,0,31126
21281,1,0,31127
21282,1,0,31128
21283,1,0,31129
21284,1,0,31130
21285,1,0,31131
21286,1,0,31132
21287,1,0,31133
21288,2,0,31135
21289,1,0,31136
21290,2,0,31138
21291,1,0,31139
21292,1,0,31140
21293,1,0,31141
21294,1,0,31142
21295,1,0,31143
21296,3,0,31146
21297,3,0,31149
21298,3,0,31152
21299,2,0,31154
21300,1,0,31155
21301,3,0,31158
21302,1,0,31159
21303,3,0,31162
21304,1,0,31163
21305,2,0,31165
21306,3,0,31168
21307,1,0,31169
21308,1,0,31170
21309,1,0,31171
21310,1,0,31172
21311,1,0,31173
21312,1,0,31174
21313,2,0,31176
21314,1,0,31177
21315,1,0,31178
21316,3,0,31181
21317,3,0,31184
21318,1,0,31185
21319,1,0,31186
21320,1,0,31187
21321,2,0,31189
21322,2,0,31191
21323,1,0,31192
21324,2,0,31194
21325,1,0,31195
21326,1,0,31196
21327,1,0,31197
21328,1,0,31198
21329,1,0,31199
21330,1,0,31200
21331,4,0,31204
21332,3,0,31207
21333,1,0,31208
21334,1,0,31209
21335,3,0,31212
21336,1,0,31213
21337,3,0,31216
21338,2,0,31218
21339,1,0,31219
21340,1,0,31220
21341,3,0,31223
21342,1,0,31224
21343,1,0,31225
21344,2,0,31227
21345,1,0,31228
21346,3,0,31231
21347,1,0,31232
21348,4,0,31236
21349,2,0,31238
21350,3,0,31241
21351,1,0,31242
21352,2,0,31244
21353,3,0,31247
21354,1,0,31248
21355,1,0,31249
21356,1,0,31250
21357,1,0,31251
21358,2,0,31253
21359,2,0,31255
21360,1,0,31256
21361,1,0,31257
21362,1,0,31258
21363,1,0,31259
21364,1,0,31260
21365,1,0,31261
21366,2,0,31263
21367,1,0,31264
21368,1,0,31265
21369,1,0,31266
21370,1,0,31267
21371,1,0,31268
21372,1,0,31269
21373,1,0,31270
21374,1,0,31271
21375,1,0,31272
21376,1,0,31273
21377,2,0,31275
21378,1,0,31276
21379,4,0,31280
21380,1,0,31281
21381,1,0,31282
21382,1,0,31283
21383,1,0,31284
21384,1,0,31285
21385,2,0,31287
21386,1,0,31288
21387,1,0,31289
21388,1,0,31290
21389,2,0,31292
21390,1,0,31293
21391,2,0,31295
21392,2,0,31297
21393,2,0,31299
21394,1,0,31300
21395,1,0,31301
21396,1,0,31302
21397,1,0,31303
21398,1,0,31304
21399,1,0,31305
21400,2,0,31307
21401,1,0,31308
21402,1,0,31309
21403,1,0,31310
21404,1,0,31311
21405,3,0,31314
21406,1,0,31315
21407,2,0,31317
21408,3,0,31320
21409,1,0,31321
21410,1,0,31322
21411,1,0,31323
21412,2,0,31325
21413,1,0,31326
21414,1,0,31327
21415,2,0,31329
21416,1,0,31330
21417,1,0,31331
21418,1,0,31332
21419,1,0,31333
21420,2,0,31335
21421,1,0,31336
21422,1,0,31337
21423,2,0,31339
21424,1,0,31340
21425,1,0,31341
21426,3,0,31344
21427,1,0,31345
21428,1,0,31346
21429,1,0,31347
21430,1,0,31348
21431,2,0,31350
21432,1,0,31351
21433,1,0,31352
21434,2,0,31354
21435,1,0,31355
21436,1,0,31356
21437,1,0,31357
21438,1,0,31358
21439,2,0,31360
21440,1,0,31361
21441,1,0,31362
21442,1,0,31363
21443,2,0,31365
21444,1,0,31366
21445,2,0,31368
21446,1,0,31369
21447,1,0,31370
21448,1,0,31371
21449,1,0,31372
21450,1,0,31373
21451,2,0,31375
21452,1,0,31376
21453,1,0,31377
21454,3,0,31380
21455,1,0,31381
21456,1,0,31382
21457,2,0,31384
21458,1,0,31385
21459,1,0,31386
21460,1,0,31387
21461,3,0,31390
21462,1,0,31391
21463,1,0,31392
21464,1,0,31393
21465,1,0,31394
21466,1,0,31395
21467,1,0,31396
21468,1,0,31397
21469,1,0,31398
21470,2,0,31400
21471,1,0,31401
21472,1,0,31402
21473,1,0,31403
21474,1,0,31404
21475,1,0,31405
21476,3,0,31408
21477,1,0,31409
21478,2,0,31411
21479,1,0,31412
21480,1,0,31413
21481,1,0,31414
21482,1,0,31415
21483,1,0,31416
21484,2,0,31418
21485,1,0,31419
21486,2,0,31421
21487,1,0,31422
21488,1,0,31423
21489,1,0,31424
21490,2,0,31426
21491,1,0,31427
21492,2,0,31429
21493,1,0,31430
21494,3,0,31433
21495,1,0,31434
21496,3,0,31437
21497,1,0,31438
21498,1,0,31439
21499,1,0,31440
21500,1,0,31441
21501,2,0,31443
21502,2,0,31445
21503,1,0,31446
21504,1,0,31447
21505,1,0,31448
21506,1,0,31449
21507,1,0,31450
21508,1,0,31451
21509,2,0,31453
21510,2,0,31455
21511,1,0,31456
21512,1,0,31457
21513,1,0,31458
21514,1,0,31459
21515,3,0,31462
21516,2,0,31464
21517,2,0,31466
21518,4,0,31470
21519,1,0,31471
21520,5,0,31476
21521,1,0,31477
21522,1,0,31478
21523,1,0,31479
21524,1,0,31480
21525,1,0,31481
21526,1,0,31482
21527,5,0,31487
21528,1,0,31488
21529,1,0,31489
21530,1,0,31490
21531,1,0,31491
21532,3,0,31494
21533,1,0,31495
21534,2,0,31497
21535,1,0,31498
21536,2,0,31500
21537,1,0,31501
21538,1,0,31502
21539,1,0,31503
21540,2,0,31505
21541,1,0,31506
21542,1,0,31507
21543,2,0,31509
21544,1,0,31510
21545,3,0,31513
21546,1,0,31514
21547,2,0,31516
21548,2,0,31518
21549,2,0,31520
21550,1,0,31521
21551,1,0,31522
21552,1,0,31523
21553,1,0,31524
21554,1,0,31525
21555,3,0,31528
21556,3,0,31531
21557,3,0,31534
21558,1,0,31535
21559,1,0,31536
21560,1,0,31537
21561,3,0,31540
21562,1,0,31541
21563,1,0,31542
21564,1,0,31543
21565,2,0,31545
21566,1,0,31546
21567,1,0,31547
21568,1,0,31548
21569,1,0,31549
21570,2,0,31551
21571,1,0,31552
21572,1,0,31553
21573,2,0,31555
21574,3,0,31558
21575,1,0,31559
21576,1,0,31560
21577,1,0,31561
21578,1,0,31562
21579,2,0,31564
21580,1,0,31565
21581,2,0,31567
21582,1,0,31568
21583,1,0,31569
21584,1,0,31570
21585,1,0,31571
21586,2,0,31573
21587,1,0,31574
21588,1,0,31575
21589,2,0,31577
21590,1,0,31578
21591,1,0,31579
21592,2,0,31581
21593,1,0,31582
21594,1,0,31583
21595,1,0,31584
21596,3,0,31587
21597,1,0,31588
21598,1,0,31589
21599,1,0,31590
21600,1,0,31591
21601,1,0,31592
21602,1,0,31593
21603,1,0,31594
21604,2,0,31596
21605,1,0,31597
21606,3,0,31600
21607,2,0,31602
21608,1,0,31603
21609,2,0,31605
21610,1,0,31606
21611,1,0,31607
21612,1,0,31608
21613,2,0,31610
21614,2,0,31612
21615,1,0,31613
21616,1,0,31614
21617,1,0,31615
21618,3,0,31618
21619,1,0,31619
21620,3,0,31622
21621,1,0,31623
21622,2,0,31625
21623,1,0,31626
21624,1,0,31627
21625,1,0,31628
21626,1,0,31629
21627,3,0,31632
21628,1,0,31633
21629,2,0,31635
21630,1,0,31636
21631,1,0,31637
21632,1,0,31638
21633,2,0,31640
21634,1,0,31641
21635,1,0,31642
21636,1,0,31643
21637,5,0,31648
21638,1,0,31649
21639,1,0,31650
21640,4,0,31654
21641,3,0,31657
21642,2,0,31659
21643,1,0,31660
21644,2,0,31662
21645,2,0,31664
21646,1,0,31665
21647,1,0,31666
21648,1,0,31667
21649,1,0,31668
21650,2,0,31670
21651,2,0,31672
21652,1,0,31673
21653,3,0,31676
21654,1,0,31677
21655,1,0,31678
21656,1,0,31679
21657,1,0,31680
21658,3,0,31683
21659,2,0,31685
21660,2,0,31687
21661,1,0,31688
21662,1,0,31689
21663,1,0,31690
21664,1,0,31691
21665,6,0,31697
21666,2,0,31699
21667,1,0,31700
21668,2,0,31702
21669,1,0,31703
21670,1,0,31704
21671,1,0,31705
21672,1,0,31706
21673,3,0,31709
21674,3,0,31712
21675,1,0,31713
21676,5,0,31718
21677,1,0,31719
21678,2,0,31721
21679,1,0,31722
21680,2,0,31724
21681,3,0,31727
21682,1,0,31728
21683,1,0,31729
21684,1,0,31730
21685,1,0,31731
21686,1,0,31732
21687,1,0,31733
21688,1,0,31734
21689,1,0,31735
21690,1,0,31736
21691,1,0,31737
21692,1,0,31738
21693,1,0,31739
21694,5,0,31744
21695,1,0,31745
21696,1,0,31746
21697,4,0,31750
21698,1,0,31751
21699,1,0,31752
21700,1,0,31753
21701,1,0,31754
21702,1,0,31755
21703,1,0,31756
21704,2,0,31758
21705,2,0,31760
21706,4,0,31764
21707,1,0,31765
21708,1,0,31766
21709,1,0,31767
21710,1,0,31768
21711,2,0,31770
21712,1,0,31771
21713,1,0,31772
21714,1,0,31773
21715,3,0,31776
21716,1,0,31777
21717,1,0,31778
21718,2,0,31780
21719,3,0,31783
21720,3,0,31786
21721,1,0,31787
21722,1,0,31788
21723,3,0,31791
21724,1,0,31792
21725,1,0,31793
21726,2,0,31795
21727,2,0,31797
21728,2,0,31799
21729,1,0,31800
21730,1,0,31801
21731,1,0,31802
21732,1,0,31803
21733,4,0,31807
21734,1,0,31808
21735,3,0,31811
21736,1,0,31812
21737,2,0,31814
21738,1,0,31815
21739,1,0,31816
21740,1,0,31817
21741,2,0,31819
21742,1,0,31820
21743,2,0,31822
21744,2,0,31824
21745,2,0,31826
21746,1,0,31827
21747,1,0,31828
21748,1,0,31829
21749,1,0,31830
21750,1,0,31831
21751,1,0,31832
21752,1,0,31833
21753,1,0,31834
21754,1,0,31835
21755,1,0,31836
21756,1,0,31837
21757,1,0,31838
21758,1,0,31839
21759,1,0,31840
21760,1,0,31841
21761,1,0,31842
21762,1,0,31843
21763,1,0,31844
21764,2,0,31846
21765,1,0,31847
21766,1,0,31848
21767,1,0,31849
21768,1,0,31850
21769,7,0,31857
21770,2,0,31859
21771,1,0,31860
21772,1,0,31861
21773,2,0,31863
21774,1,0,31864
21775,2,0,31866
21776,1,0,31867
21777,1,0,31868
21778,3,0,31871
21779,1,0,31872
21780,2,0,31874
21781,4,0,31878
21782,1,0,31879
21783,1,0,31880
21784,1,0,31881
21785,3,0,31884
21786,2,0,31886
21787,1,0,31887
21788,1,0,31888
21789,1,0,31889
21790,1,0,31890
21791,1,0,31891
21792,1,0,31892
21793,1,0,31893
21794,1,0,31894
21795,5,0,31899
21796,2,0,31901
21797,1,0,31902
21798,3,0,31905
21799,1,0,31906
21800,1,0,31907
21801,1,0,31908
21802,1,0,31909
21803,1,0,31910
21804,1,0,31911
21805,1,0,31912
21806,1,0,31913
21807,2,0,31915
21808,1,0,31916
21809,1,0,31917
21810,1,0,31918
21811,1,0,31919
21812,1,0,31920
21813,2,0,31922
21814,3,0,31925
21815,1,0,31926
21816,1,0,31927
21817,1,0,31928
21818,2,0,31930
21819,2,0,31932
21820,1,0,31933
21821,2,0,31935
21822,1,0,31936
21823,1,0,31937
21824,1,0,31938
21825,1,0,31939
21826,1,0,31940
21827,1,0,31941
21828,1,0,31942
21829,1,0,31943
21830,1,0,31944
21831,1,0,31945
21832,1,0,31946
21833,1,0,31947
21834,1,0,31948
21835,2,0,31950
21836,1,0,31951
21837,1,0,31952
21838,1,0,31953
21839,4,0,31957
21840,1,0,31958
21841,1,0,31959
21842,1,0,31960
21843,1,0,31961
21844,1,0,31962
21845,1,0,31963
21846,3,0,31966
21847,3,0,31969
21848,1,0,31970
21849,1,0,31971
21850,2,0,31973
21851,5,0,31978
21852,4,0,31982
21853,1,0,31983
21854,3,0,31986
21855,1,0,31987
21856,1,0,31988
21857,1,0,31989
21858,1,0,31990
21859,2,0,31992
21860,1,0,31993
21861,1,0,31994
21862,1,0,31995
21863,1,0,31996
21864,1,0,31997
21865,1,0,31998
21866,2,0,32000
21867,2,0,32002
21868,2,0,32004
21869,1,0,32005
21870,3,0,32008
21871,1,0,32009
21872,2,0,32011
21873,3,0,32014
21874,2,0,32016
21875,2,0,32018
21876,1,0,32019
21877,2,0,32021
21878,1,0,32022
21879,1,0,32023
21880,1,0,32024
21881,2,0,32026
21882,2,0,32028
21883,2,0,32030
21884,1,0,32031
21885,5,0,32036
21886,1,0,32037
21887,2,0,32039
21888,1,0,32040
21889,1,0,32041
21890,1,0,32042
21891,1,0,32043
21892,1,0,32044
21893,1,0,32045
21894,1,0,32046
21895,2,0,32048
21896,1,0,32049
21897,1,0,32050
21898,1,0,32051
21899,2,0,32053
21900,1,0,32054
21901,1,0,32055
21902,1,0,32056
21903,5,0,32061
21904,1,0,32062
21905,2,0,32064
21906,2,0,32066
21907,1,0,32067
21908,5,0,32072
21909,1,0,32073
21910,1,0,32074
21911,2,0,32076
21912,1,0,32077
21913,1,0,32078
21914,1,0,32079
21915,1,0,32080
21916,1,0,32081
21917,1,0,32082
21918,2,0,32084
21919,3,0,32087
21920,6,0,32093
21921,4,0,32097
21922,2,0,32099
21923,1,0,32100
21924,2,0,32102
21925,1,0,32103
21926,1,0,32104
21927,1,0,32105
21928,1,0,32106
21929,1,0,32107
21930,1,0,32108
21931,2,0,32110
21932,1,0,32111
21933,1,0,32112
21934,1,0,32113
21935,4,0,32117
21936,1,0,32118
21937,1,0,32119
21938,1,0,32120
21939,1,0,32121
21940,1,0,32122
21941,3,0,32125
21942,2,0,32127
21943,1,0,32128
21944,1,0,32129
21945,2,0,32131
21946,1,0,32132
21947,2,0,32134
21948,3,0,32137
21949,1,0,32138
21950,3,0,32141
21951,2,0,32143
21952,1,0,32144
21953,1,0,32145
21954,2,0,32147
21955,2,0,32149
21956,1,0,32150
21957,1,0,32151
21958,1,0,32152
21959,2,0,32154
21960,1,0,32155
21961,3,0,32158
21962,1,0,32159
21963,1,0,32160
21964,1,0,32161
21965,1,0,32162
21966,1,0,32163
21967,1,0,32164
21968,1,0,32165
21969,1,0,32166
21970,1,0,32167
21971,2,0,32169
21972,1,0,32170
21973,1,0,32171
21974,1,0,32172
21975,1,0,32173
21976,1,0,32174
21977,1,0,32175
21978,2,0,32177
21979,1,0,32178
21980,1,0,32179
21981,5,0,32184
21982,1,0,32185
21983,2,0,32187
21984,2,0,32189
21985,1,0,32190
21986,1,0,32191
21987,1,0,32192
21988,2,0,32194
21989,1,0,32195
21990,1,0,32196
21991,1,0,32197
21992,1,0,32198
21993,2,0,32200
21994,1,0,32201
21995,1,0,32202
21996,1,0,32203
21997,1,0,32204
21998,1,0,32205
21999,1,0,32206
22000,1,0,32207
22001,1,0,32208
22002,1,0,32209
22003,1,0,32210
22004,1,0,32211
22005,1,0,32212
22006,1,0,32213
22007,2,0,32215
22008,1,0,32216
22009,1,0,32217
22010,1,0,32218
22011,1,0,32219
22012,1,0,32220
22013,2,0,32222
22014,1,0,32223
22015,1,0,32224
22016,1,0,32225
22017,2,0,32227
22018,2,0,32229
22019,1,0,32230
22020,1,0,32231
22021,1,0,32232
22022,1,0,32233
22023,2,0,32235
22024,1,0,32236
22025,1,0,32237
22026,1,0,32238
22027,1,0,32239
22028,1,0,32240
22029,1,0,32241
22030,1,0,32242
22031,1,0,32243
22032,2,0,32245
22033,2,0,32247
22034,4,0,32251
22035,2,0,32253
22036,1,0,32254
22037,1,0,32255
22038,1,0,32256
22039,1,0,32257
22040,1,0,32258
22041,2,0,32260
22042,1,0,32261
22043,1,0,32262
22044,1,0,32263
22045,2,0,32265
22046,1,0,32266
22047,1,0,32267
22048,1,0,32268
22049,2,0,32270
22050,1,0,32271
22051,1,0,32272
22052,1,0,32273
22053,1,0,32274
22054,1,0,32275
22055,1,0,32276
22056,1,0,32277
22057,2,0,32279
22058,1,0,32280
22059,2,0,32282
22060,1,0,32283
22061,2,0,32285
22062,1,0,32286
22063,1,0,32287
22064,2,0,32289
22065,1,0,32290
22066,1,0,32291
22067,1,0,32292
22068,4,0,32296
22069,1,0,32297
22070,2,0,32299
22071,1,0,32300
22072,1,0,32301
22073,3,0,32304
22074,1,0,32305
22075,1,0,32306
22076,1,0,32307
22077,2,0,32309
22078,1,0,32310
22079,2,0,32312
22080,1,0,32313
22081,2,0,32315
22082,1,0,32316
22083,2,0,32318
22084,1,0,32319
22085,1,0,32320
22086,1,0,32321
22087,3,0,32324
22088,1,0,32325
22089,2,0,32327
22090,3,0,32330
22091,2,0,32332
22092,2,0,32334
22093,2,0,32336
22094,2,0,32338
22095,1,0,32339
22096,1,0,32340
22097,5,0,32345
22098,2,0,32347
22099,1,0,32348
22100,2,0,32350
22101,1,0,32351
22102,2,0,32353
22103,1,0,32354
22104,1,0,32355
22105,1,0,32356
22106,1,0,32357
22107,1,0,32358
22108,1,0,32359
22109,2,0,32361
22110,1,0,32362
22111,2,0,32364
22112,1,0,32365
22113,1,0,32366
22114,1,0,32367
22115,2,0,32369
22116,2,0,32371
22117,1,0,32372
22118,1,0,32373
22119,1,0,32374
22120,1,0,32375
22121,1,0,32376
22122,1,0,32377
22123,1,0,32378
22124,1,0,32379
22125,2,0,32381
22126,2,0,32383
22127,1,0,32384
22128,1,0,32385
22129,1,0,32386
22130,1,0,32387
22131,4,0,32391
22132,1,0,32392
22133,2,0,32394
22134,3,0,32397
22135,3,0,32400
22136,2,0,32402
22137,1,0,32403
22138,1,0,32404
22139,1,0,32405
22140,2,0,32407
22141,1,0,32408
22142,1,0,32409
22143,3,0,32412
22144,2,0,32414
22145,1,0,32415
22146,4,0,32419
22147,1,0,32420
22148,1,0,32421
22149,1,0,32422
22150,2,0,32424
22151,1,0,32425
22152,1,0,32426
22153,1,0,32427
22154,1,0,32428
22155,1,0,32429
22156,3,0,32432
22157,1,0,32433
22158,2,0,32435
22159,1,0,32436
22160,1,0,32437
22161,1,0,32438
22162,2,0,32440
22163,2,0,32442
22164,1,0,32443
22165,1,0,32444
22166,1,0,32445
22167,1,0,32446
22168,1,0,32447
22169,2,0,32449
22170,1,0,32450
22171,1,0,32451
22172,2,0,32453
22173,1,0,32454
22174,2,0,32456
22175,3,0,32459
22176,2,0,32461
22177,2,0,32463
22178,1,0,32464
22179,1,0,32465
22180,1,0,32466
22181,2,0,32468
22182,3,0,32471
22183,1,0,32472
22184,1,0,32473
22185,3,0,32476
22186,1,0,32477
22187,1,0,32478
22188,2,0,32480
22189,1,0,32481
22190,1,0,32482
22191,2,0,32484
22192,1,0,32485
22193,1,0,32486
22194,1,0,32487
22195,2,0,32489
22196,1,0,32490
22197,2,0,32492
22198,2,0,32494
22199,2,0,32496
22200,1,0,32497
22201,1,0,32498
22202,2,0,32500
22203,1,0,32501
22204,1,0,32502
22205,4,0,32506
22206,1,0,32507
22207,1,0,32508
22208,1,0,32509
22209,1,0,32510
22210,1,0,32511
22211,1,0,32512
22212,1,0,32513
22213,2,0,32515
22214,1,0,32516
22215,1,0,32517
22216,1,0,32518
22217,1,0,32519
22218,1,0,32520
22219,1,0,32521
22220,1,0,32522
22221,2,0,32524
22222,2,0,32526
22223,1,0,32527
22224,2,0,32529
22225,1,0,32530
22226,5,0,32535
22227,2,0,32537
22228,1,0,32538
22229,3,0,32541
22230,2,0,32543
22231,1,0,32544
22232,1,0,32545
22233,1,0,32546
22234,1,0,32547
22235,1,0,32548
22236,1,0,32549
22237,1,0,32550
22238,1,0,32551
22239,1,0,32552
22240,1,0,32553
22241,1,0,32554
22242,1,0,32555
22243,1,0,32556
22244,1,0,32557
22245,1,0,32558
22246,2,0,32560
22247,1,0,32561
22248,2,0,32563
22249,3,0,32566
22250,1,0,32567
22251,1,0,32568
22252,1,0,32569
22253,1,0,32570
22254,3,0,32573
22255,1,0,32574
22256,1,0,32575
22257,1,0,32576
22258,1,0,32577
22259,2,0,32579
22260,1,0,32580
22261,1,0,32581
22262,3,0,32584
22263,1,0,32585
22264,1,0,32586
22265,1,0,32587
22266,1,0,32588
22267,1,0,32589
22268,1,0,32590
22269,1,0,32591
22270,2,0,32593
22271,1,0,32594
22272,2,0,32596
22273,1,0,32597
22274,2,0,32599
22275,1,0,32600
22276,1,0,32601
22277,1,0,32602
22278,2,0,32604
22279,2,0,32606
22280,1,0,32607
22281,1,0,32608
22282,1,0,32609
22283,1,0,32610
22284,1,0,32611
22285,2,0,32613
22286,1,0,32614
22287,1,0,32615
22288,2,0,32617
22289,2,0,32619
22290,1,0,32620
22291,1,0,32621
22292,1,0,32622
22293,1,0,32623
22294,1,0,32624
22295,1,0,32625
22296,1,0,32626
22297,1,0,32627
22298,1,0,32628
22299,1,0,32629
22300,1,0,32630
22301,1,0,32631
22302,3,0,32634
22303,1,0,32635
22304,1,0,32636
22305,1,0,32637
22306,1,0,32638
22307,1,0,32639
22308,1,0,32640
22309,2,0,32642
22310,3,0,32645
22311,1,0,32646
22312,1,0,32647
22313,1,0,32648
22314,1,0,32649
22315,2,0,32651
22316,1,0,32652
22317,2,0,32654
22318,1,0,32655
22319,1,0,32656
22320,3,0,32659
22321,3,0,32662
22322,1,0,32663
22323,1,0,32664
22324,1,0,32665
22325,2,0,32667
22326,1,0,32668
22327,3,0,32671
22328,1,0,32672
22329,1,0,32673
22330,2,0,32675
22331,1,0,32676
22332,1,0,32677
22333,2,0,32679
22334,2,0,32681
22335,3,0,32684
22336,2,0,32686
22337,1,0,32687
22338,1,0,32688
22339,1,0,32689
22340,1,0,32690
22341,1,0,32691
22342,2,0,32693
22343,1,0,32694
22344,1,0,32695
22345,1,0,32696
22346,1,0,32697
22347,1,0,32698
22348,1,0,32699
22349,1,0,32700
22350,1,0,32701
22351,1,0,32702
22352,1,0,32703
22353,1,0,32704
22354,1,0,32705
22355,1,0,32706
22356,1,0,32707
22357,2,0,32709
22358,1,0,32710
22359,1,0,32711
22360,2,0,32713
22361,2,0,32715
22362,1,0,32716
22363,2,0,32718
22364,1,0,32719
22365,1,0,32720
22366,1,0,32721
22367,1,0,32722
22368,1,0,32723
22369,1,0,32724
22370,2,0,32726
22371,1,0,32727
22372,1,0,32728
22373,3,0,32731
22374,1,0,32732
22375,1,0,32733
22376,2,0,32735
22377,1,0,32736
22378,1,0,32737
22379,2,0,32739
22380,1,0,32740
22381,1,0,32741
22382,1,0,32742
22383,1,0,32743
22384,1,0,32744
22385,1,0,32745
22386,1,0,32746
22387,1,0,32747
22388,1,0,32748
22389,1,0,32749
22390,1,0,32750
22391,1,0,32751
22392,1,0,32752
22393,1,0,32753
22394,1,0,32754
22395,1,0,32755
22396,1,0,32756
22397,1,0,32757
22398,1,0,32758
22399,2,0,32760
22400,1,0,32761
22401,1,0,32762
22402,4,0,32766
22403,2,0,32768
22404,1,0,32769
22405,1,0,32770
22406,1,0,32771
22407,1,0,32772
22408,1,0,32773
22409,1,0,32774
22410,2,0,32776
22411,1,0,32777
22412,2,0,32779
22413,3,0,32782
22414,1,0,32783
22415,1,0,32784
22416,1,0,32785
22417,1,0,32786
22418,1,0,32787
22419,1,0,32788
22420,1,0,32789
22421,2,0,32791
22422,2,0,32793
22423,1,0,32794
22424,1,0,32795
22425,1,0,32796
22426,1,0,32797
22427,1,0,32798
22428,1,0,32799
22429,1,0,32800
22430,2,0,32802
22431,1,0,32803
22432,1,0,32804
22433,1,0,32805
22434,3,0,32808
22435,1,0,32809
22436,1,0,32810
22437,1,0,32811
22438,1,0,32812
22439,1,0,32813
22440,2,0,32815
22441,1,0,32816
22442,3,0,32819
22443,1,0,32820
22444,1,0,32821
22445,1,0,32822
22446,1,0,32823
22447,1,0,32824
22448,1,0,32825
22449,2,0,32827
22450,4,0,32831
22451,1,0,32832
22452,4,0,32836
22453,1,0,32837
22454,1,0,32838
22455,1,0,32839
22456,1,0,32840
22457,1,0,32841
22458,1,0,32842
22459,2,0,32844
22460,2,0,32846
22461,1,0,32847
22462,1,0,32848
22463,1,0,32849
22464,1,0,32850
22465,1,0,32851
22466,2,0,32853
22467,1,0,32854
22468,1,0,32855
22469,1,0,32856
22470,1,0,32857
22471,2,0,32859
22472,2,0,32861
22473,1,0,32862
22474,1,0,32863
22475,1,0,32864
22476,1,0,32865
22477,1,0,32866
22478,1,0,32867
22479,2,0,32869
22480,1,0,32870
22481,1,0,32871
22482,2,0,32873
22483,1,0,32874
22484,1,0,32875
22485,2,0,32877
22486,1,0,32878
22487,1,0,32879
22488,3,0,32882
22489,3,0,32885
22490,1,0,32886
22491,1,0,32887
22492,1,0,32888
22493,2,0,32890
22494,1,0,32891
22495,1,0,32892
22496,2,0,32894
22497,1,0,32895
22498,1,0,32896
22499,2,0,32898
22500,1,0,32899
22501,1,0,32900
22502,2,0,32902
22503,1,0,32903
22504,1,0,32904
22505,1,0,32905
22506,2,0,32907
22507,3,0,32910
22508,1,0,32911
22509,2,0,32913
22510,1,0,32914
22511,1,0,32915
22512,1,0,32916
22513,1,0,32917
22514,1,0,32918
22515,1,0,32919
22516,1,0,32920
22517,1,0,32921
22518,1,0,32922
22519,1,0,32923
22520,5,0,32928
22521,1,0,32929
22522,1,0,32930
22523,1,0,32931
22524,1,0,32932
22525,1,0,32933
22526,1,0,32934
22527,1,0,32935
22528,1,0,32936
22529,1,0,32937
22530,2,0,32939
22531,2,0,32941
22532,1,0,32942
22533,1,0,32943
22534,1,0,32944
22535,1,0,32945
22536,1,0,32946
22537,1,0,32947
22538,1,0,32948
22539,4,0,32952
22540,2,0,32954
22541,1,0,32955
22542,1,0,32956
22543,1,0,32957
22544,1,0,32958
22545,2,0,32960
22546,1,0,32961
22547,1,0,32962
22548,3,0,32965
22549,1,0,32966
22550,1,0,32967
22551,3,0,32970
22552,2,0,32972
22553,2,0,32974
22554,1,0,32975
22555,1,0,32976
22556,1,0,32977
22557,1,0,32978
22558,4,0,32982
22559,1,0,32983
22560,2,0,32985
22561,1,0,32986
22562,2,0,32988
22563,1,0,32989
22564,1,0,32990
22565,1,0,32991
22566,1,0,32992
22567,1,0,32993
22568,2,0,32995
22569,1,0,32996
22570,1,0,32997
22571,3,0,33000
22572,2,0,33002
22573,1,0,33003
22574,1,0,33004
22575,4,0,33008
22576,2,0,33010
22577,2,0,33012
22578,3,0,33015
22579,1,0,33016
22580,1,0,33017
22581,1,0,33018
22582,4,0,33022
22583,1,0,33023
22584,1,0,33024
22585,1,0,33025
22586,3,0,33028
22587,1,0,33029
22588,1,0,33030
22589,1,0,33031
22590,2,0,33033
22591,1,0,33034
22592,1,0,33035
22593,1,0,33036
22594,1,0,33037
22595,1,0,33038
22596,1,0,33039
22597,1,0,33040
22598,1,0,33041
22599,3,0,33044
22600,2,0,33046
22601,1,0,33047
22602,1,0,33048
22603,1,0,33049
22604,1,0,33050
22605,1,0,33051
22606,1,0,33052
22607,1,0,33053
22608,1,0,33054
22609,1,0,33055
22610,3,0,33058
22611,1,0,33059
22612,1,0,33060
22613,2,0,33062
22614,1,0,33063
22615,1,0,33064
22616,1,0,33065
22617,2,0,33067
22618,1,0,33068
22619,2,0,33070
22620,2,0,33072
22621,1,0,33073
22622,1,0,33074
22623,1,0,33075
22624,2,0,33077
22625,1,0,33078
22626,1,0,33079
22627,2,0,33081
22628,1,0,33082
22629,1,0,33083
22630,1,0,33084
22631,4,0,33088
22632,1,0,33089
22633,1,0,33090
22634,2,0,33092
22635,1,0,33093
22636,4,0,33097
22637,2,0,33099
22638,1,0,33100
22639,3,0,33103
22640,3,0,33106
22641,1,0,33107
22642,1,0,33108
22643,1,0,33109
22644,1,0,33110
22645,1,0,33111
22646,1,0,33112
22647,2,0,33114
22648,1,0,33115
22649,2,0,33117
22650,1,0,33118
22651,1,0,33119
22652,1,0,33120
22653,2,0,33122
22654,1,0,33123
22655,1,0,33124
22656,1,0,33125
22657,1,0,33126
22658,2,0,33128
22659,3,0,33131
22660,1,0,33132
22661,1,0,33133
22662,3,0,33136
22663,1,0,33137
22664,1,0,33138
22665,1,0,33139
22666,3,0,33142
22667,5,0,33147
22668,1,0,33148
22669,1,0,33149
22670,2,0,33151
22671,1,0,33152
22672,2,0,33154
22673,1,0,33155
22674,1,0,33156
22675,2,0,33158
22676,2,0,33160
22677,1,0,33161
22678,1,0,33162
22679,1,0,33163
22680,1,0,33164
22681,6,0,33170
22682,1,0,33171
22683,1,0,33172
22684,1,0,33173
22685,2,0,33175
22686,1,0,33176
22687,1,0,33177
22688,1,0,33178
22689,1,0,33179
22690,1,0,33180
22691,1,0,33181
22692,1,0,33182
22693,3,0,33185
22694,1,0,33186
22695,3,0,33189
22696,1,0,33190
22697,1,0,33191
22698,2,0,33193
22699,1,0,33194
22700,1,0,33195
22701,1,0,33196
22702,1,0,33197
22703,1,0,33198
22704,2,0,33200
22705,1,0,33201
22706,1,0,33202
22707,1,0,33203
22708,2,0,33205
22709,1,0,33206
22710,1,0,33207
22711,1,0,33208
22712,1,0,33209
22713,1,0,33210
22714,5,0,33215
22715,4,0,33219
22716,1,0,33220
22717,1,0,33221
22718,3,0,33224
22719,1,0,33225
22720,3,0,33228
22721,2,0,33230
22722,1,0,33231
22723,1,0,33232
22724,3,0,33235
22725,3,0,33238
22726,1,0,33239
22727,1,0,33240
22728,1,0,33241
22729,2,0,33243
22730,2,0,33245
22731,2,0,33247
22732,1,0,33248
22733,1,0,33249
22734,1,0,33250
22735,1,0,33251
22736,1,0,33252
22737,1,0,33253
22738,2,0,33255
22739,1,0,33256
22740,2,0,33258
22741,3,0,33261
22742,1,0,33262
22743,1,0,33263
22744,3,0,33266
22745,1,0,33267
22746,1,0,33268
22747,1,0,33269
22748,1,0,33270
22749,1,0,33271
22750,2,0,33273
22751,1,0,33274
22752,1,0,33275
22753,2,0,33277
22754,1,0,33278
22755,1,0,33279
22756,1,0,33280
22757,1,0,33281
22758,1,0,33282
22759,1,0,33283
22760,1,0,33284
22761,2,0,33286
22762,2,0,33288
22763,2,0,33290
22764,1,0,33291
22765,1,0,33292
22766,1,0,33293
22767,2,0,33295
22768,1,0,33296
22769,1,0,33297
22770,1,0,33298
22771,2,0,33300
22772,2,0,33302
22773,1,0,33303
22774,1,0,33304
22775,1,0,33305
22776,3,0,33308
22777,1,0,33309
22778,1,0,33310
22779,1,0,33311
22780,1,0,33312
22781,1,0,33313
22782,1,0,33314
22783,2,0,33316
22784,1,0,33317
22785,1,0,33318
22786,1,0,33319
22787,4,0,33323
22788,2,0,33325
22789,3,0,33328
22790,1,0,33329
22791,1,0,33330
22792,2,0,33332
22793,1,0,33333
22794,2,0,33335
22795,1,0,33336
22796,2,0,33338
22797,1,0,33339
22798,1,0,33340
22799,1,0,33341
22800,2,0,33343
22801,1,0,33344
22802,1,0,33345
22803,1,0,33346
22804,1,0,33347
22805,5,0,33352
22806,1,0,33353
22807,1,0,33354
22808,1,0,33355
22809,2,0,33357
22810,2,0,33359
22811,1,0,33360
22812,3,0,33363
22813,1,0,33364
22814,2,0,33366
22815,1,0,33367
22816,1,0,33368
22817,1,0,33369
22818,1,0,33370
22819,1,0,33371
22820,2,0,33373
22821,3,0,33376
22822,1,0,33377
22823,2,0,33379
22824,3,0,33382
22825,1,0,33383
22826,2,0,33385
22827,1,0,33386
22828,2,0,33388
22829,1,0,33389
22830,1,0,33390
22831,1,0,33391
22832,1,0,33392
22833,1,0,33393
22834,1,0,33394
22835,1,0,33395
22836,3,0,33398
22837,2,0,33400
22838,1,0,33401
22839,1,0,33402
22840,1,0,33403
22841,2,0,33405
22842,1,0,33406
22843,2,0,33408
22844,1,0,33409
22845,2,0,33411
22846,3,0,33414
22847,1,0,33415
22848,2,0,33417
22849,1,0,33418
22850,2,0,33420
22851,1,0,33421
22852,1,0,33422
22853,1,0,33423
22854,5,0,33428
22855,2,0,33430
22856,1,0,33431
22857,1,0,33432
22858,2,0,33434
22859,1,0,33435
22860,1,0,33436
22861,1,0,33437
22862,1,0,33438
22863,1,0,33439
22864,1,0,33440
22865,3,0,33443
22866,1,0,33444
22867,1,0,33445
22868,1,0,33446
22869,1,0,33447
22870,5,0,33452
22871,1,0,33453
22872,1,0,33454
22873,2,0,33456
22874,2,0,33458
22875,1,0,33459
22876,2,0,33461
22877,1,0,33462
22878,2,0,33464
22879,1,0,33465
22880,1,0,33466
22881,1,0,33467
22882,2,0,33469
22883,1,0,33470
22884,1,0,33471
22885,1,0,33472
22886,1,0,33473
22887,2,0,33475
22888,1,0,33476
22889,1,0,33477
22890,1,0,33478
22891,3,0,33481
22892,2,0,33483
22893,1,0,33484
22894,1,0,33485
22895,1,0,33486
22896,1,0,33487
22897,2,0,33489
22898,2,0,33491
22899,1,0,33492
22900,1,0,33493
22901,4,0,33497
22902,2,0,33499
22903,1,0,33500
22904,1,0,33501
22905,2,0,33503
22906,1,0,33504
22907,1,0,33505
22908,1,0,33506
22909,1,0,33507
22910,1,0,33508
22911,3,0,33511
22912,1,0,33512
22913,1,0,33513
22914,1,0,33514
22915,2,0,33516
22916,1,0,33517
22917,1,0,33518
22918,2,0,33520
22919,2,0,33522
22920,1,0,33523
22921,1,0,33524
22922,1,0,33525
22923,1,0,33526
22924,1,0,33527
22925,2,0,33529
22926,1,0,33530
22927,1,0,33531
22928,1,0,33532
22929,2,0,33534
22930,3,0,33537
22931,2,0,33539
22932,2,0,33541
22933,1,0,33542
22934,2,0,33544
22935,3,0,33547
22936,1,0,33548
22937,1,0,33549
22938,3,0,33552
22939,3,0,33555
22940,1,0,33556
22941,1,0,33557
22942,2,0,33559
22943,1,0,33560
22944,1,0,33561
22945,1,0,33562
22946,1,0,33563
22947,1,0,33564
22948,2,0,33566
22949,1,0,33567
22950,1,0,33568
22951,1,0,33569
22952,1,0,33570
22953,2,0,33572
22954,3,0,33575
22955,1,0,33576
22956,2,0,33578
22957,3,0,33581
22958,1,0,33582
22959,1,0,33583
22960,1,0,33584
22961,1,0,33585
22962,1,0,33586
22963,3,0,33589
22964,2,0,33591
22965,1,0,33592
22966,1,0,33593
22967,1,0,33594
22968,1,0,33595
22969,2,0,33597
22970,1,0,33598
22971,1,0,33599
22972,1,0,33600
22973,4,0,33604
22974,6,0,33610
22975,1,0,33611
22976,1,0,33612
22977,2,0,33614
22978,1,0,33615
22979,2,0,33617
22980,1,0,33618
22981,1,0,33619
22982,2,0,33621
22983,3,0,33624
22984,4,0,33628
22985,4,0,33632
22986,1,0,33633
22987,1,0,33634
22988,2,0,33636
22989,2,0,33638
22990,7,0,33645
22991,2,0,33647
22992,1,0,33648
22993,1,0,33649
22994,3,0,33652
22995,4,0,33656
22996,1,0,33657
22997,2,0,33659
22998,2,0,33661
22999,1,0,33662
23000,1,0,33663
23001,2,0,33665
23002,1,0,33666
23003,1,0,33667
23004,1,0,33668
23005,1,0,33669
23006,2,0,33671
23007,2,0,33673
23008,1,0,33674
23009,2,0,33676
23010,1,0,33677
23011,1,0,33678
23012,3,0,33681
23013,1,0,33682
23014,2,0,33684
23015,1,0,33685
23016,2,0,33687
23017,1,0,33688
23018,1,0,33689
23019,2,0,33691
23020,1,0,33692
23021,1,0,33693
23022,1,0,33694
23023,2,0,33696
23024,1,0,33697
23025,1,0,33698
23026,2,0,33700
23027,1,0,33701
23028,1,0,33702
23029,1,0,33703
23030,2,0,33705
23031,1,0,33706
23032,1,0,33707
23033,9,0,33716
23034,1,0,33717
23035,3,0,33720
23036,2,0,33722
23037,1,0,33723
23038,1,0,33724
23039,1,0,33725
23040,1,0,33726
23041,3,0,33729
23042,1,0,33730
23043,1,0,33731
23044,1,0,33732
23045,1,0,33733
23046,1,0,33734
23047,1,0,33735
23048,1,0,33736
23049,2,0,33738
23050,2,0,33740
23051,3,0,33743
23052,2,0,33745
23053,4,0,33749
23054,1,0,33750
23055,1,0,33751
23056,1,0,33752
23057,1,0,33753
23058,1,0,33754
23059,1,0,33755
23060,1,0,33756
23061,2,0,33758
23062,1,0,33759
23063,3,0,33762
23064,2,0,33764
23065,1,0,33765
23066,1,0,33766
23067,1,0,33767
23068,1,0,33768
23069,2,0,33770
23070,2,0,33772
23071,1,0,33773
23072,1,0,33774
23073,2,0,33776
23074,1,0,33777
23075,2,0,33779
23076,3,0,33782
23077,1,0,33783
23078,1,0,33784
23079,2,0,33786
23080,1,0,33787
23081,1,0,33788
23082,1,0,33789
23083,1,0,33790
23084,2,0,33792
23085,3,0,33795
23086,1,0,33796
23087,2,0,33798
23088,1,0,33799
23089,1,0,33800
23090,2,0,33802
23091,2,0,33804
23092,1,0,33805
23093,4,0,33809
23094,1,0,33810
23095,1,0,33811
23096,3,0,33814
23097,1,0,33815
23098,3,0,33818
23099,1,0,33819
23100,1,0,33820
23101,1,0,33821
23102,1,0,33822
23103,2,0,33824
23104,3,0,33827
23105,1,0,33828
23106,1,0,33829
23107,1,0,33830
23108,1,0,33831
23109,1,0,33832
23110,5,0,33837
23111,1,0,33838
23112,2,0,33840
23113,1,0,33841
23114,1,0,33842
23115,1,0,33843
23116,2,0,33845
23117,1,0,33846
23118,1,0,33847
23119,1,0,33848
23120,1,0,33849
23121,1,0,33850
23122,1,0,33851
23123,1,0,33852
23124,1,0,33853
23125,3,0,33856
23126,1,0,33857
23127,1,0,33858
23128,1,0,33859
23129,1,0,33860
23130,1,0,33861
23131,1,0,33862
23132,1,0,33863
23133,2,0,33865
23134,1,0,33866
23135,1,0,33867
23136,1,0,33868
23137,1,0,33869
23138,1,0,33870
23139,1,0,33871
23140,2,0,33873
23141,1,0,33874
23142,1,0,33875
23143,1,0,33876
23144,1,0,33877
23145,2,0,33879
23146,2,0,33881
23147,1,0,33882
23148,1,0,33883
23149,1,0,33884
23150,2,0,33886
23151,1,0,33887
23152,1,0,33888
23153,1,0,33889
23154,2,0,33891
23155,1,0,33892
23156,1,0,33893
23157,4,0,33897
23158,1,0,33898
23159,3,0,33901
23160,1,0,33902
23161,1,0,33903
23162,5,0,33908
23163,5,0,33913
23164,1,0,33914
23165,4,0,33918
23166,1,0,33919
23167,2,0,33921
23168,4,0,33925
23169,1,0,33926
23170,2,0,33928
23171,2,0,33930
23172,2,0,33932
23173,2,0,33934
23174,2,0,33936
23175,1,0,33937
23176,1,0,33938
23177,30,0,33968
23178,1,0,33969
23179,2,0,33971
23180,1,0,33972
23181,1,0,33973
23182,1,0,33974
23183,1,0,33975
23184,3,0,33978
23185,1,0,33979
23186,1,0,33980
23187,2,0,33982
23188,1,0,33983
23189,1,0,33984
23190,1,0,33985
23191,1,0,33986
23192,1,0,33987
23193,1,0,33988
23194,1,0,33989
23195,1,0,33990
23196,1,0,33991
23197,1,0,33992
23198,1,0,33993
23199,3,0,33996
23200,1,0,33997
23201,1,0,33998
23202,1,0,33999
23203,1,0,34000
23204,1,0,34001
23205,1,0,34002
23206,1,0,34003
23207,2,0,34005
23208,1,0,34006
23209,1,0,34007
23210,2,0,34009
23211,3,0,34012
23212,4,0,34016
23213,1,0,34017
23214,2,0,34019
23215,2,0,34021
23216,1,0,34022
23217,2,0,34024
23218,5,0,34029
23219,1,0,34030
23220,1,0,34031
23221,2,0,34033
23222,1,0,34034
23223,1,0,34035
23224,2,0,34037
23225,1,0,34038
23226,1,0,34039
23227,2,0,34041
23228,2,0,34043
23229,1,0,34044
23230,2,0,34046
23231,1,0,34047
23232,1,0,34048
23233,3,0,34051
23234,1,0,34052
23235,1,0,34053
23236,1,0,34054
23237,1,0,34055
23238,2,0,34057
23239,2,0,34059
23240,1,0,34060
23241,1,0,34061
23242,1,0,34062
23243,1,0,34063
23244,2,0,34065
23245,1,0,34066
23246,1,0,34067
23247,1,0,34068
23248,1,0,34069
23249,1,0,34070
23250,1,0,34071
23251,1,0,34072
23252,1,0,34073
23253,2,0,34075
23254,5,0,34080
23255,2,0,34082
23256,1,0,34083
23257,2,0,34085
23258,1,0,34086
23259,1,0,34087
23260,1,0,34088
23261,1,0,34089
23262,4,0,34093
23263,2,0,34095
23264,1,0,34096
23265,1,0,34097
23266,1,0,34098
23267,1,0,34099
23268,2,0,34101
23269,2,0,34103
23270,1,0,34104
23271,1,0,34105
23272,1,0,34106
23273,2,0,34108
23274,1,0,34109
23275,1,0,34110
23276,3,0,34113
23277,1,0,34114
23278,1,0,34115
23279,1,0,34116
23280,1,0,34117
23281,2,0,34119
23282,1,0,34120
23283,1,0,34121
23284,3,0,34124
23285,1,0,34125
23286,3,0,34128
23287,2,0,34130
23288,1,0,34131
23289,2,0,34133
23290,1,0,34134
23291,4,0,34138
23292,1,0,34139
23293,1,0,34140
23294,1,0,34141
23295,1,0,34142
23296,2,0,34144
23297,2,0,34146
23298,1,0,34147
23299,1,0,34148
23300,2,0,34150
23301,2,0,34152
23302,1,0,34153
23303,3,0,34156
23304,2,0,34158
23305,1,0,34159
23306,1,0,34160
23307,1,0,34161
23308,3,0,34164
23309,2,0,34166
23310,1,0,34167
23311,2,0,34169
23312,1,0,34170
23313,3,0,34173
23314,2,0,34175
23315,1,0,34176
23316,1,0,34177
23317,2,0,34179
23318,2,0,34181
23319,1,0,34182
23320,2,0,34184
23321,2,0,34186
23322,4,0,34190
23323,2,0,34192
23324,1,0,34193
23325,1,0,34194
23326,1,0,34195
23327,1,0,34196
23328,3,0,34199
23329,2,0,34201
23330,1,0,34202
23331,1,0,34203
23332,1,0,34204
23333,1,0,34205
23334,1,0,34206
23335,1,0,34207
23336,1,0,34208
23337,5,0,34213
23338,1,0,34214
23339,1,0,34215
23340,2,0,34217
23341,2,0,34219
23342,1,0,34220
23343,2,0,34222
23344,1,0,34223
23345,1,0,34224
23346,1,0,34225
23347,3,0,34228
23348,4,0,34232
23349,1,0,34233
23350,1,0,34234
23351,1,0,34235
23352,1,0,34236
23353,1,0,34237
23354,1,0,34238
23355,1,0,34239
23356,2,0,34241
23357,1,0,34242
23358,1,0,34243
23359,1,0,34244
23360,2,0,34246
23361,1,0,34247
23362,1,0,34248
23363,1,0,34249
23364,1,0,34250
23365,1,0,34251
23366,4,0,34255
23367,4,0,34259
23368,1,0,34260
23369,1,0,34261
23370,1,0,34262
23371,1,0,34263
23372,1,0,34264
23373,1,0,34265
23374,1,0,34266
23375,1,0,34267
23376,1,0,34268
23377,6,0,34274
23378,1,0,34275
23379,1,0,34276
23380,1,0,34277
23381,1,0,34278
23382,1,0,34279
23383,1,0,34280
23384,3,0,34283
23385,1,0,34284
23386,1,0,34285
23387,2,0,34287
23388,2,0,34289
23389,1,0,34290
23390,1,0,34291
23391,1,0,34292
23392,1,0,34293
23393,1,0,34294
23394,1,0,34295
23395,1,0,34296
23396,1,0,34297
23397,1,0,34298
23398,1,0,34299
23399,1,0,34300
23400,1,0,34301
23401,1,0,34302
23402,1,0,34303
23403,2,0,34305
23404,1,0,34306
23405,2,0,34308
23406,1,0,34309
23407,1,0,34310
23408,1,0,34311
23409,1,0,34312
23410,1,0,34313
23411,1,0,34314
23412,1,0,34315
23413,2,0,34317
23414,2,0,34319
23415,3,0,34322
23416,2,0,34324
23417,1,0,34325
23418,2,0,34327
23419,1,0,34328
23420,1,0,34329
23421,1,0,34330
23422,1,0,34331
23423,3,0,34334
23424,2,0,34336
23425,1,0,34337
23426,1,0,34338
23427,1,0,34339
23428,1,0,34340
23429,1,0,34341
23430,1,0,34342
23431,1,0,34343
23432,1,0,34344
23433,1,0,34345
23434,1,0,34346
23435,1,0,34347
23436,1,0,34348
23437,1,0,34349
23438,2,0,34351
23439,1,0,34352
23440,2,0,34354
23441,3,0,34357
23442,2,0,34359
23443,1,0,34360
23444,1,0,34361
23445,1,0,34362
23446,3,0,34365
23447,2,0,34367
23448,1,0,34368
23449,1,0,34369
23450,1,0,34370
23451,1,0,34371
23452,2,0,34373
23453,1,0,34374
23454,1,0,34375
23455,2,0,34377
23456,3,0,34380
23457,2,0,34382
23458,1,0,34383
23459,2,0,34385
23460,1,0,34386
23461,3,0,34389
23462,2,0,34391
23463,2,0,34393
23464,1,0,34394
23465,1,0,34395
23466,1,0,34396
23467,1,0,34397
23468,2,0,34399
23469,1,0,34400
23470,1,0,34401
23471,1,0,34402
23472,1,0,34403
23473,1,0,34404
23474,2,0,34406
23475,3,0,34409
23476,4,0,34413
23477,1,0,34414
23478,1,0,34415
23479,1,0,34416
23480,1,0,34417
23481,1,0,34418
23482,2,0,34420
23483,1,0,34421
23484,1,0,34422
23485,2,0,34424
23486,1,0,34425
23487,4,0,34429
23488,1,0,34430
23489,1,0,34431
23490,1,0,34432
23491,3,0,34435
23492,2,0,34437
23493,1,0,34438
23494,1,0,34439
23495,1,0,34440
23496,1,0,34441
23497,2,0,34443
23498,1,0,34444
23499,2,0,34446
23500,1,0,34447
23501,1,0,34448
23502,1,0,34449
23503,1,0,34450
23504,3,0,34453
23505,1,0,34454
23506,1,0,34455
23507,1,0,34456
23508,2,0,34458
23509,1,0,34459
23510,1,0,34460
23511,1,0,34461
23512,1,0,34462
23513,1,0,34463
23514,1,0,34464
23515,1,0,34465
23516,1,0,34466
23517,1,0,34467
23518,1,0,34468
23519,1,0,34469
23520,1,0,34470
23521,1,0,34471
23522,1,0,34472
23523,1,0,34473
23524,1,0,34474
23525,2,0,34476
23526,1,0,34477
23527,5,0,34482
23528,1,0,34483
23529,1,0,34484
23530,2,0,34486
23531,2,0,34488
23532,3,0,34491
23533,3,0,34494
23534,2,0,34496
23535,1,0,34497
23536,1,0,34498
23537,1,0,34499
23538,2,0,34501
23539,2,0,34503
23540,3,0,34506
23541,3,0,34509
23542,2,0,34511
23543,1,0,34512
23544,2,0,34514
23545,1,0,34515
23546,1,0,34516
23547,1,0,34517
23548,1,0,34518
23549,2,0,34520
23550,2,0,34522
23551,1,0,34523
23552,1,0,34524
23553,2,0,34526
23554,3,0,34529
23555,2,0,34531
23556,1,0,34532
23557,1,0,34533
23558,1,0,34534
23559,1,0,34535
23560,1,0,34536
23561,1,0,34537
23562,1,0,34538
23563,1,0,34539
23564,4,0,34543
23565,1,0,34544
23566,1,0,34545
23567,1,0,34546
23568,1,0,34547
23569,1,0,34548
23570,1,0,34549
23571,1,0,34550
23572,1,0,34551
23573,1,0,34552
23574,2,0,34554
23575,1,0,34555
23576,1,0,34556
23577,1,0,34557
23578,1,0,34558
23579,2,0,34560
23580,1,0,34561
23581,3,0,34564
23582,1,0,34565
23583,3,0,34568
23584,3,0,34571
23585,2,0,34573
23586,2,0,34575
23587,1,0,34576
23588,2,0,34578
23589,1,0,34579
23590,1,0,34580
23591,1,0,34581
23592,3,0,34584
23593,1,0,34585
23594,2,0,34587
23595,1,0,34588
23596,1,0,34589
23597,6,0,34595
23598,1,0,34596
23599,4,0,34600
23600,1,0,34601
23601,1,0,34602
23602,4,0,34606
23603,1,0,34607
23604,1,0,34608
23605,1,0,34609
23606,1,0,34610
23607,1,0,34611
23608,2,0,34613
23609,1,0,34614
23610,1,0,34615
23611,2,0,34617
23612,1,0,34618
23613,1,0,34619
23614,1,0,34620
23615,1,0,34621
23616,6,0,34627
23617,1,0,34628
23618,1,0,34629
23619,1,0,34630
23620,1,0,34631
23621,2,0,34633
23622,2,0,34635
23623,3,0,34638
23624,1,0,34639
23625,3,0,34642
23626,4,0,34646
23627,1,0,34647
23628,3,0,34650
23629,3,0,34653
23630,1,0,34654
23631,1,0,34655
23632,2,0,34657
23633,1,0,34658
23634,1,0,34659
23635,2,0,34661
23636,1,0,34662
23637,2,0,34664
23638,1,0,34665
23639,2,0,34667
23640,2,0,34669
23641,1,0,34670
23642,1,0,34671
23643,1,0,34672
23644,1,0,34673
23645,1,0,34674
23646,1,0,34675
23647,1,0,34676
23648,1,0,34677
23649,1,0,34678
23650,1,0,34679
23651,3,0,34682
23652,1,0,34683
23653,1,0,34684
23654,1,0,34685
23655,1,0,34686
23656,1,0,34687
23657,1,0,34688
23658,2,0,34690
23659,2,0,34692
23660,1,0,34693
23661,1,0,34694
23662,1,0,34695
23663,2,0,34697
23664,1,0,34698
23665,2,0,34700
23666,1,0,34701
23667,2,0,34703
23668,1,0,34704
23669,1,0,34705
23670,2,0,34707
23671,1,0,34708
23672,2,0,34710
23673,1,0,34711
23674,1,0,34712
23675,2,0,34714
23676,1,0,34715
23677,2,0,34717
23678,1,0,34718
23679,1,0,34719
23680,1,0,34720
23681,3,0,34723
23682,3,0,34726
23683,1,0,34727
23684,1,0,34728
23685,1,0,34729
23686,2,0,34731
23687,1,0,34732
23688,1,0,34733
23689,3,0,34736
23690,1,0,34737
23691,1,0,34738
23692,1,0,34739
23693,1,0,34740
23694,1,0,34741
23695,1,0,34742
23696,1,0,34743
23697,1,0,34744
23698,1,0,34745
23699,1,0,34746
23700,3,0,34749
23701,1,0,34750
23702,1,0,34751
23703,1,0,34752
23704,1,0,34753
23705,1,0,34754
23706,1,0,34755
23707,1,0,34756
23708,1,0,34757
23709,2,0,34759
23710,1,0,34760
23711,3,0,34763
23712,1,0,34764
23713,1,0,34765
23714,1,0,34766
23715,1,0,34767
23716,2,0,34769
23717,1,0,34770
23718,1,0,34771
23719,2,0,34773
23720,1,0,34774
23721,1,0,34775
23722,1,0,34776
23723,2,0,34778
23724,2,0,34780
23725,1,0,34781
23726,1,0,34782
23727,2,0,34784
23728,1,0,34785
23729,1,0,34786
23730,1,0,34787
23731,1,0,34788
23732,1,0,34789
23733,1,0,34790
23734,1,0,34791
23735,1,0,34792
23736,1,0,34793
23737,3,0,34796
23738,2,0,34798
23739,1,0,34799
23740,1,0,34800
23741,2,0,34802
23742,2,0,34804
23743,1,0,34805
23744,1,0,34806
23745,1,0,34807
23746,1,0,34808
23747,1,0,34809
23748,1,0,34810
23749,3,0,34813
23750,1,0,34814
23751,2,0,34816
23752,1,0,34817
23753,3,0,34820
23754,2,0,34822
23755,1,0,34823
23756,2,0,34825
23757,2,0,34827
23758,2,0,34829
23759,1,0,34830
23760,1,0,34831
23761,1,0,34832
23762,1,0,34833
23763,1,0,34834
23764,1,0,34835
23765,1,0,34836
23766,1,0,34837
23767,1,0,34838
23768,1,0,34839
23769,1,0,34840
23770,1,0,34841
23771,1,0,34842
23772,1,0,34843
23773,1,0,34844
23774,3,0,34847
23775,1,0,34848
23776,1,0,34849
23777,1,0,34850
23778,1,0,34851
23779,2,0,34853
23780,1,0,34854
23781,1,0,34855
23782,1,0,34856
23783,1,0,34857
23784,2,0,34859
23785,2,0,34861
23786,1,0,34862
23787,1,0,34863
23788,2,0,34865
23789,2,0,34867
23790,2,0,34869
23791,2,0,34871
23792,1,0,34872
23793,1,0,34873
23794,1,0,34874
23795,1,0,34875
23796,1,0,34876
23797,1,0,34877
23798,2,0,34879
23799,1,0,34880
23800,1,0,34881
23801,1,0,34882
23802,1,0,34883
23803,2,0,34885
23804,2,0,34887
23805,1,0,34888
23806,1,0,34889
23807,2,0,34891
23808,2,0,34893
23809,2,0,34895
23810,1,0,34896
23811,1,0,34897
23812,1,0,34898
23813,1,0,34899
23814,1,0,34900
23815,2,0,34902
23816,1,0,34903
23817,1,0,34904
23818,3,0,34907
23819,1,0,34908
23820,1,0,34909
23821,2,0,34911
23822,1,0,34912
23823,1,0,34913
23824,1,0,34914
23825,2,0,34916
23826,1,0,34917
23827,2,0,34919
23828,1,0,34920
23829,2,0,34922
23830,1,0,34923
23831,1,0,34924
23832,1,0,34925
23833,1,0,34926
23834,3,0,34929
23835,3,0,34932
23836,2,0,34934
23837,2,0,34936
23838,1,0,34937
23839,1,0,34938
23840,1,0,34939
23841,1,0,34940
23842,1,0,34941
23843,3,0,34944
23844,1,0,34945
23845,1,0,34946
23846,3,0,34949
23847,1,0,34950
23848,1,0,34951
23849,1,0,34952
23850,1,0,34953
23851,1,0,34954
23852,1,0,34955
23853,1,0,34956
23854,1,0,34957
23855,3,0,34960
23856,1,0,34961
23857,1,0,34962
23858,1,0,34963
23859,1,0,34964
23860,2,0,34966
23861,1,0,34967
23862,1,0,34968
23863,1,0,34969
23864,2,0,34971
23865,1,0,34972
23866,2,0,34974
23867,1,0,34975
23868,1,0,34976
23869,1,0,34977
23870,3,0,34980
23871,1,0,34981
23872,1,0,34982
23873,1,0,34983
23874,1,0,34984
23875,1,0,34985
23876,3,0,34988
23877,1,0,34989
23878,4,0,34993
23879,1,0,34994
23880,1,0,34995
23881,1,0,34996
23882,2,0,34998
23883,4,0,35002
23884,1,0,35003
23885,1,0,35004
23886,1,0,35005
23887,1,0,35006
23888,1,0,35007
23889,2,0,35009
23890,1,0,35010
23891,1,0,35011
23892,1,0,35012
23893,2,0,35014
23894,1,0,35015
23895,1,0,35016
23896,1,0,35017
23897,1,0,35018
23898,2,0,35020
23899,1,0,35021
23900,1,0,35022
23901,1,0,35023
23902,1,0,35024
23903,2,0,35026
23904,1,0,35027
23905,1,0,35028
23906,1,0,35029
23907,1,0,35030
23908,2,0,35032
23909,1,0,35033
23910,2,0,35035
23911,1,0,35036
23912,1,0,35037
23913,2,0,35039
23914,2,0,35041
23915,1,0,35042
23916,1,0,35043
23917,3,0,35046
23918,1,0,35047
23919,1,0,35048
23920,2,0,35050
23921,2,0,35052
23922,3,0,35055
23923,1,0,35056
23924,1,0,35057
23925,1,0,35058
23926,2,0,35060
23927,2,0,35062
23928,1,0,35063
23929,1,0,35064
23930,1,0,35065
23931,1,0,35066
23932,1,0,35067
23933,1,0,35068
23934,1,0,35069
23935,3,0,35072
23936,5,0,35077
23937,1,0,35078
23938,1,0,35079
23939,1,0,35080
23940,2,0,35082
23941,1,0,35083
23942,1,0,35084
23943,1,0,35085
23944,1,0,35086
23945,2,0,35088
23946,1,0,35089
23947,1,0,35090
23948,1,0,35091
23949,2,0,35093
23950,2,0,35095
23951,1,0,35096
23952,1,0,35097
23953,1,0,35098
23954,1,0,35099
23955,2,0,35101
23956,2,0,35103
23957,1,0,35104
23958,1,0,35105
23959,2,0,35107
23960,1,0,35108
23961,4,0,35112
23962,1,0,35113
23963,1,0,35114
23964,1,0,35115
23965,1,0,35116
23966,1,0,35117
23967,3,0,35120
23968,1,0,35121
23969,1,0,35122
23970,1,0,35123
23971,1,0,35124
23972,2,0,35126
23973,1,0,35127
23974,2,0,35129
23975,1,0,35130
23976,2,0,35132
23977,1,0,35133
23978,1,0,35134
23979,1,0,35135
23980,1,0,35136
23981,1,0,35137
23982,2,0,35139
23983,1,0,35140
23984,3,0,35143
23985,1,0,35144
23986,1,0,35145
23987,3,0,35148
23988,1,0,35149
23989,1,0,35150
23990,1,0,35151
23991,1,0,35152
23992,1,0,35153
23993,1,0,35154
23994,1,0,35155
23995,2,0,35157
23996,1,0,35158
23997,1,0,35159
23998,1,0,35160
23999,1,0,35161
24000,1,0,35162
24001,1,0,35163
24002,1,0,35164
24003,2,0,35166
24004,3,0,35169
24005,2,0,35171
24006,1,0,35172
24007,1,0,35173
24008,4,0,35177
24009,1,0,35178
24010,1,0,35179
24011,2,0,35181
24012,1,0,35182
24013,1,0,35183
24014,4,0,35187
24015,2,0,35189
24016,1,0,35190
24017,1,0,35191
24018,1,0,35192
24019,1,0,35193
24020,3,0,35196
24021,1,0,35197
24022,1,0,35198
24023,2,0,35200
24024,1,0,35201
24025,1,0,35202
24026,1,0,35203
24027,2,0,35205
24028,3,0,35208
24029,1,0,35209
24030,1,0,35210
24031,1,0,35211
24032,1,0,35212
24033,2,0,35214
24034,1,0,35215
24035,1,0,35216
24036,6,0,35222
24037,2,0,35224
24038,3,0,35227
24039,1,0,35228
24040,1,0,35229
24041,1,0,35230
24042,6,0,35236
24043,1,0,35237
24044,1,0,35238
24045,3,0,35241
24046,1,0,35242
24047,3,0,35245
24048,1,0,35246
24049,1,0,35247
24050,1,0,35248
24051,1,0,35249
24052,2,0,35251
24053,1,0,35252
24054,1,0,35253
24055,1,0,35254
24056,1,0,35255
24057,1,0,35256
24058,1,0,35257
24059,1,0,35258
24060,1,0,35259
24061,1,0,35260
24062,1,0,35261
24063,1,0,35262
24064,1,0,35263
24065,1,0,35264
24066,1,0,35265
24067,1,0,35266
24068,2,0,35268
24069,1,0,35269
24070,2,0,35271
24071,1,0,35272
24072,2,0,35274
24073,1,0,35275
24074,1,0,35276
24075,1,0,35277
24076,1,0,35278
24077,2,0,35280
24078,1,0,35281
24079,1,0,35282
24080,1,0,35283
24081,1,0,35284
24082,1,0,35285
24083,1,0,35286
24084,2,0,35288
24085,2,0,35290
24086,1,0,35291
24087,1,0,35292
24088,2,0,35294
24089,2,0,35296
24090,1,0,35297
24091,1,0,35298
24092,1,0,35299
24093,1,0,35300
24094,2,0,35302
24095,2,0,35304
24096,1,0,35305
24097,2,0,35307
24098,2,0,35309
24099,1,0,35310
24100,1,0,35311
24101,3,0,35314
24102,2,0,35316
24103,2,0,35318
24104,1,0,35319
24105,1,0,35320
24106,1,0,35321
24107,2,0,35323
24108,1,0,35324
24109,1,0,35325
24110,1,0,35326
24111,1,0,35327
24112,1,0,35328
24113,1,0,35329
24114,2,0,35331
24115,2,0,35333
24116,1,0,35334
24117,1,0,35335
24118,1,0,35336
24119,2,0,35338
24120,1,0,35339
24121,2,0,35341
24122,1,0,35342
24123,1,0,35343
24124,2,0,35345
24125,1,0,35346
24126,1,0,35347
24127,1,0,35348
24128,2,0,35350
24129,1,0,35351
24130,1,0,35352
24131,2,0,35354
24132,2,0,35356
24133,1,0,35357
24134,5,0,35362
24135,3,0,35365
24136,1,0,35366
24137,1,0,35367
24138,1,0,35368
24139,2,0,35370
24140,1,0,35371
24141,1,0,35372
24142,1,0,35373
24143,1,0,35374
24144,2,0,35376
24145,2,0,35378
24146,1,0,35379
24147,1,0,35380
24148,1,0,35381
24149,2,0,35383
24150,7,0,35390
24151,1,0,35391
24152,2,0,35393
24153,1,0,35394
24154,1,0,35395
24155,2,0,35397
24156,2,0,35399
24157,2,0,35401
24158,2,0,35403
24159,1,0,35404
24160,1,0,35405
24161,1,0,35406
24162,1,0,35407
24163,2,0,35409
24164,1,0,35410
24165,1,0,35411
24166,1,0,35412
24167,1,0,35413
24168,1,0,35414
24169,1,0,35415
24170,1,0,35416
24171,1,0,35417
24172,2,0,35419
24173,2,0,35421
24174,1,0,35422
24175,2,0,35424
24176,1,0,35425
24177,3,0,35428
24178,1,0,35429
24179,1,0,35430
24180,1,0,35431
24181,1,0,35432
24182,2,0,35434
24183,2,0,35436
24184,1,0,35437
24185,1,0,35438
24186,2,0,35440
24187,1,0,35441
24188,1,0,35442
24189,1,0,35443
24190,1,0,35444
24191,1,0,35445
24192,1,0,35446
24193,2,0,35448
24194,1,0,35449
24195,1,0,35450
24196,1,0,35451
24197,1,0,35452
24198,2,0,35454
24199,1,0,35455
24200,1,0,35456
24201,2,0,35458
24202,1,0,35459
24203,1,0,35460
24204,1,0,35461
24205,3,0,35464
24206,1,0,35465
24207,1,0,35466
24208,1,0,35467
24209,1,0,35468
24210,1,0,35469
24211,1,0,35470
24212,2,0,35472
24213,1,0,35473
24214,2,0,35475
24215,1,0,35476
24216,1,0,35477
24217,1,0,35478
24218,3,0,35481
24219,3,0,35484
24220,1,0,35485
24221,1,0,35486
24222,1,0,35487
24223,3,0,35490
24224,1,0,35491
24225,1,0,35492
24226,1,0,35493
24227,1,0,35494
24228,1,0,35495
24229,1,0,35496
24230,1,0,35497
24231,1,0,35498
24232,1,0,35499
24233,1,0,35500
24234,2,0,35502
24235,1,0,35503
24236,1,0,35504
24237,1,0,35505
24238,1,0,35506
24239,1,0,35507
24240,5,0,35512
24241,3,0,35515
24242,1,0,35516
24243,2,0,35518
24244,1,0,35519
24245,1,0,35520
24246,3,0,35523
24247,1,0,35524
24248,1,0,35525
24249,1,0,35526
24250,1,0,35527
24251,1,0,35528
24252,1,0,35529
24253,1,0,35530
24254,3,0,35533
24255,1,0,35534
24256,1,0,35535
24257,1,0,35536
24258,1,0,35537
24259,1,0,35538
24260,1,0,35539
24261,3,0,35542
24262,1,0,35543
24263,1,0,35544
24264,1,0,35545
24265,1,0,35546
24266,2,0,35548
24267,1,0,35549
24268,3,0,35552
24269,3,0,35555
24270,1,0,35556
24271,3,0,35559
24272,2,0,35561
24273,1,0,35562
24274,2,0,35564
24275,1,0,35565
24276,2,0,35567
24277,2,0,35569
24278,1,0,35570
24279,3,0,35573
24280,1,0,35574
24281,4,0,35578
24282,1,0,35579
24283,1,0,35580
24284,1,0,35581
24285,4,0,35585
24286,1,0,35586
24287,1,0,35587
24288,1,0,35588
24289,2,0,35590
24290,1,0,35591
24291,1,0,35592
24292,1,0,35593
24293,6,0,35599
24294,1,0,35600
24295,3,0,35603
24296,1,0,35604
24297,1,0,35605
24298,4,0,35609
24299,1,0,35610
24300,1,0,35611
24301,1,0,35612
24302,1,0,35613
24303,1,0,35614
24304,1,0,35615
24305,3,0,35618
24306,4,0,35622
24307,2,0,35624
24308,1,0,35625
24309,1,0,35626
24310,1,0,35627
24311,3,0,35630
24312,1,0,35631
24313,1,0,35632
24314,1,0,35633
24315,1,0,35634
24316,1,0,35635
24317,1,0,35636
24318,1,0,35637
24319,2,0,35639
24320,1,0,35640
24321,3,0,35643
24322,3,0,35646
24323,1,0,35647
24324,2,0,35649
24325,2,0,35651
24326,1,0,35652
24327,2,0,35654
24328,1,0,35655
24329,1,0,35656
24330,1,0,35657
24331,2,0,35659
24332,3,0,35662
24333,3,0,35665
24334,2,0,35667
24335,1,0,35668
24336,1,0,35669
24337,1,0,35670
24338,2,0,35672
24339,1,0,35673
24340,1,0,35674
24341,2,0,35676
24342,1,0,35677
24343,3,0,35680
24344,2,0,35682
24345,1,0,35683
24346,1,0,35684
24347,2,0,35686
24348,1,0,35687
24349,1,0,35688
24350,2,0,35690
24351,1,0,35691
24352,1,0,35692
24353,1,0,35693
24354,1,0,35694
24355,3,0,35697
24356,2,0,35699
24357,2,0,35701
24358,1,0,35702
24359,1,0,35703
24360,1,0,35704
24361,4,0,35708
24362,1,0,35709
24363,1,0,35710
24364,1,0,35711
24365,1,0,35712
24366,1,0,35713
24367,1,0,35714
24368,1,0,35715
24369,1,0,35716
24370,2,0,35718
24371,1,0,35719
24372,2,0,35721
24373,1,0,35722
24374,1,0,35723
24375,1,0,35724
24376,2,0,35726
24377,1,0,35727
24378,1,0,35728
24379,1,0,35729
24380,1,0,35730
24381,2,0,35732
24382,2,0,35734
24383,2,0,35736
24384,1,0,35737
24385,1,0,35738
24386,1,0,35739
24387,1,0,35740
24388,1,0,35741
24389,1,0,35742
24390,2,0,35744
24391,1,0,35745
24392,1,0,35746
24393,2,0,35748
24394,4,0,35752
24395,1,0,35753
24396,1,0,35754
24397,2,0,35756
24398,2,0,35758
24399,1,0,35759
24400,2,0,35761
24401,1,0,35762
24402,1,0,35763
24403,1,0,35764
24404,1,0,35765
24405,1,0,35766
24406,2,0,35768
24407,6,0,35774
24408,2,0,35776
24409,1,0,35777
24410,6,0,35783
24411,1,0,35784
24412,4,0,35788
24413,1,0,35789
24414,2,0,35791
24415,1,0,35792
24416,4,0,35796
24417,1,0,35797
24418,2,0,35799
24419,1,0,35800
24420,3,0,35803
24421,1,0,35804
24422,4,0,35808
24423,3,0,35811
24424,1,0,35812
24425,2,0,35814
24426,1,0,35815
24427,1,0,35816
24428,1,0,35817
24429,1,0,35818
24430,1,0,35819
24431,1,0,35820
24432,1,0,35821
24433,2,0,35823
24434,1,0,35824
24435,2,0,35826
24436,2,0,35828
24437,1,0,35829
24438,1,0,35830
24439,1,0,35831
24440,1,0,35832
24441,1,0,35833
24442,1,0,35834
24443,3,0,35837
24444,1,0,35838
24445,1,0,35839
24446,1,0,35840
24447,1,0,35841
24448,1,0,35842
24449,1,0,35843
24450,1,0,35844
24451,1,0,35845
24452,1,0,35846
24453,2,0,35848
24454,2,0,35850
24455,6,0,35856
24456,2,0,35858
24457,1,0,35859
24458,1,0,35860
24459,1,0,35861
24460,1,0,35862
24461,2,0,35864
24462,1,0,35865
24463,2,0,35867
24464,1,0,35868
24465,1,0,35869
24466,1,0,35870
24467,2,0,35872
24468,1,0,35873
24469,1,0,35874
24470,1,0,35875
24471,3,0,35878
24472,1,0,35879
24473,1,0,35880
24474,2,0,35882
24475,3,0,35885
24476,2,0,35887
24477,1,0,35888
24478,1,0,35889
24479,2,0,35891
24480,2,0,35893
24481,2,0,35895
24482,1,0,35896
24483,5,0,35901
24484,1,0,35902
24485,1,0,35903
24486,1,0,35904
24487,1,0,35905
24488,2,0,35907
24489,1,0,35908
24490,1,0,35909
24491,1,0,35910
24492,2,0,35912
24493,1,0,35913
24494,1,0,35914
24495,1,0,35915
24496,4,0,35919
24497,1,0,35920
24498,1,0,35921
24499,1,0,35922
24500,2,0,35924
24501,2,0,35926
24502,1,0,35927
24503,1,0,35928
24504,1,0,35929
24505,1,0,35930
24506,1,0,35931
24507,1,0,35932
24508,1,0,35933
24509,1,0,35934
24510,1,0,35935
24511,1,0,35936
24512,3,0,35939
24513,3,0,35942
24514,1,0,35943
24515,1,0,35944
24516,1,0,35945
24517,2,0,35947
24518,2,0,35949
24519,1,0,35950
24520,2,0,35952
24521,1,0,35953
24522,1,0,35954
24523,3,0,35957
24524,1,0,35958
24525,2,0,35960
24526,1,0,35961
24527,1,0,35962
24528,2,0,35964
24529,1,0,35965
24530,1,0,35966
24531,2,0,35968
24532,2,0,35970
24533,2,0,35972
24534,1,0,35973
24535,1,0,35974
24536,1,0,35975
24537,1,0,35976
24538,1,0,35977
24539,2,0,35979
24540,1,0,35980
24541,1,0,35981
24542,1,0,35982
24543,1,0,35983
24544,2,0,35985
24545,1,0,35986
24546,1,0,35987
24547,1,0,35988
24548,3,0,35991
24549,1,0,35992
24550,1,0,35993
24551,2,0,35995
24552,2,0,35997
24553,1,0,35998
24554,1,0,35999
24555,1,0,36000
24556,1,0,36001
24557,1,0,36002
24558,3,0,36005
24559,1,0,36006
24560,1,0,36007
24561,1,0,36008
24562,1,0,36009
24563,1,0,36010
24564,2,0,36012
24565,1,0,36013
24566,2,0,36015
24567,1,0,36016
24568,2,0,36018
24569,2,0,36020
24570,3,0,36023
24571,2,0,36025
24572,1,0,36026
24573,2,0,36028
24574,2,0,36030
24575,1,0,36031
24576,1,0,36032
24577,1,0,36033
24578,1,0,36034
24579,3,0,36037
24580,1,0,36038
24581,2,0,36040
24582,2,0,36042
24583,1,0,36043
24584,1,0,36044
24585,2,0,36046
24586,2,0,36048
24587,1,0,36049
24588,1,0,36050
24589,1,0,36051
24590,1,0,36052
24591,2,0,36054
24592,1,0,36055
24593,3,0,36058
24594,1,0,36059
24595,1,0,36060
24596,2,0,36062
24597,1,0,36063
24598,2,0,36065
24599,2,0,36067
24600,1,0,36068
24601,4,0,36072
24602,1,0,36073
24603,2,0,36075
24604,1,0,36076
24605,2,0,36078
24606,1,0,36079
24607,2,0,36081
24608,1,0,36082
24609,1,0,36083
24610,1,0,36084
24611,2,0,36086
24612,3,0,36089
24613,2,0,36091
24614,2,0,36093
24615,1,0,36094
24616,1,0,36095
24617,4,0,36099
24618,1,0,36100
24619,2,0,36102
24620,1,0,36103
24621,3,0,36106
24622,1,0,36107
24623,1,0,36108
24624,2,0,36110
24625,1,0,36111
24626,1,0,36112
24627,1,0,36113
24628,1,0,36114
24629,1,0,36115
24630,1,0,36116
24631,1,0,36117
24632,2,0,36119
24633,1,0,36120
24634,1,0,36121
24635,2,0,36123
24636,1,0,36124
24637,2,0,36126
24638,2,0,36128
24639,2,0,36130
24640,2,0,36132
24641,3,0,36135
24642,8,0,36143
24643,2,0,36145
24644,2,0,36147
24645,1,0,36148
24646,1,0,36149
24647,1,0,36150
24648,1,0,36151
24649,3,0,36154
24650,1,0,36155
24651,2,0,36157
24652,1,0,36158
24653,1,0,36159
24654,1,0,36160
24655,1,0,36161
24656,1,0,36162
24657,3,0,36165
24658,1,0,36166
24659,1,0,36167
24660,1,0,36168
24661,1,0,36169
24662,1,0,36170
24663,1,0,36171
24664,1,0,36172
24665,1,0,36173
24666,3,0,36176
24667,1,0,36177
24668,2,0,36179
24669,2,0,36181
24670,2,0,36183
24671,1,0,36184
24672,1,0,36185
24673,1,0,36186
24674,1,0,36187
24675,1,0,36188
24676,1,0,36189
24677,1,0,36190
24678,1,0,36191
24679,2,0,36193
24680,1,0,36194
24681,2,0,36196
24682,2,0,36198
24683,1,0,36199
24684,2,0,36201
24685,1,0,36202
24686,1,0,36203
24687,1,0,36204
24688,1,0,36205
24689,1,0,36206
24690,1,0,36207
24691,1,0,36208
24692,1,0,36209
24693,1,0,36210
24694,1,0,36211
24695,1,0,36212
24696,1,0,36213
24697,1,0,36214
24698,1,0,36215
24699,1,0,36216
24700,2,0,36218
24701,1,0,36219
24702,1,0,36220
24703,2,0,36222
24704,1,0,36223
24705,1,0,36224
24706,3,0,36227
24707,1,0,36228
24708,2,0,36230
24709,3,0,36233
24710,5,0,36238
24711,1,0,36239
24712,1,0,36240
24713,3,0,36243
24714,1,0,36244
24715,1,0,36245
24716,1,0,36246
24717,1,0,36247
24718,1,0,36248
24719,1,0,36249
24720,1,0,36250
24721,2,0,36252
24722,1,0,36253
24723,1,0,36254
24724,1,0,36255
24725,1,0,36256
24726,1,0,36257
24727,2,0,36259
24728,1,0,36260
24729,1,0,36261
24730,2,0,36263
24731,2,0,36265
24732,1,0,36266
24733,2,0,36268
24734,1,0,36269
24735,2,0,36271
24736,1,0,36272
24737,2,0,36274
24738,2,0,36276
24739,2,0,36278
24740,1,0,36279
24741,1,0,36280
24742,6,0,36286
24743,1,0,36287
24744,1,0,36288
24745,2,0,36290
24746,2,0,36292
24747,1,0,36293
24748,1,0,36294
24749,1,0,36295
24750,1,0,36296
24751,4,0,36300
24752,2,0,36302
24753,1,0,36303
24754,1,0,36304
24755,2,0,36306
24756,1,0,36307
24757,1,0,36308
24758,1,0,36309
24759,3,0,36312
24760,3,0,36315
24761,2,0,36317
24762,2,0,36319
24763,1,0,36320
24764,1,0,36321
24765,1,0,36322
24766,1,0,36323
24767,2,0,36325
24768,4,0,36329
24769,4,0,36333
24770,1,0,36334
24771,1,0,36335
24772,1,0,36336
24773,1,0,36337
24774,1,0,36338
24775,1,0,36339
24776,2,0,36341
24777,1,0,36342
24778,2,0,36344
24779,1,0,36345
24780,1,0,36346
24781,2,0,36348
24782,2,0,36350
24783,1,0,36351
24784,1,0,36352
24785,1,0,36353
24786,1,0,36354
24787,1,0,36355
24788,2,0,36357
24789,1,0,36358
24790,1,0,36359
24791,1,0,36360
24792,1,0,36361
24793,1,0,36362
24794,1,0,36363
24795,2,0,36365
24796,1,0,36366
24797,1,0,36367
24798,1,0,36368
24799,1,0,36369
24800,1,0,36370
24801,1,0,36371
24802,1,0,36372
24803,1,0,36373
24804,3,0,36376
24805,1,0,36377
24806,1,0,36378
24807,1,0,36379
24808,3,0,36382
24809,2,0,36384
24810,1,0,36385
24811,4,0,36389
24812,1,0,36390
24813,2,0,36392
24814,1,0,36393
24815,1,0,36394
24816,1,0,36395
24817,4,0,36399
24818,1,0,36400
24819,1,0,36401
24820,1,0,36402
24821,1,0,36403
24822,1,0,36404
24823,1,0,36405
24824,2,0,36407
24825,2,0,36409
24826,1,0,36410
24827,1,0,36411
24828,5,0,36416
24829,2,0,36418
24830,3,0,36421
24831,1,0,36422
24832,1,0,36423
24833,2,0,36425
24834,1,0,36426
24835,1,0,36427
24836,1,0,36428
24837,1,0,36429
24838,2,0,36431
24839,1,0,36432
24840,1,0,36433
24841,1,0,36434
24842,1,0,36435
24843,1,0,36436
24844,1,0,36437
24845,1,0,36438
24846,1,0,36439
24847,3,0,36442
24848,1,0,36443
24849,1,0,36444
24850,1,0,36445
24851,2,0,36447
24852,1,0,36448
24853,1,0,36449
24854,4,0,36453
24855,3,0,36456
24856,1,0,36457
24857,2,0,36459
24858,2,0,36461
24859,3,0,36464
24860,1,0,36465
24861,1,0,36466
24862,2,0,36468
24863,2,0,36470
24864,1,0,36471
24865,2,0,36473
24866,1,0,36474
24867,2,0,36476
24868,2,0,36478
24869,1,0,36479
24870,1,0,36480
24871,2,0,36482
24872,3,0,36485
24873,1,0,36486
24874,1,0,36487
24875,2,0,36489
24876,2,0,36491
24877,1,0,36492
24878,1,0,36493
24879,1,0,36494
24880,1,0,36495
24881,2,0,36497
24882,2,0,36499
24883,1,0,36500
24884,1,0,36501
24885,2,0,36503
24886,1,0,36504
24887,1,0,36505
24888,1,0,36506
24889,1,0,36507
24890,1,0,36508
24891,2,0,36510
24892,1,0,36511
24893,1,0,36512
24894,1,0,36513
24895,1,0,36514
24896,1,0,36515
24897,1,0,36516
24898,1,0,36517
24899,1,0,36518
24900,3,0,36521
24901,2,0,36523
24902,1,0,36524
24903,1,0,36525
24904,2,0,36527
24905,2,0,36529
24906,2,0,36531
24907,1,0,36532
24908,1,0,36533
24909,1,0,36534
24910,1,0,36535
24911,1,0,36536
24912,3,0,36539
24913,3,0,36542
24914,1,0,36543
24915,1,0,36544
24916,1,0,36545
24917,1,0,36546
24918,1,0,36547
24919,1,0,36548
24920,2,0,36550
24921,1,0,36551
24922,1,0,36552
24923,1,0,36553
24924,4,0,36557
24925,3,0,36560
24926,1,0,36561
24927,1,0,36562
24928,2,0,36564
24929,2,0,36566
24930,1,0,36567
24931,3,0,36570
24932,1,0,36571
24933,1,0,36572
24934,1,0,36573
24935,1,0,36574
24936,1,0,36575
24937,1,0,36576
24938,1,0,36577
24939,1,0,36578
24940,1,0,36579
24941,1,0,36580
24942,1,0,36581
24943,1,0,36582
24944,4,0,36586
24945,1,0,36587
24946,2,0,36589
24947,1,0,36590
24948,1,0,36591
24949,1,0,36592
24950,1,0,36593
24951,1,0,36594
24952,1,0,36595
24953,1,0,36596
24954,1,0,36597
24955,1,0,36598
24956,1,0,36599
24957,1,0,36600
24958,2,0,36602
24959,1,0,36603
24960,1,0,36604
24961,1,0,36605
24962,2,0,36607
24963,1,0,36608
24964,1,0,36609
24965,1,0,36610
24966,1,0,36611
24967,2,0,36613
24968,1,0,36614
24969,4,0,36618
24970,1,0,36619
24971,2,0,36621
24972,1,0,36622
24973,1,0,36623
24974,2,0,36625
24975,2,0,36627
24976,1,0,36628
24977,1,0,36629
24978,1,0,36630
24979,2,0,36632
24980,1,0,36633
24981,1,0,36634
24982,1,0,36635
24983,4,0,36639
24984,2,0,36641
24985,1,0,36642
24986,2,0,36644
24987,1,0,36645
24988,1,0,36646
24989,2,0,36648
24990,2,0,36650
24991,1,0,36651
24992,1,0,36652
24993,1,0,36653
24994,1,0,36654
24995,2,0,36656
24996,2,0,36658
24997,1,0,36659
24998,1,0,36660
24999,2,0,36662
25000,1,0,36663
25001,3,0,36666
25002,1,0,36667
25003,1,0,36668
25004,2,0,36670
25005,1,0,36671
25006,1,0,36672
25007,1,0,36673
25008,1,0,36674
25009,1,0,36675
25010,3,0,36678
25011,3,0,36681
25012,1,0,36682
25013,1,0,36683
25014,1,0,36684
25015,1,0,36685
25016,1,0,36686
25017,1,0,36687
25018,1,0,36688
25019,2,0,36690
25020,1,0,36691
25021,1,0,36692
25022,1,0,36693
25023,1,0,36694
25024,2,0,36696
25025,1,0,36697
25026,2,0,36699
25027,2,0,36701
25028,1,0,36702
25029,1,0,36703
25030,1,0,36704
25031,1,0,36705
25032,2,0,36707
25033,1,0,36708
25034,1,0,36709
25035,1,0,36710
25036,2,0,36712
25037,1,0,36713
25038,1,0,36714
25039,1,0,36715
25040,1,0,36716
25041,1,0,36717
25042,2,0,36719
25043,1,0,36720
25044,3,0,36723
25045,1,0,36724
25046,3,0,36727
25047,3,0,36730
25048,1,0,36731
25049,3,0,36734
25050,1,0,36735
25051,1,0,36736
25052,1,0,36737
25053,1,0,36738
25054,1,0,36739
25055,1,0,36740
25056,1,0,36741
25057,1,0,36742
25058,1,0,36743
25059,1,0,36744
25060,1,0,36745
25061,2,0,36747
25062,1,0,36748
25063,1,0,36749
25064,2,0,36751
25065,1,0,36752
25066,3,0,36755
25067,1,0,36756
25068,2,0,36758
25069,1,0,36759
25070,1,0,36760
25071,1,0,36761
25072,1,0,36762
25073,1,0,36763
25074,1,0,36764
25075,1,0,36765
25076,1,0,36766
25077,1,0,36767
25078,2,0,36769
25079,1,0,36770
25080,1,0,36771
25081,1,0,36772
25082,3,0,36775
25083,2,0,36777
25084,1,0,36778
25085,2,0,36780
25086,1,0,36781
25087,1,0,36782
25088,1,0,36783
25089,2,0,36785
25090,2,0,36787
25091,1,0,36788
25092,1,0,36789
25093,3,0,36792
25094,2,0,36794
25095,2,0,36796
25096,1,0,36797
25097,3,0,36800
25098,1,0,36801
25099,1,0,36802
25100,1,0,36803
25101,2,0,36805
25102,1,0,36806
25103,2,0,36808
25104,2,0,36810
25105,3,0,36813
25106,4,0,36817
25107,2,0,36819
25108,2,0,36821
25109,2,0,36823
25110,1,0,36824
25111,2,0,36826
25112,1,0,36827
25113,2,0,36829
25114,1,0,36830
25115,1,0,36831
25116,1,0,36832
25117,1,0,36833
25118,1,0,36834
25119,1,0,36835
25120,2,0,36837
25121,1,0,36838
25122,1,0,36839
25123,1,0,36840
25124,1,0,36841
25125,1,0,36842
25126,1,0,36843
25127,3,0,36846
25128,1,0,36847
25129,1,0,36848
25130,1,0,36849
25131,1,0,36850
25132,1,0,36851
25133,1,0,36852
25134,1,0,36853
25135,4,0,36857
25136,1,0,36858
25137,1,0,36859
25138,1,0,36860
25139,1,0,36861
25140,7,0,36868
25141,2,0,36870
25142,1,0,36871
25143,1,0,36872
25144,2,0,36874
25145,1,0,36875
25146,1,0,36876
25147,1,0,36877
25148,1,0,36878
25149,1,0,36879
25150,1,0,36880
25151,2,0,36882
25152,5,0,36887
25153,1,0,36888
25154,1,0,36889
25155,1,0,36890
25156,1,0,36891
25157,1,0,36892
25158,1,0,36893
25159,1,0,36894
25160,1,0,36895
25161,1,0,36896
25162,1,0,36897
25163,1,0,36898
25164,2,0,36900
25165,1,0,36901
25166,1,0,36902
25167,1,0,36903
25168,1,0,36904
25169,1,0,36905
25170,1,0,36906
25171,1,0,36907
25172,2,0,36909
25173,1,0,36910
25174,1,0,36911
25175,1,0,36912
25176,1,0,36913
25177,1,0,36914
25178,1,0,36915
25179,1,0,36916
25180,1,0,36917
25181,1,0,36918
25182,1,0,36919
25183,1,0,36920
25184,1,0,36921
25185,5,0,36926
25186,1,0,36927
25187,1,0,36928
25188,2,0,36930
25189,1,0,36931
25190,2,0,36933
25191,1,0,36934
25192,1,0,36935
25193,1,0,36936
25194,1,0,36937
25195,2,0,36939
25196,5,0,36944
25197,2,0,36946
25198,1,0,36947
25199,5,0,36952
25200,1,0,36953
25201,1,0,36954
25202,1,0,36955
25203,2,0,36957
25204,1,0,36958
25205,1,0,36959
25206,1,0,36960
25207,2,0,36962
25208,1,0,36963
25209,1,0,36964
25210,1,0,36965
25211,2,0,36967
25212,2,0,36969
25213,2,0,36971
25214,1,0,36972
25215,1,0,36973
25216,2,0,36975
25217,3,0,36978
25218,2,0,36980
25219,3,0,36983
25220,1,0,36984
25221,1,0,36985
25222,1,0,36986
25223,1,0,36987
25224,1,0,36988
25225,3,0,36991
25226,3,0,36994
25227,1,0,36995
25228,3,0,36998
25229,2,0,37000
25230,1,0,37001
25231,1,0,37002
25232,2,0,37004
25233,1,0,37005
25234,1,0,37006
25235,1,0,37007
25236,1,0,37008
25237,1,0,37009
25238,1,0,37010
25239,1,0,37011
25240,2,0,37013
25241,1,0,37014
25242,4,0,37018
25243,1,0,37019
25244,2,0,37021
25245,1,0,37022
25246,1,0,37023
25247,1,0,37024
25248,1,0,37025
25249,1,0,37026
25250,1,0,37027
25251,4,0,37031
25252,1,0,37032
25253,4,0,37036
25254,1,0,37037
25255,1,0,37038
25256,1,0,37039
25257,1,0,37040
25258,1,0,37041
25259,1,0,37042
25260,1,0,37043
25261,2,0,37045
25262,1,0,37046
25263,1,0,37047
25264,1,0,37048
25265,1,0,37049
25266,1,0,37050
25267,4,0,37054
25268,2,0,37056
25269,1,0,37057
25270,1,0,37058
25271,1,0,37059
25272,1,0,37060
25273,1,0,37061
25274,1,0,37062
25275,1,0,37063
25276,1,0,37064
25277,3,0,37067
25278,1,0,37068
25279,3,0,37071
25280,1,0,37072
25281,1,0,37073
25282,3,0,37076
25283,2,0,37078
25284,3,0,37081
25285,2,0,37083
25286,1,0,37084
25287,1,0,37085
25288,2,0,37087
25289,4,0,37091
25290,1,0,37092
25291,1,0,37093
25292,1,0,37094
25293,2,0,37096
25294,1,0,37097
25295,2,0,37099
25296,1,0,37100
25297,1,0,37101
25298,2,0,37103
25299,4,0,37107
25300,1,0,37108
25301,1,0,37109
25302,2,0,37111
25303,1,0,37112
25304,2,0,37114
25305,5,0,37119
25306,1,0,37120
25307,1,0,37121
25308,3,0,37124
25309,3,0,37127
25310,2,0,37129
25311,2,0,37131
25312,1,0,37132
25313,2,0,37134
25314,1,0,37135
25315,1,0,37136
25316,3,0,37139
25317,3,0,37142
25318,3,0,37145
25319,1,0,37146
25320,2,0,37148
25321,1,0,37149
25322,1,0,37150
25323,1,0,37151
25324,6,0,37157
25325,4,0,37161
25326,1,0,37162
25327,1,0,37163
25328,1,0,37164
25329,1,0,37165
25330,1,0,37166
25331,2,0,37168
25332,1,0,37169
25333,1,0,37170
25334,1,0,37171
25335,1,0,37172
25336,1,0,37173
25337,1,0,37174
25338,1,0,37175
25339,6,0,37181
25340,2,0,37183
25341,1,0,37184
25342,1,0,37185
25343,2,0,37187
25344,1,0,37188
25345,1,0,37189
25346,1,0,37190
25347,1,0,37191
25348,1,0,37192
25349,1,0,37193
25350,2,0,37195
25351,2,0,37197
25352,1,0,37198
25353,1,0,37199
25354,1,0,37200
25355,1,0,37201
25356,1,0,37202
25357,2,0,37204
25358,1,0,37205
25359,1,0,37206
25360,1,0,37207
25361,2,0,37209
25362,3,0,37212
25363,2,0,37214
25364,1,0,37215
25365,2,0,37217
25366,2,0,37219
25367,2,0,37221
25368,1,0,37222
25369,1,0,37223
25370,3,0,37226
25371,1,0,37227
25372,1,0,37228
25373,1,0,37229
25374,1,0,37230
25375,2,0,37232
25376,1,0,37233
25377,1,0,37234
25378,1,0,37235
25379,1,0,37236
25380,2,0,37238
25381,1,0,37239
25382,1,0,37240
25383,1,0,37241
25384,3,0,37244
25385,1,0,37245
25386,2,0,37247
25387,1,0,37248
25388,1,0,37249
25389,1,0,37250
25390,4,0,37254
25391,1,0,37255
25392,1,0,37256
25393,1,0,37257
25394,1,0,37258
25395,1,0,37259
25396,1,0,37260
25397,1,0,37261
25398,1,0,37262
25399,2,0,37264
25400,1,0,37265
25401,1,0,37266
25402,2,0,37268
25403,1,0,37269
25404,1,0,37270
25405,3,0,37273
25406,1,0,37274
25407,2,0,37276
25408,3,0,37279
25409,1,0,37280
25410,2,0,37282
25411,1,0,37283
25412,1,0,37284
25413,1,0,37285
25414,1,0,37286
25415,1,0,37287
25416,1,0,37288
25417,1,0,37289
25418,1,0,37290
25419,1,0,37291
25420,2,0,37293
25421,4,0,37297
25422,3,0,37300
25423,2,0,37302
25424,1,0,37303
25425,2,0,37305
25426,1,0,37306
25427,1,0,37307
25428,1,0,37308
25429,1,0,37309
25430,3,0,37312
25431,1,0,37313
25432,1,0,37314
25433,1,0,37315
25434,1,0,37316
25435,1,0,37317
25436,3,0,37320
25437,1,0,37321
25438,1,0,37322
25439,1,0,37323
25440,1,0,37324
25441,1,0,37325
25442,2,0,37327
25443,1,0,37328
25444,1,0,37329
25445,1,0,37330
25446,1,0,37331
25447,1,0,37332
25448,1,0,37333
25449,2,0,37335
25450,1,0,37336
25451,3,0,37339
25452,1,0,37340
25453,2,0,37342
25454,3,0,37345
25455,1,0,37346
25456,1,0,37347
25457,1,0,37348
25458,1,0,37349
25459,1,0,37350
25460,1,0,37351
25461,1,0,37352
25462,3,0,37355
25463,1,0,37356
25464,2,0,37358
25465,1,0,37359
25466,2,0,37361
25467,2,0,37363
25468,1,0,37364
25469,2,0,37366
25470,1,0,37367
25471,2,0,37369
25472,2,0,37371
25473,1,0,37372
25474,3,0,37375
25475,1,0,37376
25476,2,0,37378
25477,1,0,37379
25478,1,0,37380
25479,1,0,37381
25480,1,0,37382
25481,1,0,37383
25482,2,0,37385
25483,1,0,37386
25484,1,0,37387
25485,1,0,37388
25486,1,0,37389
25487,3,0,37392
25488,1,0,37393
25489,1,0,37394
25490,1,0,37395
25491,1,0,37396
25492,2,0,37398
25493,2,0,37400
25494,1,0,37401
25495,2,0,37403
25496,1,0,37404
25497,1,0,37405
25498,1,0,37406
25499,2,0,37408
25500,4,0,37412
25501,2,0,37414
25502,3,0,37417
25503,1,0,37418
25504,3,0,37421
25505,2,0,37423
25506,1,0,37424
25507,1,0,37425
25508,1,0,37426
25509,1,0,37427
25510,1,0,37428
25511,1,0,37429
25512,3,0,37432
25513,1,0,37433
25514,1,0,37434
25515,2,0,37436
25516,1,0,37437
25517,1,0,37438
25518,1,0,37439
25519,1,0,37440
25520,1,0,37441
25521,1,0,37442
25522,1,0,37443
25523,1,0,37444
25524,1,0,37445
25525,3,0,37448
25526,2,0,37450
25527,1,0,37451
25528,1,0,37452
25529,1,0,37453
25530,1,0,37454
25531,1,0,37455
25532,1,0,37456
25533,2,0,37458
25534,4,0,37462
25535,1,0,37463
25536,1,0,37464
25537,2,0,37466
25538,2,0,37468
25539,1,0,37469
25540,1,0,37470
25541,2,0,37472
25542,2,0,37474
25543,1,0,37475
25544,4,0,37479
25545,1,0,37480
25546,1,0,37481
25547,1,0,37482
25548,1,0,37483
25549,1,0,37484
25550,1,0,37485
25551,1,0,37486
25552,3,0,37489
25553,2,0,37491
25554,1,0,37492
25555,2,0,37494
25556,1,0,37495
25557,1,0,37496
25558,1,0,37497
25559,4,0,37501
25560,1,0,37502
25561,2,0,37504
25562,1,0,37505
25563,1,0,37506
25564,1,0,37507
25565,1,0,37508
25566,2,0,37510
25567,2,0,37512
25568,5,0,37517
25569,6,0,37523
25570,1,0,37524
25571,1,0,37525
25572,3,0,37528
25573,2,0,37530
25574,1,0,37531
25575,1,0,37532
25576,4,0,37536
25577,1,0,37537
25578,1,0,37538
25579,2,0,37540
25580,2,0,37542
25581,1,0,37543
25582,3,0,37546
25583,1,0,37547
25584,1,0,37548
25585,1,0,37549
25586,3,0,37552
25587,1,0,37553
25588,1,0,37554
25589,2,0,37556
25590,1,0,37557
25591,1,0,37558
25592,1,0,37559
25593,1,0,37560
25594,1,0,37561
25595,2,0,37563
25596,1,0,37564
25597,3,0,37567
25598,2,0,37569
25599,2,0,37571
25600,1,0,37572
25601,4,0,37576
25602,4,0,37580
25603,2,0,37582
25604,3,0,37585
25605,2,0,37587
25606,1,0,37588
25607,1,0,37589
25608,4,0,37593
25609,2,0,37595
25610,1,0,37596
25611,1,0,37597
25612,1,0,37598
25613,1,0,37599
25614,1,0,37600
25615,1,0,37601
25616,1,0,37602
25617,1,0,37603
25618,5,0,37608
25619,2,0,37610
25620,1,0,37611
25621,1,0,37612
25622,1,0,37613
25623,1,0,37614
25624,1,0,37615
25625,1,0,37616
25626,1,0,37617
25627,1,0,37618
25628,1,0,37619
25629,1,0,37620
25630,1,0,37621
25631,1,0,37622
25632,3,0,37625
25633,1,0,37626
25634,1,0,37627
25635,1,0,37628
25636,2,0,37630
25637,3,0,37633
25638,1,0,37634
25639,2,0,37636
25640,1,0,37637
25641,3,0,37640
25642,2,0,37642
25643,1,0,37643
25644,2,0,37645
25645,3,0,37648
25646,1,0,37649
25647,1,0,37650
25648,2,0,37652
25649,2,0,37654
25650,2,0,37656
25651,1,0,37657
25652,1,0,37658
25653,2,0,37660
25654,2,0,37662
25655,3,0,37665
25656,1,0,37666
25657,1,0,37667
25658,2,0,37669
25659,3,0,37672
25660,1,0,37673
25661,1,0,37674
25662,3,0,37677
25663,1,0,37678
25664,1,0,37679
25665,2,0,37681
25666,2,0,37683
25667,2,0,37685
25668,1,0,37686
25669,1,0,37687
25670,1,0,37688
25671,1,0,37689
25672,2,0,37691
25673,1,0,37692
25674,2,0,37694
25675,1,0,37695
25676,1,0,37696
25677,1,0,37697
25678,2,0,37699
25679,1,0,37700
25680,4,0,37704
25681,1,0,37705
25682,2,0,37707
25683,1,0,37708
25684,1,0,37709
25685,5,0,37714
25686,1,0,37715
25687,1,0,37716
25688,1,0,37717
25689,1,0,37718
25690,1,0,37719
25691,1,0,37720
25692,2,0,37722
25693,2,0,37724
25694,1,0,37725
25695,2,0,37727
25696,2,0,37729
25697,1,0,37730
25698,2,0,37732
25699,1,0,37733
25700,1,0,37734
25701,1,0,37735
25702,2,0,37737
25703,2,0,37739
25704,3,0,37742
25705,1,0,37743
25706,1,0,37744
25707,1,0,37745
25708,1,0,37746
25709,2,0,37748
25710,1,0,37749
25711,4,0,37753
25712,1,0,37754
25713,1,0,37755
25714,1,0,37756
25715,1,0,37757
25716,3,0,37760
25717,2,0,37762
25718,1,0,37763
25719,1,0,37764
25720,1,0,37765
25721,1,0,37766
25722,2,0,37768
25723,1,0,37769
25724,3,0,37772
25725,2,0,37774
25726,1,0,37775
25727,1,0,37776
25728,1,0,37777
25729,3,0,37780
25730,1,0,37781
25731,1,0,37782
25732,1,0,37783
25733,1,0,37784
25734,4,0,37788
25735,2,0,37790
25736,1,0,37791
25737,2,0,37793
25738,1,0,37794
25739,1,0,37795
25740,1,0,37796
25741,1,0,37797
25742,1,0,37798
25743,1,0,37799
25744,1,0,37800
25745,3,0,37803
25746,4,0,37807
25747,4,0,37811
25748,4,0,37815
25749,1,0,37816
25750,1,0,37817
25751,1,0,37818
25752,1,0,37819
25753,1,0,37820
25754,1,0,37821
25755,1,0,37822
25756,1,0,37823
25757,3,0,37826
25758,1,0,37827
25759,2,0,37829
25760,2,0,37831
25761,1,0,37832
25762,2,0,37834
25763,1,0,37835
25764,1,0,37836
25765,1,0,37837
25766,2,0,37839
25767,1,0,37840
25768,1,0,37841
25769,2,0,37843
25770,2,0,37845
25771,2,0,37847
25772,2,0,37849
25773,1,0,37850
25774,2,0,37852
25775,1,0,37853
25776,1,0,37854
25777,1,0,37855
25778,2,0,37857
25779,1,0,37858
25780,1,0,37859
25781,1,0,37860
25782,1,0,37861
25783,3,0,37864
25784,1,0,37865
25785,1,0,37866
25786,1,0,37867
25787,2,0,37869
25788,1,0,37870
25789,2,0,37872
25790,1,0,37873
25791,2,0,37875
25792,1,0,37876
25793,2,0,37878
25794,2,0,37880
25795,3,0,37883
25796,1,0,37884
25797,1,0,37885
25798,3,0,37888
25799,1,0,37889
25800,2,0,37891
25801,1,0,37892
25802,3,0,37895
25803,1,0,37896
25804,2,0,37898
25805,1,0,37899
25806,2,0,37901
25807,2,0,37903
25808,1,0,37904
25809,1,0,37905
25810,1,0,37906
25811,3,0,37909
25812,1,0,37910
25813,1,0,37911
25814,2,0,37913
25815,1,0,37914
25816,2,0,37916
25817,1,0,37917
25818,1,0,37918
25819,2,0,37920
25820,1,0,37921
25821,1,0,37922
25822,2,0,37924
25823,2,0,37926
25824,1,0,37927
25825,1,0,37928
25826,2,0,37930
25827,2,0,37932
25828,1,0,37933
25829,1,0,37934
25830,3,0,37937
25831,2,0,37939
25832,2,0,37941
25833,2,0,37943
25834,2,0,37945
25835,1,0,37946
25836,1,0,37947
25837,3,0,37950
25838,1,0,37951
25839,1,0,37952
25840,1,0,37953
25841,3,0,37956
25842,2,0,37958
25843,1,0,37959
25844,2,0,37961
25845,1,0,37962
25846,3,0,37965
25847,1,0,37966
25848,1,0,37967
25849,1,0,37968
25850,1,0,37969
25851,1,0,37970
25852,1,0,37971
25853,1,0,37972
25854,1,0,37973
25855,1,0,37974
25856,1,0,37975
25857,1,0,37976
25858,1,0,37977
25859,1,0,37978
25860,1,0,37979
25861,2,0,37981
25862,2,0,37983
25863,3,0,37986
25864,1,0,37987
25865,1,0,37988
25866,1,0,37989
25867,1,0,37990
25868,2,0,37992
25869,5,0,37997
25870,1,0,37998
25871,3,0,38001
25872,1,0,38002
25873,1,0,38003
25874,2,0,38005
25875,1,0,38006
25876,1,0,38007
25877,4,0,38011
25878,1,0,38012
25879,1,0,38013
25880,1,0,38014
25881,2,0,38016
25882,1,0,38017
25883,1,0,38018
25884,1,0,38019
25885,1,0,38020
25886,1,0,38021
25887,1,0,38022
25888,1,0,38023
25889,1,0,38024
25890,1,0,38025
25891,2,0,38027
25892,1,0,38028
25893,1,0,38029
25894,1,0,38030
25895,1,0,38031
25896,1,0,38032
25897,1,0,38033
25898,1,0,38034
25899,2,0,38036
25900,2,0,38038
25901,1,0,38039
25902,3,0,38042
25903,1,0,38043
25904,1,0,38044
25905,6,0,38050
25906,1,0,38051
25907,1,0,38052
25908,1,0,38053
25909,2,0,38055
25910,2,0,38057
25911,3,0,38060
25912,1,0,38061
25913,2,0,38063
25914,3,0,38066
25915,1,0,38067
25916,3,0,38070
25917,2,0,38072
25918,2,0,38074
25919,1,0,38075
25920,1,0,38076
25921,1,0,38077
25922,3,0,38080
25923,2,0,38082
25924,1,0,38083
25925,1,0,38084
25926,1,0,38085
25927,1,0,38086
25928,1,0,38087
25929,1,0,38088
25930,1,0,38089
25931,1,0,38090
25932,1,0,38091
25933,2,0,38093
25934,1,0,38094
25935,1,0,38095
25936,1,0,38096
25937,1,0,38097
25938,1,0,38098
25939,1,0,38099
25940,1,0,38100
25941,1,0,38101
25942,2,0,38103
25943,1,0,38104
25944,1,0,38105
25945,1,0,38106
25946,1,0,38107
25947,1,0,38108
25948,1,0,38109
25949,1,0,38110
25950,2,0,38112
25951,1,0,38113
25952,1,0,38114
25953,1,0,38115
25954,1,0,38116
25955,1,0,38117
25956,1,0,38118
25957,2,0,38120
25958,1,0,38121
25959,3,0,38124
25960,1,0,38125
25961,1,0,38126
25962,1,0,38127
25963,2,0,38129
25964,2,0,38131
25965,5,0,38136
25966,2,0,38138
25967,1,0,38139
25968,1,0,38140
25969,1,0,38141
25970,1,0,38142
25971,3,0,38145
25972,1,0,38146
25973,1,0,38147
25974,1,0,38148
25975,1,0,38149
25976,1,0,38150
25977,3,0,38153
25978,1,0,38154
25979,1,0,38155
25980,4,0,38159
25981,1,0,38160
25982,3,0,38163
25983,1,0,38164
25984,1,0,38165
25985,1,0,38166
25986,1,0,38167
25987,2,0,38169
25988,2,0,38171
25989,1,0,38172
25990,1,0,38173
25991,1,0,38174
25992,1,0,38175
25993,2,0,38177
25994,1,0,38178
25995,2,0,38180
25996,1,0,38181
25997,1,0,38182
25998,1,0,38183
25999,2,0,38185
26000,1,0,38186
26001,4,0,38190
26002,1,0,38191
26003,1,0,38192
26004,1,0,38193
26005,2,0,38195
26006,1,0,38196
26007,1,0,38197
26008,1,0,38198
26009,3,0,38201
26010,1,0,38202
26011,1,0,38203
26012,2,0,38205
26013,2,0,38207
26014,1,0,38208
26015,2,0,38210
26016,1,0,38211
26017,1,0,38212
26018,1,0,38213
26019,1,0,38214
26020,5,0,38219
26021,2,0,38221
26022,2,0,38223
26023,1,0,38224
26024,1,0,38225
26025,4,0,38229
26026,1,0,38230
26027,2,0,38232
26028,1,0,38233
26029,1,0,38234
26030,2,0,38236
26031,1,0,38237
26032,1,0,38238
26033,2,0,38240
26034,1,0,38241
26035,2,0,38243
26036,1,0,38244
26037,1,0,38245
26038,1,0,38246
26039,1,0,38247
26040,2,0,38249
26041,1,0,38250
26042,2,0,38252
26043,1,0,38253
26044,1,0,38254
26045,1,0,38255
26046,1,0,38256
26047,1,0,38257
26048,1,0,38258
26049,1,0,38259
26050,1,0,38260
26051,2,0,38262
26052,2,0,38264
26053,1,0,38265
26054,1,0,38266
26055,1,0,38267
26056,2,0,38269
26057,2,0,38271
26058,2,0,38273
26059,1,0,38274
26060,1,0,38275
26061,1,0,38276
26062,1,0,38277
26063,1,0,38278
26064,2,0,38280
26065,1,0,38281
26066,1,0,38282
26067,2,0,38284
26068,1,0,38285
26069,1,0,38286
26070,1,0,38287
26071,1,0,38288
26072,1,0,38289
26073,1,0,38290
26074,1,0,38291
26075,4,0,38295
26076,1,0,38296
26077,3,0,38299
26078,1,0,38300
26079,1,0,38301
26080,2,0,38303
26081,2,0,38305
26082,1,0,38306
26083,1,0,38307
26084,2,0,38309
26085,1,0,38310
26086,1,0,38311
26087,1,0,38312
26088,1,0,38313
26089,3,0,38316
26090,2,0,38318
26091,2,0,38320
26092,1,0,38321
26093,3,0,38324
26094,1,0,38325
26095,2,0,38327
26096,1,0,38328
26097,1,0,38329
26098,1,0,38330
26099,2,0,38332
26100,2,0,38334
26101,2,0,38336
26102,1,0,38337
26103,1,0,38338
26104,1,0,38339
26105,2,0,38341
26106,2,0,38343
26107,1,0,38344
26108,2,0,38346
26109,1,0,38347
26110,1,0,38348
26111,1,0,38349
26112,2,0,38351
26113,1,0,38352
26114,1,0,38353
26115,1,0,38354
26116,1,0,38355
26117,1,0,38356
26118,1,0,38357
26119,4,0,38361
26120,1,0,38362
26121,1,0,38363
26122,1,0,38364
26123,2,0,38366
26124,1,0,38367
26125,1,0,38368
26126,2,0,38370
26127,1,0,38371
26128,3,0,38374
26129,1,0,38375
26130,1,0,38376
26131,2,0,38378
26132,2,0,38380
26133,1,0,38381
26134,1,0,38382
26135,2,0,38384
26136,1,0,38385
26137,1,0,38386
26138,2,0,38388
26139,3,0,38391
26140,1,0,38392
26141,1,0,38393
26142,1,0,38394
26143,1,0,38395
26144,1,0,38396
26145,2,0,38398
26146,1,0,38399
26147,2,0,38401
26148,2,0,38403
26149,1,0,38404
26150,3,0,38407
26151,1,0,38408
26152,2,0,38410
26153,3,0,38413
26154,1,0,38414
26155,1,0,38415
26156,3,0,38418
26157,2,0,38420
26158,1,0,38421
26159,2,0,38423
26160,2,0,38425
26161,1,0,38426
26162,2,0,38428
26163,2,0,38430
26164,1,0,38431
26165,1,0,38432
26166,1,0,38433
26167,1,0,38434
26168,1,0,38435
26169,1,0,38436
26170,1,0,38437
26171,3,0,38440
26172,2,0,38442
26173,1,0,38443
26174,1,0,38444
26175,1,0,38445
26176,1,0,38446
26177,1,0,38447
26178,1,0,38448
26179,2,0,38450
26180,1,0,38451
26181,1,0,38452
26182,1,0,38453
26183,2,0,38455
26184,1,0,38456
26185,1,0,38457
26186,2,0,38459
26187,4,0,38463
26188,1,0,38464
26189,1,0,38465
26190,1,0,38466
26191,1,0,38467
26192,1,0,38468
26193,1,0,38469
26194,1,0,38470
26195,3,0,38473
26196,1,0,38474
26197,1,0,38475
26198,1,0,38476
26199,1,0,38477
26200,4,0,38481
26201,1,0,38482
26202,1,0,38483
26203,1,0,38484
26204,2,0,38486
26205,1,0,38487
26206,1,0,38488
26207,1,0,38489
26208,1,0,38490
26209,2,0,38492
26210,1,0,38493
26211,1,0,38494
26212,1,0,38495
26213,1,0,38496
26214,1,0,38497
26215,2,0,38499
26216,1,0,38500
26217,4,0,38504
26218,4,0,38508
26219,4,0,38512
26220,1,0,38513
26221,1,0,38514
26222,2,0,38516
26223,1,0,38517
26224,3,0,38520
26225,1,0,38521
26226,1,0,38522
26227,1,0,38523
26228,2,0,38525
26229,1,0,38526
26230,1,0,38527
26231,2,0,38529
26232,1,0,38530
26233,1,0,38531
26234,1,0,38532
26235,1,0,38533
26236,1,0,38534
26237,2,0,38536
26238,1,0,38537
26239,1,0,38538
26240,3,0,38541
26241,1,0,38542
26242,2,0,38544
26243,1,0,38545
26244,2,0,38547
26245,1,0,38548
26246,1,0,38549
26247,2,0,38551
26248,2,0,38553
26249,1,0,38554
26250,1,0,38555
26251,1,0,38556
26252,1,0,38557
26253,1,0,38558
26254,1,0,38559
26255,1,0,38560
26256,2,0,38562
26257,3,0,38565
26258,1,0,38566
26259,1,0,38567
26260,4,0,38571
26261,1,0,38572
26262,1,0,38573
26263,1,0,38574
26264,1,0,38575
26265,1,0,38576
26266,3,0,38579
26267,2,0,38581
26268,2,0,38583
26269,1,0,38584
26270,1,0,38585
26271,1,0,38586
26272,1,0,38587
26273,1,0,38588
26274,1,0,38589
26275,1,0,38590
26276,1,0,38591
26277,1,0,38592
26278,1,0,38593
26279,3,0,38596
26280,5,0,38601
26281,1,0,38602
26282,1,0,38603
26283,1,0,38604
26284,1,0,38605
26285,3,0,38608
26286,3,0,38611
26287,1,0,38612
26288,1,0,38613
26289,2,0,38615
26290,1,0,38616
26291,2,0,38618
26292,1,0,38619
26293,3,0,38622
26294,1,0,38623
26295,1,0,38624
26296,1,0,38625
26297,3,0,38628
26298,1,0,38629
26299,1,0,38630
26300,1,0,38631
26301,1,0,38632
26302,2,0,38634
26303,1,0,38635
26304,1,0,38636
26305,3,0,38639
26306,1,0,38640
26307,2,0,38642
26308,1,0,38643
26309,1,0,38644
26310,1,0,38645
26311,2,0,38647
26312,1,0,38648
26313,5,0,38653
26314,1,0,38654
26315,1,0,38655
26316,2,0,38657
26317,1,0,38658
26318,4,0,38662
26319,1,0,38663
26320,1,0,38664
26321,2,0,38666
26322,1,0,38667
26323,1,0,38668
26324,1,0,38669
26325,3,0,38672
26326,3,0,38675
26327,1,0,38676
26328,1,0,38677
26329,1,0,38678
26330,2,0,38680
26331,1,0,38681
26332,2,0,38683
26333,1,0,38684
26334,1,0,38685
26335,1,0,38686
26336,2,0,38688
26337,1,0,38689
26338,1,0,38690
26339,1,0,38691
26340,3,0,38694
26341,2,0,38696
26342,1,0,38697
26343,1,0,38698
26344,2,0,38700
26345,1,0,38701
26346,1,0,38702
26347,1,0,38703
26348,1,0,38704
26349,1,0,38705
26350,2,0,38707
26351,2,0,38709
26352,6,0,38715
26353,2,0,38717
26354,1,0,38718
26355,1,0,38719
26356,1,0,38720
26357,1,0,38721
26358,4,0,38725
26359,2,0,38727
26360,1,0,38728
26361,2,0,38730
26362,1,0,38731
26363,1,0,38732
26364,5,0,38737
26365,1,0,38738
26366,1,0,38739
26367,1,0,38740
26368,2,0,38742
26369,1,0,38743
26370,1,0,38744
26371,1,0,38745
26372,2,0,38747
26373,2,0,38749
26374,1,0,38750
26375,4,0,38754
26376,1,0,38755
26377,1,0,38756
26378,1,0,38757
26379,3,0,38760
26380,1,0,38761
26381,2,0,38763
26382,1,0,38764
26383,1,0,38765
26384,1,0,38766
26385,1,0,38767
26386,2,0,38769
26387,1,0,38770
26388,2,0,38772
26389,1,0,38773
26390,1,0,38774
26391,2,0,38776
26392,1,0,38777
26393,2,0,38779
26394,2,0,38781
26395,2,0,38783
26396,5,0,38788
26397,1,0,38789
26398,1,0,38790
26399,1,0,38791
26400,1,0,38792
26401,4,0,38796
26402,3,0,38799
26403,1,0,38800
26404,1,0,38801
26405,2,0,38803
26406,1,0,38804
26407,1,0,38805
26408,1,0,38806
26409,1,0,38807
26410,2,0,38809
26411,4,0,38813
26412,1,0,38814
26413,1,0,38815
26414,3,0,38818
26415,2,0,38820
26416,1,0,38821
26417,1,0,38822
26418,1,0,38823
26419,1,0,38824
26420,1,0,38825
26421,1,0,38826
26422,2,0,38828
26423,1,0,38829
26424,1,0,38830
26425,1,0,38831
26426,1,0,38832
26427,3,0,38835
26428,5,0,38840
26429,1,0,38841
26430,1,0,38842
26431,1,0,38843
26432,1,0,38844
26433,1,0,38845
26434,1,0,38846
26435,1,0,38847
26436,2,0,38849
26437,3,0,38852
26438,3,0,38855
26439,2,0,38857
26440,3,0,38860
26441,1,0,38861
26442,1,0,38862
26443,1,0,38863
26444,1,0,38864
26445,1,0,38865
26446,2,0,38867
26447,2,0,38869
26448,2,0,38871
26449,1,0,38872
26450,2,0,38874
26451,3,0,38877
26452,1,0,38878
26453,1,0,38879
26454,1,0,38880
26455,1,0,38881
26456,1,0,38882
26457,1,0,38883
26458,1,0,38884
26459,1,0,38885
26460,1,0,38886
26461,1,0,38887
26462,1,0,38888
26463,3,0,38891
26464,1,0,38892
26465,1,0,38893
26466,4,0,38897
26467,2,0,38899
26468,1,0,38900
26469,1,0,38901
26470,1,0,38902
26471,2,0,38904
26472,1,0,38905
26473,2,0,38907
26474,1,0,38908
26475,2,0,38910
26476,2,0,38912
26477,1,0,38913
26478,1,0,38914
26479,1,0,38915
26480,1,0,38916
26481,1,0,38917
26482,2,0,38919
26483,3,0,38922
26484,1,0,38923
26485,2,0,38925
26486,1,0,38926
26487,1,0,38927
26488,1,0,38928
26489,1,0,38929
26490,1,0,38930
26491,1,0,38931
26492,4,0,38935
26493,2,0,38937
26494,1,0,38938
26495,1,0,38939
26496,1,0,38940
26497,1,0,38941
26498,2,0,38943
26499,1,0,38944
26500,1,0,38945
26501,1,0,38946
26502,1,0,38947
26503,1,0,38948
26504,1,0,38949
26505,1,0,38950
26506,2,0,38952
26507,1,0,38953
26508,1,0,38954
26509,1,0,38955
26510,1,0,38956
26511,1,0,38957
26512,1,0,38958
26513,1,0,38959
26514,1,0,38960
26515,2,0,38962
26516,3,0,38965
26517,1,0,38966
26518,1,0,38967
26519,1,0,38968
26520,1,0,38969
26521,1,0,38970
26522,1,0,38971
26523,1,0,38972
26524,1,0,38973
26525,1,0,38974
26526,1,0,38975
26527,1,0,38976
26528,1,0,38977
26529,1,0,38978
26530,1,0,38979
26531,1,0,38980
26532,5,0,38985
26533,1,0,38986
26534,1,0,38987
26535,1,0,38988
26536,1,0,38989
26537,1,0,38990
26538,2,0,38992
26539,2,0,38994
26540,1,0,38995
26541,1,0,38996
26542,1,0,38997
26543,4,0,39001
26544,3,0,39004
26545,1,0,39005
26546,1,0,39006
26547,1,0,39007
26548,1,0,39008
26549,1,0,39009
26550,1,0,39010
26551,1,0,39011
26552,1,0,39012
26553,3,0,39015
26554,1,0,39016
26555,1,0,39017
26556,1,0,39018
26557,1,0,39019
26558,1,0,39020
26559,2,0,39022
26560,1,0,39023
26561,1,0,39024
26562,2,0,39026
26563,1,0,39027
26564,1,0,39028
26565,1,0,39029
26566,1,0,39030
26567,1,0,39031
26568,1,0,39032
26569,2,0,39034
26570,1,0,39035
26571,4,0,39039
26572,1,0,39040
26573,1,0,39041
26574,2,0,39043
26575,1,0,39044
26576,1,0,39045
26577,1,0,39046
26578,4,0,39050
26579,2,0,39052
26580,2,0,39054
26581,2,0,39056
26582,2,0,39058
26583,1,0,39059
26584,4,0,39063
26585,1,0,39064
26586,2,0,39066
26587,1,0,39067
26588,3,0,39070
26589,1,0,39071
26590,5,0,39076
26591,1,0,39077
26592,2,0,39079
26593,1,0,39080
26594,1,0,39081
26595,2,0,39083
26596,2,0,39085
26597,3,0,39088
26598,1,0,39089
26599,1,0,39090
26600,1,0,39091
26601,2,0,39093
26602,1,0,39094
26603,2,0,39096
26604,1,0,39097
26605,1,0,39098
26606,1,0,39099
26607,1,0,39100
26608,1,0,39101
26609,1,0,39102
26610,2,0,39104
26611,3,0,39107
26612,1,0,39108
26613,1,0,39109
26614,1,0,39110
26615,1,0,39111
26616,4,0,39115
26617,1,0,39116
26618,1,0,39117
26619,5,0,39122
26620,2,0,39124
26621,3,0,39127
26622,1,0,39128
26623,1,0,39129
26624,1,0,39130
26625,1,0,39131
26626,1,0,39132
26627,1,0,39133
26628,1,0,39134
26629,2,0,39136
26630,1,0,39137
26631,1,0,39138
26632,1,0,39139
26633,1,0,39140
26634,1,0,39141
26635,2,0,39143
26636,3,0,39146
26637,1,0,39147
26638,1,0,39148
26639,3,0,39151
26640,2,0,39153
26641,1,0,39154
26642,4,0,39158
26643,2,0,39160
26644,1,0,39161
26645,1,0,39162
26646,1,0,39163
26647,1,0,39164
26648,2,0,39166
26649,1,0,39167
26650,1,0,39168
26651,2,0,39170
26652,1,0,39171
26653,1,0,39172
26654,1,0,39173
26655,1,0,39174
26656,1,0,39175
26657,2,0,39177
26658,1,0,39178
26659,5,0,39183
26660,1,0,39184
26661,1,0,39185
26662,2,0,39187
26663,3,0,39190
26664,3,0,39193
26665,1,0,39194
26666,1,0,39195
26667,3,0,39198
26668,1,0,39199
26669,2,0,39201
26670,2,0,39203
26671,1,0,39204
26672,2,0,39206
26673,1,0,39207
26674,3,0,39210
26675,1,0,39211
26676,1,0,39212
26677,1,0,39213
26678,1,0,39214
26679,1,0,39215
26680,1,0,39216
26681,1,0,39217
26682,1,0,39218
26683,1,0,39219
26684,1,0,39220
26685,1,0,39221
26686,1,0,39222
26687,1,0,39223
26688,1,0,39224
26689,1,0,39225
26690,2,0,39227
26691,1,0,39228
26692,2,0,39230
26693,1,0,39231
26694,1,0,39232
26695,1,0,39233
26696,1,0,39234
26697,1,0,39235
26698,1,0,39236
26699,1,0,39237
26700,1,0,39238
26701,2,0,39240
26702,1,0,39241
26703,2,0,39243
26704,1,0,39244
26705,2,0,39246
26706,2,0,39248
26707,1,0,39249
26708,1,0,39250
26709,3,0,39253
26710,1,0,39254
26711,2,0,39256
26712,1,0,39257
26713,2,0,39259
26714,3,0,39262
26715,1,0,39263
26716,1,0,39264
26717,1,0,39265
26718,2,0,39267
26719,1,0,39268
26720,1,0,39269
26721,1,0,39270
26722,2,0,39272
26723,2,0,39274
26724,1,0,39275
26725,2,0,39277
26726,4,0,39281
26727,1,0,39282
26728,1,0,39283
26729,1,0,39284
26730,1,0,39285
26731,3,0,39288
26732,1,0,39289
26733,3,0,39292
26734,1,0,39293
26735,1,0,39294
26736,2,0,39296
26737,1,0,39297
26738,1,0,39298
26739,1,0,39299
26740,1,0,39300
26741,2,0,39302
26742,1,0,39303
26743,1,0,39304
26744,1,0,39305
26745,4,0,39309
26746,1,0,39310
26747,1,0,39311
26748,1,0,39312
26749,1,0,39313
26750,1,0,39314
26751,3,0,39317
26752,1,0,39318
26753,1,0,39319
26754,1,0,39320
26755,1,0,39321
26756,1,0,39322
26757,1,0,39323
26758,2,0,39325
26759,1,0,39326
26760,3,0,39329
26761,1,0,39330
26762,1,0,39331
26763,1,0,39332
26764,2,0,39334
26765,1,0,39335
26766,1,0,39336
26767,1,0,39337
26768,1,0,39338
26769,1,0,39339
26770,1,0,39340
26771,1,0,39341
26772,1,0,39342
26773,1,0,39343
26774,1,0,39344
26775,1,0,39345
26776,1,0,39346
26777,1,0,39347
26778,1,0,39348
26779,1,0,39349
26780,1,0,39350
26781,3,0,39353
26782,3,0,39356
26783,1,0,39357
26784,1,0,39358
26785,1,0,39359
26786,3,0,39362
26787,1,0,39363
26788,1,0,39364
26789,3,0,39367
26790,2,0,39369
26791,1,0,39370
26792,1,0,39371
26793,1,0,39372
26794,1,0,39373
26795,1,0,39374
26796,1,0,39375
26797,2,0,39377
26798,1,0,39378
26799,1,0,39379
26800,1,0,39380
26801,1,0,39381
26802,2,0,39383
26803,3,0,39386
26804,1,0,39387
26805,1,0,39388
26806,1,0,39389
26807,1,0,39390
26808,2,0,39392
26809,5,0,39397
26810,3,0,39400
26811,1,0,39401
26812,1,0,39402
26813,1,0,39403
26814,2,0,39405
26815,2,0,39407
26816,1,0,39408
26817,1,0,39409
26818,1,0,39410
26819,1,0,39411
26820,2,0,39413
26821,1,0,39414
26822,2,0,39416
26823,1,0,39417
26824,1,0,39418
26825,1,0,39419
26826,3,0,39422
26827,1,0,39423
26828,2,0,39425
26829,3,0,39428
26830,1,0,39429
26831,1,0,39430
26832,1,0,39431
26833,4,0,39435
26834,2,0,39437
26835,2,0,39439
26836,1,0,39440
26837,2,0,39442
26838,2,0,39444
26839,2,0,39446
26840,1,0,39447
26841,1,0,39448
26842,1,0,39449
26843,1,0,39450
26844,1,0,39451
26845,1,0,39452
26846,1,0,39453
26847,2,0,39455
26848,1,0,39456
26849,1,0,39457
26850,2,0,39459
26851,1,0,39460
26852,1,0,39461
26853,2,0,39463
26854,2,0,39465
26855,1,0,39466
26856,4,0,39470
26857,2,0,39472
26858,3,0,39475
26859,1,0,39476
26860,1,0,39477
26861,2,0,39479
26862,1,0,39480
26863,1,0,39481
26864,3,0,39484
26865,1,0,39485
26866,1,0,39486
26867,1,0,39487
26868,1,0,39488
26869,1,0,39489
26870,2,0,39491
26871,1,0,39492
26872,1,0,39493
26873,2,0,39495
26874,2,0,39497
26875,1,0,39498
26876,1,0,39499
26877,4,0,39503
26878,1,0,39504
26879,1,0,39505
26880,1,0,39506
26881,2,0,39508
26882,1,0,39509
26883,1,0,39510
26884,1,0,39511
26885,3,0,39514
26886,1,0,39515
26887,1,0,39516
26888,1,0,39517
26889,2,0,39519
26890,1,0,39520
26891,4,0,39524
26892,1,0,39525
26893,1,0,39526
26894,1,0,39527
26895,1,0,39528
26896,3,0,39531
26897,2,0,39533
26898,3,0,39536
26899,1,0,39537
26900,1,0,39538
26901,1,0,39539
26902,1,0,39540
26903,2,0,39542
26904,1,0,39543
26905,1,0,39544
26906,1,0,39545
26907,2,0,39547
26908,4,0,39551
26909,1,0,39552
26910,1,0,39553
26911,2,0,39555
26912,1,0,39556
26913,1,0,39557
26914,1,0,39558
26915,1,0,39559
26916,2,0,39561
26917,3,0,39564
26918,4,0,39568
26919,1,0,39569
26920,2,0,39571
26921,2,0,39573
26922,2,0,39575
26923,1,0,39576
26924,1,0,39577
26925,2,0,39579
26926,1,0,39580
26927,1,0,39581
26928,2,0,39583
26929,2,0,39585
26930,2,0,39587
26931,2,0,39589
26932,1,0,39590
26933,1,0,39591
26934,2,0,39593
26935,1,0,39594
26936,3,0,39597
26937,1,0,39598
26938,1,0,39599
26939,1,0,39600
26940,1,0,39601
26941,3,0,39604
26942,6,0,39610
26943,1,0,39611
26944,1,0,39612
26945,1,0,39613
26946,1,0,39614
26947,1,0,39615
26948,1,0,39616
26949,2,0,39618
26950,2,0,39620
26951,4,0,39624
26952,1,0,39625
26953,1,0,39626
26954,2,0,39628
26955,1,0,39629
26956,1,0,39630
26957,3,0,39633
26958,1,0,39634
26959,2,0,39636
26960,1,0,39637
26961,1,0,39638
26962,1,0,39639
26963,4,0,39643
26964,2,0,39645
26965,1,0,39646
26966,1,0,39647
26967,1,0,39648
26968,3,0,39651
26969,1,0,39652
26970,3,0,39655
26971,1,0,39656
26972,1,0,39657
26973,1,0,39658
26974,1,0,39659
26975,1,0,39660
26976,1,0,39661
26977,3,0,39664
26978,2,0,39666
26979,2,0,39668
26980,3,0,39671
26981,1,0,39672
26982,1,0,39673
26983,1,0,39674
26984,1,0,39675
26985,2,0,39677
26986,1,0,39678
26987,1,0,39679
26988,1,0,39680
26989,2,0,39682
26990,1,0,39683
26991,1,0,39684
26992,1,0,39685
26993,1,0,39686
26994,1,0,39687
26995,1,0,39688
26996,1,0,39689
26997,1,0,39690
26998,3,0,39693
26999,3,0,39696
27000,1,0,39697
27001,1,0,39698
27002,1,0,39699
27003,1,0,39700
27004,2,0,39702
27005,1,0,39703
27006,1,0,39704
27007,2,0,39706
27008,1,0,39707
27009,1,0,39708
27010,1,0,39709
27011,2,0,39711
27012,1,0,39712
27013,3,0,39715
27014,2,0,39717
27015,3,0,39720
27016,1,0,39721
27017,1,0,39722
27018,1,0,39723
27019,2,0,39725
27020,1,0,39726
27021,1,0,39727
27022,1,0,39728
27023,1,0,39729
27024,3,0,39732
27025,2,0,39734
27026,2,0,39736
27027,2,0,39738
27028,1,0,39739
27029,1,0,39740
27030,1,0,39741
27031,3,0,39744
27032,1,0,39745
27033,2,0,39747
27034,1,0,39748
27035,2,0,39750
27036,1,0,39751
27037,1,0,39752
27038,2,0,39754
27039,2,0,39756
27040,1,0,39757
27041,2,0,39759
27042,1,0,39760
27043,1,0,39761
27044,2,0,39763
27045,2,0,39765
27046,1,0,39766
27047,1,0,39767
27048,2,0,39769
27049,3,0,39772
27050,1,0,39773
27051,2,0,39775
27052,1,0,39776
27053,4,0,39780
27054,1,0,39781
27055,1,0,39782
27056,1,0,39783
27057,2,0,39785
27058,1,0,39786
27059,2,0,39788
27060,2,0,39790
27061,1,0,39791
27062,1,0,39792
27063,5,0,39797
27064,1,0,39798
27065,2,0,39800
27066,3,0,39803
27067,2,0,39805
27068,8,0,39813
27069,1,0,39814
27070,1,0,39815
27071,1,0,39816
27072,1,0,39817
27073,1,0,39818
27074,1,0,39819
27075,1,0,39820
27076,1,0,39821
27077,1,0,39822
27078,2,0,39824
27079,1,0,39825
27080,1,0,39826
27081,2,0,39828
27082,1,0,39829
27083,2,0,39831
27084,4,0,39835
27085,1,0,39836
27086,4,0,39840
27087,1,0,39841
27088,1,0,39842
27089,2,0,39844
27090,6,0,39850
27091,1,0,39851
27092,1,0,39852
27093,1,0,39853
27094,2,0,39855
27095,1,0,39856
27096,3,0,39859
27097,1,0,39860
27098,2,0,39862
27099,4,0,39866
27100,6,0,39872
27101,1,0,39873
27102,1,0,39874
27103,2,0,39876
27104,3,0,39879
27105,1,0,39880
27106,1,0,39881
27107,2,0,39883
27108,1,0,39884
27109,1,0,39885
27110,1,0,39886
27111,2,0,39888
27112,1,0,39889
27113,2,0,39891
27114,1,0,39892
27115,2,0,39894
27116,1,0,39895
27117,3,0,39898
27118,1,0,39899
27119,2,0,39901
27120,1,0,39902
27121,2,0,39904
27122,1,0,39905
27123,2,0,39907
27124,1,0,39908
27125,3,0,39911
27126,2,0,39913
27127,1,0,39914
27128,2,0,39916
27129,2,0,39918
27130,1,0,39919
27131,2,0,39921
27132,2,0,39923
27133,2,0,39925
27134,1,0,39926
27135,1,0,39927
27136,1,0,39928
27137,1,0,39929
27138,3,0,39932
27139,1,0,39933
27140,1,0,39934
27141,2,0,39936
27142,1,0,39937
27143,4,0,39941
27144,2,0,39943
27145,3,0,39946
27146,2,0,39948
27147,2,0,39950
27148,1,0,39951
27149,2,0,39953
27150,1,0,39954
27151,1,0,39955
27152,1,0,39956
27153,1,0,39957
27154,1,0,39958
27155,3,0,39961
27156,1,0,39962
27157,1,0,39963
27158,1,0,39964
27159,2,0,39966
27160,1,0,39967
27161,1,0,39968
27162,1,0,39969
27163,2,0,39971
27164,2,0,39973
27165,1,0,39974
27166,1,0,39975
27167,3,0,39978
27168,1,0,39979
27169,1,0,39980
27170,1,0,39981
27171,1,0,39982
27172,1,0,39983
27173,1,0,39984
27174,1,0,39985
27175,5,0,39990
27176,1,0,39991
27177,1,0,39992
27178,2,0,39994
27179,1,0,39995
27180,2,0,39997
27181,1,0,39998
27182,1,0,39999
27183,1,0,40000
27184,1,0,40001
27185,1,0,40002
27186,2,0,40004
27187,1,0,40005
27188,1,0,40006
27189,1,0,40007
27190,1,0,40008
27191,1,0,40009
27192,1,0,40010
27193,2,0,40012
27194,1,0,40013
27195,1,0,40014
27196,1,0,40015
27197,1,0,40016
27198,1,0,40017
27199,1,0,40018
27200,3,0,40021
27201,2,0,40023
27202,1,0,40024
27203,2,0,40026
27204,2,0,40028
27205,1,0,40029
27206,3,0,40032
27207,1,0,40033
27208,2,0,40035
27209,3,0,40038
27210,1,0,40039
27211,2,0,40041
27212,4,0,40045
27213,1,0,40046
27214,1,0,40047
27215,1,0,40048
27216,3,0,40051
27217,1,0,40052
27218,1,0,40053
27219,1,0,40054
27220,1,0,40055
27221,1,0,40056
27222,3,0,40059
27223,3,0,40062
27224,1,0,40063
27225,2,0,40065
27226,2,0,40067
27227,2,0,40069
27228,2,0,40071
27229,1,0,40072
27230,1,0,40073
27231,2,0,40075
27232,2,0,40077
27233,2,0,40079
27234,2,0,40081
27235,1,0,40082
27236,2,0,40084
27237,1,0,40085
27238,1,0,40086
27239,1,0,40087
27240,1,0,40088
27241,1,0,40089
27242,1,0,40090
27243,1,0,40091
27244,1,0,40092
27245,1,0,40093
27246,3,0,40096
27247,1,0,40097
27248,4,0,40101
27249,1,0,40102
27250,1,0,40103
27251,1,0,40104
27252,2,0,40106
27253,1,0,40107
27254,4,0,40111
27255,1,0,40112
27256,1,0,40113
27257,3,0,40116
27258,3,0,40119
27259,1,0,40120
27260,1,0,40121
27261,1,0,40122
27262,1,0,40123
27263,2,0,40125
27264,1,0,40126
27265,2,0,40128
27266,1,0,40129
27267,1,0,40130
27268,1,0,40131
27269,2,0,40133
27270,1,0,40134
27271,5,0,40139
27272,1,0,40140
27273,1,0,40141
27274,3,0,40144
27275,1,0,40145
27276,3,0,40148
27277,1,0,40149
27278,1,0,40150
27279,1,0,40151
27280,1,0,40152
27281,2,0,40154
27282,8,0,40162
27283,3,0,40165
27284,1,0,40166
27285,1,0,40167
27286,2,0,40169
27287,1,0,40170
27288,1,0,40171
27289,1,0,40172
27290,1,0,40173
27291,2,0,40175
27292,1,0,40176
27293,3,0,40179
27294,1,0,40180
27295,1,0,40181
27296,1,0,40182
27297,2,0,40184
27298,2,0,40186
27299,1,0,40187
27300,1,0,40188
27301,1,0,40189
27302,1,0,40190
27303,1,0,40191
27304,1,0,40192
27305,2,0,40194
27306,1,0,40195
27307,1,0,40196
27308,3,0,40199
27309,1,0,40200
27310,2,0,40202
27311,1,0,40203
27312,2,0,40205
27313,1,0,40206
27314,2,0,40208
27315,2,0,40210
27316,1,0,40211
27317,1,0,40212
27318,2,0,40214
27319,2,0,40216
27320,1,0,40217
27321,1,0,40218
27322,1,0,40219
27323,1,0,40220
27324,1,0,40221
27325,1,0,40222
27326,2,0,40224
27327,1,0,40225
27328,2,0,40227
27329,1,0,40228
27330,1,0,40229
27331,2,0,40231
27332,4,0,40235
27333,1,0,40236
27334,1,0,40237
27335,1,0,40238
27336,1,0,40239
27337,1,0,40240
27338,1,0,40241
27339,2,0,40243
27340,1,0,40244
27341,2,0,40246
27342,1,0,40247
27343,1,0,40248
27344,1,0,40249
27345,1,0,40250
27346,2,0,40252
27347,5,0,40257
27348,3,0,40260
27349,1,0,40261
27350,1,0,40262
27351,1,0,40263
27352,2,0,40265
27353,2,0,40267
27354,1,0,40268
27355,3,0,40271
27356,3,0,40274
27357,1,0,40275
27358,1,0,40276
27359,1,0,40277
27360,1,0,40278
27361,2,0,40280
27362,1,0,40281
27363,1,0,40282
27364,1,0,40283
27365,1,0,40284
27366,1,0,40285
27367,1,0,40286
27368,2,0,40288
27369,1,0,40289
27370,1,0,40290
27371,2,0,40292
27372,3,0,40295
27373,1,0,40296
27374,2,0,40298
27375,1,0,40299
27376,1,0,40300
27377,1,0,40301
27378,2,0,40303
27379,1,0,40304
27380,1,0,40305
27381,1,0,40306
27382,1,0,40307
27383,2,0,40309
27384,1,0,40310
27385,1,0,40311
27386,1,0,40312
27387,3,0,40315
27388,1,0,40316
27389,1,0,40317
27390,1,0,40318
27391,1,0,40319
27392,1,0,40320
27393,2,0,40322
27394,1,0,40323
27395,1,0,40324
27396,1,0,40325
27397,2,0,40327
27398,2,0,40329
27399,1,0,40330
27400,1,0,40331
27401,1,0,40332
27402,2,0,40334
27403,4,0,40338
27404,6,0,40344
27405,1,0,40345
27406,1,0,40346
27407,2,0,40348
27408,2,0,40350
27409,1,0,40351
27410,2,0,40353
27411,1,0,40354
27412,1,0,40355
27413,2,0,40357
27414,2,0,40359
27415,1,0,40360
27416,1,0,40361
27417,1,0,40362
27418,1,0,40363
27419,1,0,40364
27420,2,0,40366
27421,1,0,40367
27422,1,0,40368
27423,1,0,40369
27424,2,0,40371
27425,2,0,40373
27426,1,0,40374
27427,1,0,40375
27428,3,0,40378
27429,1,0,40379
27430,1,0,40380
27431,3,0,40383
27432,2,0,40385
27433,1,0,40386
27434,1,0,40387
27435,1,0,40388
27436,2,0,40390
27437,1,0,40391
27438,1,0,40392
27439,2,0,40394
27440,2,0,40396
27441,2,0,40398
27442,1,0,40399
27443,1,0,40400
27444,4,0,40404
27445,2,0,40406
27446,1,0,40407
27447,3,0,40410
27448,1,0,40411
27449,1,0,40412
27450,2,0,40414
27451,1,0,40415
27452,1,0,40416
27453,1,0,40417
27454,3,0,40420
27455,2,0,40422
27456,1,0,40423
27457,1,0,40424
27458,1,0,40425
27459,1,0,40426
27460,1,0,40427
27461,1,0,40428
27462,1,0,40429
27463,3,0,40432
27464,1,0,40433
27465,1,0,40434
27466,2,0,40436
27467,1,0,40437
27468,1,0,40438
27469,1,0,40439
27470,1,0,40440
27471,1,0,40441
27472,1,0,40442
27473,1,0,40443
27474,1,0,40444
27475,1,0,40445
27476,1,0,40446
27477,1,0,40447
27478,2,0,40449
27479,1,0,40450
27480,1,0,40451
27481,2,0,40453
27482,1,0,40454
27483,5,0,40459
27484,1,0,40460
27485,1,0,40461
27486,1,0,40462
27487,2,0,40464
27488,1,0,40465
27489,3,0,40468
27490,1,0,40469
27491,1,0,40470
27492,1,0,40471
27493,1,0,40472
27494,1,0,40473
27495,1,0,40474
27496,1,0,40475
27497,1,0,40476
27498,2,0,40478
27499,1,0,40479
27500,1,0,40480
27501,1,0,40481
27502,4,0,40485
27503,2,0,40487
27504,2,0,40489
27505,1,0,40490
27506,1,0,40491
27507,2,0,40493
27508,1,0,40494
27509,3,0,40497
27510,3,0,40500
27511,1,0,40501
27512,1,0,40502
27513,1,0,40503
27514,1,0,40504
27515,1,0,40505
27516,2,0,40507
27517,1,0,40508
27518,1,0,40509
27519,1,0,40510
27520,2,0,40512
27521,3,0,40515
27522,1,0,40516
27523,1,0,40517
27524,1,0,40518
27525,1,0,40519
27526,1,0,40520
27527,3,0,40523
27528,1,0,40524
27529,1,0,40525
27530,1,0,40526
27531,1,0,40527
27532,1,0,40528
27533,1,0,40529
27534,1,0,40530
27535,1,0,40531
27536,1,0,40532
27537,1,0,40533
27538,1,0,40534
27539,2,0,40536
27540,2,0,40538
27541,1,0,40539
27542,2,0,40541
27543,3,0,40544
27544,1,0,40545
27545,2,0,40547
27546,1,0,40548
27547,1,0,40549
27548,4,0,40553
27549,1,0,40554
27550,1,0,40555
27551,3,0,40558
27552,1,0,40559
27553,1,0,40560
27554,1,0,40561
27555,1,0,40562
27556,1,0,40563
27557,1,0,40564
27558,1,0,40565
27559,1,0,40566
27560,1,0,40567
27561,3,0,40570
27562,1,0,40571
27563,2,0,40573
27564,2,0,40575
27565,1,0,40576
27566,1,0,40577
27567,2,0,40579
27568,1,0,40580
27569,1,0,40581
27570,1,0,40582
27571,1,0,40583
27572,2,0,40585
27573,1,0,40586
27574,2,0,40588
27575,3,0,40591
27576,3,0,40594
27577,2,0,40596
27578,1,0,40597
27579,1,0,40598
27580,1,0,40599
27581,3,0,40602
27582,3,0,40605
27583,3,0,40608
27584,2,0,40610
27585,1,0,40611
27586,2,0,40613
27587,1,0,40614
27588,1,0,40615
27589,2,0,40617
27590,2,0,40619
27591,4,0,40623
27592,1,0,40624
27593,1,0,40625
27594,1,0,40626
27595,1,0,40627
27596,1,0,40628
27597,4,0,40632
27598,1,0,40633
27599,2,0,40635
27600,1,0,40636
27601,1,0,40637
27602,1,0,40638
27603,2,0,40640
27604,1,0,40641
27605,3,0,40644
27606,2,0,40646
27607,1,0,40647
27608,1,0,40648
27609,1,0,40649
27610,2,0,40651
27611,1,0,40652
27612,2,0,40654
27613,1,0,40655
27614,1,0,40656
27615,2,0,40658
27616,1,0,40659
27617,1,0,40660
27618,1,0,40661
27619,1,0,40662
27620,1,0,40663
27621,2,0,40665
27622,1,0,40666
27623,1,0,40667
27624,1,0,40668
27625,1,0,40669
27626,1,0,40670
27627,1,0,40671
27628,1,0,40672
27629,2,0,40674
27630,1,0,40675
27631,2,0,40677
27632,1,0,40678
27633,1,0,40679
27634,1,0,40680
27635,5,0,40685
27636,1,0,40686
27637,2,0,40688
27638,2,0,40690
27639,2,0,40692
27640,1,0,40693
27641,2,0,40695
27642,4,0,40699
27643,2,0,40701
27644,1,0,40702
27645,2,0,40704
27646,2,0,40706
27647,1,0,40707
27648,3,0,40710
27649,1,0,40711
27650,1,0,40712
27651,2,0,40714
27652,1,0,40715
27653,2,0,40717
27654,1,0,40718
27655,1,0,40719
27656,2,0,40721
27657,1,0,40722
27658,1,0,40723
27659,1,0,40724
27660,1,0,40725
27661,1,0,40726
27662,2,0,40728
27663,1,0,40729
27664,1,0,40730
27665,2,0,40732
27666,3,0,40735
27667,4,0,40739
27668,1,0,40740
27669,2,0,40742
27670,1,0,40743
27671,2,0,40745
27672,1,0,40746
27673,1,0,40747
27674,2,0,40749
27675,1,0,40750
27676,1,0,40751
27677,4,0,40755
27678,1,0,40756
27679,1,0,40757
27680,1,0,40758
27681,2,0,40760
27682,1,0,40761
27683,1,0,40762
27684,1,0,40763
27685,1,0,40764
27686,1,0,40765
27687,1,0,40766
27688,2,0,40768
27689,1,0,40769
27690,2,0,40771
27691,1,0,40772
27692,2,0,40774
27693,1,0,40775
27694,3,0,40778
27695,1,0,40779
27696,1,0,40780
27697,2,0,40782
27698,1,0,40783
27699,1,0,40784
27700,1,0,40785
27701,2,0,40787
27702,1,0,40788
27703,1,0,40789
27704,1,0,40790
27705,1,0,40791
27706,1,0,40792
27707,1,0,40793
27708,2,0,40795
27709,1,0,40796
27710,2,0,40798
27711,1,0,40799
27712,1,0,40800
27713,2,0,40802
27714,1,0,40803
27715,2,0,40805
27716,1,0,40806
27717,1,0,40807
27718,3,0,40810
27719,2,0,40812
27720,2,0,40814
27721,2,0,40816
27722,1,0,40817
27723,1,0,40818
27724,1,0,40819
27725,2,0,40821
27726,1,0,40822
27727,1,0,40823
27728,1,0,40824
27729,1,0,40825
27730,2,0,40827
27731,1,0,40828
27732,1,0,40829
27733,1,0,40830
27734,2,0,40832
27735,2,0,40834
27736,1,0,40835
27737,1,0,40836
27738,1,0,40837
27739,1,0,40838
27740,1,0,40839
27741,1,0,40840
27742,2,0,40842
27743,1,0,40843
27744,1,0,40844
27745,2,0,40846
27746,1,0,40847
27747,3,0,40850
27748,1,0,40851
27749,1,0,40852
27750,1,0,40853
27751,1,0,40854
27752,1,0,40855
27753,1,0,40856
27754,1,0,40857
27755,1,0,40858
27756,1,0,40859
27757,4,0,40863
27758,2,0,40865
27759,1,0,40866
27760,1,0,40867
27761,1,0,40868
27762,1,0,40869
27763,1,0,40870
27764,2,0,40872
27765,1,0,40873
27766,3,0,40876
27767,2,0,40878
27768,1,0,40879
27769,1,0,40880
27770,2,0,40882
27771,4,0,40886
27772,1,0,40887
27773,1,0,40888
27774,1,0,40889
27775,2,0,40891
27776,1,0,40892
27777,2,0,40894
27778,1,0,40895
27779,1,0,40896
27780,1,0,40897
27781,1,0,40898
27782,1,0,40899
27783,2,0,40901
27784,2,0,40903
27785,1,0,40904
27786,1,0,40905
27787,1,0,40906
27788,2,0,40908
27789,1,0,40909
27790,1,0,40910
27791,1,0,40911
27792,1,0,40912
27793,3,0,40915
27794,2,0,40917
27795,2,0,40919
27796,2,0,40921
27797,3,0,40924
27798,1,0,40925
27799,1,0,40926
27800,1,0,40927
27801,1,0,40928
27802,1,0,40929
27803,2,0,40931
27804,3,0,40934
27805,1,0,40935
27806,2,0,40937
27807,2,0,40939
27808,1,0,40940
27809,1,0,40941
27810,1,0,40942
27811,2,0,40944
27812,4,0,40948
27813,1,0,40949
27814,1,0,40950
27815,5,0,40955
27816,1,0,40956
27817,1,0,40957
27818,4,0,40961
27819,3,0,40964
27820,2,0,40966
27821,1,0,40967
27822,3,0,40970
27823,1,0,40971
27824,2,0,40973
27825,1,0,40974
27826,1,0,40975
27827,4,0,40979
27828,1,0,40980
27829,2,0,40982
27830,1,0,40983
27831,1,0,40984
27832,1,0,40985
27833,4,0,40989
27834,1,0,40990
27835,1,0,40991
27836,1,0,40992
27837,2,0,40994
27838,1,0,40995
27839,2,0,40997
27840,3,0,41000
27841,1,0,41001
27842,1,0,41002
27843,4,0,41006
27844,1,0,41007
27845,1,0,41008
27846,1,0,41009
27847,1,0,41010
27848,1,0,41011
27849,1,0,41012
27850,1,0,41013
27851,1,0,41014
27852,2,0,41016
27853,1,0,41017
27854,1,0,41018
27855,1,0,41019
27856,1,0,41020
27857,1,0,41021
27858,2,0,41023
27859,1,0,41024
27860,1,0,41025
27861,4,0,41029
27862,1,0,41030
27863,1,0,41031
27864,2,0,41033
27865,1,0,41034
27866,1,0,41035
27867,1,0,41036
27868,1,0,41037
27869,1,0,41038
27870,1,0,41039
27871,5,0,41044
27872,1,0,41045
27873,2,0,41047
27874,2,0,41049
27875,1,0,41050
27876,1,0,41051
27877,3,0,41054
27878,2,0,41056
27879,1,0,41057
27880,3,0,41060
27881,1,0,41061
27882,2,0,41063
27883,1,0,41064
27884,1,0,41065
27885,1,0,41066
27886,2,0,41068
27887,1,0,41069
27888,1,0,41070
27889,4,0,41074
27890,2,0,41076
27891,1,0,41077
27892,1,0,41078
27893,2,0,41080
27894,2,0,41082
27895,1,0,41083
27896,6,0,41089
27897,2,0,41091
27898,5,0,41096
27899,1,0,41097
27900,2,0,41099
27901,1,0,41100
27902,1,0,41101
27903,1,0,41102
27904,1,0,41103
27905,3,0,41106
27906,1,0,41107
27907,2,0,41109
27908,1,0,41110
27909,1,0,41111
27910,1,0,41112
27911,1,0,41113
27912,1,0,41114
27913,1,0,41115
27914,1,0,41116
27915,2,0,41118
27916,2,0,41120
27917,1,0,41121
27918,1,0,41122
27919,1,0,41123
27920,1,0,41124
27921,1,0,41125
27922,1,0,41126
27923,1,0,41127
27924,1,0,41128
27925,1,0,41129
27926,1,0,41130
27927,2,0,41132
27928,2,0,41134
27929,4,0,41138
27930,2,0,41140
27931,2,0,41142
27932,1,0,41143
27933,2,0,41145
27934,1,0,41146
27935,2,0,41148
27936,1,0,41149
27937,1,0,41150
27938,3,0,41153
27939,1,0,41154
27940,1,0,41155
27941,1,0,41156
27942,1,0,41157
27943,1,0,41158
27944,1,0,41159
27945,1,0,41160
27946,2,0,41162
27947,1,0,41163
27948,1,0,41164
27949,1,0,41165
27950,1,0,41166
27951,3,0,41169
27952,2,0,41171
27953,1,0,41172
27954,1,0,41173
27955,1,0,41174
27956,2,0,41176
27957,2,0,41178
27958,1,0,41179
27959,3,0,41182
27960,1,0,41183
27961,2,0,41185
27962,1,0,41186
27963,1,0,41187
27964,1,0,41188
27965,1,0,41189
27966,1,0,41190
27967,1,0,41191
27968,1,0,41192
27969,1,0,41193
27970,1,0,41194
27971,1,0,41195
27972,1,0,41196
27973,1,0,41197
27974,1,0,41198
27975,1,0,41199
27976,1,0,41200
27977,1,0,41201
27978,4,0,41205
27979,1,0,41206
27980,1,0,41207
27981,1,0,41208
27982,2,0,41210
27983,1,0,41211
27984,1,0,41212
27985,1,0,41213
27986,1,0,41214
27987,1,0,41215
27988,2,0,41217
27989,1,0,41218
27990,1,0,41219
27991,2,0,41221
27992,3,0,41224
27993,1,0,41225
27994,3,0,41228
27995,1,0,41229
27996,1,0,41230
27997,3,0,41233
27998,1,0,41234
27999,1,0,41235
28000,1,0,41236
28001,3,0,41239
28002,1,0,41240
28003,1,0,41241
28004,2,0,41243
28005,2,0,41245
28006,1,0,41246
28007,1,0,41247
28008,1,0,41248
28009,2,0,41250
28010,1,0,41251
28011,1,0,41252
28012,1,0,41253
28013,1,0,41254
28014,1,0,41255
28015,1,0,41256
28016,1,0,41257
28017,1,0,41258
28018,1,0,41259
28019,3,0,41262
28020,1,0,41263
28021,2,0,41265
28022,2,0,41267
28023,2,0,41269
28024,1,0,41270
28025,1,0,41271
28026,1,0,41272
28027,2,0,41274
28028,1,0,41275
28029,1,0,41276
28030,1,0,41277
28031,1,0,41278
28032,3,0,41281
28033,2,0,41283
28034,1,0,41284
28035,1,0,41285
28036,3,0,41288
28037,3,0,41291
28038,1,0,41292
28039,2,0,41294
28040,1,0,41295
28041,1,0,41296
28042,1,0,41297
28043,1,0,41298
28044,3,0,41301
28045,1,0,41302
28046,1,0,41303
28047,1,0,41304
28048,1,0,41305
28049,1,0,41306
28050,1,0,41307
28051,3,0,41310
28052,4,0,41314
28053,3,0,41317
28054,2,0,41319
28055,2,0,41321
28056,2,0,41323
28057,1,0,41324
28058,1,0,41325
28059,1,0,41326
28060,1,0,41327
28061,1,0,41328
28062,1,0,41329
28063,4,0,41333
28064,1,0,41334
28065,1,0,41335
28066,1,0,41336
28067,1,0,41337
28068,1,0,41338
28069,1,0,41339
28070,1,0,41340
28071,1,0,41341
28072,1,0,41342
28073,1,0,41343
28074,1,0,41344
28075,1,0,41345
28076,1,0,41346
28077,1,0,41347
28078,1,0,41348
28079,1,0,41349
28080,2,0,41351
28081,1,0,41352
28082,1,0,41353
28083,1,0,41354
28084,1,0,41355
28085,1,0,41356
28086,1,0,41357
28087,1,0,41358
28088,1,0,41359
28089,1,0,41360
28090,3,0,41363
28091,2,0,41365
28092,1,0,41366
28093,1,0,41367
28094,2,0,41369
28095,1,0,41370
28096,1,0,41371
28097,3,0,41374
28098,1,0,41375
28099,1,0,41376
28100,2,0,41378
28101,1,0,41379
28102,1,0,41380
28103,2,0,41382
28104,3,0,41385
28105,6,0,41391
28106,1,0,41392
28107,1,0,41393
28108,2,0,41395
28109,4,0,41399
28110,1,0,41400
28111,2,0,41402
28112,1,0,41403
28113,1,0,41404
28114,4,0,41408
28115,4,0,41412
28116,4,0,41416
28117,1,0,41417
28118,1,0,41418
28119,2,0,41420
28120,1,0,41421
28121,3,0,41424
28122,2,0,41426
28123,1,0,41427
28124,4,0,41431
28125,1,0,41432
28126,2,0,41434
28127,1,0,41435
28128,1,0,41436
28129,2,0,41438
28130,3,0,41441
28131,1,0,41442
28132,2,0,41444
28133,1,0,41445
28134,4,0,41449
28135,2,0,41451
28136,2,0,41453
28137,1,0,41454
28138,1,0,41455
28139,1,0,41456
28140,1,0,41457
28141,1,0,41458
28142,1,0,41459
28143,1,0,41460
28144,1,0,41461
28145,1,0,41462
28146,1,0,41463
28147,1,0,41464
28148,1,0,41465
28149,1,0,41466
28150,1,0,41467
28151,1,0,41468
28152,1,0,41469
28153,2,0,41471
28154,1,0,41472
28155,1,0,41473
28156,1,0,41474
28157,1,0,41475
28158,1,0,41476
28159,1,0,41477
28160,1,0,41478
28161,1,0,41479
28162,1,0,41480
28163,2,0,41482
28164,1,0,41483
28165,1,0,41484
28166,2,0,41486
28167,1,0,41487
28168,1,0,41488
28169,3,0,41491
28170,3,0,41494
28171,1,0,41495
28172,1,0,41496
28173,1,0,41497
28174,2,0,41499
28175,2,0,41501
28176,2,0,41503
28177,1,0,41504
28178,1,0,41505
28179,1,0,41506
28180,1,0,41507
28181,2,0,41509
28182,2,0,41511
28183,3,0,41514
28184,1,0,41515
28185,1,0,41516
28186,2,0,41518
28187,2,0,41520
28188,1,0,41521
28189,1,0,41522
28190,1,0,41523
28191,1,0,41524
28192,2,0,41526
28193,1,0,41527
28194,2,0,41529
28195,2,0,41531
28196,1,0,41532
28197,1,0,41533
28198,5,0,41538
28199,1,0,41539
28200,1,0,41540
28201,2,0,41542
28202,2,0,41544
28203,2,0,41546
28204,1,0,41547
28205,2,0,41549
28206,2,0,41551
28207,1,0,41552
28208,1,0,41553
28209,1,0,41554
28210,1,0,41555
28211,4,0,41559
28212,1,0,41560
28213,1,0,41561
28214,1,0,41562
28215,1,0,41563
28216,1,0,41564
28217,2,0,41566
28218,3,0,41569
28219,2,0,41571
28220,2,0,41573
28221,1,0,41574
28222,2,0,41576
28223,1,0,41577
28224,2,0,41579
28225,1,0,41580
28226,3,0,41583
28227,1,0,41584
28228,2,0,41586
28229,1,0,41587
28230,1,0,41588
28231,1,0,41589
28232,3,0,41592
28233,1,0,41593
28234,1,0,41594
28235,2,0,41596
28236,1,0,41597
28237,1,0,41598
28238,1,0,41599
28239,1,0,41600
28240,1,0,41601
28241,1,0,41602
28242,1,0,41603
28243,1,0,41604
28244,2,0,41606
28245,2,0,41608
28246,2,0,41610
28247,5,0,41615
28248,4,0,41619
28249,1,0,41620
28250,1,0,41621
28251,4,0,41625
28252,1,0,41626
28253,2,0,41628
28254,1,0,41629
28255,1,0,41630
28256,1,0,41631
28257,1,0,41632
28258,1,0,41633
28259,2,0,41635
28260,2,0,41637
28261,1,0,41638
28262,3,0,41641
28263,6,0,41647
28264,2,0,41649
28265,1,0,41650
28266,2,0,41652
28267,2,0,41654
28268,4,0,41658
28269,2,0,41660
28270,1,0,41661
28271,1,0,41662
28272,4,0,41666
28273,1,0,41667
28274,2,0,41669
28275,2,0,41671
28276,1,0,41672
28277,1,0,41673
28278,1,0,41674
28279,2,0,41676
28280,1,0,41677
28281,1,0,41678
28282,2,0,41680
28283,1,0,41681
28284,2,0,41683
28285,1,0,41684
28286,4,0,41688
28287,1,0,41689
28288,2,0,41691
28289,1,0,41692
28290,2,0,41694
28291,1,0,41695
28292,1,0,41696
28293,2,0,41698
28294,1,0,41699
28295,4,0,41703
28296,1,0,41704
28297,1,0,41705
28298,1,0,41706
28299,2,0,41708
28300,1,0,41709
28301,1,0,41710
28302,1,0,41711
28303,1,0,41712
28304,1,0,41713
28305,1,0,41714
28306,1,0,41715
28307,1,0,41716
28308,3,0,41719
28309,1,0,41720
28310,1,0,41721
28311,1,0,41722
28312,1,0,41723
28313,1,0,41724
28314,1,0,41725
28315,1,0,41726
28316,1,0,41727
28317,1,0,41728
28318,1,0,41729
28319,1,0,41730
28320,3,0,41733
28321,2,0,41735
28322,1,0,41736
28323,1,0,41737
28324,2,0,41739
28325,1,0,41740
28326,1,0,41741
28327,1,0,41742
28328,1,0,41743
28329,2,0,41745
28330,2,0,41747
28331,1,0,41748
28332,1,0,41749
28333,1,0,41750
28334,2,0,41752
28335,1,0,41753
28336,1,0,41754
28337,4,0,41758
28338,2,0,41760
28339,4,0,41764
28340,1,0,41765
28341,1,0,41766
28342,2,0,41768
28343,2,0,41770
28344,1,0,41771
28345,1,0,41772
28346,1,0,41773
28347,1,0,41774
28348,1,0,41775
28349,3,0,41778
28350,1,0,41779
28351,2,0,41781
28352,1,0,41782
28353,1,0,41783
28354,1,0,41784
28355,1,0,41785
28356,1,0,41786
28357,1,0,41787
28358,1,0,41788
28359,3,0,41791
28360,1,0,41792
28361,3,0,41795
28362,1,0,41796
28363,1,0,41797
28364,1,0,41798
28365,1,0,41799
28366,1,0,41800
28367,1,0,41801
28368,1,0,41802
28369,1,0,41803
28370,1,0,41804
28371,1,0,41805
28372,1,0,41806
28373,1,0,41807
28374,1,0,41808
28375,2,0,41810
28376,1,0,41811
28377,1,0,41812
28378,3,0,41815
28379,2,0,41817
28380,2,0,41819
28381,3,0,41822
28382,1,0,41823
28383,1,0,41824
28384,1,0,41825
28385,1,0,41826
28386,2,0,41828
28387,2,0,41830
28388,1,0,41831
28389,1,0,41832
28390,2,0,41834
28391,1,0,41835
28392,4,0,41839
28393,3,0,41842
28394,1,0,41843
28395,1,0,41844
28396,1,0,41845
28397,2,0,41847
28398,2,0,41849
28399,1,0,41850
28400,2,0,41852
28401,3,0,41855
28402,2,0,41857
28403,2,0,41859
28404,2,0,41861
28405,1,0,41862
28406,2,0,41864
28407,2,0,41866
28408,1,0,41867
28409,2,0,41869
28410,1,0,41870
28411,1,0,41871
28412,1,0,41872
28413,3,0,41875
28414,1,0,41876
28415,1,0,41877
28416,1,0,41878
28417,1,0,41879
28418,1,0,41880
28419,1,0,41881
28420,3,0,41884
28421,3,0,41887
28422,2,0,41889
28423,2,0,41891
28424,1,0,41892
28425,1,0,41893
28426,2,0,41895
28427,2,0,41897
28428,2,0,41899
28429,1,0,41900
28430,1,0,41901
28431,2,0,41903
28432,1,0,41904
28433,2,0,41906
28434,1,0,41907
28435,1,0,41908
28436,1,0,41909
28437,1,0,41910
28438,5,0,41915
28439,1,0,41916
28440,1,0,41917
28441,5,0,41922
28442,1,0,41923
28443,1,0,41924
28444,1,0,41925
28445,1,0,41926
28446,1,0,41927
28447,1,0,41928
28448,1,0,41929
28449,1,0,41930
28450,1,0,41931
28451,2,0,41933
28452,1,0,41934
28453,3,0,41937
28454,3,0,41940
28455,1,0,41941
28456,1,0,41942
28457,2,0,41944
28458,2,0,41946
28459,5,0,41951
28460,1,0,41952
28461,1,0,41953
28462,1,0,41954
28463,4,0,41958
28464,2,0,41960
28465,1,0,41961
28466,1,0,41962
28467,2,0,41964
28468,1,0,41965
28469,1,0,41966
28470,1,0,41967
28471,1,0,41968
28472,1,0,41969
28473,4,0,41973
28474,1,0,41974
28475,1,0,41975
28476,2,0,41977
28477,2,0,41979
28478,1,0,41980
28479,1,0,41981
28480,1,0,41982
28481,1,0,41983
28482,4,0,41987
28483,3,0,41990
28484,1,0,41991
28485,1,0,41992
28486,3,0,41995
28487,1,0,41996
28488,2,0,41998
28489,1,0,41999
28490,7,0,42006
28491,1,0,42007
28492,1,0,42008
28493,3,0,42011
28494,3,0,42014
28495,1,0,42015
28496,1,0,42016
28497,1,0,42017
28498,1,0,42018
28499,2,0,42020
28500,2,0,42022
28501,1,0,42023
28502,1,0,42024
28503,2,0,42026
28504,1,0,42027
28505,1,0,42028
28506,1,0,42029
28507,1,0,42030
28508,2,0,42032
28509,2,0,42034
28510,1,0,42035
28511,1,0,42036
28512,1,0,42037
28513,1,0,42038
28514,3,0,42041
28515,1,0,42042
28516,2,0,42044
28517,2,0,42046
28518,1,0,42047
28519,3,0,42050
28520,1,0,42051
28521,2,0,42053
28522,2,0,42055
28523,1,0,42056
28524,1,0,42057
28525,1,0,42058
28526,1,0,42059
28527,1,0,42060
28528,1,0,42061
28529,1,0,42062
28530,3,0,42065
28531,1,0,42066
28532,1,0,42067
28533,2,0,42069
28534,1,0,42070
28535,1,0,42071
28536,1,0,42072
28537,3,0,42075
28538,1,0,42076
28539,1,0,42077
28540,2,0,42079
28541,1,0,42080
28542,1,0,42081
28543,1,0,42082
28544,3,0,42085
28545,2,0,42087
28546,1,0,42088
28547,1,0,42089
28548,5,0,42094
28549,1,0,42095
28550,1,0,42096
28551,1,0,42097
28552,1,0,42098
28553,4,0,42102
28554,1,0,42103
28555,1,0,42104
28556,1,0,42105
28557,1,0,42106
28558,1,0,42107
28559,1,0,42108
28560,3,0,42111
28561,2,0,42113
28562,1,0,42114
28563,1,0,42115
28564,1,0,42116
28565,1,0,42117
28566,1,0,42118
28567,2,0,42120
28568,4,0,42124
28569,1,0,42125
28570,5,0,42130
28571,1,0,42131
28572,2,0,42133
28573,2,0,42135
28574,1,0,42136
28575,1,0,42137
28576,2,0,42139
28577,1,0,42140
28578,1,0,42141
28579,1,0,42142
28580,1,0,42143
28581,1,0,42144
28582,1,0,42145
28583,1,0,42146
28584,1,0,42147
28585,5,0,42152
28586,1,0,42153
28587,1,0,42154
28588,1,0,42155
28589,1,0,42156
28590,1,0,42157
28591,4,0,42161
28592,2,0,42163
28593,1,0,42164
28594,2,0,42166
28595,1,0,42167
28596,2,0,42169
28597,2,0,42171
28598,1,0,42172
28599,1,0,42173
28600,3,0,42176
28601,1,0,42177
28602,1,0,42178
28603,1,0,42179
28604,2,0,42181
28605,4,0,42185
28606,1,0,42186
28607,2,0,42188
28608,1,0,42189
28609,3,0,42192
28610,2,0,42194
28611,1,0,42195
28612,1,0,42196
28613,1,0,42197
28614,1,0,42198
28615,1,0,42199
28616,1,0,42200
28617,1,0,42201
28618,1,0,42202
28619,2,0,42204
28620,1,0,42205
28621,1,0,42206
28622,1,0,42207
28623,3,0,42210
28624,1,0,42211
28625,2,0,42213
28626,1,0,42214
28627,1,0,42215
28628,2,0,42217
28629,1,0,42218
28630,1,0,42219
28631,1,0,42220
28632,1,0,42221
28633,1,0,42222
28634,1,0,42223
28635,1,0,42224
28636,2,0,42226
28637,2,0,42228
28638,1,0,42229
28639,2,0,42231
28640,3,0,42234
28641,1,0,42235
28642,2,0,42237
28643,1,0,42238
28644,2,0,42240
28645,3,0,42243
28646,1,0,42244
28647,2,0,42246
28648,1,0,42247
28649,1,0,42248
28650,1,0,42249
28651,2,0,42251
28652,1,0,42252
28653,1,0,42253
28654,1,0,42254
28655,1,0,42255
28656,1,0,42256
28657,1,0,42257
28658,1,0,42258
28659,2,0,42260
28660,1,0,42261
28661,1,0,42262
28662,2,0,42264
28663,3,0,42267
28664,1,0,42268
28665,1,0,42269
28666,1,0,42270
28667,1,0,42271
28668,1,0,42272
28669,1,0,42273
28670,1,0,42274
28671,1,0,42275
28672,1,0,42276
28673,1,0,42277
28674,1,0,42278
28675,1,0,42279
28676,1,0,42280
28677,1,0,42281
28678,1,0,42282
28679,1,0,42283
28680,1,0,42284
28681,2,0,42286
28682,1,0,42287
28683,1,0,42288
28684,1,0,42289
28685,1,0,42290
28686,1,0,42291
28687,3,0,42294
28688,1,0,42295
28689,1,0,42296
28690,2,0,42298
28691,1,0,42299
28692,1,0,42300
28693,2,0,42302
28694,2,0,42304
28695,2,0,42306
28696,1,0,42307
28697,1,0,42308
28698,1,0,42309
28699,2,0,42311
28700,1,0,42312
28701,3,0,42315
28702,1,0,42316
28703,1,0,42317
28704,2,0,42319
28705,1,0,42320
28706,1,0,42321
28707,2,0,42323
28708,3,0,42326
28709,1,0,42327
28710,2,0,42329
28711,1,0,42330
28712,1,0,42331
28713,1,0,42332
28714,1,0,42333
28715,2,0,42335
28716,1,0,42336
28717,1,0,42337
28718,2,0,42339
28719,1,0,42340
28720,2,0,42342
28721,1,0,42343
28722,1,0,42344
28723,2,0,42346
28724,3,0,42349
28725,1,0,42350
28726,1,0,42351
28727,1,0,42352
28728,1,0,42353
28729,1,0,42354
28730,3,0,42357
28731,3,0,42360
28732,2,0,42362
28733,1,0,42363
28734,2,0,42365
28735,2,0,42367
28736,1,0,42368
28737,1,0,42369
28738,1,0,42370
28739,3,0,42373
28740,2,0,42375
28741,1,0,42376
28742,2,0,42378
28743,1,0,42379
28744,1,0,42380
28745,2,0,42382
28746,2,0,42384
28747,1,0,42385
28748,1,0,42386
28749,1,0,42387
28750,1,0,42388
28751,1,0,42389
28752,1,0,42390
28753,1,0,42391
28754,1,0,42392
28755,1,0,42393
28756,1,0,42394
28757,1,0,42395
28758,1,0,42396
28759,2,0,42398
28760,1,0,42399
28761,2,0,42401
28762,1,0,42402
28763,2,0,42404
28764,1,0,42405
28765,1,0,42406
28766,2,0,42408
28767,1,0,42409
28768,2,0,42411
28769,3,0,42414
28770,1,0,42415
28771,1,0,42416
28772,2,0,42418
28773,1,0,42419
28774,1,0,42420
28775,1,0,42421
28776,1,0,42422
28777,2,0,42424
28778,1,0,42425
28779,3,0,42428
28780,1,0,42429
28781,1,0,42430
28782,1,0,42431
28783,2,0,42433
28784,1,0,42434
28785,1,0,42435
28786,1,0,42436
28787,1,0,42437
28788,2,0,42439
28789,1,0,42440
28790,1,0,42441
28791,1,0,42442
28792,1,0,42443
28793,1,0,42444
28794,3,0,42447
28795,1,0,42448
28796,1,0,42449
28797,1,0,42450
28798,1,0,42451
28799,2,0,42453
28800,1,0,42454
28801,1,0,42455
28802,3,0,42458
28803,1,0,42459
28804,1,0,42460
28805,1,0,42461
28806,2,0,42463
28807,1,0,42464
28808,3,0,42467
28809,1,0,42468
28810,2,0,42470
28811,1,0,42471
28812,2,0,42473
28813,3,0,42476
28814,1,0,42477
28815,1,0,42478
28816,2,0,42480
28817,4,0,42484
28818,5,0,42489
28819,2,0,42491
28820,1,0,42492
28821,1,0,42493
28822,1,0,42494
28823,1,0,42495
28824,1,0,42496
28825,1,0,42497
28826,1,0,42498
28827,1,0,42499
28828,1,0,42500
28829,2,0,42502
28830,4,0,42506
28831,1,0,42507
28832,1,0,42508
28833,1,0,42509
28834,2,0,42511
28835,1,0,42512
28836,2,0,42514
28837,1,0,42515
28838,1,0,42516
28839,1,0,42517
28840,1,0,42518
28841,3,0,42521
28842,1,0,42522
28843,2,0,42524
28844,1,0,42525
28845,1,0,42526
28846,1,0,42527
28847,1,0,42528
28848,1,0,42529
28849,1,0,42530
28850,1,0,42531
28851,5,0,42536
28852,2,0,42538
28853,1,0,42539
28854,2,0,42541
28855,1,0,42542
28856,1,0,42543
28857,1,0,42544
28858,1,0,42545
28859,1,0,42546
28860,2,0,42548
28861,1,0,42549
28862,1,0,42550
28863,1,0,42551
28864,1,0,42552
28865,1,0,42553
28866,2,0,42555
28867,1,0,42556
28868,2,0,42558
28869,1,0,42559
28870,2,0,42561
28871,2,0,42563
28872,2,0,42565
28873,2,0,42567
28874,1,0,42568
28875,1,0,42569
28876,1,0,42570
28877,1,0,42571
28878,4,0,42575
28879,1,0,42576
28880,1,0,42577
28881,4,0,42581
28882,1,0,42582
28883,1,0,42583
28884,1,0,42584
28885,1,0,42585
28886,1,0,42586
28887,3,0,42589
28888,1,0,42590
28889,1,0,42591
28890,2,0,42593
28891,1,0,42594
28892,1,0,42595
28893,1,0,42596
28894,1,0,42597
28895,1,0,42598
28896,1,0,42599
28897,1,0,42600
28898,2,0,42602
28899,2,0,42604
28900,1,0,42605
28901,1,0,42606
28902,1,0,42607
28903,3,0,42610
28904,1,0,42611
28905,2,0,42613
28906,2,0,42615
28907,1,0,42616
28908,2,0,42618
28909,1,0,42619
28910,2,0,42621
28911,5,0,42626
28912,1,0,42627
28913,1,0,42628
28914,1,0,42629
28915,1,0,42630
28916,3,0,42633
28917,3,0,42636
28918,3,0,42639
28919,3,0,42642
28920,1,0,42643
28921,1,0,42644
28922,1,0,42645
28923,1,0,42646
28924,1,0,42647
28925,2,0,42649
28926,1,0,42650
28927,1,0,42651
28928,1,0,42652
28929,1,0,42653
28930,1,0,42654
28931,1,0,42655
28932,1,0,42656
28933,4,0,42660
28934,1,0,42661
28935,1,0,42662
28936,1,0,42663
28937,1,0,42664
28938,1,0,42665
28939,1,0,42666
28940,1,0,42667
28941,2,0,42669
28942,1,0,42670
28943,2,0,42672
28944,1,0,42673
28945,1,0,42674
28946,1,0,42675
28947,3,0,42678
28948,1,0,42679
28949,1,0,42680
28950,1,0,42681
28951,2,0,42683
28952,2,0,42685
28953,1,0,42686
28954,1,0,42687
28955,2,0,42689
28956,4,0,42693
28957,2,0,42695
28958,1,0,42696
28959,3,0,42699
28960,2,0,42701
28961,1,0,42702
28962,1,0,42703
28963,1,0,42704
28964,1,0,42705
28965,1,0,42706
28966,1,0,42707
28967,1,0,42708
28968,1,0,42709
28969,1,0,42710
28970,2,0,42712
28971,1,0,42713
28972,1,0,42714
28973,2,0,42716
28974,2,0,42718
28975,2,0,42720
28976,2,0,42722
28977,2,0,42724
28978,1,0,42725
28979,1,0,42726
28980,3,0,42729
28981,2,0,42731
28982,2,0,42733
28983,1,0,42734
28984,1,0,42735
28985,1,0,42736
28986,1,0,42737
28987,1,0,42738
28988,1,0,42739
28989,2,0,42741
28990,1,0,42742
28991,4,0,42746
28992,1,0,42747
28993,1,0,42748
28994,1,0,42749
28995,1,0,42750
28996,1,0,42751
28997,5,0,42756
28998,2,0,42758
28999,1,0,42759
29000,1,0,42760
29001,2,0,42762
29002,1,0,42763
29003,1,0,42764
29004,1,0,42765
29005,1,0,42766
29006,1,0,42767
29007,1,0,42768
29008,3,0,42771
29009,1,0,42772
29010,2,0,42774
29011,1,0,42775
29012,1,0,42776
29013,1,0,42777
29014,1,0,42778
29015,1,0,42779
29016,2,0,42781
29017,2,0,42783
29018,1,0,42784
29019,1,0,42785
29020,1,0,42786
29021,3,0,42789
29022,1,0,42790
29023,2,0,42792
29024,2,0,42794
29025,2,0,42796
29026,1,0,42797
29027,1,0,42798
29028,2,0,42800
29029,2,0,42802
29030,1,0,42803
29031,2,0,42805
29032,1,0,42806
29033,1,0,42807
29034,1,0,42808
29035,1,0,42809
29036,1,0,42810
29037,1,0,42811
29038,1,0,42812
29039,1,0,42813
29040,2,0,42815
29041,1,0,42816
29042,2,0,42818
29043,1,0,42819
29044,1,0,42820
29045,3,0,42823
29046,1,0,42824
29047,3,0,42827
29048,1,0,42828
29049,1,0,42829
29050,1,0,42830
29051,2,0,42832
29052,1,0,42833
29053,1,0,42834
29054,2,0,42836
29055,1,0,42837
29056,1,0,42838
29057,1,0,42839
29058,1,0,42840
29059,1,0,42841
29060,1,0,42842
29061,1,0,42843
29062,2,0,42845
29063,1,0,42846
29064,2,0,42848
29065,1,0,42849
29066,1,0,42850
29067,1,0,42851
29068,1,0,42852
29069,1,0,42853
29070,1,0,42854
29071,1,0,42855
29072,1,0,42856
29073,1,0,42857
29074,2,0,42859
29075,1,0,42860
29076,1,0,42861
29077,2,0,42863
29078,3,0,42866
29079,1,0,42867
29080,1,0,42868
29081,1,0,42869
29082,1,0,42870
29083,1,0,42871
29084,1,0,42872
29085,1,0,42873
29086,1,0,42874
29087,1,0,42875
29088,1,0,42876
29089,1,0,42877
29090,2,0,42879
29091,1,0,42880
29092,2,0,42882
29093,2,0,42884
29094,1,0,42885
29095,5,0,42890
29096,1,0,42891
29097,2,0,42893
29098,1,0,42894
29099,1,0,42895
29100,2,0,42897
29101,1,0,42898
29102,3,0,42901
29103,1,0,42902
29104,1,0,42903
29105,2,0,42905
29106,1,0,42906
29107,2,0,42908
29108,1,0,42909
29109,2,0,42911
29110,1,0,42912
29111,1,0,42913
29112,2,0,42915
29113,1,0,42916
29114,1,0,42917
29115,1,0,42918
29116,1,0,42919
29117,2,0,42921
29118,1,0,42922
29119,3,0,42925
29120,1,0,42926
29121,3,0,42929
29122,1,0,42930
29123,1,0,42931
29124,1,0,42932
29125,1,0,42933
29126,2,0,42935
29127,1,0,42936
29128,2,0,42938
29129,2,0,42940
29130,1,0,42941
29131,1,0,42942
29132,1,0,42943
29133,2,0,42945
29134,1,0,42946
29135,2,0,42948
29136,2,0,42950
29137,1,0,42951
29138,1,0,42952
29139,1,0,42953
29140,1,0,42954
29141,1,0,42955
29142,1,0,42956
29143,1,0,42957
29144,1,0,42958
29145,1,0,42959
29146,1,0,42960
29147,2,0,42962
29148,1,0,42963
29149,1,0,42964
29150,1,0,42965
29151,3,0,42968
29152,2,0,42970
29153,5,0,42975
29154,1,0,42976
29155,1,0,42977
29156,1,0,42978
29157,2,0,42980
29158,1,0,42981
29159,2,0,42983
29160,1,0,42984
29161,4,0,42988
29162,1,0,42989
29163,3,0,42992
29164,1,0,42993
29165,3,0,42996
29166,1,0,42997
29167,4,0,43001
29168,1,0,43002
29169,1,0,43003
29170,1,0,43004
29171,2,0,43006
29172,3,0,43009
29173,1,0,43010
29174,1,0,43011
29175,1,0,43012
29176,1,0,43013
29177,1,0,43014
29178,1,0,43015
29179,1,0,43016
29180,2,0,43018
29181,1,0,43019
29182,1,0,43020
29183,1,0,43021
29184,1,0,43022
29185,1,0,43023
29186,1,0,43024
29187,1,0,43025
29188,2,0,43027
29189,1,0,43028
29190,4,0,43032
29191,1,0,43033
29192,1,0,43034
29193,1,0,43035
29194,2,0,43037
29195,1,0,43038
29196,1,0,43039
29197,1,0,43040
29198,1,0,43041
29199,1,0,43042
29200,1,0,43043
29201,1,0,43044
29202,5,0,43049
29203,2,0,43051
29204,1,0,43052
29205,1,0,43053
29206,1,0,43054
29207,1,0,43055
29208,2,0,43057
29209,1,0,43058
29210,2,0,43060
29211,1,0,43061
29212,1,0,43062
29213,1,0,43063
29214,1,0,43064
29215,1,0,43065
29216,5,0,43070
29217,1,0,43071
29218,2,0,43073
29219,1,0,43074
29220,1,0,43075
29221,1,0,43076
29222,2,0,43078
29223,1,0,43079
29224,1,0,43080
29225,1,0,43081
29226,1,0,43082
29227,3,0,43085
29228,2,0,43087
29229,3,0,43090
29230,1,0,43091
29231,1,0,43092
29232,1,0,43093
29233,1,0,43094
29234,1,0,43095
29235,1,0,43096
29236,2,0,43098
29237,1,0,43099
29238,1,0,43100
29239,1,0,43101
29240,3,0,43104
29241,1,0,43105
29242,1,0,43106
29243,4,0,43110
29244,2,0,43112
29245,1,0,43113
29246,1,0,43114
29247,1,0,43115
29248,1,0,43116
29249,2,0,43118
29250,2,0,43120
29251,1,0,43121
29252,1,0,43122
29253,1,0,43123
29254,1,0,43124
29255,1,0,43125
29256,2,0,43127
29257,1,0,43128
29258,1,0,43129
29259,1,0,43130
29260,2,0,43132
29261,1,0,43133
29262,2,0,43135
29263,1,0,43136
29264,4,0,43140
29265,1,0,43141
29266,1,0,43142
29267,1,0,43143
29268,1,0,43144
29269,1,0,43145
29270,1,0,43146
29271,1,0,43147
29272,1,0,43148
29273,1,0,43149
29274,1,0,43150
29275,1,0,43151
29276,1,0,43152
29277,2,0,43154
29278,1,0,43155
29279,2,0,43157
29280,2,0,43159
29281,1,0,43160
29282,2,0,43162
29283,2,0,43164
29284,1,0,43165
29285,2,0,43167
29286,2,0,43169
29287,2,0,43171
29288,4,0,43175
29289,1,0,43176
29290,1,0,43177
29291,2,0,43179
29292,1,0,43180
29293,1,0,43181
29294,1,0,43182
29295,2,0,43184
29296,2,0,43186
29297,1,0,43187
29298,1,0,43188
29299,2,0,43190
29300,1,0,43191
29301,1,0,43192
29302,1,0,43193
29303,1,0,43194
29304,1,0,43195
29305,2,0,43197
29306,3,0,43200
29307,1,0,43201
29308,2,0,43203
29309,1,0,43204
29310,1,0,43205
29311,1,0,43206
29312,1,0,43207
29313,2,0,43209
29314,2,0,43211
29315,1,0,43212
29316,2,0,43214
29317,1,0,43215
29318,1,0,43216
29319,1,0,43217
29320,2,0,43219
29321,1,0,43220
29322,2,0,43222
29323,1,0,43223
29324,1,0,43224
29325,1,0,43225
29326,1,0,43226
29327,3,0,43229
29328,1,0,43230
29329,1,0,43231
29330,1,0,43232
29331,1,0,43233
29332,1,0,43234
29333,1,0,43235
29334,2,0,43237
29335,1,0,43238
29336,1,0,43239
29337,4,0,43243
29338,1,0,43244
29339,1,0,43245
29340,2,0,43247
29341,2,0,43249
29342,1,0,43250
29343,2,0,43252
29344,1,0,43253
29345,1,0,43254
29346,1,0,43255
29347,1,0,43256
29348,2,0,43258
29349,1,0,43259
29350,1,0,43260
29351,1,0,43261
29352,1,0,43262
29353,1,0,43263
29354,1,0,43264
29355,1,0,43265
29356,1,0,43266
29357,1,0,43267
29358,2,0,43269
29359,2,0,43271
29360,1,0,43272
29361,2,0,43274
29362,1,0,43275
29363,3,0,43278
29364,4,0,43282
29365,1,0,43283
29366,1,0,43284
29367,1,0,43285
29368,1,0,43286
29369,2,0,43288
29370,1,0,43289
29371,1,0,43290
29372,2,0,43292
29373,1,0,43293
29374,1,0,43294
29375,1,0,43295
29376,1,0,43296
29377,1,0,43297
29378,1,0,43298
29379,1,0,43299
29380,5,0,43304
29381,2,0,43306
29382,2,0,43308
29383,1,0,43309
29384,1,0,43310
29385,4,0,43314
29386,1,0,43315
29387,1,0,43316
29388,1,0,43317
29389,1,0,43318
29390,3,0,43321
29391,1,0,43322
29392,1,0,43323
29393,1,0,43324
29394,2,0,43326
29395,1,0,43327
29396,1,0,43328
29397,1,0,43329
29398,3,0,43332
29399,2,0,43334
29400,1,0,43335
29401,3,0,43338
29402,1,0,43339
29403,1,0,43340
29404,1,0,43341
29405,1,0,43342
29406,1,0,43343
29407,1,0,43344
29408,2,0,43346
29409,1,0,43347
29410,1,0,43348
29411,1,0,43349
29412,1,0,43350
29413,1,0,43351
29414,2,0,43353
29415,1,0,43354
29416,1,0,43355
29417,1,0,43356
29418,4,0,43360
29419,2,0,43362
29420,2,0,43364
29421,3,0,43367
29422,1,0,43368
29423,1,0,43369
29424,1,0,43370
29425,1,0,43371
29426,1,0,43372
29427,1,0,43373
29428,1,0,43374
29429,3,0,43377
29430,1,0,43378
29431,1,0,43379
29432,2,0,43381
29433,2,0,43383
29434,1,0,43384
29435,2,0,43386
29436,1,0,43387
29437,1,0,43388
29438,1,0,43389
29439,1,0,43390
29440,4,0,43394
29441,1,0,43395
29442,1,0,43396
29443,1,0,43397
29444,1,0,43398
29445,1,0,43399
29446,2,0,43401
29447,1,0,43402
29448,2,0,43404
29449,1,0,43405
29450,1,0,43406
29451,1,0,43407
29452,1,0,43408
29453,1,0,43409
29454,1,0,43410
29455,2,0,43412
29456,2,0,43414
29457,2,0,43416
29458,2,0,43418
29459,1,0,43419
29460,2,0,43421
29461,5,0,43426
29462,1,0,43427
29463,1,0,43428
29464,1,0,43429
29465,3,0,43432
29466,3,0,43435
29467,1,0,43436
29468,2,0,43438
29469,1,0,43439
29470,1,0,43440
29471,1,0,43441
29472,1,0,43442
29473,1,0,43443
29474,2,0,43445
29475,1,0,43446
29476,4,0,43450
29477,1,0,43451
29478,1,0,43452
29479,1,0,43453
29480,1,0,43454
29481,1,0,43455
29482,1,0,43456
29483,1,0,43457
29484,1,0,43458
29485,2,0,43460
29486,1,0,43461
29487,1,0,43462
29488,1,0,43463
29489,3,0,43466
29490,1,0,43467
29491,1,0,43468
29492,1,0,43469
29493,2,0,43471
29494,1,0,43472
29495,1,0,43473
29496,1,0,43474
29497,1,0,43475
29498,1,0,43476
29499,1,0,43477
29500,2,0,43479
29501,2,0,43481
29502,1,0,43482
29503,2,0,43484
29504,2,0,43486
29505,1,0,43487
29506,1,0,43488
29507,1,0,43489
29508,1,0,43490
29509,2,0,43492
29510,1,0,43493
29511,3,0,43496
29512,2,0,43498
29513,3,0,43501
29514,1,0,43502
29515,1,0,43503
29516,5,0,43508
29517,1,0,43509
29518,1,0,43510
29519,2,0,43512
29520,2,0,43514
29521,1,0,43515
29522,19,0,43534
29523,1,0,43535
29524,2,0,43537
29525,1,0,43538
29526,2,0,43540
29527,1,0,43541
29528,1,0,43542
29529,2,0,43544
29530,2,0,43546
29531,1,0,43547
29532,1,0,43548
29533,1,0,43549
29534,1,0,43550
29535,1,0,43551
29536,1,0,43552
29537,1,0,43553
29538,1,0,43554
29539,1,0,43555
29540,3,0,43558
29541,1,0,43559
29542,1,0,43560
29543,1,0,43561
29544,1,0,43562
29545,1,0,43563
29546,2,0,43565
29547,1,0,43566
29548,1,0,43567
29549,1,0,43568
29550,1,0,43569
29551,6,0,43575
29552,2,0,43577
29553,1,0,43578
29554,1,0,43579
29555,1,0,43580
29556,1,0,43581
29557,1,0,43582
29558,3,0,43585
29559,1,0,43586
29560,2,0,43588
29561,1,0,43589
29562,1,0,43590
29563,1,0,43591
29564,1,0,43592
29565,2,0,43594
29566,1,0,43595
29567,1,0,43596
29568,1,0,43597
29569,3,0,43600
29570,1,0,43601
29571,2,0,43603
29572,1,0,43604
29573,1,0,43605
29574,1,0,43606
29575,1,0,43607
29576,1,0,43608
29577,5,0,43613
29578,1,0,43614
29579,1,0,43615
29580,2,0,43617
29581,1,0,43618
29582,1,0,43619
29583,4,0,43623
29584,1,0,43624
29585,1,0,43625
29586,2,0,43627
29587,2,0,43629
29588,1,0,43630
29589,2,0,43632
29590,3,0,43635
29591,1,0,43636
29592,1,0,43637
29593,1,0,43638
29594,1,0,43639
29595,1,0,43640
29596,2,0,43642
29597,3,0,43645
29598,2,0,43647
29599,1,0,43648
29600,3,0,43651
29601,1,0,43652
29602,1,0,43653
29603,2,0,43655
29604,1,0,43656
29605,1,0,43657
29606,2,0,43659
29607,1,0,43660
29608,1,0,43661
29609,1,0,43662
29610,2,0,43664
29611,1,0,43665
29612,1,0,43666
29613,1,0,43667
29614,1,0,43668
29615,1,0,43669
29616,2,0,43671
29617,1,0,43672
29618,2,0,43674
29619,1,0,43675
29620,1,0,43676
29621,3,0,43679
29622,1,0,43680
29623,2,0,43682
29624,4,0,43686
29625,2,0,43688
29626,2,0,43690
29627,1,0,43691
29628,1,0,43692
29629,1,0,43693
29630,1,0,43694
29631,2,0,43696
29632,3,0,43699
29633,2,0,43701
29634,2,0,43703
29635,2,0,43705
29636,2,0,43707
29637,1,0,43708
29638,1,0,43709
29639,1,0,43710
29640,1,0,43711
29641,1,0,43712
29642,2,0,43714
29643,1,0,43715
29644,1,0,43716
29645,1,0,43717
29646,1,0,43718
29647,1,0,43719
29648,1,0,43720
29649,5,0,43725
29650,1,0,43726
29651,2,0,43728
29652,1,0,43729
29653,2,0,43731
29654,2,0,43733
29655,2,0,43735
29656,1,0,43736
29657,1,0,43737
29658,1,0,43738
29659,1,0,43739
29660,3,0,43742
29661,1,0,43743
29662,1,0,43744
29663,2,0,43746
29664,1,0,43747
29665,1,0,43748
29666,1,0,43749
29667,1,0,43750
29668,1,0,43751
29669,2,0,43753
29670,1,0,43754
29671,2,0,43756
29672,5,0,43761
29673,1,0,43762
29674,2,0,43764
29675,1,0,43765
29676,1,0,43766
29677,1,0,43767
29678,1,0,43768
29679,1,0,43769
29680,1,0,43770
29681,1,0,43771
29682,1,0,43772
29683,1,0,43773
29684,1,0,43774
29685,1,0,43775
29686,2,0,43777
29687,1,0,43778
29688,1,0,43779
29689,3,0,43782
29690,1,0,43783
29691,2,0,43785
29692,1,0,43786
29693,1,0,43787
29694,2,0,43789
29695,1,0,43790
29696,1,0,43791
29697,4,0,43795
29698,2,0,43797
29699,4,0,43801
29700,2,0,43803
29701,1,0,43804
29702,4,0,43808
29703,1,0,43809
29704,1,0,43810
29705,1,0,43811
29706,1,0,43812
29707,1,0,43813
29708,1,0,43814
29709,1,0,43815
29710,1,0,43816
29711,3,0,43819
29712,2,0,43821
29713,1,0,43822
29714,1,0,43823
29715,1,0,43824
29716,1,0,43825
29717,1,0,43826
29718,3,0,43829
29719,1,0,43830
29720,1,0,43831
29721,1,0,43832
29722,1,0,43833
29723,1,0,43834
29724,2,0,43836
29725,2,0,43838
29726,1,0,43839
29727,1,0,43840
29728,1,0,43841
29729,1,0,43842
29730,1,0,43843
29731,2,0,43845
29732,4,0,43849
29733,2,0,43851
29734,1,0,43852
29735,3,0,43855
29736,3,0,43858
29737,2,0,43860
29738,1,0,43861
29739,2,0,43863
29740,1,0,43864
29741,1,0,43865
29742,1,0,43866
29743,1,0,43867
29744,2,0,43869
29745,2,0,43871
29746,1,0,43872
29747,2,0,43874
29748,1,0,43875
29749,1,0,43876
29750,1,0,43877
29751,1,0,43878
29752,1,0,43879
29753,1,0,43880
29754,1,0,43881
29755,2,0,43883
29756,1,0,43884
29757,1,0,43885
29758,1,0,43886
29759,1,0,43887
29760,1,0,43888
29761,1,0,43889
29762,1,0,43890
29763,2,0,43892
29764,1,0,43893
29765,1,0,43894
29766,1,0,43895
29767,1,0,43896
29768,2,0,43898
29769,3,0,43901
29770,3,0,43904
29771,1,0,43905
29772,1,0,43906
29773,1,0,43907
29774,1,0,43908
29775,1,0,43909
29776,1,0,43910
29777,2,0,43912
29778,1,0,43913
29779,1,0,43914
29780,1,0,43915
29781,1,0,43916
29782,1,0,43917
29783,1,0,43918
29784,2,0,43920
29785,1,0,43921
29786,1,0,43922
29787,2,0,43924
29788,1,0,43925
29789,2,0,43927
29790,1,0,43928
29791,2,0,43930
29792,2,0,43932
29793,1,0,43933
29794,1,0,43934
29795,1,0,43935
29796,1,0,43936
29797,2,0,43938
29798,5,0,43943
29799,1,0,43944
29800,3,0,43947
29801,1,0,43948
29802,1,0,43949
29803,3,0,43952
29804,1,0,43953
29805,1,0,43954
29806,1,0,43955
29807,1,0,43956
29808,1,0,43957
29809,2,0,43959
29810,3,0,43962
29811,1,0,43963
29812,1,0,43964
29813,1,0,43965
29814,1,0,43966
29815,2,0,43968
29816,1,0,43969
29817,1,0,43970
29818,4,0,43974
29819,1,0,43975
29820,1,0,43976
29821,1,0,43977
29822,1,0,43978
29823,1,0,43979
29824,1,0,43980
29825,3,0,43983
29826,1,0,43984
29827,2,0,43986
29828,1,0,43987
29829,3,0,43990
29830,3,0,43993
29831,1,0,43994
29832,1,0,43995
29833,1,0,43996
29834,1,0,43997
29835,2,0,43999
29836,1,0,44000
29837,1,0,44001
29838,2,0,44003
29839,1,0,44004
29840,4,0,44008
29841,1,0,44009
29842,2,0,44011
29843,1,0,44012
29844,3,0,44015
29845,2,0,44017
29846,3,0,44020
29847,3,0,44023
29848,2,0,44025
29849,1,0,44026
29850,1,0,44027
29851,1,0,44028
29852,2,0,44030
29853,2,0,44032
29854,1,0,44033
29855,1,0,44034
29856,1,0,44035
29857,1,0,44036
29858,1,0,44037
29859,1,0,44038
29860,1,0,44039
29861,3,0,44042
29862,2,0,44044
29863,1,0,44045
29864,2,0,44047
29865,1,0,44048
29866,1,0,44049
29867,1,0,44050
29868,2,0,44052
29869,1,0,44053
29870,1,0,44054
29871,1,0,44055
29872,1,0,44056
29873,1,0,44057
29874,1,0,44058
29875,1,0,44059
29876,3,0,44062
29877,2,0,44064
29878,1,0,44065
29879,2,0,44067
29880,1,0,44068
29881,2,0,44070
29882,1,0,44071
29883,2,0,44073
29884,1,0,44074
29885,1,0,44075
29886,3,0,44078
29887,1,0,44079
29888,1,0,44080
29889,1,0,44081
29890,7,0,44088
29891,2,0,44090
29892,1,0,44091
29893,2,0,44093
29894,1,0,44094
29895,1,0,44095
29896,3,0,44098
29897,2,0,44100
29898,3,0,44103
29899,1,0,44104
29900,1,0,44105
29901,3,0,44108
29902,1,0,44109
29903,1,0,44110
29904,1,0,44111
29905,2,0,44113
29906,1,0,44114
29907,1,0,44115
29908,1,0,44116
29909,1,0,44117
29910,1,0,44118
29911,1,0,44119
29912,3,0,44122
29913,1,0,44123
29914,1,0,44124
29915,1,0,44125
29916,1,0,44126
29917,2,0,44128
29918,3,0,44131
29919,1,0,44132
29920,1,0,44133
29921,1,0,44134
29922,1,0,44135
29923,2,0,44137
29924,1,0,44138
29925,1,0,44139
29926,1,0,44140
29927,2,0,44142
29928,1,0,44143
29929,1,0,44144
29930,1,0,44145
29931,1,0,44146
29932,1,0,44147
29933,1,0,44148
29934,2,0,44150
29935,1,0,44151
29936,1,0,44152
29937,1,0,44153
29938,1,0,44154
29939,1,0,44155
29940,2,0,44157
29941,2,0,44159
29942,2,0,44161
29943,1,0,44162
29944,1,0,44163
29945,1,0,44164
29946,3,0,44167
29947,1,0,44168
29948,1,0,44169
29949,2,0,44171
29950,2,0,44173
29951,1,0,44174
29952,2,0,44176
29953,1,0,44177
29954,3,0,44180
29955,1,0,44181
29956,4,0,44185
29957,2,0,44187
29958,2,0,44189
29959,2,0,44191
29960,1,0,44192
29961,1,0,44193
29962,1,0,44194
29963,1,0,44195
29964,2,0,44197
29965,1,0,44198
29966,1,0,44199
29967,2,0,44201
29968,1,0,44202
29969,1,0,44203
29970,1,0,44204
29971,3,0,44207
29972,1,0,44208
29973,1,0,44209
29974,2,0,44211
29975,1,0,44212
29976,1,0,44213
29977,1,0,44214
29978,1,0,44215
29979,2,0,44217
29980,1,0,44218
29981,1,0,44219
29982,1,0,44220
29983,1,0,44221
29984,1,0,44222
29985,1,0,44223
29986,2,0,44225
29987,1,0,44226
29988,1,0,44227
29989,1,0,44228
29990,2,0,44230
29991,1,0,44231
29992,1,0,44232
29993,1,0,44233
29994,1,0,44234
29995,1,0,44235
29996,2,0,44237
29997,1,0,44238
29998,2,0,44240
29999,1,0,44241
30000,2,0,44243
30001,1,0,44244
30002,3,0,44247
30003,1,0,44248
30004,1,0,44249
30005,1,0,44250
30006,2,0,44252
30007,1,0,44253
30008,1,0,44254
30009,1,0,44255
30010,1,0,44256
30011,3,0,44259
30012,1,0,44260
30013,2,0,44262
30014,4,0,44266
30015,1,0,44267
30016,1,0,44268
30017,2,0,44270
30018,1,0,44271
30019,2,0,44273
30020,2,0,44275
30021,2,0,44277
30022,1,0,44278
30023,2,0,44280
30024,2,0,44282
30025,1,0,44283
30026,1,0,44284
30027,1,0,44285
30028,1,0,44286
30029,3,0,44289
30030,1,0,44290
30031,2,0,44292
30032,2,0,44294
30033,1,0,44295
30034,1,0,44296
30035,1,0,44297
30036,2,0,44299
30037,1,0,44300
30038,1,0,44301
30039,5,0,44306
30040,1,0,44307
30041,3,0,44310
30042,1,0,44311
30043,3,0,44314
30044,1,0,44315
30045,2,0,44317
30046,1,0,44318
30047,1,0,44319
30048,2,0,44321
30049,1,0,44322
30050,1,0,44323
30051,1,0,44324
30052,3,0,44327
30053,1,0,44328
30054,1,0,44329
30055,1,0,44330
30056,2,0,44332
30057,1,0,44333
30058,1,0,44334
30059,3,0,44337
30060,1,0,44338
30061,1,0,44339
30062,1,0,44340
30063,2,0,44342
30064,4,0,44346
30065,1,0,44347
30066,3,0,44350
30067,2,0,44352
30068,1,0,44353
30069,1,0,44354
30070,3,0,44357
30071,2,0,44359
30072,2,0,44361
30073,1,0,44362
30074,4,0,44366
30075,1,0,44367
30076,1,0,44368
30077,2,0,44370
30078,1,0,44371
30079,1,0,44372
30080,3,0,44375
30081,3,0,44378
30082,1,0,44379
30083,2,0,44381
30084,1,0,44382
30085,1,0,44383
30086,2,0,44385
30087,1,0,44386
30088,1,0,44387
30089,1,0,44388
30090,2,0,44390
30091,3,0,44393
30092,1,0,44394
30093,1,0,44395
30094,3,0,44398
30095,1,0,44399
30096,1,0,44400
30097,2,0,44402
30098,1,0,44403
30099,2,0,44405
30100,2,0,44407
30101,2,0,44409
30102,2,0,44411
30103,1,0,44412
30104,4,0,44416
30105,3,0,44419
30106,1,0,44420
30107,1,0,44421
30108,1,0,44422
30109,1,0,44423
30110,4,0,44427
30111,2,0,44429
30112,4,0,44433
30113,2,0,44435
30114,3,0,44438
30115,1,0,44439
30116,1,0,44440
30117,2,0,44442
30118,3,0,44445
30119,1,0,44446
30120,2,0,44448
30121,1,0,44449
30122,1,0,44450
30123,1,0,44451
30124,1,0,44452
30125,2,0,44454
30126,1,0,44455
30127,2,0,44457
30128,1,0,44458
30129,6,0,44464
30130,2,0,44466
30131,1,0,44467
30132,2,0,44469
30133,1,0,44470
30134,3,0,44473
30135,1,0,44474
30136,1,0,44475
30137,1,0,44476
30138,1,0,44477
30139,1,0,44478
30140,1,0,44479
30141,1,0,44480
30142,1,0,44481
30143,1,0,44482
30144,4,0,44486
30145,2,0,44488
30146,1,0,44489
30147,4,0,44493
30148,2,0,44495
30149,1,0,44496
30150,2,0,44498
30151,3,0,44501
30152,1,0,44502
30153,1,0,44503
30154,2,0,44505
30155,1,0,44506
30156,3,0,44509
30157,1,0,44510
30158,1,0,44511
30159,1,0,44512
30160,1,0,44513
30161,1,0,44514
30162,1,0,44515
30163,1,0,44516
30164,1,0,44517
30165,1,0,44518
30166,2,0,44520
30167,1,0,44521
30168,2,0,44523
30169,1,0,44524
30170,2,0,44526
30171,2,0,44528
30172,2,0,44530
30173,1,0,44531
30174,1,0,44532
30175,1,0,44533
30176,1,0,44534
30177,1,0,44535
30178,3,0,44538
30179,1,0,44539
30180,3,0,44542
30181,3,0,44545
30182,1,0,44546
30183,1,0,44547
30184,1,0,44548
30185,1,0,44549
30186,1,0,44550
30187,2,0,44552
30188,1,0,44553
30189,1,0,44554
30190,1,0,44555
30191,1,0,44556
30192,3,0,44559
30193,1,0,44560
30194,2,0,44562
30195,1,0,44563
30196,2,0,44565
30197,1,0,44566
30198,1,0,44567
30199,1,0,44568
30200,1,0,44569
30201,1,0,44570
30202,1,0,44571
30203,2,0,44573
30204,1,0,44574
30205,1,0,44575
30206,1,0,44576
30207,1,0,44577
30208,1,0,44578
30209,1,0,44579
30210,1,0,44580
30211,1,0,44581
30212,1,0,44582
30213,1,0,44583
30214,1,0,44584
30215,1,0,44585
30216,2,0,44587
30217,1,0,44588
30218,2,0,44590
30219,1,0,44591
30220,2,0,44593
30221,1,0,44594
30222,2,0,44596
30223,2,0,44598
30224,2,0,44600
30225,5,0,44605
30226,1,0,44606
30227,1,0,44607
30228,1,0,44608
30229,2,0,44610
30230,1,0,44611
30231,3,0,44614
30232,1,0,44615
30233,1,0,44616
30234,1,0,44617
30235,1,0,44618
30236,2,0,44620
30237,1,0,44621
30238,1,0,44622
30239,1,0,44623
30240,1,0,44624
30241,1,0,44625
30242,2,0,44627
30243,1,0,44628
30244,1,0,44629
30245,1,0,44630
30246,1,0,44631
30247,1,0,44632
30248,1,0,44633
30249,1,0,44634
30250,1,0,44635
30251,3,0,44638
30252,2,0,44640
30253,3,0,44643
30254,1,0,44644
30255,1,0,44645
30256,1,0,44646
30257,2,0,44648
30258,1,0,44649
30259,1,0,44650
30260,6,0,44656
30261,2,0,44658
30262,5,0,44663
30263,1,0,44664
30264,1,0,44665
30265,1,0,44666
30266,1,0,44667
30267,1,0,44668
30268,1,0,44669
30269,1,0,44670
30270,1,0,44671
30271,1,0,44672
30272,1,0,44673
30273,5,0,44678
30274,1,0,44679
30275,1,0,44680
30276,2,0,44682
30277,1,0,44683
30278,1,0,44684
30279,1,0,44685
30280,2,0,44687
30281,1,0,44688
30282,1,0,44689
30283,2,0,44691
30284,1,0,44692
30285,1,0,44693
30286,1,0,44694
30287,3,0,44697
30288,1,0,44698
30289,1,0,44699
30290,1,0,44700
30291,2,0,44702
30292,2,0,44704
30293,2,0,44706
30294,2,0,44708
30295,1,0,44709
30296,1,0,44710
30297,3,0,44713
30298,2,0,44715
30299,1,0,44716
30300,2,0,44718
30301,1,0,44719
30302,2,0,44721
30303,3,0,44724
30304,1,0,44725
30305,1,0,44726
30306,2,0,44728
30307,1,0,44729
30308,2,0,44731
30309,3,0,44734
30310,1,0,44735
30311,1,0,44736
30312,1,0,44737
30313,1,0,44738
30314,2,0,44740
30315,1,0,44741
30316,1,0,44742
30317,1,0,44743
30318,1,0,44744
30319,3,0,44747
30320,1,0,44748
30321,1,0,44749
30322,1,0,44750
30323,1,0,44751
30324,1,0,44752
30325,1,0,44753
30326,2,0,44755
30327,1,0,44756
30328,1,0,44757
30329,1,0,44758
30330,1,0,44759
30331,1,0,44760
30332,3,0,44763
30333,1,0,44764
30334,1,0,44765
30335,1,0,44766
30336,1,0,44767
30337,1,0,44768
30338,1,0,44769
30339,1,0,44770
30340,1,0,44771
30341,1,0,44772
30342,1,0,44773
30343,1,0,44774
30344,1,0,44775
30345,2,0,44777
30346,3,0,44780
30347,2,0,44782
30348,3,0,44785
30349,2,0,44787
30350,2,0,44789
30351,2,0,44791
30352,1,0,44792
30353,3,0,44795
30354,1,0,44796
30355,1,0,44797
30356,1,0,44798
30357,1,0,44799
30358,1,0,44800
30359,1,0,44801
30360,1,0,44802
30361,1,0,44803
30362,1,0,44804
30363,1,0,44805
30364,2,0,44807
30365,1,0,44808
30366,1,0,44809
30367,1,0,44810
30368,1,0,44811
30369,1,0,44812
30370,1,0,44813
30371,2,0,44815
30372,2,0,44817
30373,1,0,44818
30374,3,0,44821
30375,2,0,44823
30376,2,0,44825
30377,4,0,44829
30378,2,0,44831
30379,1,0,44832
30380,3,0,44835
30381,1,0,44836
30382,1,0,44837
30383,1,0,44838
30384,1,0,44839
30385,1,0,44840
30386,1,0,44841
30387,1,0,44842
30388,1,0,44843
30389,1,0,44844
30390,1,0,44845
30391,3,0,44848
30392,1,0,44849
30393,2,0,44851
30394,1,0,44852
30395,1,0,44853
30396,1,0,44854
30397,1,0,44855
30398,1,0,44856
30399,1,0,44857
30400,2,0,44859
30401,1,0,44860
30402,1,0,44861
30403,1,0,44862
30404,1,0,44863
30405,2,0,44865
30406,1,0,44866
30407,1,0,44867
30408,1,0,44868
30409,1,0,44869
30410,1,0,44870
30411,1,0,44871
30412,1,0,44872
30413,1,0,44873
30414,1,0,44874
30415,1,0,44875
30416,1,0,44876
30417,2,0,44878
30418,1,0,44879
30419,3,0,44882
30420,4,0,44886
30421,4,0,44890
30422,2,0,44892
30423,1,0,44893
30424,2,0,44895
30425,1,0,44896
30426,2,0,44898
30427,2,0,44900
30428,1,0,44901
30429,2,0,44903
30430,1,0,44904
30431,1,0,44905
30432,3,0,44908
30433,1,0,44909
30434,3,0,44912
30435,1,0,44913
30436,3,0,44916
30437,2,0,44918
30438,1,0,44919
30439,1,0,44920
30440,1,0,44921
30441,1,0,44922
30442,1,0,44923
30443,1,0,44924
30444,1,0,44925
30445,1,0,44926
30446,2,0,44928
30447,1,0,44929
30448,1,0,44930
30449,1,0,44931
30450,1,0,44932
30451,2,0,44934
30452,1,0,44935
30453,1,0,44936
30454,1,0,44937
30455,1,0,44938
30456,2,0,44940
30457,1,0,44941
30458,1,0,44942
30459,2,0,44944
30460,1,0,44945
30461,3,0,44948
30462,1,0,44949
30463,1,0,44950
30464,1,0,44951
30465,1,0,44952
30466,4,0,44956
30467,1,0,44957
30468,2,0,44959
30469,1,0,44960
30470,1,0,44961
30471,1,0,44962
30472,1,0,44963
30473,1,0,44964
30474,1,0,44965
30475,1,0,44966
30476,1,0,44967
30477,3,0,44970
30478,3,0,44973
30479,1,0,44974
30480,1,0,44975
30481,1,0,44976
30482,1,0,44977
30483,1,0,44978
30484,4,0,44982
30485,2,0,44984
30486,1,0,44985
30487,2,0,44987
30488,1,0,44988
30489,1,0,44989
30490,1,0,44990
30491,4,0,44994
30492,1,0,44995
30493,1,0,44996
30494,1,0,44997
30495,2,0,44999
30496,1,0,45000
30497,1,0,45001
30498,1,0,45002
30499,1,0,45003
30500,1,0,45004
30501,2,0,45006
30502,1,0,45007
30503,1,0,45008
30504,2,0,45010
30505,2,0,45012
30506,2,0,45014
30507,1,0,45015
30508,1,0,45016
30509,1,0,45017
30510,1,0,45018
30511,1,0,45019
30512,2,0,45021
30513,1,0,45022
30514,2,0,45024
30515,2,0,45026
30516,1,0,45027
30517,1,0,45028
30518,1,0,45029
30519,2,0,45031
30520,1,0,45032
30521,1,0,45033
30522,1,0,45034
30523,2,0,45036
30524,1,0,45037
30525,1,0,45038
30526,1,0,45039
30527,1,0,45040
30528,1,0,45041
30529,2,0,45043
30530,1,0,45044
30531,1,0,45045
30532,1,0,45046
30533,1,0,45047
30534,3,0,45050
30535,1,0,45051
30536,1,0,45052
30537,2,0,45054
30538,1,0,45055
30539,1,0,45056
30540,1,0,45057
30541,1,0,45058
30542,3,0,45061
30543,1,0,45062
30544,1,0,45063
30545,1,0,45064
30546,1,0,45065
30547,1,0,45066
30548,1,0,45067
30549,1,0,45068
30550,4,0,45072
30551,3,0,45075
30552,1,0,45076
30553,1,0,45077
30554,4,0,45081
30555,1,0,45082
30556,1,0,45083
30557,1,0,45084
30558,1,0,45085
30559,1,0,45086
30560,1,0,45087
30561,2,0,45089
30562,2,0,45091
30563,1,0,45092
30564,5,0,45097
30565,1,0,45098
30566,1,0,45099
30567,1,0,45100
30568,1,0,45101
30569,1,0,45102
30570,2,0,45104
30571,1,0,45105
30572,2,0,45107
30573,1,0,45108
30574,1,0,45109
30575,2,0,45111
30576,1,0,45112
30577,1,0,45113
30578,1,0,45114
30579,1,0,45115
30580,1,0,45116
30581,2,0,45118
30582,1,0,45119
30583,2,0,45121
30584,1,0,45122
30585,2,0,45124
30586,2,0,45126
30587,1,0,45127
30588,4,0,45131
30589,1,0,45132
30590,2,0,45134
30591,1,0,45135
30592,1,0,45136
30593,1,0,45137
30594,1,0,45138
30595,1,0,45139
30596,1,0,45140
30597,1,0,45141
30598,1,0,45142
30599,2,0,45144
30600,1,0,45145
30601,1,0,45146
30602,1,0,45147
30603,1,0,45148
30604,2,0,45150
30605,2,0,45152
30606,3,0,45155
30607,2,0,45157
30608,2,0,45159
30609,2,0,45161
30610,1,0,45162
30611,2,0,45164
30612,1,0,45165
30613,1,0,45166
30614,1,0,45167
30615,1,0,45168
30616,1,0,45169
30617,1,0,45170
30618,4,0,45174
30619,1,0,45175
30620,2,0,45177
30621,1,0,45178
30622,3,0,45181
30623,1,0,45182
30624,2,0,45184
30625,2,0,45186
30626,2,0,45188
30627,2,0,45190
30628,1,0,45191
30629,1,0,45192
30630,1,0,45193
30631,2,0,45195
30632,1,0,45196
30633,1,0,45197
30634,2,0,45199
30635,1,0,45200
30636,1,0,45201
30637,2,0,45203
30638,1,0,45204
30639,1,0,45205
30640,2,0,45207
30641,1,0,45208
30642,2,0,45210
30643,2,0,45212
30644,4,0,45216
30645,1,0,45217
30646,3,0,45220
30647,2,0,45222
30648,1,0,45223
30649,1,0,45224
30650,2,0,45226
30651,1,0,45227
30652,2,0,45229
30653,1,0,45230
30654,1,0,45231
30655,1,0,45232
30656,1,0,45233
30657,1,0,45234
30658,1,0,45235
30659,1,0,45236
30660,1,0,45237
30661,1,0,45238
30662,1,0,45239
30663,1,0,45240
30664,1,0,45241
30665,1,0,45242
30666,1,0,45243
30667,1,0,45244
30668,1,0,45245
30669,2,0,45247
30670,1,0,45248
30671,4,0,45252
30672,1,0,45253
30673,1,0,45254
30674,4,0,45258
30675,1,0,45259
30676,1,0,45260
30677,1,0,45261
30678,2,0,45263
30679,2,0,45265
30680,4,0,45269
30681,1,0,45270
30682,1,0,45271
30683,2,0,45273
30684,1,0,45274
30685,1,0,45275
30686,1,0,45276
30687,2,0,45278
30688,1,0,45279
30689,1,0,45280
30690,1,0,45281
30691,1,0,45282
30692,1,0,45283
30693,1,0,45284
30694,2,0,45286
30695,1,0,45287
30696,1,0,45288
30697,2,0,45290
30698,1,0,45291
30699,1,0,45292
30700,2,0,45294
30701,1,0,45295
30702,1,0,45296
30703,1,0,45297
30704,1,0,45298
30705,1,0,45299
30706,2,0,45301
30707,1,0,45302
30708,2,0,45304
30709,1,0,45305
30710,1,0,45306
30711,1,0,45307
30712,3,0,45310
30713,1,0,45311
30714,1,0,45312
30715,3,0,45315
30716,1,0,45316
30717,1,0,45317
30718,3,0,45320
30719,1,0,45321
30720,1,0,45322
30721,2,0,45324
30722,1,0,45325
30723,1,0,45326
30724,4,0,45330
30725,5,0,45335
30726,1,0,45336
30727,1,0,45337
30728,2,0,45339
30729,2,0,45341
30730,1,0,45342
30731,1,0,45343
30732,5,0,45348
30733,1,0,45349
30734,2,0,45351
30735,2,0,45353
30736,1,0,45354
30737,1,0,45355
30738,1,0,45356
30739,3,0,45359
30740,1,0,45360
30741,1,0,45361
30742,2,0,45363
30743,2,0,45365
30744,1,0,45366
30745,1,0,45367
30746,1,0,45368
30747,1,0,45369
30748,5,0,45374
30749,1,0,45375
30750,1,0,45376
30751,1,0,45377
30752,1,0,45378
30753,1,0,45379
30754,1,0,45380
30755,1,0,45381
30756,1,0,45382
30757,1,0,45383
30758,1,0,45384
30759,1,0,45385
30760,1,0,45386
30761,1,0,45387
30762,1,0,45388
30763,1,0,45389
30764,2,0,45391
30765,1,0,45392
30766,1,0,45393
30767,1,0,45394
30768,1,0,45395
30769,3,0,45398
30770,2,0,45400
30771,1,0,45401
30772,3,0,45404
30773,1,0,45405
30774,2,0,45407
30775,2,0,45409
30776,1,0,45410
30777,2,0,45412
30778,1,0,45413
30779,2,0,45415
30780,4,0,45419
30781,1,0,45420
30782,1,0,45421
30783,3,0,45424
30784,3,0,45427
30785,2,0,45429
30786,1,0,45430
30787,1,0,45431
30788,1,0,45432
30789,2,0,45434
30790,1,0,45435
30791,4,0,45439
30792,1,0,45440
30793,1,0,45441
30794,6,0,45447
30795,1,0,45448
30796,1,0,45449
30797,1,0,45450
30798,1,0,45451
30799,1,0,45452
30800,1,0,45453
30801,1,0,45454
30802,1,0,45455
30803,1,0,45456
30804,2,0,45458
30805,1,0,45459
30806,1,0,45460
30807,2,0,45462
30808,1,0,45463
30809,1,0,45464
30810,1,0,45465
30811,4,0,45469
30812,1,0,45470
30813,1,0,45471
30814,1,0,45472
30815,1,0,45473
30816,1,0,45474
30817,1,0,45475
30818,2,0,45477
30819,1,0,45478
30820,2,0,45480
30821,1,0,45481
30822,2,0,45483
30823,2,0,45485
30824,1,0,45486
30825,2,0,45488
30826,3,0,45491
30827,1,0,45492
30828,3,0,45495
30829,2,0,45497
30830,2,0,45499
30831,1,0,45500
30832,1,0,45501
30833,1,0,45502
30834,1,0,45503
30835,1,0,45504
30836,1,0,45505
30837,1,0,45506
30838,1,0,45507
30839,1,0,45508
30840,1,0,45509
30841,1,0,45510
30842,2,0,45512
30843,3,0,45515
30844,1,0,45516
30845,2,0,45518
30846,5,0,45523
30847,1,0,45524
30848,1,0,45525
30849,4,0,45529
30850,1,0,45530
30851,2,0,45532
30852,1,0,45533
30853,1,0,45534
30854,2,0,45536
30855,1,0,45537
30856,5,0,45542
30857,1,0,45543
30858,1,0,45544
30859,1,0,45545
30860,3,0,45548
30861,1,0,45549
30862,1,0,45550
30863,1,0,45551
30864,1,0,45552
30865,2,0,45554
30866,1,0,45555
30867,1,0,45556
30868,1,0,45557
30869,2,0,45559
30870,1,0,45560
30871,1,0,45561
30872,3,0,45564
30873,1,0,45565
30874,2,0,45567
30875,1,0,45568
30876,1,0,45569
30877,3,0,45572
30878,2,0,45574
30879,5,0,45579
30880,1,0,45580
30881,2,0,45582
30882,1,0,45583
30883,1,0,45584
30884,1,0,45585
30885,2,0,45587
30886,1,0,45588
30887,2,0,45590
30888,1,0,45591
30889,1,0,45592
30890,1,0,45593
30891,1,0,45594
30892,2,0,45596
30893,1,0,45597
30894,2,0,45599
30895,3,0,45602
30896,1,0,45603
30897,1,0,45604
30898,1,0,45605
30899,2,0,45607
30900,1,0,45608
30901,1,0,45609
30902,1,0,45610
30903,3,0,45613
30904,2,0,45615
30905,1,0,45616
30906,1,0,45617
30907,2,0,45619
30908,1,0,45620
30909,3,0,45623
30910,1,0,45624
30911,1,0,45625
30912,2,0,45627
30913,1,0,45628
30914,1,0,45629
30915,1,0,45630
30916,2,0,45632
30917,1,0,45633
30918,2,0,45635
30919,1,0,45636
30920,2,0,45638
30921,1,0,45639
30922,1,0,45640
30923,2,0,45642
30924,3,0,45645
30925,1,0,45646
30926,2,0,45648
30927,2,0,45650
30928,1,0,45651
30929,2,0,45653
30930,1,0,45654
30931,1,0,45655
30932,1,0,45656
30933,1,0,45657
30934,1,0,45658
30935,2,0,45660
30936,4,0,45664
30937,2,0,45666
30938,1,0,45667
30939,1,0,45668
30940,1,0,45669
30941,2,0,45671
30942,1,0,45672
30943,3,0,45675
30944,1,0,45676
30945,2,0,45678
30946,1,0,45679
30947,1,0,45680
30948,1,0,45681
30949,2,0,45683
30950,5,0,45688
30951,3,0,45691
30952,1,0,45692
30953,1,0,45693
30954,1,0,45694
30955,2,0,45696
30956,2,0,45698
30957,1,0,45699
30958,2,0,45701
30959,1,0,45702
30960,1,0,45703
30961,1,0,45704
30962,8,0,45712
30963,1,0,45713
30964,2,0,45715
30965,1,0,45716
30966,1,0,45717
30967,3,0,45720
30968,2,0,45722
30969,1,0,45723
30970,1,0,45724
30971,1,0,45725
30972,1,0,45726
30973,1,0,45727
30974,1,0,45728
30975,1,0,45729
30976,1,0,45730
30977,1,0,45731
30978,3,0,45734
30979,2,0,45736
30980,1,0,45737
30981,2,0,45739
30982,1,0,45740
30983,2,0,45742
30984,1,0,45743
30985,1,0,45744
30986,1,0,45745
30987,1,0,45746
30988,1,0,45747
30989,1,0,45748
30990,3,0,45751
30991,1,0,45752
30992,1,0,45753
30993,1,0,45754
30994,1,0,45755
30995,1,0,45756
30996,2,0,45758
30997,2,0,45760
30998,2,0,45762
30999,4,0,45766
31000,1,0,45767
31001,1,0,45768
31002,1,0,45769
31003,2,0,45771
31004,2,0,45773
31005,3,0,45776
31006,1,0,45777
31007,1,0,45778
31008,1,0,45779
31009,1,0,45780
31010,1,0,45781
31011,1,0,45782
31012,1,0,45783
31013,1,0,45784
31014,2,0,45786
31015,1,0,45787
31016,1,0,45788
31017,2,0,45790
31018,2,0,45792
31019,2,0,45794
31020,1,0,45795
31021,1,0,45796
31022,1,0,45797
31023,2,0,45799
31024,1,0,45800
31025,1,0,45801
31026,2,0,45803
31027,2,0,45805
31028,1,0,45806
31029,1,0,45807
31030,1,0,45808
31031,1,0,45809
31032,2,0,45811
31033,2,0,45813
31034,1,0,45814
31035,2,0,45816
31036,1,0,45817
31037,3,0,45820
31038,1,0,45821
31039,1,0,45822
31040,2,0,45824
31041,1,0,45825
31042,2,0,45827
31043,1,0,45828
31044,1,0,45829
31045,3,0,45832
31046,3,0,45835
31047,1,0,45836
31048,2,0,45838
31049,1,0,45839
31050,1,0,45840
31051,1,0,45841
31052,1,0,45842
31053,1,0,45843
31054,1,0,45844
31055,1,0,45845
31056,1,0,45846
31057,1,0,45847
31058,1,0,45848
31059,1,0,45849
31060,1,0,45850
31061,2,0,45852
31062,1,0,45853
31063,2,0,45855
31064,2,0,45857
31065,1,0,45858
31066,1,0,45859
31067,2,0,45861
31068,1,0,45862
31069,1,0,45863
31070,1,0,45864
31071,2,0,45866
31072,1,0,45867
31073,2,0,45869
31074,4,0,45873
31075,1,0,45874
31076,1,0,45875
31077,1,0,45876
31078,1,0,45877
31079,1,0,45878
31080,1,0,45879
31081,1,0,45880
31082,2,0,45882
31083,1,0,45883
31084,1,0,45884
31085,3,0,45887
31086,1,0,45888
31087,1,0,45889
31088,2,0,45891
31089,1,0,45892
31090,2,0,45894
31091,1,0,45895
31092,1,0,45896
31093,1,0,45897
31094,1,0,45898
31095,1,0,45899
31096,1,0,45900
31097,1,0,45901
31098,1,0,45902
31099,1,0,45903
31100,1,0,45904
31101,2,0,45906
31102,1,0,45907
31103,1,0,45908
31104,1,0,45909
31105,1,0,45910
31106,1,0,45911
31107,1,0,45912
31108,1,0,45913
31109,1,0,45914
31110,1,0,45915
31111,1,0,45916
31112,2,0,45918
31113,1,0,45919
31114,1,0,45920
31115,1,0,45921
31116,1,0,45922
31117,3,0,45925
31118,1,0,45926
31119,2,0,45928
31120,1,0,45929
31121,1,0,45930
31122,1,0,45931
31123,1,0,45932
31124,1,0,45933
31125,1,0,45934
31126,4,0,45938
31127,1,0,45939
31128,1,0,45940
31129,3,0,45943
31130,4,0,45947
31131,1,0,45948
31132,1,0,45949
31133,1,0,45950
31134,1,0,45951
31135,2,0,45953
31136,1,0,45954
31137,1,0,45955
31138,3,0,45958
31139,1,0,45959
31140,1,0,45960
31141,2,0,45962
31142,1,0,45963
31143,1,0,45964
31144,1,0,45965
31145,2,0,45967
31146,1,0,45968
31147,1,0,45969
31148,1,0,45970
31149,3,0,45973
31150,1,0,45974
31151,3,0,45977
31152,1,0,45978
31153,1,0,45979
31154,1,0,45980
31155,3,0,45983
31156,1,0,45984
31157,2,0,45986
31158,2,0,45988
31159,1,0,45989
31160,1,0,45990
31161,1,0,45991
31162,1,0,45992
31163,1,0,45993
31164,1,0,45994
31165,4,0,45998
31166,1,0,45999
31167,1,0,46000
31168,1,0,46001
31169,1,0,46002
31170,1,0,46003
31171,1,0,46004
31172,1,0,46005
31173,2,0,46007
31174,3,0,46010
31175,6,0,46016
31176,2,0,46018
31177,1,0,46019
31178,5,0,46024
31179,1,0,46025
31180,1,0,46026
31181,1,0,46027
31182,1,0,46028
31183,1,0,46029
31184,1,0,46030
31185,1,0,46031
31186,1,0,46032
31187,1,0,46033
31188,1,0,46034
31189,1,0,46035
31190,1,0,46036
31191,1,0,46037
31192,1,0,46038
31193,1,0,46039
31194,1,0,46040
31195,1,0,46041
31196,4,0,46045
31197,2,0,46047
31198,1,0,46048
31199,1,0,46049
31200,3,0,46052
31201,1,0,46053
31202,2,0,46055
31203,3,0,46058
31204,1,0,46059
31205,1,0,46060
31206,1,0,46061
31207,1,0,46062
31208,4,0,46066
31209,1,0,46067
31210,2,0,46069
31211,1,0,46070
31212,1,0,46071
31213,3,0,46074
31214,1,0,46075
31215,1,0,46076
31216,3,0,46079
31217,1,0,46080
31218,1,0,46081
31219,1,0,46082
31220,1,0,46083
31221,1,0,46084
31222,1,0,46085
31223,2,0,46087
31224,1,0,46088
31225,2,0,46090
31226,1,0,46091
31227,1,0,46092
31228,1,0,46093
31229,1,0,46094
31230,2,0,46096
31231,1,0,46097
31232,1,0,46098
31233,2,0,46100
31234,3,0,46103
31235,3,0,46106
31236,1,0,46107
31237,1,0,46108
31238,1,0,46109
31239,1,0,46110
31240,1,0,46111
31241,1,0,46112
31242,1,0,46113
31243,2,0,46115
31244,1,0,46116
31245,1,0,46117
31246,2,0,46119
31247,1,0,46120
31248,1,0,46121
31249,1,0,46122
31250,1,0,46123
31251,1,0,46124
31252,2,0,46126
31253,1,0,46127
31254,1,0,46128
31255,1,0,46129
31256,1,0,46130
31257,1,0,46131
31258,1,0,46132
31259,1,0,46133
31260,1,0,46134
31261,1,0,46135
31262,1,0,46136
31263,1,0,46137
31264,1,0,46138
31265,1,0,46139
31266,2,0,46141
31267,1,0,46142
31268,2,0,46144
31269,3,0,46147
31270,1,0,46148
31271,1,0,46149
31272,3,0,46152
31273,2,0,46154
31274,1,0,46155
31275,1,0,46156
31276,1,0,46157
31277,1,0,46158
31278,1,0,46159
31279,1,0,46160
31280,1,0,46161
31281,1,0,46162
31282,1,0,46163
31283,1,0,46164
31284,1,0,46165
31285,3,0,46168
31286,1,0,46169
31287,1,0,46170
31288,2,0,46172
31289,1,0,46173
31290,1,0,46174
31291,3,0,46177
31292,2,0,46179
31293,1,0,46180
31294,2,0,46182
31295,1,0,46183
31296,1,0,46184
31297,1,0,46185
31298,1,0,46186
31299,1,0,46187
31300,1,0,46188
31301,1,0,46189
31302,1,0,46190
31303,1,0,46191
31304,1,0,46192
31305,1,0,46193
31306,1,0,46194
31307,2,0,46196
31308,1,0,46197
31309,1,0,46198
31310,1,0,46199
31311,2,0,46201
31312,1,0,46202
31313,2,0,46204
31314,1,0,46205
31315,1,0,46206
31316,2,0,46208
31317,1,0,46209
31318,1,0,46210
31319,1,0,46211
31320,1,0,46212
31321,1,0,46213
31322,1,0,46214
31323,2,0,46216
31324,2,0,46218
31325,2,0,46220
31326,2,0,46222
31327,1,0,46223
31328,1,0,46224
31329,1,0,46225
31330,2,0,46227
31331,1,0,46228
31332,1,0,46229
31333,1,0,46230
31334,1,0,46231
31335,1,0,46232
31336,2,0,46234
31337,1,0,46235
31338,1,0,46236
31339,1,0,46237
31340,1,0,46238
31341,1,0,46239
31342,1,0,46240
31343,1,0,46241
31344,1,0,46242
31345,3,0,46245
31346,1,0,46246
31347,1,0,46247
31348,1,0,46248
31349,5,0,46253
31350,1,0,46254
31351,4,0,46258
31352,1,0,46259
31353,1,0,46260
31354,2,0,46262
31355,5,0,46267
31356,1,0,46268
31357,1,0,46269
31358,2,0,46271
31359,1,0,46272
31360,1,0,46273
31361,1,0,46274
31362,2,0,46276
31363,1,0,46277
31364,1,0,46278
31365,1,0,46279
31366,1,0,46280
31367,1,0,46281
31368,1,0,46282
31369,1,0,46283
31370,2,0,46285
31371,1,0,46286
31372,1,0,46287
31373,6,0,46293
31374,1,0,46294
31375,1,0,46295
31376,2,0,46297
31377,1,0,46298
31378,1,0,46299
31379,4,0,46303
31380,1,0,46304
31381,1,0,46305
31382,2,0,46307
31383,1,0,46308
31384,2,0,46310
31385,1,0,46311
31386,2,0,46313
31387,2,0,46315
31388,2,0,46317
31389,1,0,46318
31390,2,0,46320
31391,4,0,46324
31392,1,0,46325
31393,5,0,46330
31394,1,0,46331
31395,1,0,46332
31396,1,0,46333
31397,1,0,46334
31398,1,0,46335
31399,1,0,46336
31400,1,0,46337
31401,1,0,46338
31402,1,0,46339
31403,1,0,46340
31404,1,0,46341
31405,1,0,46342
31406,1,0,46343
31407,2,0,46345
31408,1,0,46346
31409,1,0,46347
31410,1,0,46348
31411,1,0,46349
31412,1,0,46350
31413,2,0,46352
31414,1,0,46353
31415,2,0,46355
31416,4,0,46359
31417,1,0,46360
31418,1,0,46361
31419,1,0,46362
31420,1,0,46363
31421,1,0,46364
31422,1,0,46365
31423,1,0,46366
31424,1,0,46367
31425,1,0,46368
31426,2,0,46370
31427,2,0,46372
31428,2,0,46374
31429,1,0,46375
31430,1,0,46376
31431,2,0,46378
31432,4,0,46382
31433,1,0,46383
31434,2,0,46385
31435,1,0,46386
31436,1,0,46387
31437,1,0,46388
31438,1,0,46389
31439,2,0,46391
31440,1,0,46392
31441,1,0,46393
31442,4,0,46397
31443,1,0,46398
31444,1,0,46399
31445,1,0,46400
31446,3,0,46403
31447,3,0,46406
31448,1,0,46407
31449,2,0,46409
31450,1,0,46410
31451,1,0,46411
31452,1,0,46412
31453,1,0,46413
31454,1,0,46414
31455,1,0,46415
31456,1,0,46416
31457,2,0,46418
31458,1,0,46419
31459,1,0,46420
31460,1,0,46421
31461,2,0,46423
31462,2,0,46425
31463,1,0,46426
31464,1,0,46427
31465,2,0,46429
31466,1,0,46430
31467,2,0,46432
31468,1,0,46433
31469,4,0,46437
31470,1,0,46438
31471,1,0,46439
31472,1,0,46440
31473,1,0,46441
31474,2,0,46443
31475,1,0,46444
31476,1,0,46445
31477,6,0,46451
31478,1,0,46452
31479,2,0,46454
31480,1,0,46455
31481,1,0,46456
31482,1,0,46457
31483,1,0,46458
31484,1,0,46459
31485,1,0,46460
31486,1,0,46461
31487,2,0,46463
31488,2,0,46465
31489,1,0,46466
31490,1,0,46467
31491,1,0,46468
31492,1,0,46469
31493,2,0,46471
31494,1,0,46472
31495,1,0,46473
31496,1,0,46474
31497,3,0,46477
31498,1,0,46478
31499,1,0,46479
31500,1,0,46480
31501,2,0,46482
31502,1,0,46483
31503,3,0,46486
31504,3,0,46489
31505,1,0,46490
31506,2,0,46492
31507,2,0,46494
31508,2,0,46496
31509,1,0,46497
31510,1,0,46498
31511,2,0,46500
31512,1,0,46501
31513,1,0,46502
31514,2,0,46504
31515,1,0,46505
31516,3,0,46508
31517,1,0,46509
31518,1,0,46510
31519,2,0,46512
31520,1,0,46513
31521,1,0,46514
31522,2,0,46516
31523,1,0,46517
31524,1,0,46518
31525,1,0,46519
31526,2,0,46521
31527,1,0,46522
31528,1,0,46523
31529,1,0,46524
31530,1,0,46525
31531,4,0,46529
31532,1,0,46530
31533,1,0,46531
31534,1,0,46532
31535,1,0,46533
31536,1,0,46534
31537,5,0,46539
31538,1,0,46540
31539,1,0,46541
31540,2,0,46543
31541,1,0,46544
31542,1,0,46545
31543,1,0,46546
31544,1,0,46547
31545,1,0,46548
31546,1,0,46549
31547,1,0,46550
31548,1,0,46551
31549,1,0,46552
31550,3,0,46555
31551,1,0,46556
31552,1,0,46557
31553,2,0,46559
31554,2,0,46561
31555,3,0,46564
31556,1,0,46565
31557,2,0,46567
31558,2,0,46569
31559,1,0,46570
31560,1,0,46571
31561,1,0,46572
31562,1,0,46573
31563,1,0,46574
31564,1,0,46575
31565,1,0,46576
31566,3,0,46579
31567,3,0,46582
31568,2,0,46584
31569,2,0,46586
31570,3,0,46589
31571,3,0,46592
31572,2,0,46594
31573,1,0,46595
31574,1,0,46596
31575,2,0,46598
31576,1,0,46599
31577,1,0,46600
31578,1,0,46601
31579,1,0,46602
31580,2,0,46604
31581,3,0,46607
31582,2,0,46609
31583,1,0,46610
31584,1,0,46611
31585,1,0,46612
31586,1,0,46613
31587,1,0,46614
31588,2,0,46616
31589,2,0,46618
31590,1,0,46619
31591,1,0,46620
31592,1,0,46621
31593,1,0,46622
31594,1,0,46623
31595,1,0,46624
31596,1,0,46625
31597,4,0,46629
31598,2,0,46631
31599,1,0,46632
31600,1,0,46633
31601,2,0,46635
31602,1,0,46636
31603,3,0,46639
31604,1,0,46640
31605,1,0,46641
31606,2,0,46643
31607,1,0,46644
31608,1,0,46645
31609,1,0,46646
31610,1,0,46647
31611,1,0,46648
31612,1,0,46649
31613,2,0,46651
31614,1,0,46652
31615,1,0,46653
31616,2,0,46655
31617,2,0,46657
31618,1,0,46658
31619,1,0,46659
31620,1,0,46660
31621,1,0,46661
31622,1,0,46662
31623,1,0,46663
31624,1,0,46664
31625,1,0,46665
31626,2,0,46667
31627,2,0,46669
31628,1,0,46670
31629,1,0,46671
31630,1,0,46672
31631,3,0,46675
31632,3,0,46678
31633,1,0,46679
31634,2,0,46681
31635,1,0,46682
31636,1,0,46683
31637,1,0,46684
31638,1,0,46685
31639,1,0,46686
31640,1,0,46687
31641,1,0,46688
31642,5,0,46693
31643,1,0,46694
31644,1,0,46695
31645,3,0,46698
31646,1,0,46699
31647,2,0,46701
31648,1,0,46702
31649,1,0,46703
31650,1,0,46704
31651,3,0,46707
31652,1,0,46708
31653,1,0,46709
31654,1,0,46710
31655,1,0,46711
31656,1,0,46712
31657,1,0,46713
31658,1,0,46714
31659,1,0,46715
31660,1,0,46716
31661,1,0,46717
31662,3,0,46720
31663,2,0,46722
31664,1,0,46723
31665,3,0,46726
31666,1,0,46727
31667,4,0,46731
31668,1,0,46732
31669,2,0,46734
31670,1,0,46735
31671,1,0,46736
31672,2,0,46738
31673,2,0,46740
31674,1,0,46741
31675,1,0,46742
31676,1,0,46743
31677,1,0,46744
31678,1,0,46745
31679,1,0,46746
31680,1,0,46747
31681,1,0,46748
31682,1,0,46749
31683,1,0,46750
31684,1,0,46751
31685,1,0,46752
31686,2,0,46754
31687,2,0,46756
31688,1,0,46757
31689,1,0,46758
31690,1,0,46759
31691,1,0,46760
31692,2,0,46762
31693,1,0,46763
31694,1,0,46764
31695,1,0,46765
31696,1,0,46766
31697,1,0,46767
31698,1,0,46768
31699,3,0,46771
31700,1,0,46772
31701,2,0,46774
31702,1,0,46775
31703,1,0,46776
31704,2,0,46778
31705,1,0,46779
31706,2,0,46781
31707,1,0,46782
31708,1,0,46783
31709,1,0,46784
31710,1,0,46785
31711,2,0,46787
31712,2,0,46789
31713,1,0,46790
31714,2,0,46792
31715,1,0,46793
31716,1,0,46794
31717,1,0,46795
31718,1,0,46796
31719,1,0,46797
31720,3,0,46800
31721,1,0,46801
31722,1,0,46802
31723,1,0,46803
31724,3,0,46806
31725,1,0,46807
31726,1,0,46808
31727,1,0,46809
31728,2,0,46811
31729,1,0,46812
31730,1,0,46813
31731,3,0,46816
31732,1,0,46817
31733,1,0,46818
31734,1,0,46819
31735,1,0,46820
31736,2,0,46822
31737,1,0,46823
31738,1,0,46824
31739,2,0,46826
31740,1,0,46827
31741,2,0,46829
31742,1,0,46830
31743,1,0,46831
31744,1,0,46832
31745,2,0,46834
31746,1,0,46835
31747,3,0,46838
31748,1,0,46839
31749,1,0,46840
31750,1,0,46841
31751,4,0,46845
31752,1,0,46846
31753,2,0,46848
31754,1,0,46849
31755,2,0,46851
31756,3,0,46854
31757,1,0,46855
31758,3,0,46858
31759,1,0,46859
31760,2,0,46861
31761,1,0,46862
31762,2,0,46864
31763,1,0,46865
31764,1,0,46866
31765,2,0,46868
31766,1,0,46869
31767,1,0,46870
31768,2,0,46872
31769,1,0,46873
31770,1,0,46874
31771,1,0,46875
31772,1,0,46876
31773,2,0,46878
31774,1,0,46879
31775,2,0,46881
31776,2,0,46883
31777,1,0,46884
31778,2,0,46886
31779,1,0,46887
31780,1,0,46888
31781,4,0,46892
31782,1,0,46893
31783,3,0,46896
31784,2,0,46898
31785,1,0,46899
31786,3,0,46902
31787,1,0,46903
31788,1,0,46904
31789,1,0,46905
31790,1,0,46906
31791,2,0,46908
31792,1,0,46909
31793,1,0,46910
31794,1,0,46911
31795,4,0,46915
31796,1,0,46916
31797,3,0,46919
31798,1,0,46920
31799,1,0,46921
31800,1,0,46922
31801,3,0,46925
31802,1,0,46926
31803,1,0,46927
31804,1,0,46928
31805,1,0,46929
31806,2,0,46931
31807,1,0,46932
31808,3,0,46935
31809,2,0,46937
31810,1,0,46938
31811,1,0,46939
31812,2,0,46941
31813,1,0,46942
31814,2,0,46944
31815,1,0,46945
31816,1,0,46946
31817,1,0,46947
31818,1,0,46948
31819,2,0,46950
31820,1,0,46951
31821,1,0,46952
31822,1,0,46953
31823,1,0,46954
31824,4,0,46958
31825,2,0,46960
31826,4,0,46964
31827,2,0,46966
31828,2,0,46968
31829,3,0,46971
31830,1,0,46972
31831,1,0,46973
31832,1,0,46974
31833,1,0,46975
31834,1,0,46976
31835,2,0,46978
31836,1,0,46979
31837,2,0,46981
31838,1,0,46982
31839,4,0,46986
31840,1,0,46987
31841,1,0,46988
31842,1,0,46989
31843,4,0,46993
31844,1,0,46994
31845,1,0,46995
31846,2,0,46997
31847,3,0,47000
31848,2,0,47002
31849,3,0,47005
31850,2,0,47007
31851,1,0,47008
31852,1,0,47009
31853,1,0,47010
31854,1,0,47011
31855,1,0,47012
31856,1,0,47013
31857,3,0,47016
31858,2,0,47018
31859,1,0,47019
31860,3,0,47022
31861,3,0,47025
31862,1,0,47026
31863,1,0,47027
31864,1,0,47028
31865,1,0,47029
31866,1,0,47030
31867,1,0,47031
31868,5,0,47036
31869,1,0,47037
31870,1,0,47038
31871,1,0,47039
31872,1,0,47040
31873,1,0,47041
31874,1,0,47042
31875,1,0,47043
31876,3,0,47046
31877,1,0,47047
31878,1,0,47048
31879,1,0,47049
31880,2,0,47051
31881,1,0,47052
31882,1,0,47053
31883,2,0,47055
31884,1,0,47056
31885,1,0,47057
31886,1,0,47058
31887,2,0,47060
31888,1,0,47061
31889,1,0,47062
31890,1,0,47063
31891,1,0,47064
31892,2,0,47066
31893,3,0,47069
31894,2,0,47071
31895,1,0,47072
31896,4,0,47076
31897,1,0,47077
31898,2,0,47079
31899,2,0,47081
31900,1,0,47082
31901,2,0,47084
31902,1,0,47085
31903,1,0,47086
31904,1,0,47087
31905,1,0,47088
31906,1,0,47089
31907,1,0,47090
31908,1,0,47091
31909,1,0,47092
31910,1,0,47093
31911,1,0,47094
31912,1,0,47095
31913,1,0,47096
31914,1,0,47097
31915,1,0,47098
31916,1,0,47099
31917,3,0,47102
31918,1,0,47103
31919,1,0,47104
31920,1,0,47105
31921,1,0,47106
31922,1,0,47107
31923,1,0,47108
31924,1,0,47109
31925,1,0,47110
31926,1,0,47111
31927,1,0,47112
31928,2,0,47114
31929,3,0,47117
31930,1,0,47118
31931,1,0,47119
31932,1,0,47120
31933,1,0,47121
31934,1,0,47122
31935,2,0,47124
31936,2,0,47126
31937,1,0,47127
31938,1,0,47128
31939,1,0,47129
31940,2,0,47131
31941,4,0,47135
31942,1,0,47136
31943,2,0,47138
31944,2,0,47140
31945,2,0,47142
31946,1,0,47143
31947,1,0,47144
31948,1,0,47145
31949,1,0,47146
31950,1,0,47147
31951,1,0,47148
31952,2,0,47150
31953,1,0,47151
31954,1,0,47152
31955,1,0,47153
31956,1,0,47154
31957,1,0,47155
31958,2,0,47157
31959,1,0,47158
31960,1,0,47159
31961,1,0,47160
31962,1,0,47161
31963,3,0,47164
31964,1,0,47165
31965,2,0,47167
31966,3,0,47170
31967,1,0,47171
31968,1,0,47172
31969,4,0,47176
31970,1,0,47177
31971,1,0,47178
31972,1,0,47179
31973,1,0,47180
31974,2,0,47182
31975,1,0,47183
31976,2,0,47185
31977,1,0,47186
31978,2,0,47188
31979,1,0,47189
31980,1,0,47190
31981,1,0,47191
31982,4,0,47195
31983,2,0,47197
31984,2,0,47199
31985,2,0,47201
31986,3,0,47204
31987,1,0,47205
31988,2,0,47207
31989,1,0,47208
31990,2,0,47210
31991,1,0,47211
31992,1,0,47212
31993,2,0,47214
31994,1,0,47215
31995,2,0,47217
31996,1,0,47218
31997,1,0,47219
31998,2,0,47221
31999,2,0,47223
32000,1,0,47224
32001,1,0,47225
32002,5,0,47230
32003,1,0,47231
32004,1,0,47232
32005,1,0,47233
32006,7,0,47240
32007,1,0,47241
32008,1,0,47242
32009,1,0,47243
32010,1,0,47244
32011,1,0,47245
32012,2,0,47247
32013,1,0,47248
32014,2,0,47250
32015,1,0,47251
32016,1,0,47252
32017,1,0,47253
32018,1,0,47254
32019,1,0,47255
32020,2,0,47257
32021,3,0,47260
32022,2,0,47262
32023,1,0,47263
32024,1,0,47264
32025,1,0,47265
32026,1,0,47266
32027,1,0,47267
32028,1,0,47268
32029,1,0,47269
32030,2,0,47271
32031,2,0,47273
32032,1,0,47274
32033,1,0,47275
32034,1,0,47276
32035,1,0,47277
32036,4,0,47281
32037,2,0,47283
32038,1,0,47284
32039,1,0,47285
32040,1,0,47286
32041,1,0,47287
32042,1,0,47288
32043,1,0,47289
32044,1,0,47290
32045,2,0,47292
32046,1,0,47293
32047,1,0,47294
32048,1,0,47295
32049,1,0,47296
32050,1,0,47297
32051,1,0,47298
32052,2,0,47300
32053,3,0,47303
32054,1,0,47304
32055,1,0,47305
32056,1,0,47306
32057,1,0,47307
32058,3,0,47310
32059,1,0,47311
32060,4,0,47315
32061,1,0,47316
32062,1,0,47317
32063,1,0,47318
32064,1,0,47319
32065,4,0,47323
32066,2,0,47325
32067,2,0,47327
32068,4,0,47331
32069,1,0,47332
32070,2,0,47334
32071,1,0,47335
32072,1,0,47336
32073,1,0,47337
32074,1,0,47338
32075,2,0,47340
32076,1,0,47341
32077,1,0,47342
32078,1,0,47343
32079,2,0,47345
32080,1,0,47346
32081,1,0,47347
32082,1,0,47348
32083,1,0,47349
32084,1,0,47350
32085,1,0,47351
32086,1,0,47352
32087,1,0,47353
32088,1,0,47354
32089,1,0,47355
32090,3,0,47358
32091,2,0,47360
32092,1,0,47361
32093,1,0,47362
32094,1,0,47363
32095,3,0,47366
32096,2,0,47368
32097,1,0,47369
32098,2,0,47371
32099,2,0,47373
32100,1,0,47374
32101,1,0,47375
32102,1,0,47376
32103,1,0,47377
32104,3,0,47380
32105,1,0,47381
32106,1,0,47382
32107,1,0,47383
32108,2,0,47385
32109,1,0,47386
32110,1,0,47387
32111,1,0,47388
32112,1,0,47389
32113,2,0,47391
32114,1,0,47392
32115,1,0,47393
32116,1,0,47394
32117,3,0,47397
32118,1,0,47398
32119,2,0,47400
32120,1,0,47401
32121,1,0,47402
32122,2,0,47404
32123,1,0,47405
32124,2,0,47407
32125,1,0,47408
32126,1,0,47409
32127,1,0,47410
32128,3,0,47413
32129,1,0,47414
32130,1,0,47415
32131,1,0,47416
32132,1,0,47417
32133,1,0,47418
32134,3,0,47421
32135,1,0,47422
32136,1,0,47423
32137,1,0,47424
32138,1,0,47425
32139,1,0,47426
32140,1,0,47427
32141,1,0,47428
32142,1,0,47429
32143,2,0,47431
32144,3,0,47434
32145,2,0,47436
32146,2,0,47438
32147,1,0,47439
32148,1,0,47440
32149,1,0,47441
32150,1,0,47442
32151,1,0,47443
32152,1,0,47444
32153,1,0,47445
32154,1,0,47446
32155,1,0,47447
32156,1,0,47448
32157,2,0,47450
32158,1,0,47451
32159,1,0,47452
32160,1,0,47453
32161,1,0,47454
32162,1,0,47455
32163,1,0,47456
32164,1,0,47457
32165,1,0,47458
32166,3,0,47461
32167,1,0,47462
32168,1,0,47463
32169,4,0,47467
32170,1,0,47468
32171,1,0,47469
32172,1,0,47470
32173,2,0,47472
32174,1,0,47473
32175,1,0,47474
32176,3,0,47477
32177,2,0,47479
32178,1,0,47480
32179,2,0,47482
32180,1,0,47483
32181,1,0,47484
32182,1,0,47485
32183,2,0,47487
32184,1,0,47488
32185,3,0,47491
32186,1,0,47492
32187,3,0,47495
32188,2,0,47497
32189,1,0,47498
32190,1,0,47499
32191,1,0,47500
32192,2,0,47502
32193,3,0,47505
32194,1,0,47506
32195,3,0,47509
32196,2,0,47511
32197,1,0,47512
32198,2,0,47514
32199,1,0,47515
32200,1,0,47516
32201,1,0,47517
32202,1,0,47518
32203,1,0,47519
32204,1,0,47520
32205,1,0,47521
32206,3,0,47524
32207,1,0,47525
32208,1,0,47526
32209,1,0,47527
32210,1,0,47528
32211,1,0,47529
32212,1,0,47530
32213,1,0,47531
32214,3,0,47534
32215,2,0,47536
32216,1,0,47537
32217,1,0,47538
32218,2,0,47540
32219,1,0,47541
32220,1,0,47542
32221,1,0,47543
32222,1,0,47544
32223,1,0,47545
32224,1,0,47546
32225,1,0,47547
32226,1,0,47548
32227,1,0,47549
32228,1,0,47550
32229,1,0,47551
32230,1,0,47552
32231,2,0,47554
32232,2,0,47556
32233,2,0,47558
32234,1,0,47559
32235,1,0,47560
32236,1,0,47561
32237,1,0,47562
32238,1,0,47563
32239,1,0,47564
32240,1,0,47565
32241,1,0,47566
32242,2,0,47568
32243,1,0,47569
32244,2,0,47571
32245,1,0,47572
32246,5,0,47577
32247,3,0,47580
32248,1,0,47581
32249,1,0,47582
32250,1,0,47583
32251,1,0,47584
32252,1,0,47585
32253,2,0,47587
32254,2,0,47589
32255,1,0,47590
32256,2,0,47592
32257,2,0,47594
32258,1,0,47595
32259,1,0,47596
32260,1,0,47597
32261,2,0,47599
32262,4,0,47603
32263,2,0,47605
32264,1,0,47606
32265,5,0,47611
32266,1,0,47612
32267,1,0,47613
32268,2,0,47615
32269,1,0,47616
32270,1,0,47617
32271,1,0,47618
32272,2,0,47620
32273,1,0,47621
32274,1,0,47622
32275,1,0,47623
32276,1,0,47624
32277,1,0,47625
32278,1,0,47626
32279,1,0,47627
32280,1,0,47628
32281,1,0,47629
32282,1,0,47630
32283,1,0,47631
32284,1,0,47632
32285,1,0,47633
32286,2,0,47635
32287,2,0,47637
32288,1,0,47638
32289,1,0,47639
32290,1,0,47640
32291,1,0,47641
32292,3,0,47644
32293,1,0,47645
32294,1,0,47646
32295,3,0,47649
32296,1,0,47650
32297,2,0,47652
32298,2,0,47654
32299,1,0,47655
32300,2,0,47657
32301,1,0,47658
32302,1,0,47659
32303,1,0,47660
32304,1,0,47661
32305,1,0,47662
32306,1,0,47663
32307,1,0,47664
32308,1,0,47665
32309,2,0,47667
32310,1,0,47668
32311,1,0,47669
32312,1,0,47670
32313,1,0,47671
32314,1,0,47672
32315,1,0,47673
32316,1,0,47674
32317,1,0,47675
32318,2,0,47677
32319,1,0,47678
32320,3,0,47681
32321,3,0,47684
32322,1,0,47685
32323,1,0,47686
32324,1,0,47687
32325,1,0,47688
32326,1,0,47689
32327,1,0,47690
32328,1,0,47691
32329,1,0,47692
32330,1,0,47693
32331,1,0,47694
32332,2,0,47696
32333,1,0,47697
32334,1,0,47698
32335,2,0,47700
32336,2,0,47702
32337,1,0,47703
32338,1,0,47704
32339,2,0,47706
32340,3,0,47709
32341,1,0,47710
32342,1,0,47711
32343,1,0,47712
32344,1,0,47713
32345,3,0,47716
32346,1,0,47717
32347,2,0,47719
32348,1,0,47720
32349,1,0,47721
32350,1,0,47722
32351,2,0,47724
32352,1,0,47725
32353,2,0,47727
32354,1,0,47728
32355,1,0,47729
32356,1,0,47730
32357,1,0,47731
32358,1,0,47732
32359,1,0,47733
32360,1,0,47734
32361,1,0,47735
32362,1,0,47736
32363,2,0,47738
32364,1,0,47739
32365,4,0,47743
32366,2,0,47745
32367,1,0,47746
32368,1,0,47747
32369,1,0,47748
32370,1,0,47749
32371,3,0,47752
32372,1,0,47753
32373,1,0,47754
32374,2,0,47756
32375,1,0,47757
32376,1,0,47758
32377,1,0,47759
32378,4,0,47763
32379,1,0,47764
32380,1,0,47765
32381,1,0,47766
32382,1,0,47767
32383,1,0,47768
32384,2,0,47770
32385,1,0,47771
32386,2,0,47773
32387,1,0,47774
32388,1,0,47775
32389,5,0,47780
32390,1,0,47781
32391,2,0,47783
32392,3,0,47786
32393,1,0,47787
32394,2,0,47789
32395,1,0,47790
32396,1,0,47791
32397,1,0,47792
32398,1,0,47793
32399,1,0,47794
32400,1,0,47795
32401,1,0,47796
32402,2,0,47798
32403,1,0,47799
32404,1,0,47800
32405,1,0,47801
32406,1,0,47802
32407,1,0,47803
32408,1,0,47804
32409,1,0,47805
32410,2,0,47807
32411,3,0,47810
32412,4,0,47814
32413,1,0,47815
32414,1,0,47816
32415,1,0,47817
32416,2,0,47819
32417,1,0,47820
32418,1,0,47821
32419,3,0,47824
32420,1,0,47825
32421,3,0,47828
32422,1,0,47829
32423,1,0,47830
32424,1,0,47831
32425,1,0,47832
32426,1,0,47833
32427,1,0,47834
32428,1,0,47835
32429,1,0,47836
32430,1,0,47837
32431,1,0,47838
32432,1,0,47839
32433,1,0,47840
32434,1,0,47841
32435,1,0,47842
32436,2,0,47844
32437,1,0,47845
32438,1,0,47846
32439,1,0,47847
32440,1,0,47848
32441,1,0,47849
32442,3,0,47852
32443,1,0,47853
32444,3,0,47856
32445,1,0,47857
32446,2,0,47859
32447,2,0,47861
32448,1,0,47862
32449,1,0,47863
32450,2,0,47865
32451,1,0,47866
32452,1,0,47867
32453,1,0,47868
32454,2,0,47870
32455,1,0,47871
32456,1,0,47872
32457,2,0,47874
32458,3,0,47877
32459,1,0,47878
32460,2,0,47880
32461,1,0,47881
32462,1,0,47882
32463,1,0,47883
32464,2,0,47885
32465,1,0,47886
32466,1,0,47887
32467,1,0,47888
32468,1,0,47889
32469,1,0,47890
32470,3,0,47893
32471,1,0,47894
32472,3,0,47897
32473,1,0,47898
32474,1,0,47899
32475,2,0,47901
32476,3,0,47904
32477,3,0,47907
32478,1,0,47908
32479,1,0,47909
32480,1,0,47910
32481,1,0,47911
32482,1,0,47912
32483,2,0,47914
32484,1,0,47915
32485,1,0,47916
32486,1,0,47917
32487,1,0,47918
32488,1,0,47919
32489,3,0,47922
32490,1,0,47923
32491,1,0,47924
32492,1,0,47925
32493,1,0,47926
32494,1,0,47927
32495,1,0,47928
32496,5,0,47933
32497,1,0,47934
32498,1,0,47935
32499,1,0,47936
32500,1,0,47937
32501,2,0,47939
32502,1,0,47940
32503,1,0,47941
32504,1,0,47942
32505,1,0,47943
32506,1,0,47944
32507,2,0,47946
32508,1,0,47947
32509,1,0,47948
32510,1,0,47949
32511,2,0,47951
32512,1,0,47952
32513,1,0,47953
32514,1,0,47954
32515,1,0,47955
32516,1,0,47956
32517,1,0,47957
32518,1,0,47958
32519,1,0,47959
32520,5,0,47964
32521,1,0,47965
32522,2,0,47967
32523,1,0,47968
32524,2,0,47970
32525,2,0,47972
32526,1,0,47973
32527,4,0,47977
32528,1,0,47978
32529,1,0,47979
32530,2,0,47981
32531,1,0,47982
32532,2,0,47984
32533,1,0,47985
32534,1,0,47986
32535,3,0,47989
32536,1,0,47990
32537,1,0,47991
32538,1,0,47992
32539,1,0,47993
32540,1,0,47994
32541,1,0,47995
32542,2,0,47997
32543,1,0,47998
32544,1,0,47999
32545,1,0,48000
32546,1,0,48001
32547,1,0,48002
32548,1,0,48003
32549,1,0,48004
32550,1,0,48005
32551,1,0,48006
32552,1,0,48007
32553,3,0,48010
32554,1,0,48011
32555,1,0,48012
32556,2,0,48014
32557,2,0,48016
32558,1,0,48017
32559,2,0,48019
32560,1,0,48020
32561,1,0,48021
32562,2,0,48023
32563,1,0,48024
32564,1,0,48025
32565,1,0,48026
32566,2,0,48028
32567,1,0,48029
32568,1,0,48030
32569,2,0,48032
32570,1,0,48033
32571,1,0,48034
32572,1,0,48035
32573,1,0,48036
32574,1,0,48037
32575,1,0,48038
32576,1,0,48039
32577,1,0,48040
32578,1,0,48041
32579,1,0,48042
32580,1,0,48043
32581,1,0,48044
32582,1,0,48045
32583,1,0,48046
32584,2,0,48048
32585,1,0,48049
32586,1,0,48050
32587,3,0,48053
32588,1,0,48054
32589,1,0,48055
32590,3,0,48058
32591,1,0,48059
32592,1,0,48060
32593,1,0,48061
32594,1,0,48062
32595,2,0,48064
32596,1,0,48065
32597,1,0,48066
32598,1,0,48067
32599,1,0,48068
32600,1,0,48069
32601,1,0,48070
32602,2,0,48072
32603,2,0,48074
32604,3,0,48077
32605,1,0,48078
32606,2,0,48080
32607,1,0,48081
32608,1,0,48082
32609,1,0,48083
32610,1,0,48084
32611,6,0,48090
32612,1,0,48091
32613,1,0,48092
32614,1,0,48093
32615,1,0,48094
32616,1,0,48095
32617,1,0,48096
32618,1,0,48097
32619,1,0,48098
32620,1,0,48099
32621,1,0,48100
32622,1,0,48101
32623,1,0,48102
32624,1,0,48103
32625,1,0,48104
32626,1,0,48105
32627,1,0,48106
32628,1,0,48107
32629,2,0,48109
32630,1,0,48110
32631,1,0,48111
32632,1,0,48112
32633,1,0,48113
32634,1,0,48114
32635,2,0,48116
32636,3,0,48119
32637,1,0,48120
32638,2,0,48122
32639,1,0,48123
32640,1,0,48124
32641,4,0,48128
32642,3,0,48131
32643,1,0,48132
32644,1,0,48133
32645,1,0,48134
32646,3,0,48137
32647,2,0,48139
32648,1,0,48140
32649,1,0,48141
32650,2,0,48143
32651,1,0,48144
32652,1,0,48145
32653,1,0,48146
32654,1,0,48147
32655,1,0,48148
32656,1,0,48149
32657,2,0,48151
32658,1,0,48152
32659,2,0,48154
32660,1,0,48155
32661,1,0,48156
32662,1,0,48157
32663,1,0,48158
32664,2,0,48160
32665,1,0,48161
32666,2,0,48163
32667,1,0,48164
32668,1,0,48165
32669,1,0,48166
32670,2,0,48168
32671,2,0,48170
32672,1,0,48171
32673,3,0,48174
32674,1,0,48175
32675,1,0,48176
32676,1,0,48177
32677,2,0,48179
32678,2,0,48181
32679,1,0,48182
32680,1,0,48183
32681,1,0,48184
32682,1,0,48185
32683,1,0,48186
32684,3,0,48189
32685,1,0,48190
32686,1,0,48191
32687,1,0,48192
32688,1,0,48193
32689,1,0,48194
32690,1,0,48195
32691,2,0,48197
32692,1,0,48198
32693,2,0,48200
32694,2,0,48202
32695,1,0,48203
32696,1,0,48204
32697,1,0,48205
32698,2,0,48207
32699,3,0,48210
32700,1,0,48211
32701,1,0,48212
32702,1,0,48213
32703,2,0,48215
32704,1,0,48216
32705,2,0,48218
32706,2,0,48220
32707,1,0,48221
32708,2,0,48223
32709,2,0,48225
32710,3,0,48228
32711,1,0,48229
32712,1,0,48230
32713,1,0,48231
32714,2,0,48233
32715,1,0,48234
32716,1,0,48235
32717,1,0,48236
32718,1,0,48237
32719,3,0,48240
32720,1,0,48241
32721,1,0,48242
32722,1,0,48243
32723,4,0,48247
32724,1,0,48248
32725,1,0,48249
32726,3,0,48252
32727,2,0,48254
32728,3,0,48257
32729,1,0,48258
32730,1,0,48259
32731,1,0,48260
32732,2,0,48262
32733,1,0,48263
32734,3,0,48266
32735,2,0,48268
32736,1,0,48269
32737,1,0,48270
32738,1,0,48271
32739,1,0,48272
32740,2,0,48274
32741,2,0,48276
32742,1,0,48277
32743,2,0,48279
32744,1,0,48280
32745,1,0,48281
32746,1,0,48282
32747,1,0,48283
32748,1,0,48284
32749,3,0,48287
32750,3,0,48290
32751,1,0,48291
32752,2,0,48293
32753,1,0,48294
32754,2,0,48296
32755,1,0,48297
32756,1,0,48298
32757,2,0,48300
32758,6,0,48306
32759,1,0,48307
32760,2,0,48309
32761,2,0,48311
32762,1,0,48312
32763,1,0,48313
32764,2,0,48315
32765,1,0,48316
32766,4,0,48320
32767,2,0,48322
32768,2,0,48324
32769,3,0,48327
32770,1,0,48328
32771,3,0,48331
32772,1,0,48332
32773,1,0,48333
32774,2,0,48335
32775,5,0,48340
32776,1,0,48341
32777,1,0,48342
32778,1,0,48343
32779,1,0,48344
32780,2,0,48346
32781,1,0,48347
32782,1,0,48348
32783,1,0,48349
32784,1,0,48350
32785,1,0,48351
32786,1,0,48352
32787,1,0,48353
32788,1,0,48354
32789,2,0,48356
32790,4,0,48360
32791,1,0,48361
32792,3,0,48364
32793,1,0,48365
32794,1,0,48366
32795,2,0,48368
32796,1,0,48369
32797,1,0,48370
32798,3,0,48373
32799,1,0,48374
32800,1,0,48375
32801,1,0,48376
32802,1,0,48377
32803,1,0,48378
32804,1,0,48379
32805,2,0,48381
32806,1,0,48382
32807,1,0,48383
32808,1,0,48384
32809,2,0,48386
32810,1,0,48387
32811,1,0,48388
32812,1,0,48389
32813,1,0,48390
32814,1,0,48391
32815,1,0,48392
32816,1,0,48393
32817,1,0,48394
32818,1,0,48395
32819,1,0,48396
32820,2,0,48398
32821,1,0,48399
32822,1,0,48400
32823,1,0,48401
32824,2,0,48403
32825,1,0,48404
32826,1,0,48405
32827,1,0,48406
32828,3,0,48409
32829,1,0,48410
32830,1,0,48411
32831,2,0,48413
32832,2,0,48415
32833,1,0,48416
32834,2,0,48418
32835,3,0,48421
32836,1,0,48422
32837,2,0,48424
32838,2,0,48426
32839,1,0,48427
32840,1,0,48428
32841,1,0,48429
32842,2,0,48431
32843,4,0,48435
32844,5,0,48440
32845,1,0,48441
32846,1,0,48442
32847,1,0,48443
32848,1,0,48444
32849,1,0,48445
32850,1,0,48446
32851,1,0,48447
32852,1,0,48448
32853,1,0,48449
32854,2,0,48451
32855,1,0,48452
32856,1,0,48453
32857,1,0,48454
32858,1,0,48455
32859,3,0,48458
32860,1,0,48459
32861,3,0,48462
32862,1,0,48463
32863,2,0,48465
32864,1,0,48466
32865,1,0,48467
32866,1,0,48468
32867,1,0,48469
32868,1,0,48470
32869,1,0,48471
32870,1,0,48472
32871,1,0,48473
32872,1,0,48474
32873,2,0,48476
32874,1,0,48477
32875,1,0,48478
32876,1,0,48479
32877,1,0,48480
32878,1,0,48481
32879,1,0,48482
32880,2,0,48484
32881,2,0,48486
32882,1,0,48487
32883,2,0,48489
32884,1,0,48490
32885,1,0,48491
32886,1,0,48492
32887,2,0,48494
32888,2,0,48496
32889,1,0,48497
32890,1,0,48498
32891,2,0,48500
32892,1,0,48501
32893,1,0,48502
32894,1,0,48503
32895,1,0,48504
32896,3,0,48507
32897,2,0,48509
32898,1,0,48510
32899,1,0,48511
32900,2,0,48513
32901,5,0,48518
32902,1,0,48519
32903,1,0,48520
32904,1,0,48521
32905,3,0,48524
32906,1,0,48525
32907,1,0,48526
32908,3,0,48529
32909,1,0,48530
32910,2,0,48532
32911,1,0,48533
32912,1,0,48534
32913,2,0,48536
32914,1,0,48537
32915,1,0,48538
32916,2,0,48540
32917,1,0,48541
32918,1,0,48542
32919,1,0,48543
32920,2,0,48545
32921,2,0,48547
32922,1,0,48548
32923,1,0,48549
32924,3,0,48552
32925,1,0,48553
32926,1,0,48554
32927,1,0,48555
32928,1,0,48556
32929,1,0,48557
32930,1,0,48558
32931,1,0,48559
32932,1,0,48560
32933,1,0,48561
32934,2,0,48563
32935,1,0,48564
32936,1,0,48565
32937,1,0,48566
32938,2,0,48568
32939,2,0,48570
32940,1,0,48571
32941,1,0,48572
32942,3,0,48575
32943,2,0,48577
32944,1,0,48578
32945,2,0,48580
32946,2,0,48582
32947,1,0,48583
32948,2,0,48585
32949,1,0,48586
32950,3,0,48589
32951,1,0,48590
32952,2,0,48592
32953,2,0,48594
32954,1,0,48595
32955,1,0,48596
32956,1,0,48597
32957,1,0,48598
32958,2,0,48600
32959,2,0,48602
32960,2,0,48604
32961,1,0,48605
32962,1,0,48606
32963,1,0,48607
32964,1,0,48608
32965,1,0,48609
32966,1,0,48610
32967,1,0,48611
32968,3,0,48614
32969,1,0,48615
32970,1,0,48616
32971,1,0,48617
32972,2,0,48619
32973,1,0,48620
32974,1,0,48621
32975,1,0,48622
32976,2,0,48624
32977,1,0,48625
32978,1,0,48626
32979,2,0,48628
32980,2,0,48630
32981,1,0,48631
32982,1,0,48632
32983,1,0,48633
32984,2,0,48635
32985,1,0,48636
32986,1,0,48637
32987,1,0,48638
32988,5,0,48643
32989,2,0,48645
32990,1,0,48646
32991,1,0,48647
32992,1,0,48648
32993,1,0,48649
32994,1,0,48650
32995,1,0,48651
32996,1,0,48652
32997,5,0,48657
32998,2,0,48659
32999,1,0,48660
33000,2,0,48662
33001,1,0,48663
33002,2,0,48665
33003,3,0,48668
33004,1,0,48669
33005,1,0,48670
33006,3,0,48673
33007,1,0,48674
33008,1,0,48675
33009,1,0,48676
33010,2,0,48678
33011,1,0,48679
33012,1,0,48680
33013,1,0,48681
33014,1,0,48682
33015,2,0,48684
33016,1,0,48685
33017,2,0,48687
33018,1,0,48688
33019,2,0,48690
33020,2,0,48692
33021,1,0,48693
33022,2,0,48695
33023,2,0,48697
33024,2,0,48699
33025,1,0,48700
33026,1,0,48701
33027,1,0,48702
33028,1,0,48703
33029,1,0,48704
33030,3,0,48707
33031,1,0,48708
33032,2,0,48710
33033,1,0,48711
33034,1,0,48712
33035,3,0,48715
33036,2,0,48717
33037,2,0,48719
33038,1,0,48720
33039,1,0,48721
33040,2,0,48723
33041,3,0,48726
33042,2,0,48728
33043,1,0,48729
33044,4,0,48733
33045,1,0,48734
33046,1,0,48735
33047,1,0,48736
33048,1,0,48737
33049,1,0,48738
33050,2,0,48740
33051,1,0,48741
33052,2,0,48743
33053,1,0,48744
33054,2,0,48746
33055,1,0,48747
33056,2,0,48749
33057,3,0,48752
33058,2,0,48754
33059,2,0,48756
33060,2,0,48758
33061,1,0,48759
33062,1,0,48760
33063,1,0,48761
33064,1,0,48762
33065,2,0,48764
33066,2,0,48766
33067,1,0,48767
33068,1,0,48768
33069,1,0,48769
33070,1,0,48770
33071,1,0,48771
33072,1,0,48772
33073,1,0,48773
33074,3,0,48776
33075,1,0,48777
33076,1,0,48778
33077,1,0,48779
33078,1,0,48780
33079,1,0,48781
33080,1,0,48782
33081,1,0,48783
33082,1,0,48784
33083,1,0,48785
33084,2,0,48787
33085,1,0,48788
33086,3,0,48791
33087,1,0,48792
33088,1,0,48793
33089,1,0,48794
33090,1,0,48795
33091,2,0,48797
33092,1,0,48798
33093,1,0,48799
33094,3,0,48802
33095,3,0,48805
33096,2,0,48807
33097,2,0,48809
33098,1,0,48810
33099,1,0,48811
33100,1,0,48812
33101,1,0,48813
33102,1,0,48814
33103,1,0,48815
33104,1,0,48816
33105,1,0,48817
33106,1,0,48818
33107,1,0,48819
33108,1,0,48820
33109,1,0,48821
33110,2,0,48823
33111,1,0,48824
33112,1,0,48825
33113,1,0,48826
33114,1,0,48827
33115,1,0,48828
33116,1,0,48829
33117,2,0,48831
33118,1,0,48832
33119,1,0,48833
33120,1,0,48834
33121,2,0,48836
33122,2,0,48838
33123,2,0,48840
33124,1,0,48841
33125,1,0,48842
33126,1,0,48843
33127,1,0,48844
33128,1,0,48845
33129,2,0,48847
33130,1,0,48848
33131,1,0,48849
33132,3,0,48852
33133,2,0,48854
33134,1,0,48855
33135,1,0,48856
33136,1,0,48857
33137,1,0,48858
33138,1,0,48859
33139,1,0,48860
33140,4,0,48864
33141,1,0,48865
33142,3,0,48868
33143,3,0,48871
33144,1,0,48872
33145,1,0,48873
33146,1,0,48874
33147,3,0,48877
33148,1,0,48878
33149,1,0,48879
33150,1,0,48880
33151,3,0,48883
33152,2,0,48885
33153,4,0,48889
33154,1,0,48890
33155,3,0,48893
33156,3,0,48896
33157,1,0,48897
33158,1,0,48898
33159,2,0,48900
33160,1,0,48901
33161,1,0,48902
33162,2,0,48904
33163,1,0,48905
33164,2,0,48907
33165,1,0,48908
33166,1,0,48909
33167,1,0,48910
33168,1,0,48911
33169,2,0,48913
33170,4,0,48917
33171,1,0,48918
33172,1,0,48919
33173,1,0,48920
33174,2,0,48922
33175,1,0,48923
33176,1,0,48924
33177,2,0,48926
33178,2,0,48928
33179,1,0,48929
33180,1,0,48930
33181,1,0,48931
33182,3,0,48934
33183,3,0,48937
33184,1,0,48938
33185,1,0,48939
33186,1,0,48940
33187,1,0,48941
33188,2,0,48943
33189,3,0,48946
33190,3,0,48949
33191,1,0,48950
33192,1,0,48951
33193,2,0,48953
33194,1,0,48954
33195,2,0,48956
33196,1,0,48957
33197,1,0,48958
33198,1,0,48959
33199,1,0,48960
33200,4,0,48964
33201,1,0,48965
33202,1,0,48966
33203,1,0,48967
33204,3,0,48970
33205,1,0,48971
33206,2,0,48973
33207,5,0,48978
33208,1,0,48979
33209,1,0,48980
33210,3,0,48983
33211,2,0,48985
33212,1,0,48986
33213,1,0,48987
33214,3,0,48990
33215,1,0,48991
33216,1,0,48992
33217,1,0,48993
33218,1,0,48994
33219,1,0,48995
33220,1,0,48996
33221,1,0,48997
33222,1,0,48998
33223,2,0,49000
33224,1,0,49001
33225,2,0,49003
33226,1,0,49004
33227,1,0,49005
33228,1,0,49006
33229,1,0,49007
33230,2,0,49009
33231,1,0,49010
33232,1,0,49011
33233,2,0,49013
33234,1,0,49014
33235,1,0,49015
33236,1,0,49016
33237,1,0,49017
33238,1,0,49018
33239,1,0,49019
33240,1,0,49020
33241,1,0,49021
33242,1,0,49022
33243,1,0,49023
33244,1,0,49024
33245,1,0,49025
33246,3,0,49028
33247,1,0,49029
33248,1,0,49030
33249,1,0,49031
33250,1,0,49032
33251,2,0,49034
33252,1,0,49035
33253,2,0,49037
33254,1,0,49038
33255,4,0,49042
33256,1,0,49043
33257,1,0,49044
33258,1,0,49045
33259,2,0,49047
33260,2,0,49049
33261,1,0,49050
33262,1,0,49051
33263,1,0,49052
33264,2,0,49054
33265,1,0,49055
33266,2,0,49057
33267,1,0,49058
33268,1,0,49059
33269,2,0,49061
33270,1,0,49062
33271,5,0,49067
33272,1,0,49068
33273,1,0,49069
33274,1,0,49070
33275,4,0,49074
33276,1,0,49075
33277,1,0,49076
33278,3,0,49079
33279,2,0,49081
33280,1,0,49082
33281,2,0,49084
33282,1,0,49085
33283,1,0,49086
33284,1,0,49087
33285,1,0,49088
33286,1,0,49089
33287,1,0,49090
33288,2,0,49092
33289,1,0,49093
33290,2,0,49095
33291,1,0,49096
33292,1,0,49097
33293,2,0,49099
33294,1,0,49100
33295,2,0,49102
33296,1,0,49103
33297,2,0,49105
33298,1,0,49106
33299,4,0,49110
33300,2,0,49112
33301,2,0,49114
33302,1,0,49115
33303,2,0,49117
33304,1,0,49118
33305,1,0,49119
33306,3,0,49122
33307,1,0,49123
33308,1,0,49124
33309,2,0,49126
33310,1,0,49127
33311,2,0,49129
33312,1,0,49130
33313,2,0,49132
33314,1,0,49133
33315,2,0,49135
33316,2,0,49137
33317,1,0,49138
33318,3,0,49141
33319,1,0,49142
33320,1,0,49143
33321,1,0,49144
33322,1,0,49145
33323,3,0,49148
33324,2,0,49150
33325,1,0,49151
33326,2,0,49153
33327,1,0,49154
33328,1,0,49155
33329,1,0,49156
33330,1,0,49157
33331,2,0,49159
33332,1,0,49160
33333,5,0,49165
33334,2,0,49167
33335,1,0,49168
33336,2,0,49170
33337,1,0,49171
33338,2,0,49173
33339,1,0,49174
33340,1,0,49175
33341,2,0,49177
33342,1,0,49178
33343,2,0,49180
33344,2,0,49182
33345,2,0,49184
33346,1,0,49185
33347,1,0,49186
33348,3,0,49189
33349,2,0,49191
33350,2,0,49193
33351,1,0,49194
33352,1,0,49195
33353,6,0,49201
33354,2,0,49203
33355,2,0,49205
33356,1,0,49206
33357,1,0,49207
33358,1,0,49208
33359,5,0,49213
33360,1,0,49214
33361,1,0,49215
33362,1,0,49216
33363,1,0,49217
33364,1,0,49218
33365,4,0,49222
33366,1,0,49223
33367,2,0,49225
33368,1,0,49226
33369,1,0,49227
33370,1,0,49228
33371,1,0,49229
33372,2,0,49231
33373,1,0,49232
33374,2,0,49234
33375,1,0,49235
33376,3,0,49238
33377,2,0,49240
33378,2,0,49242
33379,1,0,49243
33380,1,0,49244
33381,1,0,49245
33382,1,0,49246
33383,1,0,49247
33384,1,0,49248
33385,1,0,49249
33386,1,0,49250
33387,3,0,49253
33388,1,0,49254
33389,1,0,49255
33390,1,0,49256
33391,2,0,49258
33392,1,0,49259
33393,1,0,49260
33394,3,0,49263
33395,1,0,49264
33396,1,0,49265
33397,2,0,49267
33398,1,0,49268
33399,3,0,49271
33400,1,0,49272
33401,1,0,49273
33402,1,0,49274
33403,6,0,49280
33404,1,0,49281
33405,3,0,49284
33406,1,0,49285
33407,1,0,49286
33408,1,0,49287
33409,1,0,49288
33410,2,0,49290
33411,3,0,49293
33412,2,0,49295
33413,2,0,49297
33414,1,0,49298
33415,2,0,49300
33416,1,0,49301
33417,4,0,49305
33418,1,0,49306
33419,6,0,49312
33420,1,0,49313
33421,1,0,49314
33422,1,0,49315
33423,1,0,49316
33424,5,0,49321
33425,1,0,49322
33426,1,0,49323
33427,1,0,49324
33428,1,0,49325
33429,2,0,49327
33430,1,0,49328
33431,2,0,49330
33432,1,0,49331
33433,3,0,49334
33434,1,0,49335
33435,1,0,49336
33436,1,0,49337
33437,4,0,49341
33438,1,0,49342
33439,1,0,49343
33440,1,0,49344
33441,1,0,49345
33442,1,0,49346
33443,3,0,49349
33444,4,0,49353
33445,1,0,49354
33446,1,0,49355
33447,1,0,49356
33448,2,0,49358
33449,1,0,49359
33450,2,0,49361
33451,1,0,49362
33452,3,0,49365
33453,1,0,49366
33454,3,0,49369
33455,6,0,49375
33456,1,0,49376
33457,1,0,49377
33458,1,0,49378
33459,1,0,49379
33460,1,0,49380
33461,2,0,49382
33462,2,0,49384
33463,2,0,49386
33464,1,0,49387
33465,2,0,49389
33466,2,0,49391
33467,2,0,49393
33468,1,0,49394
33469,1,0,49395
33470,2,0,49397
33471,2,0,49399
33472,1,0,49400
33473,2,0,49402
33474,1,0,49403
33475,2,0,49405
33476,2,0,49407
33477,1,0,49408
33478,1,0,49409
33479,2,0,49411
33480,3,0,49414
33481,2,0,49416
33482,2,0,49418
33483,1,0,49419
33484,1,0,49420
33485,2,0,49422
33486,1,0,49423
33487,1,0,49424
33488,2,0,49426
33489,1,0,49427
33490,1,0,49428
33491,1,0,49429
33492,1,0,49430
33493,1,0,49431
33494,1,0,49432
33495,1,0,49433
33496,2,0,49435
33497,1,0,49436
33498,1,0,49437
33499,2,0,49439
33500,1,0,49440
33501,1,0,49441
33502,1,0,49442
33503,1,0,49443
33504,1,0,49444
33505,1,0,49445
33506,2,0,49447
33507,2,0,49449
33508,1,0,49450
33509,1,0,49451
33510,1,0,49452
33511,4,0,49456
33512,3,0,49459
33513,1,0,49460
33514,1,0,49461
33515,1,0,49462
33516,2,0,49464
33517,2,0,49466
33518,1,0,49467
33519,3,0,49470
33520,1,0,49471
33521,1,0,49472
33522,2,0,49474
33523,1,0,49475
33524,1,0,49476
33525,2,0,49478
33526,2,0,49480
33527,1,0,49481
33528,1,0,49482
33529,2,0,49484
33530,1,0,49485
33531,1,0,49486
33532,1,0,49487
33533,1,0,49488
33534,3,0,49491
33535,1,0,49492
33536,2,0,49494
33537,2,0,49496
33538,3,0,49499
33539,1,0,49500
33540,1,0,49501
33541,2,0,49503
33542,2,0,49505
33543,1,0,49506
33544,5,0,49511
33545,1,0,49512
33546,2,0,49514
33547,1,0,49515
33548,1,0,49516
33549,3,0,49519
33550,1,0,49520
33551,3,0,49523
33552,1,0,49524
33553,1,0,49525
33554,1,0,49526
33555,1,0,49527
33556,1,0,49528
33557,1,0,49529
33558,1,0,49530
33559,1,0,49531
33560,2,0,49533
33561,2,0,49535
33562,1,0,49536
33563,1,0,49537
33564,2,0,49539
33565,3,0,49542
33566,1,0,49543
33567,1,0,49544
33568,1,0,49545
33569,1,0,49546
33570,1,0,49547
33571,2,0,49549
33572,1,0,49550
33573,1,0,49551
33574,1,0,49552
33575,1,0,49553
33576,1,0,49554
33577,3,0,49557
33578,2,0,49559
33579,1,0,49560
33580,1,0,49561
33581,1,0,49562
33582,3,0,49565
33583,1,0,49566
33584,2,0,49568
33585,1,0,49569
33586,2,0,49571
33587,1,0,49572
33588,2,0,49574
33589,1,0,49575
33590,4,0,49579
33591,1,0,49580
33592,1,0,49581
33593,2,0,49583
33594,1,0,49584
33595,1,0,49585
33596,1,0,49586
33597,2,0,49588
33598,1,0,49589
33599,1,0,49590
33600,1,0,49591
33601,1,0,49592
33602,2,0,49594
33603,2,0,49596
33604,1,0,49597
33605,2,0,49599
33606,1,0,49600
33607,3,0,49603
33608,1,0,49604
33609,1,0,49605
33610,4,0,49609
33611,1,0,49610
33612,1,0,49611
33613,2,0,49613
33614,1,0,49614
33615,4,0,49618
33616,1,0,49619
33617,1,0,49620
33618,1,0,49621
33619,1,0,49622
33620,3,0,49625
33621,1,0,49626
33622,1,0,49627
33623,1,0,49628
33624,2,0,49630
33625,1,0,49631
33626,1,0,49632
33627,1,0,49633
33628,1,0,49634
33629,1,0,49635
33630,1,0,49636
33631,1,0,49637
33632,2,0,49639
33633,2,0,49641
33634,1,0,49642
33635,1,0,49643
33636,1,0,49644
33637,1,0,49645
33638,1,0,49646
33639,1,0,49647
33640,1,0,49648
33641,2,0,49650
33642,2,0,49652
33643,1,0,49653
33644,2,0,49655
33645,1,0,49656
33646,2,0,49658
33647,1,0,49659
33648,1,0,49660
33649,1,0,49661
33650,1,0,49662
33651,3,0,49665
33652,1,0,49666
33653,1,0,49667
33654,1,0,49668
33655,1,0,49669
33656,1,0,49670
33657,1,0,49671
33658,2,0,49673
33659,1,0,49674
33660,2,0,49676
33661,1,0,49677
33662,1,0,49678
33663,1,0,49679
33664,1,0,49680
33665,1,0,49681
33666,2,0,49683
33667,1,0,49684
33668,1,0,49685
33669,2,0,49687
33670,3,0,49690
33671,1,0,49691
33672,1,0,49692
33673,1,0,49693
33674,3,0,49696
33675,1,0,49697
33676,1,0,49698
33677,1,0,49699
33678,1,0,49700
33679,2,0,49702
33680,1,0,49703
33681,1,0,49704
33682,1,0,49705
33683,3,0,49708
33684,1,0,49709
33685,1,0,49710
33686,1,0,49711
33687,2,0,49713
33688,1,0,49714
33689,1,0,49715
33690,4,0,49719
33691,2,0,49721
33692,1,0,49722
33693,2,0,49724
33694,1,0,49725
33695,1,0,49726
33696,3,0,49729
33697,1,0,49730
33698,2,0,49732
33699,1,0,49733
33700,1,0,49734
33701,1,0,49735
33702,3,0,49738
33703,1,0,49739
33704,1,0,49740
33705,1,0,49741
33706,2,0,49743
33707,1,0,49744
33708,3,0,49747
33709,2,0,49749
33710,2,0,49751
33711,3,0,49754
33712,2,0,49756
33713,1,0,49757
33714,6,0,49763
33715,1,0,49764
33716,1,0,49765
33717,1,0,49766
33718,3,0,49769
33719,1,0,49770
33720,1,0,49771
33721,2,0,49773
33722,1,0,49774
33723,2,0,49776
33724,1,0,49777
33725,3,0,49780
33726,1,0,49781
33727,1,0,49782
33728,2,0,49784
33729,1,0,49785
33730,1,0,49786
33731,4,0,49790
33732,2,0,49792
33733,1,0,49793
33734,1,0,49794
33735,1,0,49795
33736,1,0,49796
33737,2,0,49798
33738,1,0,49799
33739,1,0,49800
33740,1,0,49801
33741,1,0,49802
33742,3,0,49805
33743,1,0,49806
33744,2,0,49808
33745,1,0,49809
33746,3,0,49812
33747,1,0,49813
33748,4,0,49817
33749,1,0,49818
33750,1,0,49819
33751,2,0,49821
33752,1,0,49822
33753,2,0,49824
33754,1,0,49825
33755,2,0,49827
33756,1,0,49828
33757,2,0,49830
33758,1,0,49831
33759,1,0,49832
33760,1,0,49833
33761,1,0,49834
33762,1,0,49835
33763,2,0,49837
33764,1,0,49838
33765,1,0,49839
33766,2,0,49841
33767,1,0,49842
33768,3,0,49845
33769,2,0,49847
33770,1,0,49848
33771,1,0,49849
33772,1,0,49850
33773,3,0,49853
33774,2,0,49855
33775,1,0,49856
33776,3,0,49859
33777,1,0,49860
33778,1,0,49861
33779,2,0,49863
33780,1,0,49864
33781,1,0,49865
33782,2,0,49867
33783,1,0,49868
33784,1,0,49869
33785,1,0,49870
33786,1,0,49871
33787,1,0,49872
33788,3,0,49875
33789,2,0,49877
33790,1,0,49878
33791,2,0,49880
33792,1,0,49881
33793,2,0,49883
33794,1,0,49884
33795,2,0,49886
33796,2,0,49888
33797,1,0,49889
33798,2,0,49891
33799,1,0,49892
33800,3,0,49895
33801,1,0,49896
33802,1,0,49897
33803,1,0,49898
33804,2,0,49900
33805,1,0,49901
33806,1,0,49902
33807,1,0,49903
33808,4,0,49907
33809,1,0,49908
33810,1,0,49909
33811,2,0,49911
33812,2,0,49913
33813,2,0,49915
33814,1,0,49916
33815,1,0,49917
33816,4,0,49921
33817,1,0,49922
33818,3,0,49925
33819,2,0,49927
33820,2,0,49929
33821,2,0,49931
33822,1,0,49932
33823,1,0,49933
33824,1,0,49934
33825,2,0,49936
33826,3,0,49939
33827,3,0,49942
33828,3,0,49945
33829,1,0,49946
33830,1,0,49947
33831,2,0,49949
33832,1,0,49950
33833,2,0,49952
33834,1,0,49953
33835,1,0,49954
33836,2,0,49956
33837,3,0,49959
33838,2,0,49961
33839,4,0,49965
33840,1,0,49966
33841,2,0,49968
33842,1,0,49969
33843,1,0,49970
33844,1,0,49971
33845,1,0,49972
33846,1,0,49973
33847,1,0,49974
33848,1,0,49975
33849,1,0,49976
33850,2,0,49978
33851,1,0,49979
33852,2,0,49981
33853,2,0,49983
33854,2,0,49985
33855,2,0,49987
33856,3,0,49990
33857,1,0,49991
33858,2,0,49993
33859,1,0,49994
33860,1,0,49995
33861,1,0,49996
33862,1,0,49997
33863,3,0,50000
33864,1,0,50001
33865,2,0,50003
33866,1,0,50004
33867,2,0,50006
33868,4,0,50010
33869,1,0,50011
33870,2,0,50013
33871,2,0,50015
33872,1,0,50016
33873,2,0,50018
33874,1,0,50019
33875,1,0,50020
33876,1,0,50021
33877,3,0,50024
33878,1,0,50025
33879,1,0,50026
33880,1,0,50027
33881,3,0,50030
33882,5,0,50035
33883,1,0,50036
33884,1,0,50037
33885,1,0,50038
33886,1,0,50039
33887,1,0,50040
33888,2,0,50042
33889,1,0,50043
33890,1,0,50044
33891,1,0,50045
33892,1,0,50046
33893,2,0,50048
33894,1,0,50049
33895,2,0,50051
33896,3,0,50054
33897,1,0,50055
33898,1,0,50056
33899,1,0,50057
33900,1,0,50058
33901,1,0,50059
33902,2,0,50061
33903,2,0,50063
33904,4,0,50067
33905,1,0,50068
33906,1,0,50069
33907,1,0,50070
33908,3,0,50073
33909,2,0,50075
33910,1,0,50076
33911,1,0,50077
33912,1,0,50078
33913,1,0,50079
33914,2,0,50081
33915,1,0,50082
33916,1,0,50083
33917,1,0,50084
33918,1,0,50085
33919,1,0,50086
33920,1,0,50087
33921,1,0,50088
33922,1,0,50089
33923,1,0,50090
33924,1,0,50091
33925,1,0,50092
33926,1,0,50093
33927,1,0,50094
33928,1,0,50095
33929,1,0,50096
33930,2,0,50098
33931,1,0,50099
33932,1,0,50100
33933,1,0,50101
33934,1,0,50102
33935,2,0,50104
33936,1,0,50105
33937,1,0,50106
33938,1,0,50107
33939,1,0,50108
33940,2,0,50110
33941,1,0,50111
33942,1,0,50112
33943,1,0,50113
33944,2,0,50115
33945,1,0,50116
33946,1,0,50117
33947,1,0,50118
33948,1,0,50119
33949,2,0,50121
33950,2,0,50123
33951,2,0,50125
33952,2,0,50127
33953,1,0,50128
33954,3,0,50131
33955,1,0,50132
33956,1,0,50133
33957,1,0,50134
33958,2,0,50136
33959,1,0,50137
33960,1,0,50138
33961,1,0,50139
33962,2,0,50141
33963,1,0,50142
33964,1,0,50143
33965,1,0,50144
33966,1,0,50145
33967,1,0,50146
33968,2,0,50148
33969,1,0,50149
33970,1,0,50150
33971,1,0,50151
33972,1,0,50152
33973,1,0,50153
33974,1,0,50154
33975,1,0,50155
33976,1,0,50156
33977,1,0,50157
33978,1,0,50158
33979,2,0,50160
33980,1,0,50161
33981,1,0,50162
33982,2,0,50164
33983,1,0,50165
33984,1,0,50166
33985,1,0,50167
33986,2,0,50169
33987,2,0,50171
33988,1,0,50172
33989,1,0,50173
33990,6,0,50179
33991,1,0,50180
33992,1,0,50181
33993,1,0,50182
33994,2,0,50184
33995,1,0,50185
33996,1,0,50186
33997,1,0,50187
33998,3,0,50190
33999,1,0,50191
34000,1,0,50192
34001,1,0,50193
34002,1,0,50194
34003,1,0,50195
34004,1,0,50196
34005,1,0,50197
34006,1,0,50198
34007,1,0,50199
34008,1,0,50200
34009,1,0,50201
34010,1,0,50202
34011,1,0,50203
34012,3,0,50206
34013,2,0,50208
34014,1,0,50209
34015,1,0,50210
34016,1,0,50211
34017,2,0,50213
34018,1,0,50214
34019,3,0,50217
34020,2,0,50219
34021,1,0,50220
34022,1,0,50221
34023,1,0,50222
34024,1,0,50223
34025,1,0,50224
34026,1,0,50225
34027,1,0,50226
34028,1,0,50227
34029,2,0,50229
34030,1,0,50230
34031,1,0,50231
34032,1,0,50232
34033,1,0,50233
34034,1,0,50234
34035,1,0,50235
34036,3,0,50238
34037,1,0,50239
34038,1,0,50240
34039,3,0,50243
34040,1,0,50244
34041,3,0,50247
34042,3,0,50250
34043,1,0,50251
34044,1,0,50252
34045,1,0,50253
34046,4,0,50257
34047,1,0,50258
34048,1,0,50259
34049,3,0,50262
34050,1,0,50263
34051,1,0,50264
34052,1,0,50265
34053,1,0,50266
34054,3,0,50269
34055,1,0,50270
34056,1,0,50271
34057,1,0,50272
34058,1,0,50273
34059,1,0,50274
34060,1,0,50275
34061,3,0,50278
34062,1,0,50279
34063,1,0,50280
34064,1,0,50281
34065,1,0,50282
34066,1,0,50283
34067,2,0,50285
34068,1,0,50286
34069,1,0,50287
34070,1,0,50288
34071,1,0,50289
34072,1,0,50290
34073,3,0,50293
34074,1,0,50294
34075,2,0,50296
34076,1,0,50297
34077,1,0,50298
34078,3,0,50301
34079,1,0,50302
34080,1,0,50303
34081,3,0,50306
34082,1,0,50307
34083,1,0,50308
34084,1,0,50309
34085,2,0,50311
34086,1,0,50312
34087,1,0,50313
34088,1,0,50314
34089,1,0,50315
34090,1,0,50316
34091,1,0,50317
34092,1,0,50318
34093,1,0,50319
34094,1,0,50320
34095,1,0,50321
34096,1,0,50322
34097,1,0,50323
34098,1,0,50324
34099,1,0,50325
34100,1,0,50326
34101,1,0,50327
34102,1,0,50328
34103,1,0,50329
34104,5,0,50334
34105,2,0,50336
34106,1,0,50337
34107,3,0,50340
34108,6,0,50346
34109,1,0,50347
34110,1,0,50348
34111,1,0,50349
34112,1,0,50350
34113,1,0,50351
34114,1,0,50352
34115,1,0,50353
34116,1,0,50354
34117,2,0,50356
34118,1,0,50357
34119,2,0,50359
34120,1,0,50360
34121,2,0,50362
34122,1,0,50363
34123,1,0,50364
34124,1,0,50365
34125,1,0,50366
34126,1,0,50367
34127,5,0,50372
34128,1,0,50373
34129,2,0,50375
34130,1,0,50376
34131,1,0,50377
34132,1,0,50378
34133,1,0,50379
34134,2,0,50381
34135,1,0,50382
34136,2,0,50384
34137,1,0,50385
34138,2,0,50387
34139,2,0,50389
34140,1,0,50390
34141,1,0,50391
34142,1,0,50392
34143,2,0,50394
34144,1,0,50395
34145,4,0,50399
34146,4,0,50403
34147,2,0,50405
34148,1,0,50406
34149,4,0,50410
34150,1,0,50411
34151,1,0,50412
34152,1,0,50413
34153,3,0,50416
34154,3,0,50419
34155,1,0,50420
34156,1,0,50421
34157,1,0,50422
34158,2,0,50424
34159,1,0,50425
34160,1,0,50426
34161,1,0,50427
34162,1,0,50428
34163,1,0,50429
34164,1,0,50430
34165,1,0,50431
34166,1,0,50432
34167,1,0,50433
34168,1,0,50434
34169,1,0,50435
34170,1,0,50436
34171,1,0,50437
34172,2,0,50439
34173,3,0,50442
34174,1,0,50443
34175,1,0,50444
34176,1,0,50445
34177,1,0,50446
34178,1,0,50447
34179,2,0,50449
34180,4,0,50453
34181,3,0,50456
34182,3,0,50459
34183,1,0,50460
34184,2,0,50462
34185,1,0,50463
34186,2,0,50465
34187,3,0,50468
34188,2,0,50470
34189,2,0,50472
34190,1,0,50473
34191,1,0,50474
34192,1,0,50475
34193,1,0,50476
34194,2,0,50478
34195,1,0,50479
34196,6,0,50485
34197,1,0,50486
34198,2,0,50488
34199,1,0,50489
34200,1,0,50490
34201,2,0,50492
34202,1,0,50493
34203,2,0,50495
34204,1,0,50496
34205,1,0,50497
34206,4,0,50501
34207,2,0,50503
34208,3,0,50506
34209,2,0,50508
34210,4,0,50512
34211,1,0,50513
34212,1,0,50514
34213,1,0,50515
34214,1,0,50516
34215,3,0,50519
34216,2,0,50521
34217,2,0,50523
34218,1,0,50524
34219,1,0,50525
34220,2,0,50527
34221,2,0,50529
34222,1,0,50530
34223,1,0,50531
34224,1,0,50532
34225,1,0,50533
34226,3,0,50536
34227,1,0,50537
34228,1,0,50538
34229,2,0,50540
34230,1,0,50541
34231,1,0,50542
34232,2,0,50544
34233,1,0,50545
34234,1,0,50546
34235,1,0,50547
34236,1,0,50548
34237,1,0,50549
34238,1,0,50550
34239,1,0,50551
34240,1,0,50552
34241,1,0,50553
34242,1,0,50554
34243,3,0,50557
34244,3,0,50560
34245,2,0,50562
34246,3,0,50565
34247,1,0,50566
34248,2,0,50568
34249,5,0,50573
34250,2,0,50575
34251,1,0,50576
34252,1,0,50577
34253,1,0,50578
34254,1,0,50579
34255,2,0,50581
34256,1,0,50582
34257,1,0,50583
34258,1,0,50584
34259,3,0,50587
34260,1,0,50588
34261,1,0,50589
34262,1,0,50590
34263,2,0,50592
34264,2,0,50594
34265,2,0,50596
34266,1,0,50597
34267,2,0,50599
34268,2,0,50601
34269,1,0,50602
34270,3,0,50605
34271,1,0,50606
34272,2,0,50608
34273,3,0,50611
34274,2,0,50613
34275,1,0,50614
34276,1,0,50615
34277,1,0,50616
34278,2,0,50618
34279,1,0,50619
34280,4,0,50623
34281,1,0,50624
34282,1,0,50625
34283,2,0,50627
34284,1,0,50628
34285,1,0,50629
34286,1,0,50630
34287,2,0,50632
34288,1,0,50633
34289,3,0,50636
34290,1,0,50637
34291,3,0,50640
34292,2,0,50642
34293,2,0,50644
34294,1,0,50645
34295,1,0,50646
34296,2,0,50648
34297,1,0,50649
34298,1,0,50650
34299,1,0,50651
34300,1,0,50652
34301,2,0,50654
34302,1,0,50655
34303,1,0,50656
34304,2,0,50658
34305,1,0,50659
34306,2,0,50661
34307,3,0,50664
34308,3,0,50667
34309,1,0,50668
34310,3,0,50671
34311,1,0,50672
34312,2,0,50674
34313,1,0,50675
34314,1,0,50676
34315,1,0,50677
34316,1,0,50678
34317,1,0,50679
34318,1,0,50680
34319,2,0,50682
34320,1,0,50683
34321,2,0,50685
34322,1,0,50686
34323,3,0,50689
34324,2,0,50691
34325,2,0,50693
34326,1,0,50694
34327,2,0,50696
34328,1,0,50697
34329,1,0,50698
34330,1,0,50699
34331,1,0,50700
34332,1,0,50701
34333,7,0,50708
34334,1,0,50709
34335,2,0,50711
34336,2,0,50713
34337,2,0,50715
34338,1,0,50716
34339,3,0,50719
34340,3,0,50722
34341,1,0,50723
34342,3,0,50726
34343,2,0,50728
34344,2,0,50730
34345,1,0,50731
34346,1,0,50732
34347,1,0,50733
34348,1,0,50734
34349,2,0,50736
34350,2,0,50738
34351,1,0,50739
34352,1,0,50740
34353,1,0,50741
34354,2,0,50743
34355,1,0,50744
34356,1,0,50745
34357,1,0,50746
34358,1,0,50747
34359,1,0,50748
34360,1,0,50749
34361,1,0,50750
34362,1,0,50751
34363,3,0,50754
34364,1,0,50755
34365,2,0,50757
34366,4,0,50761
34367,2,0,50763
34368,2,0,50765
34369,1,0,50766
34370,1,0,50767
34371,1,0,50768
34372,1,0,50769
34373,2,0,50771
34374,1,0,50772
34375,2,0,50774
34376,2,0,50776
34377,1,0,50777
34378,2,0,50779
34379,4,0,50783
34380,1,0,50784
34381,1,0,50785
34382,1,0,50786
34383,1,0,50787
34384,1,0,50788
34385,1,0,50789
34386,1,0,50790
34387,1,0,50791
34388,1,0,50792
34389,1,0,50793
34390,1,0,50794
34391,4,0,50798
34392,4,0,50802
34393,1,0,50803
34394,1,0,50804
34395,2,0,50806
34396,1,0,50807
34397,1,0,50808
34398,1,0,50809
34399,1,0,50810
34400,1,0,50811
34401,1,0,50812
34402,1,0,50813
34403,2,0,50815
34404,1,0,50816
34405,1,0,50817
34406,2,0,50819
34407,2,0,50821
34408,4,0,50825
34409,1,0,50826
34410,1,0,50827
34411,1,0,50828
34412,2,0,50830
34413,1,0,50831
34414,3,0,50834
34415,2,0,50836
34416,1,0,50837
34417,1,0,50838
34418,1,0,50839
34419,1,0,50840
34420,1,0,50841
34421,2,0,50843
34422,2,0,50845
34423,1,0,50846
34424,1,0,50847
34425,1,0,50848
34426,1,0,50849
34427,1,0,50850
34428,3,0,50853
34429,1,0,50854
34430,1,0,50855
34431,4,0,50859
34432,1,0,50860
34433,3,0,50863
34434,1,0,50864
34435,1,0,50865
34436,1,0,50866
34437,3,0,50869
34438,2,0,50871
34439,1,0,50872
34440,2,0,50874
34441,1,0,50875
34442,1,0,50876
34443,2,0,50878
34444,1,0,50879
34445,1,0,50880
34446,1,0,50881
34447,1,0,50882
34448,3,0,50885
34449,1,0,50886
34450,1,0,50887
34451,1,0,50888
34452,1,0,50889
34453,1,0,50890
34454,1,0,50891
34455,1,0,50892
34456,2,0,50894
34457,1,0,50895
34458,1,0,50896
34459,1,0,50897
34460,1,0,50898
34461,1,0,50899
34462,2,0,50901
34463,1,0,50902
34464,1,0,50903
34465,1,0,50904
34466,1,0,50905
34467,1,0,50906
34468,1,0,50907
34469,1,0,50908
34470,2,0,50910
34471,1,0,50911
34472,2,0,50913
34473,1,0,50914
34474,1,0,50915
34475,1,0,50916
34476,2,0,50918
34477,3,0,50921
34478,2,0,50923
34479,1,0,50924
34480,1,0,50925
34481,1,0,50926
34482,1,0,50927
34483,1,0,50928
34484,1,0,50929
34485,1,0,50930
34486,3,0,50933
34487,1,0,50934
34488,1,0,50935
34489,2,0,50937
34490,1,0,50938
34491,1,0,50939
34492,2,0,50941
34493,1,0,50942
34494,1,0,50943
34495,3,0,50946
34496,1,0,50947
34497,2,0,50949
34498,1,0,50950
34499,1,0,50951
34500,1,0,50952
34501,2,0,50954
34502,3,0,50957
34503,1,0,50958
34504,1,0,50959
34505,1,0,50960
34506,2,0,50962
34507,1,0,50963
34508,1,0,50964
34509,1,0,50965
34510,1,0,50966
34511,2,0,50968
34512,2,0,50970
34513,3,0,50973
34514,2,0,50975
34515,5,0,50980
34516,1,0,50981
34517,1,0,50982
34518,1,0,50983
34519,1,0,50984
34520,1,0,50985
34521,2,0,50987
34522,4,0,50991
34523,1,0,50992
34524,1,0,50993
34525,1,0,50994
34526,1,0,50995
34527,1,0,50996
34528,1,0,50997
34529,1,0,50998
34530,1,0,50999
34531,1,0,51000
34532,1,0,51001
34533,1,0,51002
34534,2,0,51004
34535,2,0,51006
34536,1,0,51007
34537,1,0,51008
34538,2,0,51010
34539,2,0,51012
34540,1,0,51013
34541,1,0,51014
34542,1,0,51015
34543,1,0,51016
34544,1,0,51017
34545,1,0,51018
34546,1,0,51019
34547,4,0,51023
34548,1,0,51024
34549,1,0,51025
34550,1,0,51026
34551,1,0,51027
34552,1,0,51028
34553,1,0,51029
34554,2,0,51031
34555,1,0,51032
34556,1,0,51033
34557,1,0,51034
34558,3,0,51037
34559,1,0,51038
34560,1,0,51039
34561,2,0,51041
34562,1,0,51042
34563,1,0,51043
34564,5,0,51048
34565,1,0,51049
34566,1,0,51050
34567,3,0,51053
34568,1,0,51054
34569,1,0,51055
34570,2,0,51057
34571,1,0,51058
34572,2,0,51060
34573,1,0,51061
34574,2,0,51063
34575,1,0,51064
34576,1,0,51065
34577,1,0,51066
34578,1,0,51067
34579,1,0,51068
34580,1,0,51069
34581,3,0,51072
34582,1,0,51073
34583,1,0,51074
34584,1,0,51075
34585,1,0,51076
34586,1,0,51077
34587,1,0,51078
34588,3,0,51081
34589,2,0,51083
34590,2,0,51085
34591,1,0,51086
34592,1,0,51087
34593,1,0,51088
34594,1,0,51089
34595,3,0,51092
34596,1,0,51093
34597,1,0,51094
34598,1,0,51095
34599,1,0,51096
34600,1,0,51097
34601,3,0,51100
34602,1,0,51101
34603,1,0,51102
34604,3,0,51105
34605,3,0,51108
34606,2,0,51110
34607,1,0,51111
34608,2,0,51113
34609,3,0,51116
34610,1,0,51117
34611,2,0,51119
34612,1,0,51120
34613,1,0,51121
34614,1,0,51122
34615,1,0,51123
34616,1,0,51124
34617,1,0,51125
34618,2,0,51127
34619,2,0,51129
34620,1,0,51130
34621,1,0,51131
34622,3,0,51134
34623,1,0,51135
34624,1,0,51136
34625,1,0,51137
34626,1,0,51138
34627,1,0,51139
34628,2,0,51141
34629,1,0,51142
34630,1,0,51143
34631,1,0,51144
34632,1,0,51145
34633,1,0,51146
34634,1,0,51147
34635,2,0,51149
34636,1,0,51150
34637,1,0,51151
34638,1,0,51152
34639,1,0,51153
34640,1,0,51154
34641,2,0,51156
34642,1,0,51157
34643,4,0,51161
34644,1,0,51162
34645,1,0,51163
34646,1,0,51164
34647,1,0,51165
34648,1,0,51166
34649,1,0,51167
34650,1,0,51168
34651,1,0,51169
34652,1,0,51170
34653,1,0,51171
34654,1,0,51172
34655,1,0,51173
34656,1,0,51174
34657,2,0,51176
34658,1,0,51177
34659,2,0,51179
34660,1,0,51180
34661,2,0,51182
34662,2,0,51184
34663,2,0,51186
34664,1,0,51187
34665,1,0,51188
34666,1,0,51189
34667,1,0,51190
34668,3,0,51193
34669,6,0,51199
34670,2,0,51201
34671,3,0,51204
34672,1,0,51205
34673,1,0,51206
34674,1,0,51207
34675,1,0,51208
34676,1,0,51209
34677,1,0,51210
34678,1,0,51211
34679,1,0,51212
34680,1,0,51213
34681,1,0,51214
34682,1,0,51215
34683,1,0,51216
34684,1,0,51217
34685,1,0,51218
34686,1,0,51219
34687,1,0,51220
34688,4,0,51224
34689,1,0,51225
34690,1,0,51226
34691,2,0,51228
34692,1,0,51229
34693,1,0,51230
34694,1,0,51231
34695,1,0,51232
34696,1,0,51233
34697,2,0,51235
34698,4,0,51239
34699,1,0,51240
34700,4,0,51244
34701,1,0,51245
34702,1,0,51246
34703,1,0,51247
34704,1,0,51248
34705,3,0,51251
34706,2,0,51253
34707,1,0,51254
34708,1,0,51255
34709,1,0,51256
34710,1,0,51257
34711,1,0,51258
34712,1,0,51259
34713,2,0,51261
34714,2,0,51263
34715,3,0,51266
34716,2,0,51268
34717,1,0,51269
34718,1,0,51270
34719,1,0,51271
34720,2,0,51273
34721,1,0,51274
34722,4,0,51278
34723,1,0,51279
34724,2,0,51281
34725,1,0,51282
34726,1,0,51283
34727,1,0,51284
34728,2,0,51286
34729,1,0,51287
34730,7,0,51294
34731,1,0,51295
34732,1,0,51296
34733,1,0,51297
34734,1,0,51298
34735,3,0,51301
34736,1,0,51302
34737,1,0,51303
34738,1,0,51304
34739,1,0,51305
34740,3,0,51308
34741,1,0,51309
34742,1,0,51310
34743,1,0,51311
34744,1,0,51312
34745,4,0,51316
34746,1,0,51317
34747,1,0,51318
34748,4,0,51322
34749,1,0,51323
34750,1,0,51324
34751,2,0,51326
34752,2,0,51328
34753,1,0,51329
34754,1,0,51330
34755,1,0,51331
34756,1,0,51332
34757,3,0,51335
34758,1,0,51336
34759,1,0,51337
34760,1,0,51338
34761,1,0,51339
34762,1,0,51340
34763,2,0,51342
34764,1,0,51343
34765,2,0,51345
34766,6,0,51351
34767,2,0,51353
34768,1,0,51354
34769,1,0,51355
34770,3,0,51358
34771,3,0,51361
34772,1,0,51362
34773,1,0,51363
34774,1,0,51364
34775,4,0,51368
34776,3,0,51371
34777,1,0,51372
34778,1,0,51373
34779,1,0,51374
34780,1,0,51375
34781,1,0,51376
34782,2,0,51378
34783,2,0,51380
34784,1,0,51381
34785,3,0,51384
34786,3,0,51387
34787,1,0,51388
34788,2,0,51390
34789,1,0,51391
34790,1,0,51392
34791,1,0,51393
34792,1,0,51394
34793,2,0,51396
34794,1,0,51397
34795,1,0,51398
34796,1,0,51399
34797,1,0,51400
34798,1,0,51401
34799,1,0,51402
34800,3,0,51405
34801,1,0,51406
34802,1,0,51407
34803,1,0,51408
34804,2,0,51410
34805,1,0,51411
34806,3,0,51414
34807,1,0,51415
34808,1,0,51416
34809,1,0,51417
34810,1,0,51418
34811,2,0,51420
34812,1,0,51421
34813,1,0,51422
34814,1,0,51423
34815,3,0,51426
34816,1,0,51427
34817,1,0,51428
34818,1,0,51429
34819,1,0,51430
34820,1,0,51431
34821,1,0,51432
34822,1,0,51433
34823,1,0,51434
34824,1,0,51435
34825,1,0,51436
34826,1,0,51437
34827,1,0,51438
34828,4,0,51442
34829,1,0,51443
34830,1,0,51444
34831,1,0,51445
34832,1,0,51446
34833,1,0,51447
34834,2,0,51449
34835,1,0,51450
34836,4,0,51454
34837,2,0,51456
34838,3,0,51459
34839,2,0,51461
34840,1,0,51462
34841,1,0,51463
34842,2,0,51465
34843,1,0,51466
34844,1,0,51467
34845,1,0,51468
34846,1,0,51469
34847,1,0,51470
34848,1,0,51471
34849,3,0,51474
34850,1,0,51475
34851,1,0,51476
34852,1,0,51477
34853,2,0,51479
34854,1,0,51480
34855,1,0,51481
34856,1,0,51482
34857,2,0,51484
34858,3,0,51487
34859,1,0,51488
34860,1,0,51489
34861,1,0,51490
34862,1,0,51491
34863,1,0,51492
34864,2,0,51494
34865,1,0,51495
34866,1,0,51496
34867,1,0,51497
34868,2,0,51499
34869,2,0,51501
34870,2,0,51503
34871,1,0,51504
34872,1,0,51505
34873,2,0,51507
34874,2,0,51509
34875,1,0,51510
34876,1,0,51511
34877,3,0,51514
34878,1,0,51515
34879,1,0,51516
34880,2,0,51518
34881,1,0,51519
34882,2,0,51521
34883,2,0,51523
34884,1,0,51524
34885,1,0,51525
34886,1,0,51526
34887,1,0,51527
34888,1,0,51528
34889,1,0,51529
34890,1,0,51530
34891,1,0,51531
34892,1,0,51532
34893,1,0,51533
34894,1,0,51534
34895,3,0,51537
34896,2,0,51539
34897,1,0,51540
34898,1,0,51541
34899,3,0,51544
34900,1,0,51545
34901,2,0,51547
34902,2,0,51549
34903,2,0,51551
34904,2,0,51553
34905,1,0,51554
34906,1,0,51555
34907,2,0,51557
34908,1,0,51558
34909,1,0,51559
34910,3,0,51562
34911,1,0,51563
34912,1,0,51564
34913,1,0,51565
34914,1,0,51566
34915,1,0,51567
34916,1,0,51568
34917,1,0,51569
34918,1,0,51570
34919,1,0,51571
34920,2,0,51573
34921,2,0,51575
34922,1,0,51576
34923,1,0,51577
34924,2,0,51579
34925,1,0,51580
34926,1,0,51581
34927,3,0,51584
34928,1,0,51585
34929,1,0,51586
34930,1,0,51587
34931,3,0,51590
34932,2,0,51592
34933,1,0,51593
34934,1,0,51594
34935,3,0,51597
34936,1,0,51598
34937,1,0,51599
34938,2,0,51601
34939,2,0,51603
34940,1,0,51604
34941,1,0,51605
34942,1,0,51606
34943,1,0,51607
34944,1,0,51608
34945,5,0,51613
34946,1,0,51614
34947,1,0,51615
34948,1,0,51616
34949,2,0,51618
34950,2,0,51620
34951,1,0,51621
34952,3,0,51624
34953,1,0,51625
34954,1,0,51626
34955,2,0,51628
34956,1,0,51629
34957,2,0,51631
34958,3,0,51634
34959,2,0,51636
34960,1,0,51637
34961,3,0,51640
34962,1,0,51641
34963,1,0,51642
34964,1,0,51643
34965,1,0,51644
34966,2,0,51646
34967,1,0,51647
34968,3,0,51650
34969,3,0,51653
34970,1,0,51654
34971,2,0,51656
34972,1,0,51657
34973,1,0,51658
34974,1,0,51659
34975,2,0,51661
34976,1,0,51662
34977,4,0,51666
34978,1,0,51667
34979,1,0,51668
34980,1,0,51669
34981,1,0,51670
34982,2,0,51672
34983,1,0,51673
34984,1,0,51674
34985,1,0,51675
34986,1,0,51676
34987,2,0,51678
34988,1,0,51679
34989,3,0,51682
34990,3,0,51685
34991,1,0,51686
34992,1,0,51687
34993,1,0,51688
34994,1,0,51689
34995,1,0,51690
34996,1,0,51691
34997,1,0,51692
34998,1,0,51693
34999,1,0,51694
35000,1,0,51695
35001,1,0,51696
35002,1,0,51697
35003,1,0,51698
35004,1,0,51699
35005,3,0,51702
35006,1,0,51703
35007,1,0,51704
35008,2,0,51706
35009,1,0,51707
35010,1,0,51708
35011,1,0,51709
35012,1,0,51710
35013,1,0,51711
35014,1,0,51712
35015,2,0,51714
35016,1,0,51715
35017,1,0,51716
35018,1,0,51717
35019,2,0,51719
35020,1,0,51720
35021,2,0,51722
35022,2,0,51724
35023,1,0,51725
35024,1,0,51726
35025,1,0,51727
35026,1,0,51728
35027,4,0,51732
35028,1,0,51733
35029,1,0,51734
35030,3,0,51737
35031,3,0,51740
35032,1,0,51741
35033,1,0,51742
35034,1,0,51743
35035,2,0,51745
35036,5,0,51750
35037,1,0,51751
35038,1,0,51752
35039,1,0,51753
35040,1,0,51754
35041,5,0,51759
35042,2,0,51761
35043,2,0,51763
35044,1,0,51764
35045,1,0,51765
35046,2,0,51767
35047,2,0,51769
35048,5,0,51774
35049,1,0,51775
35050,3,0,51778
35051,1,0,51779
35052,1,0,51780
35053,1,0,51781
35054,3,0,51784
35055,1,0,51785
35056,1,0,51786
35057,1,0,51787
35058,2,0,51789
35059,1,0,51790
35060,1,0,51791
35061,1,0,51792
35062,1,0,51793
35063,1,0,51794
35064,1,0,51795
35065,1,0,51796
35066,1,0,51797
35067,3,0,51800
35068,1,0,51801
35069,1,0,51802
35070,2,0,51804
35071,2,0,51806
35072,1,0,51807
35073,1,0,51808
35074,1,0,51809
35075,2,0,51811
35076,2,0,51813
35077,1,0,51814
35078,4,0,51818
35079,2,0,51820
35080,1,0,51821
35081,1,0,51822
35082,1,0,51823
35083,1,0,51824
35084,1,0,51825
35085,1,0,51826
35086,2,0,51828
35087,1,0,51829
35088,1,0,51830
35089,3,0,51833
35090,1,0,51834
35091,1,0,51835
35092,1,0,51836
35093,1,0,51837
35094,2,0,51839
35095,3,0,51842
35096,1,0,51843
35097,1,0,51844
35098,2,0,51846
35099,1,0,51847
35100,2,0,51849
35101,1,0,51850
35102,4,0,51854
35103,1,0,51855
35104,2,0,51857
35105,1,0,51858
35106,1,0,51859
35107,6,0,51865
35108,1,0,51866
35109,1,0,51867
35110,1,0,51868
35111,2,0,51870
35112,3,0,51873
35113,1,0,51874
35114,1,0,51875
35115,1,0,51876
35116,1,0,51877
35117,3,0,51880
35118,1,0,51881
35119,3,0,51884
35120,1,0,51885
35121,1,0,51886
35122,2,0,51888
35123,1,0,51889
35124,1,0,51890
35125,2,0,51892
35126,1,0,51893
35127,1,0,51894
35128,1,0,51895
35129,1,0,51896
35130,2,0,51898
35131,1,0,51899
35132,1,0,51900
35133,3,0,51903
35134,1,0,51904
35135,1,0,51905
35136,1,0,51906
35137,1,0,51907
35138,2,0,51909
35139,1,0,51910
35140,2,0,51912
35141,1,0,51913
35142,1,0,51914
35143,2,0,51916
35144,1,0,51917
35145,2,0,51919
35146,2,0,51921
35147,4,0,51925
35148,2,0,51927
35149,1,0,51928
35150,1,0,51929
35151,1,0,51930
35152,1,0,51931
35153,2,0,51933
35154,1,0,51934
35155,1,0,51935
35156,1,0,51936
35157,1,0,51937
35158,1,0,51938
35159,1,0,51939
35160,1,0,51940
35161,1,0,51941
35162,4,0,51945
35163,1,0,51946
35164,1,0,51947
35165,1,0,51948
35166,1,0,51949
35167,1,0,51950
35168,2,0,51952
35169,1,0,51953
35170,2,0,51955
35171,1,0,51956
35172,1,0,51957
35173,2,0,51959
35174,2,0,51961
35175,1,0,51962
35176,3,0,51965
35177,2,0,51967
35178,1,0,51968
35179,1,0,51969
35180,1,0,51970
35181,1,0,51971
35182,1,0,51972
35183,1,0,51973
35184,2,0,51975
35185,2,0,51977
35186,1,0,51978
35187,2,0,51980
35188,3,0,51983
35189,1,0,51984
35190,5,0,51989
35191,1,0,51990
35192,2,0,51992
35193,1,0,51993
35194,2,0,51995
35195,1,0,51996
35196,1,0,51997
35197,1,0,51998
35198,3,0,52001
35199,1,0,52002
35200,1,0,52003
35201,1,0,52004
35202,1,0,52005
35203,2,0,52007
35204,1,0,52008
35205,2,0,52010
35206,3,0,52013
35207,1,0,52014
35208,1,0,52015
35209,1,0,52016
35210,3,0,52019
35211,1,0,52020
35212,1,0,52021
35213,1,0,52022
35214,1,0,52023
35215,3,0,52026
35216,2,0,52028
35217,2,0,52030
35218,3,0,52033
35219,4,0,52037
35220,1,0,52038
35221,2,0,52040
35222,1,0,52041
35223,1,0,52042
35224,1,0,52043
35225,3,0,52046
35226,3,0,52049
35227,1,0,52050
35228,1,0,52051
35229,1,0,52052
35230,2,0,52054
35231,4,0,52058
35232,1,0,52059
35233,2,0,52061
35234,1,0,52062
35235,1,0,52063
35236,1,0,52064
35237,1,0,52065
35238,1,0,52066
35239,1,0,52067
35240,1,0,52068
35241,1,0,52069
35242,1,0,52070
35243,2,0,52072
35244,1,0,52073
35245,1,0,52074
35246,1,0,52075
35247,1,0,52076
35248,1,0,52077
35249,1,0,52078
35250,1,0,52079
35251,6,0,52085
35252,2,0,52087
35253,2,0,52089
35254,1,0,52090
35255,1,0,52091
35256,1,0,52092
35257,1,0,52093
35258,1,0,52094
35259,1,0,52095
35260,1,0,52096
35261,2,0,52098
35262,1,0,52099
35263,2,0,52101
35264,2,0,52103
35265,2,0,52105
35266,1,0,52106
35267,1,0,52107
35268,2,0,52109
35269,1,0,52110
35270,3,0,52113
35271,1,0,52114
35272,1,0,52115
35273,2,0,52117
35274,1,0,52118
35275,1,0,52119
35276,1,0,52120
35277,1,0,52121
35278,1,0,52122
35279,1,0,52123
35280,2,0,52125
35281,1,0,52126
35282,1,0,52127
35283,3,0,52130
35284,1,0,52131
35285,2,0,52133
35286,2,0,52135
35287,2,0,52137
35288,1,0,52138
35289,3,0,52141
35290,1,0,52142
35291,2,0,52144
35292,2,0,52146
35293,1,0,52147
35294,1,0,52148
35295,1,0,52149
35296,1,0,52150
35297,1,0,52151
35298,2,0,52153
35299,1,0,52154
35300,1,0,52155
35301,1,0,52156
35302,2,0,52158
35303,1,0,52159
35304,1,0,52160
35305,1,0,52161
35306,1,0,52162
35307,2,0,52164
35308,2,0,52166
35309,1,0,52167
35310,1,0,52168
35311,2,0,52170
35312,1,0,52171
35313,1,0,52172
35314,2,0,52174
35315,3,0,52177
35316,1,0,52178
35317,2,0,52180
35318,2,0,52182
35319,1,0,52183
35320,1,0,52184
35321,1,0,52185
35322,1,0,52186
35323,3,0,52189
35324,1,0,52190
35325,3,0,52193
35326,2,0,52195
35327,1,0,52196
35328,1,0,52197
35329,1,0,52198
35330,2,0,52200
35331,2,0,52202
35332,1,0,52203
35333,1,0,52204
35334,1,0,52205
35335,2,0,52207
35336,1,0,52208
35337,2,0,52210
35338,2,0,52212
35339,1,0,52213
35340,1,0,52214
35341,1,0,52215
35342,1,0,52216
35343,2,0,52218
35344,2,0,52220
35345,1,0,52221
35346,1,0,52222
35347,2,0,52224
35348,1,0,52225
35349,1,0,52226
35350,2,0,52228
35351,1,0,52229
35352,1,0,52230
35353,2,0,52232
35354,1,0,52233
35355,1,0,52234
35356,1,0,52235
35357,1,0,52236
35358,2,0,52238
35359,1,0,52239
35360,2,0,52241
35361,1,0,52242
35362,1,0,52243
35363,1,0,52244
35364,1,0,52245
35365,1,0,52246
35366,1,0,52247
35367,1,0,52248
35368,3,0,52251
35369,1,0,52252
35370,1,0,52253
35371,2,0,52255
35372,1,0,52256
35373,3,0,52259
35374,1,0,52260
35375,1,0,52261
35376,1,0,52262
35377,1,0,52263
35378,2,0,52265
35379,3,0,52268
35380,1,0,52269
35381,2,0,52271
35382,1,0,52272
35383,5,0,52277
35384,1,0,52278
35385,1,0,52279
35386,2,0,52281
35387,1,0,52282
35388,1,0,52283
35389,1,0,52284
35390,1,0,52285
35391,1,0,52286
35392,2,0,52288
35393,1,0,52289
35394,1,0,52290
35395,2,0,52292
35396,1,0,52293
35397,1,0,52294
35398,1,0,52295
35399,1,0,52296
35400,2,0,52298
35401,2,0,52300
35402,2,0,52302
35403,1,0,52303
35404,2,0,52305
35405,1,0,52306
35406,2,0,52308
35407,2,0,52310
35408,3,0,52313
35409,1,0,52314
35410,1,0,52315
35411,2,0,52317
35412,3,0,52320
35413,1,0,52321
35414,1,0,52322
35415,2,0,52324
35416,3,0,52327
35417,1,0,52328
35418,1,0,52329
35419,1,0,52330
35420,2,0,52332
35421,1,0,52333
35422,2,0,52335
35423,1,0,52336
35424,1,0,52337
35425,3,0,52340
35426,1,0,52341
35427,1,0,52342
35428,3,0,52345
35429,1,0,52346
35430,1,0,52347
35431,1,0,52348
35432,4,0,52352
35433,1,0,52353
35434,1,0,52354
35435,2,0,52356
35436,1,0,52357
35437,1,0,52358
35438,1,0,52359
35439,1,0,52360
35440,3,0,52363
35441,1,0,52364
35442,1,0,52365
35443,1,0,52366
35444,1,0,52367
35445,1,0,52368
35446,2,0,52370
35447,1,0,52371
35448,1,0,52372
35449,1,0,52373
35450,1,0,52374
35451,2,0,52376
35452,1,0,52377
35453,1,0,52378
35454,1,0,52379
35455,1,0,52380
35456,1,0,52381
35457,1,0,52382
35458,3,0,52385
35459,2,0,52387
35460,2,0,52389
35461,1,0,52390
35462,2,0,52392
35463,2,0,52394
35464,2,0,52396
35465,1,0,52397
35466,3,0,52400
35467,2,0,52402
35468,2,0,52404
35469,2,0,52406
35470,2,0,52408
35471,1,0,52409
35472,1,0,52410
35473,1,0,52411
35474,1,0,52412
35475,1,0,52413
35476,1,0,52414
35477,3,0,52417
35478,3,0,52420
35479,1,0,52421
35480,2,0,52423
35481,3,0,52426
35482,2,0,52428
35483,1,0,52429
35484,1,0,52430
35485,1,0,52431
35486,1,0,52432
35487,1,0,52433
35488,1,0,52434
35489,1,0,52435
35490,1,0,52436
35491,1,0,52437
35492,1,0,52438
35493,3,0,52441
35494,1,0,52442
35495,1,0,52443
35496,1,0,52444
35497,3,0,52447
35498,1,0,52448
35499,1,0,52449
35500,1,0,52450
35501,2,0,52452
35502,1,0,52453
35503,1,0,52454
35504,1,0,52455
35505,2,0,52457
35506,1,0,52458
35507,1,0,52459
35508,1,0,52460
35509,1,0,52461
35510,1,0,52462
35511,1,0,52463
35512,3,0,52466
35513,1,0,52467
35514,1,0,52468
35515,2,0,52470
35516,1,0,52471
35517,3,0,52474
35518,1,0,52475
35519,2,0,52477
35520,1,0,52478
35521,1,0,52479
35522,6,0,52485
35523,2,0,52487
35524,1,0,52488
35525,2,0,52490
35526,2,0,52492
35527,1,0,52493
35528,1,0,52494
35529,1,0,52495
35530,3,0,52498
35531,1,0,52499
35532,1,0,52500
35533,1,0,52501
35534,1,0,52502
35535,1,0,52503
35536,1,0,52504
35537,2,0,52506
35538,2,0,52508
35539,5,0,52513
35540,1,0,52514
35541,1,0,52515
35542,3,0,52518
35543,2,0,52520
35544,2,0,52522
35545,1,0,52523
35546,1,0,52524
35547,2,0,52526
35548,1,0,52527
35549,1,0,52528
35550,1,0,52529
35551,1,0,52530
35552,1,0,52531
35553,2,0,52533
35554,1,0,52534
35555,4,0,52538
35556,1,0,52539
35557,1,0,52540
35558,1,0,52541
35559,1,0,52542
35560,3,0,52545
35561,6,0,52551
35562,2,0,52553
35563,3,0,52556
35564,3,0,52559
35565,2,0,52561
35566,1,0,52562
35567,2,0,52564
35568,1,0,52565
35569,1,0,52566
35570,1,0,52567
35571,1,0,52568
35572,2,0,52570
35573,4,0,52574
35574,1,0,52575
35575,1,0,52576
35576,1,0,52577
35577,1,0,52578
35578,1,0,52579
35579,1,0,52580
35580,1,0,52581
35581,1,0,52582
35582,2,0,52584
35583,1,0,52585
35584,2,0,52587
35585,3,0,52590
35586,2,0,52592
35587,1,0,52593
35588,1,0,52594
35589,2,0,52596
35590,1,0,52597
35591,1,0,52598
35592,1,0,52599
35593,1,0,52600
35594,1,0,52601
35595,3,0,52604
35596,1,0,52605
35597,2,0,52607
35598,2,0,52609
35599,1,0,52610
35600,1,0,52611
35601,1,0,52612
35602,2,0,52614
35603,1,0,52615
35604,1,0,52616
35605,1,0,52617
35606,1,0,52618
35607,3,0,52621
35608,1,0,52622
35609,1,0,52623
35610,2,0,52625
35611,1,0,52626
35612,1,0,52627
35613,2,0,52629
35614,3,0,52632
35615,2,0,52634
35616,1,0,52635
35617,2,0,52637
35618,2,0,52639
35619,2,0,52641
35620,1,0,52642
35621,2,0,52644
35622,1,0,52645
35623,1,0,52646
35624,2,0,52648
35625,1,0,52649
35626,1,0,52650
35627,1,0,52651
35628,1,0,52652
35629,2,0,52654
35630,1,0,52655
35631,2,0,52657
35632,3,0,52660
35633,1,0,52661
35634,1,0,52662
35635,1,0,52663
35636,1,0,52664
35637,1,0,52665
35638,1,0,52666
35639,3,0,52669
35640,2,0,52671
35641,1,0,52672
35642,2,0,52674
35643,1,0,52675
35644,1,0,52676
35645,1,0,52677
35646,1,0,52678
35647,2,0,52680
35648,1,0,52681
35649,1,0,52682
35650,1,0,52683
35651,2,0,52685
35652,1,0,52686
35653,1,0,52687
35654,1,0,52688
35655,1,0,52689
35656,1,0,52690
35657,1,0,52691
35658,1,0,52692
35659,1,0,52693
35660,1,0,52694
35661,3,0,52697
35662,1,0,52698
35663,3,0,52701
35664,1,0,52702
35665,1,0,52703
35666,1,0,52704
35667,1,0,52705
35668,1,0,52706
35669,2,0,52708
35670,2,0,52710
35671,1,0,52711
35672,2,0,52713
35673,2,0,52715
35674,1,0,52716
35675,1,0,52717
35676,1,0,52718
35677,1,0,52719
35678,2,0,52721
35679,5,0,52726
35680,1,0,52727
35681,1,0,52728
35682,1,0,52729
35683,1,0,52730
35684,3,0,52733
35685,1,0,52734
35686,2,0,52736
35687,1,0,52737
35688,3,0,52740
35689,1,0,52741
35690,1,0,52742
35691,3,0,52745
35692,1,0,52746
35693,1,0,52747
35694,1,0,52748
35695,2,0,52750
35696,1,0,52751
35697,1,0,52752
35698,1,0,52753
35699,2,0,52755
35700,1,0,52756
35701,1,0,52757
35702,1,0,52758
35703,4,0,52762
35704,2,0,52764
35705,1,0,52765
35706,1,0,52766
35707,3,0,52769
35708,2,0,52771
35709,2,0,52773
35710,2,0,52775
35711,1,0,52776
35712,1,0,52777
35713,2,0,52779
35714,2,0,52781
35715,1,0,52782
35716,1,0,52783
35717,1,0,52784
35718,1,0,52785
35719,1,0,52786
35720,1,0,52787
35721,1,0,52788
35722,3,0,52791
35723,2,0,52793
35724,3,0,52796
35725,3,0,52799
35726,1,0,52800
35727,2,0,52802
35728,1,0,52803
35729,6,0,52809
35730,1,0,52810
35731,3,0,52813
35732,2,0,52815
35733,4,0,52819
35734,1,0,52820
35735,2,0,52822
35736,1,0,52823
35737,1,0,52824
35738,3,0,52827
35739,1,0,52828
35740,1,0,52829
35741,1,0,52830
35742,1,0,52831
35743,1,0,52832
35744,2,0,52834
35745,1,0,52835
35746,3,0,52838
35747,1,0,52839
35748,2,0,52841
35749,1,0,52842
35750,1,0,52843
35751,3,0,52846
35752,1,0,52847
35753,1,0,52848
35754,1,0,52849
35755,1,0,52850
35756,4,0,52854
35757,3,0,52857
35758,1,0,52858
35759,4,0,52862
35760,1,0,52863
35761,1,0,52864
35762,2,0,52866
35763,1,0,52867
35764,2,0,52869
35765,1,0,52870
35766,1,0,52871
35767,2,0,52873
35768,1,0,52874
35769,1,0,52875
35770,1,0,52876
35771,1,0,52877
35772,1,0,52878
35773,5,0,52883
35774,2,0,52885
35775,1,0,52886
35776,1,0,52887
35777,2,0,52889
35778,1,0,52890
35779,1,0,52891
35780,1,0,52892
35781,2,0,52894
35782,4,0,52898
35783,2,0,52900
35784,2,0,52902
35785,1,0,52903
35786,1,0,52904
35787,1,0,52905
35788,3,0,52908
35789,1,0,52909
35790,1,0,52910
35791,1,0,52911
35792,2,0,52913
35793,2,0,52915
35794,1,0,52916
35795,1,0,52917
35796,1,0,52918
35797,4,0,52922
35798,1,0,52923
35799,1,0,52924
35800,1,0,52925
35801,1,0,52926
35802,1,0,52927
35803,2,0,52929
35804,1,0,52930
35805,1,0,52931
35806,1,0,52932
35807,1,0,52933
35808,1,0,52934
35809,1,0,52935
35810,1,0,52936
35811,1,0,52937
35812,1,0,52938
35813,3,0,52941
35814,1,0,52942
35815,1,0,52943
35816,2,0,52945
35817,1,0,52946
35818,1,0,52947
35819,1,0,52948
35820,3,0,52951
35821,1,0,52952
35822,1,0,52953
35823,1,0,52954
35824,1,0,52955
35825,2,0,52957
35826,1,0,52958
35827,2,0,52960
35828,1,0,52961
35829,1,0,52962
35830,1,0,52963
35831,2,0,52965
35832,2,0,52967
35833,2,0,52969
35834,1,0,52970
35835,2,0,52972
35836,1,0,52973
35837,3,0,52976
35838,1,0,52977
35839,2,0,52979
35840,1,0,52980
35841,1,0,52981
35842,2,0,52983
35843,1,0,52984
35844,1,0,52985
35845,1,0,52986
35846,2,0,52988
35847,1,0,52989
35848,2,0,52991
35849,1,0,52992
35850,1,0,52993
35851,1,0,52994
35852,2,0,52996
35853,1,0,52997
35854,1,0,52998
35855,2,0,53000
35856,1,0,53001
35857,3,0,53004
35858,1,0,53005
35859,1,0,53006
35860,1,0,53007
35861,3,0,53010
35862,1,0,53011
35863,1,0,53012
35864,1,0,53013
35865,3,0,53016
35866,2,0,53018
35867,3,0,53021
35868,2,0,53023
35869,7,0,53030
35870,1,0,53031
35871,1,0,53032
35872,1,0,53033
35873,1,0,53034
35874,1,0,53035
35875,1,0,53036
35876,1,0,53037
35877,4,0,53041
35878,1,0,53042
35879,1,0,53043
35880,1,0,53044
35881,2,0,53046
35882,1,0,53047
35883,2,0,53049
35884,3,0,53052
35885,1,0,53053
35886,2,0,53055
35887,2,0,53057
35888,1,0,53058
35889,1,0,53059
35890,1,0,53060
35891,1,0,53061
35892,1,0,53062
35893,2,0,53064
35894,1,0,53065
35895,1,0,53066
35896,1,0,53067
35897,1,0,53068
35898,2,0,53070
35899,1,0,53071
35900,1,0,53072
35901,3,0,53075
35902,1,0,53076
35903,1,0,53077
35904,2,0,53079
35905,1,0,53080
35906,2,0,53082
35907,1,0,53083
35908,1,0,53084
35909,1,0,53085
35910,3,0,53088
35911,3,0,53091
35912,1,0,53092
35913,1,0,53093
35914,1,0,53094
35915,1,0,53095
35916,1,0,53096
35917,1,0,53097
35918,1,0,53098
35919,2,0,53100
35920,1,0,53101
35921,1,0,53102
35922,1,0,53103
35923,1,0,53104
35924,1,0,53105
35925,3,0,53108
35926,1,0,53109
35927,1,0,53110
35928,2,0,53112
35929,1,0,53113
35930,2,0,53115
35931,1,0,53116
35932,1,0,53117
35933,1,0,53118
35934,2,0,53120
35935,1,0,53121
35936,1,0,53122
35937,1,0,53123
35938,3,0,53126
35939,1,0,53127
35940,2,0,53129
35941,1,0,53130
35942,2,0,53132
35943,1,0,53133
35944,1,0,53134
35945,1,0,53135
35946,2,0,53137
35947,1,0,53138
35948,3,0,53141
35949,1,0,53142
35950,3,0,53145
35951,1,0,53146
35952,1,0,53147
35953,1,0,53148
35954,1,0,53149
35955,1,0,53150
35956,1,0,53151
35957,1,0,53152
35958,1,0,53153
35959,1,0,53154
35960,1,0,53155
35961,2,0,53157
35962,3,0,53160
35963,3,0,53163
35964,1,0,53164
35965,1,0,53165
35966,1,0,53166
35967,3,0,53169
35968,1,0,53170
35969,2,0,53172
35970,3,0,53175
35971,2,0,53177
35972,2,0,53179
35973,1,0,53180
35974,3,0,53183
35975,2,0,53185
35976,2,0,53187
35977,1,0,53188
35978,1,0,53189
35979,1,0,53190
35980,1,0,53191
35981,1,0,53192
35982,1,0,53193
35983,1,0,53194
35984,1,0,53195
35985,1,0,53196
35986,2,0,53198
35987,1,0,53199
35988,2,0,53201
35989,1,0,53202
35990,2,0,53204
35991,2,0,53206
35992,2,0,53208
35993,3,0,53211
35994,1,0,53212
35995,1,0,53213
35996,2,0,53215
35997,1,0,53216
35998,3,0,53219
35999,1,0,53220
36000,2,0,53222
36001,2,0,53224
36002,2,0,53226
36003,1,0,53227
36004,1,0,53228
36005,2,0,53230
36006,3,0,53233
36007,1,0,53234
36008,1,0,53235
36009,1,0,53236
36010,1,0,53237
36011,1,0,53238
36012,2,0,53240
36013,2,0,53242
36014,3,0,53245
36015,2,0,53247
36016,1,0,53248
36017,1,0,53249
36018,6,0,53255
36019,3,0,53258
36020,1,0,53259
36021,1,0,53260
36022,2,0,53262
36023,1,0,53263
36024,1,0,53264
36025,1,0,53265
36026,1,0,53266
36027,5,0,53271
36028,1,0,53272
36029,1,0,53273
36030,1,0,53274
36031,2,0,53276
36032,1,0,53277
36033,1,0,53278
36034,1,0,53279
36035,1,0,53280
36036,1,0,53281
36037,2,0,53283
36038,1,0,53284
36039,1,0,53285
36040,2,0,53287
36041,1,0,53288
36042,1,0,53289
36043,1,0,53290
36044,1,0,53291
36045,2,0,53293
36046,1,0,53294
36047,2,0,53296
36048,1,0,53297
36049,1,0,53298
36050,2,0,53300
36051,4,0,53304
36052,2,0,53306
36053,1,0,53307
36054,1,0,53308
36055,2,0,53310
36056,1,0,53311
36057,1,0,53312
36058,2,0,53314
36059,1,0,53315
36060,1,0,53316
36061,1,0,53317
36062,1,0,53318
36063,3,0,53321
36064,1,0,53322
36065,1,0,53323
36066,2,0,53325
36067,2,0,53327
36068,1,0,53328
36069,1,0,53329
36070,1,0,53330
36071,1,0,53331
36072,1,0,53332
36073,1,0,53333
36074,2,0,53335
36075,1,0,53336
36076,1,0,53337
36077,2,0,53339
36078,1,0,53340
36079,1,0,53341
36080,1,0,53342
36081,4,0,53346
36082,1,0,53347
36083,1,0,53348
36084,1,0,53349
36085,2,0,53351
36086,1,0,53352
36087,1,0,53353
36088,1,0,53354
36089,2,0,53356
36090,1,0,53357
36091,1,0,53358
36092,3,0,53361
36093,1,0,53362
36094,1,0,53363
36095,2,0,53365
36096,1,0,53366
36097,1,0,53367
36098,1,0,53368
36099,1,0,53369
36100,1,0,53370
36101,2,0,53372
36102,2,0,53374
36103,2,0,53376
36104,2,0,53378
36105,4,0,53382
36106,1,0,53383
36107,1,0,53384
36108,1,0,53385
36109,1,0,53386
36110,2,0,53388
36111,1,0,53389
36112,1,0,53390
36113,1,0,53391
36114,1,0,53392
36115,1,0,53393
36116,2,0,53395
36117,1,0,53396
36118,1,0,53397
36119,1,0,53398
36120,3,0,53401
36121,1,0,53402
36122,1,0,53403
36123,1,0,53404
36124,1,0,53405
36125,2,0,53407
36126,1,0,53408
36127,1,0,53409
36128,3,0,53412
36129,2,0,53414
36130,2,0,53416
36131,1,0,53417
36132,1,0,53418
36133,1,0,53419
36134,1,0,53420
36135,1,0,53421
36136,1,0,53422
36137,3,0,53425
36138,2,0,53427
36139,1,0,53428
36140,3,0,53431
36141,2,0,53433
36142,2,0,53435
36143,1,0,53436
36144,1,0,53437
36145,1,0,53438
36146,3,0,53441
36147,2,0,53443
36148,2,0,53445
36149,1,0,53446
36150,1,0,53447
36151,2,0,53449
36152,2,0,53451
36153,2,0,53453
36154,1,0,53454
36155,2,0,53456
36156,1,0,53457
36157,1,0,53458
36158,1,0,53459
36159,2,0,53461
36160,2,0,53463
36161,2,0,53465
36162,1,0,53466
36163,7,0,53473
36164,1,0,53474
36165,1,0,53475
36166,1,0,53476
36167,1,0,53477
36168,1,0,53478
36169,1,0,53479
36170,1,0,53480
36171,1,0,53481
36172,4,0,53485
36173,1,0,53486
36174,1,0,53487
36175,2,0,53489
36176,1,0,53490
36177,1,0,53491
36178,1,0,53492
36179,2,0,53494
36180,2,0,53496
36181,1,0,53497
36182,1,0,53498
36183,1,0,53499
36184,1,0,53500
36185,2,0,53502
36186,1,0,53503
36187,1,0,53504
36188,2,0,53506
36189,1,0,53507
36190,1,0,53508
36191,1,0,53509
36192,3,0,53512
36193,2,0,53514
36194,2,0,53516
36195,1,0,53517
36196,1,0,53518
36197,3,0,53521
36198,2,0,53523
36199,3,0,53526
36200,3,0,53529
36201,1,0,53530
36202,2,0,53532
36203,3,0,53535
36204,4,0,53539
36205,1,0,53540
36206,1,0,53541
36207,2,0,53543
36208,1,0,53544
36209,3,0,53547
36210,1,0,53548
36211,1,0,53549
36212,1,0,53550
36213,3,0,53553
36214,1,0,53554
36215,2,0,53556
36216,1,0,53557
36217,1,0,53558
36218,1,0,53559
36219,1,0,53560
36220,1,0,53561
36221,1,0,53562
36222,1,0,53563
36223,1,0,53564
36224,1,0,53565
36225,1,0,53566
36226,1,0,53567
36227,1,0,53568
36228,2,0,53570
36229,2,0,53572
36230,1,0,53573
36231,1,0,53574
36232,1,0,53575
36233,2,0,53577
36234,1,0,53578
36235,2,0,53580
36236,3,0,53583
36237,2,0,53585
36238,4,0,53589
36239,2,0,53591
36240,2,0,53593
36241,1,0,53594
36242,1,0,53595
36243,1,0,53596
36244,1,0,53597
36245,2,0,53599
36246,1,0,53600
36247,1,0,53601
36248,2,0,53603
36249,1,0,53604
36250,1,0,53605
36251,1,0,53606
36252,1,0,53607
36253,2,0,53609
36254,1,0,53610
36255,3,0,53613
36256,3,0,53616
36257,1,0,53617
36258,3,0,53620
36259,2,0,53622
36260,3,0,53625
36261,1,0,53626
36262,2,0,53628
36263,2,0,53630
36264,1,0,53631
36265,1,0,53632
36266,2,0,53634
36267,1,0,53635
36268,1,0,53636
36269,1,0,53637
36270,1,0,53638
36271,1,0,53639
36272,2,0,53641
36273,1,0,53642
36274,1,0,53643
36275,2,0,53645
36276,2,0,53647
36277,2,0,53649
36278,6,0,53655
36279,1,0,53656
36280,1,0,53657
36281,2,0,53659
36282,1,0,53660
36283,1,0,53661
36284,1,0,53662
36285,1,0,53663
36286,1,0,53664
36287,2,0,53666
36288,2,0,53668
36289,2,0,53670
36290,2,0,53672
36291,1,0,53673
36292,1,0,53674
36293,4,0,53678
36294,1,0,53679
36295,1,0,53680
36296,1,0,53681
36297,3,0,53684
36298,1,0,53685
36299,2,0,53687
36300,1,0,53688
36301,1,0,53689
36302,1,0,53690
36303,4,0,53694
36304,2,0,53696
36305,1,0,53697
36306,2,0,53699
36307,1,0,53700
36308,2,0,53702
36309,1,0,53703
36310,3,0,53706
36311,2,0,53708
36312,1,0,53709
36313,3,0,53712
36314,1,0,53713
36315,1,0,53714
36316,1,0,53715
36317,6,0,53721
36318,2,0,53723
36319,1,0,53724
36320,2,0,53726
36321,1,0,53727
36322,1,0,53728
36323,2,0,53730
36324,2,0,53732
36325,1,0,53733
36326,3,0,53736
36327,1,0,53737
36328,1,0,53738
36329,1,0,53739
36330,4,0,53743
36331,1,0,53744
36332,1,0,53745
36333,4,0,53749
36334,2,0,53751
36335,1,0,53752
36336,1,0,53753
36337,1,0,53754
36338,1,0,53755
36339,1,0,53756
36340,1,0,53757
36341,1,0,53758
36342,1,0,53759
36343,2,0,53761
36344,1,0,53762
36345,1,0,53763
36346,1,0,53764
36347,1,0,53765
36348,1,0,53766
36349,2,0,53768
36350,1,0,53769
36351,1,0,53770
36352,1,0,53771
36353,1,0,53772
36354,1,0,53773
36355,1,0,53774
36356,2,0,53776
36357,3,0,53779
36358,1,0,53780
36359,1,0,53781
36360,1,0,53782
36361,1,0,53783
36362,1,0,53784
36363,1,0,53785
36364,1,0,53786
36365,1,0,53787
36366,2,0,53789
36367,1,0,53790
36368,1,0,53791
36369,1,0,53792
36370,1,0,53793
36371,3,0,53796
36372,1,0,53797
36373,1,0,53798
36374,2,0,53800
36375,1,0,53801
36376,1,0,53802
36377,1,0,53803
36378,1,0,53804
36379,1,0,53805
36380,1,0,53806
36381,1,0,53807
36382,1,0,53808
36383,1,0,53809
36384,1,0,53810
36385,3,0,53813
36386,1,0,53814
36387,2,0,53816
36388,2,0,53818
36389,1,0,53819
36390,1,0,53820
36391,1,0,53821
36392,2,0,53823
36393,1,0,53824
36394,2,0,53826
36395,3,0,53829
36396,1,0,53830
36397,2,0,53832
36398,2,0,53834
36399,1,0,53835
36400,2,0,53837
36401,3,0,53840
36402,3,0,53843
36403,2,0,53845
36404,1,0,53846
36405,1,0,53847
36406,2,0,53849
36407,2,0,53851
36408,2,0,53853
36409,1,0,53854
36410,2,0,53856
36411,2,0,53858
36412,1,0,53859
36413,2,0,53861
36414,1,0,53862
36415,1,0,53863
36416,1,0,53864
36417,1,0,53865
36418,1,0,53866
36419,3,0,53869
36420,1,0,53870
36421,2,0,53872
36422,1,0,53873
36423,2,0,53875
36424,1,0,53876
36425,1,0,53877
36426,1,0,53878
36427,1,0,53879
36428,1,0,53880
36429,1,0,53881
36430,6,0,53887
36431,1,0,53888
36432,1,0,53889
36433,1,0,53890
36434,1,0,53891
36435,2,0,53893
36436,1,0,53894
36437,1,0,53895
36438,1,0,53896
36439,1,0,53897
36440,1,0,53898
36441,1,0,53899
36442,1,0,53900
36443,2,0,53902
36444,1,0,53903
36445,1,0,53904
36446,1,0,53905
36447,1,0,53906
36448,1,0,53907
36449,2,0,53909
36450,1,0,53910
36451,1,0,53911
36452,1,0,53912
36453,1,0,53913
36454,1,0,53914
36455,1,0,53915
36456,2,0,53917
36457,1,0,53918
36458,2,0,53920
36459,1,0,53921
36460,3,0,53924
36461,1,0,53925
36462,1,0,53926
36463,1,0,53927
36464,1,0,53928
36465,1,0,53929
36466,1,0,53930
36467,2,0,53932
36468,1,0,53933
36469,1,0,53934
36470,2,0,53936
36471,2,0,53938
36472,1,0,53939
36473,1,0,53940
36474,1,0,53941
36475,2,0,53943
36476,1,0,53944
36477,1,0,53945
36478,1,0,53946
36479,1,0,53947
36480,1,0,53948
36481,1,0,53949
36482,1,0,53950
36483,2,0,53952
36484,1,0,53953
36485,2,0,53955
36486,1,0,53956
36487,3,0,53959
36488,2,0,53961
36489,1,0,53962
36490,2,0,53964
36491,1,0,53965
36492,1,0,53966
36493,1,0,53967
36494,2,0,53969
36495,1,0,53970
36496,1,0,53971
36497,1,0,53972
36498,1,0,53973
36499,2,0,53975
36500,2,0,53977
36501,2,0,53979
36502,3,0,53982
36503,1,0,53983
36504,3,0,53986
36505,1,0,53987
36506,1,0,53988
36507,1,0,53989
36508,1,0,53990
36509,2,0,53992
36510,1,0,53993
36511,2,0,53995
36512,2,0,53997
36513,1,0,53998
36514,2,0,54000
36515,1,0,54001
36516,4,0,54005
36517,1,0,54006
36518,1,0,54007
36519,1,0,54008
36520,2,0,54010
36521,1,0,54011
36522,2,0,54013
36523,2,0,54015
36524,1,0,54016
36525,1,0,54017
36526,1,0,54018
36527,1,0,54019
36528,1,0,54020
36529,1,0,54021
36530,1,0,54022
36531,2,0,54024
36532,2,0,54026
36533,1,0,54027
36534,2,0,54029
36535,1,0,54030
36536,1,0,54031
36537,1,0,54032
36538,1,0,54033
36539,1,0,54034
36540,1,0,54035
36541,1,0,54036
36542,1,0,54037
36543,1,0,54038
36544,3,0,54041
36545,3,0,54044
36546,1,0,54045
36547,2,0,54047
36548,1,0,54048
36549,1,0,54049
36550,2,0,54051
36551,1,0,54052
36552,1,0,54053
36553,1,0,54054
36554,1,0,54055
36555,1,0,54056
36556,3,0,54059
36557,3,0,54062
36558,1,0,54063
36559,2,0,54065
36560,1,0,54066
36561,1,0,54067
36562,3,0,54070
36563,1,0,54071
36564,2,0,54073
36565,1,0,54074
36566,2,0,54076
36567,1,0,54077
36568,2,0,54079
36569,1,0,54080
36570,1,0,54081
36571,1,0,54082
36572,1,0,54083
36573,2,0,54085
36574,2,0,54087
36575,3,0,54090
36576,2,0,54092
36577,2,0,54094
36578,1,0,54095
36579,2,0,54097
36580,1,0,54098
36581,2,0,54100
36582,1,0,54101
36583,1,0,54102
36584,1,0,54103
36585,1,0,54104
36586,1,0,54105
36587,2,0,54107
36588,1,0,54108
36589,2,0,54110
36590,3,0,54113
36591,1,0,54114
36592,1,0,54115
36593,1,0,54116
36594,1,0,54117
36595,3,0,54120
36596,2,0,54122
36597,2,0,54124
36598,1,0,54125
36599,1,0,54126
36600,1,0,54127
36601,1,0,54128
36602,1,0,54129
36603,1,0,54130
36604,1,0,54131
36605,2,0,54133
36606,1,0,54134
36607,1,0,54135
36608,1,0,54136
36609,1,0,54137
36610,1,0,54138
36611,1,0,54139
36612,2,0,54141
36613,1,0,54142
36614,1,0,54143
36615,1,0,54144
36616,1,0,54145
36617,1,0,54146
36618,1,0,54147
36619,1,0,54148
36620,2,0,54150
36621,5,0,54155
36622,1,0,54156
36623,1,0,54157
36624,1,0,54158
36625,2,0,54160
36626,2,0,54162
36627,1,0,54163
36628,1,0,54164
36629,1,0,54165
36630,4,0,54169
36631,2,0,54171
36632,1,0,54172
36633,4,0,54176
36634,1,0,54177
36635,1,0,54178
36636,2,0,54180
36637,2,0,54182
36638,1,0,54183
36639,1,0,54184
36640,1,0,54185
36641,2,0,54187
36642,1,0,54188
36643,1,0,54189
36644,2,0,54191
36645,2,0,54193
36646,1,0,54194
36647,1,0,54195
36648,1,0,54196
36649,1,0,54197
36650,1,0,54198
36651,1,0,54199
36652,1,0,54200
36653,1,0,54201
36654,1,0,54202
36655,2,0,54204
36656,1,0,54205
36657,1,0,54206
36658,1,0,54207
36659,1,0,54208
36660,1,0,54209
36661,2,0,54211
36662,3,0,54214
36663,1,0,54215
36664,1,0,54216
36665,1,0,54217
36666,2,0,54219
36667,1,0,54220
36668,1,0,54221
36669,1,0,54222
36670,1,0,54223
36671,1,0,54224
36672,2,0,54226
36673,1,0,54227
36674,1,0,54228
36675,1,0,54229
36676,1,0,54230
36677,1,0,54231
36678,1,0,54232
36679,1,0,54233
36680,1,0,54234
36681,1,0,54235
36682,1,0,54236
36683,1,0,54237
36684,1,0,54238
36685,3,0,54241
36686,2,0,54243
36687,2,0,54245
36688,1,0,54246
36689,1,0,54247
36690,1,0,54248
36691,1,0,54249
36692,1,0,54250
36693,1,0,54251
36694,1,0,54252
36695,1,0,54253
36696,2,0,54255
36697,2,0,54257
36698,2,0,54259
36699,1,0,54260
36700,3,0,54263
36701,1,0,54264
36702,1,0,54265
36703,1,0,54266
36704,1,0,54267
36705,1,0,54268
36706,3,0,54271
36707,1,0,54272
36708,1,0,54273
36709,1,0,54274
36710,2,0,54276
36711,2,0,54278
36712,5,0,54283
36713,1,0,54284
36714,2,0,54286
36715,1,0,54287
36716,1,0,54288
36717,1,0,54289
36718,1,0,54290
36719,1,0,54291
36720,2,0,54293
36721,1,0,54294
36722,1,0,54295
36723,1,0,54296
36724,2,0,54298
36725,1,0,54299
36726,4,0,54303
36727,1,0,54304
36728,1,0,54305
36729,1,0,54306
36730,3,0,54309
36731,1,0,54310
36732,1,0,54311
36733,2,0,54313
36734,1,0,54314
36735,1,0,54315
36736,1,0,54316
36737,2,0,54318
36738,1,0,54319
36739,1,0,54320
36740,1,0,54321
36741,2,0,54323
36742,1,0,54324
36743,1,0,54325
36744,1,0,54326
36745,1,0,54327
36746,2,0,54329
36747,3,0,54332
36748,1,0,54333
36749,1,0,54334
36750,1,0,54335
36751,1,0,54336
36752,1,0,54337
36753,2,0,54339
36754,1,0,54340
36755,2,0,54342
36756,1,0,54343
36757,2,0,54345
36758,3,0,54348
36759,3,0,54351
36760,1,0,54352
36761,2,0,54354
36762,2,0,54356
36763,2,0,54358
36764,1,0,54359
36765,2,0,54361
36766,1,0,54362
36767,1,0,54363
36768,1,0,54364
36769,1,0,54365
36770,1,0,54366
36771,1,0,54367
36772,3,0,54370
36773,1,0,54371
36774,2,0,54373
36775,1,0,54374
36776,1,0,54375
36777,1,0,54376
36778,1,0,54377
36779,3,0,54380
36780,1,0,54381
36781,1,0,54382
36782,1,0,54383
36783,1,0,54384
36784,2,0,54386
36785,1,0,54387
36786,1,0,54388
36787,1,0,54389
36788,1,0,54390
36789,1,0,54391
36790,1,0,54392
36791,2,0,54394
36792,1,0,54395
36793,1,0,54396
36794,1,0,54397
36795,1,0,54398
36796,1,0,54399
36797,3,0,54402
36798,1,0,54403
36799,1,0,54404
36800,1,0,54405
36801,1,0,54406
36802,5,0,54411
36803,1,0,54412
36804,1,0,54413
36805,1,0,54414
36806,1,0,54415
36807,2,0,54417
36808,2,0,54419
36809,2,0,54421
36810,1,0,54422
36811,3,0,54425
36812,2,0,54427
36813,2,0,54429
36814,1,0,54430
36815,1,0,54431
36816,1,0,54432
36817,1,0,54433
36818,1,0,54434
36819,1,0,54435
36820,1,0,54436
36821,2,0,54438
36822,1,0,54439
36823,4,0,54443
36824,1,0,54444
36825,1,0,54445
36826,1,0,54446
36827,1,0,54447
36828,1,0,54448
36829,3,0,54451
36830,1,0,54452
36831,2,0,54454
36832,1,0,54455
36833,1,0,54456
36834,1,0,54457
36835,2,0,54459
36836,1,0,54460
36837,2,0,54462
36838,2,0,54464
36839,1,0,54465
36840,2,0,54467
36841,1,0,54468
36842,1,0,54469
36843,3,0,54472
36844,1,0,54473
36845,1,0,54474
36846,1,0,54475
36847,1,0,54476
36848,1,0,54477
36849,2,0,54479
36850,1,0,54480
36851,2,0,54482
36852,1,0,54483
36853,1,0,54484
36854,1,0,54485
36855,1,0,54486
36856,1,0,54487
36857,2,0,54489
36858,1,0,54490
36859,1,0,54491
36860,3,0,54494
36861,1,0,54495
36862,1,0,54496
36863,1,0,54497
36864,1,0,54498
36865,2,0,54500
36866,2,0,54502
36867,1,0,54503
36868,1,0,54504
36869,1,0,54505
36870,1,0,54506
36871,1,0,54507
36872,1,0,54508
36873,2,0,54510
36874,4,0,54514
36875,1,0,54515
36876,1,0,54516
36877,2,0,54518
36878,1,0,54519
36879,1,0,54520
36880,1,0,54521
36881,1,0,54522
36882,1,0,54523
36883,1,0,54524
36884,1,0,54525
36885,1,0,54526
36886,1,0,54527
36887,1,0,54528
36888,1,0,54529
36889,1,0,54530
36890,3,0,54533
36891,1,0,54534
36892,3,0,54537
36893,1,0,54538
36894,1,0,54539
36895,1,0,54540
36896,1,0,54541
36897,1,0,54542
36898,1,0,54543
36899,3,0,54546
36900,1,0,54547
36901,2,0,54549
36902,1,0,54550
36903,1,0,54551
36904,1,0,54552
36905,1,0,54553
36906,1,0,54554
36907,1,0,54555
36908,1,0,54556
36909,2,0,54558
36910,1,0,54559
36911,1,0,54560
36912,1,0,54561
36913,1,0,54562
36914,2,0,54564
36915,1,0,54565
36916,1,0,54566
36917,1,0,54567
36918,1,0,54568
36919,1,0,54569
36920,1,0,54570
36921,1,0,54571
36922,1,0,54572
36923,1,0,54573
36924,1,0,54574
36925,2,0,54576
36926,2,0,54578
36927,1,0,54579
36928,3,0,54582
36929,3,0,54585
36930,2,0,54587
36931,1,0,54588
36932,1,0,54589
36933,1,0,54590
36934,1,0,54591
36935,1,0,54592
36936,2,0,54594
36937,1,0,54595
36938,2,0,54597
36939,1,0,54598
36940,1,0,54599
36941,1,0,54600
36942,2,0,54602
36943,2,0,54604
36944,1,0,54605
36945,1,0,54606
36946,4,0,54610
36947,2,0,54612
36948,1,0,54613
36949,1,0,54614
36950,1,0,54615
36951,2,0,54617
36952,1,0,54618
36953,1,0,54619
36954,1,0,54620
36955,1,0,54621
36956,2,0,54623
36957,1,0,54624
36958,2,0,54626
36959,1,0,54627
36960,2,0,54629
36961,1,0,54630
36962,1,0,54631
36963,1,0,54632
36964,1,0,54633
36965,2,0,54635
36966,2,0,54637
36967,4,0,54641
36968,4,0,54645
36969,1,0,54646
36970,2,0,54648
36971,1,0,54649
36972,1,0,54650
36973,2,0,54652
36974,1,0,54653
36975,1,0,54654
36976,2,0,54656
36977,1,0,54657
36978,1,0,54658
36979,2,0,54660
36980,1,0,54661
36981,2,0,54663
36982,1,0,54664
36983,1,0,54665
36984,1,0,54666
36985,1,0,54667
36986,1,0,54668
36987,1,0,54669
36988,1,0,54670
36989,1,0,54671
36990,2,0,54673
36991,2,0,54675
36992,1,0,54676
36993,1,0,54677
36994,1,0,54678
36995,1,0,54679
36996,1,0,54680
36997,2,0,54682
36998,1,0,54683
36999,1,0,54684
37000,1,0,54685
37001,1,0,54686
37002,2,0,54688
37003,2,0,54690
37004,3,0,54693
37005,1,0,54694
37006,3,0,54697
37007,1,0,54698
37008,2,0,54700
37009,1,0,54701
37010,1,0,54702
37011,1,0,54703
37012,1,0,54704
37013,2,0,54706
37014,6,0,54712
37015,1,0,54713
37016,1,0,54714
37017,1,0,54715
37018,1,0,54716
37019,1,0,54717
37020,1,0,54718
37021,1,0,54719
37022,1,0,54720
37023,1,0,54721
37024,1,0,54722
37025,1,0,54723
37026,2,0,54725
37027,2,0,54727
37028,1,0,54728
37029,2,0,54730
37030,1,0,54731
37031,2,0,54733
37032,1,0,54734
37033,3,0,54737
37034,1,0,54738
37035,1,0,54739
37036,1,0,54740
37037,1,0,54741
37038,1,0,54742
37039,1,0,54743
37040,1,0,54744
37041,2,0,54746
37042,1,0,54747
37043,1,0,54748
37044,1,0,54749
37045,3,0,54752
37046,1,0,54753
37047,1,0,54754
37048,1,0,54755
37049,1,0,54756
37050,2,0,54758
37051,1,0,54759
37052,1,0,54760
37053,2,0,54762
37054,1,0,54763
37055,2,0,54765
37056,1,0,54766
37057,1,0,54767
37058,2,0,54769
37059,2,0,54771
37060,1,0,54772
37061,1,0,54773
37062,2,0,54775
37063,1,0,54776
37064,2,0,54778
37065,1,0,54779
37066,2,0,54781
37067,1,0,54782
37068,1,0,54783
37069,2,0,54785
37070,2,0,54787
37071,2,0,54789
37072,1,0,54790
37073,3,0,54793
37074,1,0,54794
37075,1,0,54795
37076,1,0,54796
37077,1,0,54797
37078,1,0,54798
37079,1,0,54799
37080,1,0,54800
37081,1,0,54801
37082,1,0,54802
37083,1,0,54803
37084,1,0,54804
37085,1,0,54805
37086,1,0,54806
37087,1,0,54807
37088,2,0,54809
37089,1,0,54810
37090,3,0,54813
37091,1,0,54814
37092,4,0,54818
37093,1,0,54819
37094,1,0,54820
37095,1,0,54821
37096,1,0,54822
37097,1,0,54823
37098,1,0,54824
37099,1,0,54825
37100,1,0,54826
37101,1,0,54827
37102,1,0,54828
37103,2,0,54830
37104,4,0,54834
37105,1,0,54835
37106,2,0,54837
37107,1,0,54838
37108,2,0,54840
37109,2,0,54842
37110,1,0,54843
37111,1,0,54844
37112,1,0,54845
37113,1,0,54846
37114,1,0,54847
37115,4,0,54851
37116,2,0,54853
37117,1,0,54854
37118,1,0,54855
37119,1,0,54856
37120,2,0,54858
37121,3,0,54861
37122,1,0,54862
37123,1,0,54863
37124,1,0,54864
37125,1,0,54865
37126,1,0,54866
37127,1,0,54867
37128,1,0,54868
37129,2,0,54870
37130,1,0,54871
37131,1,0,54872
37132,1,0,54873
37133,1,0,54874
37134,1,0,54875
37135,1,0,54876
37136,1,0,54877
37137,1,0,54878
37138,1,0,54879
37139,1,0,54880
37140,1,0,54881
37141,1,0,54882
37142,1,0,54883
37143,1,0,54884
37144,1,0,54885
37145,3,0,54888
37146,1,0,54889
37147,1,0,54890
37148,2,0,54892
37149,1,0,54893
37150,1,0,54894
37151,1,0,54895
37152,1,0,54896
37153,2,0,54898
37154,1,0,54899
37155,1,0,54900
37156,1,0,54901
37157,1,0,54902
37158,2,0,54904
37159,2,0,54906
37160,1,0,54907
37161,1,0,54908
37162,1,0,54909
37163,1,0,54910
37164,1,0,54911
37165,1,0,54912
37166,1,0,54913
37167,2,0,54915
37168,1,0,54916
37169,1,0,54917
37170,1,0,54918
37171,1,0,54919
37172,1,0,54920
37173,1,0,54921
37174,3,0,54924
37175,1,0,54925
37176,2,0,54927
37177,1,0,54928
37178,1,0,54929
37179,1,0,54930
37180,2,0,54932
37181,2,0,54934
37182,1,0,54935
37183,1,0,54936
37184,1,0,54937
37185,1,0,54938
37186,1,0,54939
37187,2,0,54941
37188,1,0,54942
37189,5,0,54947
37190,1,0,54948
37191,1,0,54949
37192,3,0,54952
37193,2,0,54954
37194,1,0,54955
37195,1,0,54956
37196,1,0,54957
37197,3,0,54960
37198,1,0,54961
37199,1,0,54962
37200,1,0,54963
37201,1,0,54964
37202,1,0,54965
37203,2,0,54967
37204,1,0,54968
37205,1,0,54969
37206,2,0,54971
37207,1,0,54972
37208,1,0,54973
37209,3,0,54976
37210,1,0,54977
37211,1,0,54978
37212,1,0,54979
37213,1,0,54980
37214,1,0,54981
37215,2,0,54983
37216,1,0,54984
37217,8,0,54992
37218,2,0,54994
37219,1,0,54995
37220,2,0,54997
37221,1,0,54998
37222,2,0,55000
37223,3,0,55003
37224,1,0,55004
37225,1,0,55005
37226,1,0,55006
37227,2,0,55008
37228,1,0,55009
37229,2,0,55011
37230,1,0,55012
37231,2,0,55014
37232,1,0,55015
37233,1,0,55016
37234,1,0,55017
37235,1,0,55018
37236,1,0,55019
37237,1,0,55020
37238,1,0,55021
37239,1,0,55022
37240,2,0,55024
37241,1,0,55025
37242,1,0,55026
37243,4,0,55030
37244,1,0,55031
37245,1,0,55032
37246,1,0,55033
37247,1,0,55034
37248,1,0,55035
37249,1,0,55036
37250,2,0,55038
37251,2,0,55040
37252,1,0,55041
37253,1,0,55042
37254,2,0,55044
37255,1,0,55045
37256,2,0,55047
37257,3,0,55050
37258,1,0,55051
37259,1,0,55052
37260,2,0,55054
37261,1,0,55055
37262,1,0,55056
37263,1,0,55057
37264,1,0,55058
37265,1,0,55059
37266,1,0,55060
37267,1,0,55061
37268,2,0,55063
37269,1,0,55064
37270,1,0,55065
37271,3,0,55068
37272,1,0,55069
37273,1,0,55070
37274,1,0,55071
37275,1,0,55072
37276,1,0,55073
37277,3,0,55076
37278,1,0,55077
37279,1,0,55078
37280,1,0,55079
37281,1,0,55080
37282,1,0,55081
37283,1,0,55082
37284,1,0,55083
37285,1,0,55084
37286,1,0,55085
37287,2,0,55087
37288,1,0,55088
37289,1,0,55089
37290,1,0,55090
37291,5,0,55095
37292,1,0,55096
37293,1,0,55097
37294,1,0,55098
37295,1,0,55099
37296,1,0,55100
37297,2,0,55102
37298,1,0,55103
37299,2,0,55105
37300,2,0,55107
37301,1,0,55108
37302,1,0,55109
37303,1,0,55110
37304,2,0,55112
37305,1,0,55113
37306,3,0,55116
37307,1,0,55117
37308,1,0,55118
37309,1,0,55119
37310,1,0,55120
37311,2,0,55122
37312,2,0,55124
37313,1,0,55125
37314,1,0,55126
37315,1,0,55127
37316,2,0,55129
37317,1,0,55130
37318,4,0,55134
37319,1,0,55135
37320,2,0,55137
37321,2,0,55139
37322,1,0,55140
37323,1,0,55141
37324,1,0,55142
37325,1,0,55143
37326,1,0,55144
37327,1,0,55145
37328,1,0,55146
37329,1,0,55147
37330,1,0,55148
37331,1,0,55149
37332,1,0,55150
37333,1,0,55151
37334,3,0,55154
37335,1,0,55155
37336,1,0,55156
37337,1,0,55157
37338,1,0,55158
37339,3,0,55161
37340,1,0,55162
37341,1,0,55163
37342,1,0,55164
37343,1,0,55165
37344,1,0,55166
37345,2,0,55168
37346,1,0,55169
37347,1,0,55170
37348,2,0,55172
37349,1,0,55173
37350,1,0,55174
37351,2,0,55176
37352,1,0,55177
37353,1,0,55178
37354,1,0,55179
37355,1,0,55180
37356,1,0,55181
37357,1,0,55182
37358,1,0,55183
37359,1,0,55184
37360,1,0,55185
37361,1,0,55186
37362,1,0,55187
37363,1,0,55188
37364,1,0,55189
37365,1,0,55190
37366,1,0,55191
37367,2,0,55193
37368,1,0,55194
37369,1,0,55195
37370,1,0,55196
37371,1,0,55197
37372,1,0,55198
37373,2,0,55200
37374,1,0,55201
37375,3,0,55204
37376,4,0,55208
37377,2,0,55210
37378,1,0,55211
37379,1,0,55212
37380,3,0,55215
37381,1,0,55216
37382,1,0,55217
37383,1,0,55218
37384,1,0,55219
37385,1,0,55220
37386,1,0,55221
37387,1,0,55222
37388,1,0,55223
37389,1,0,55224
37390,1,0,55225
37391,1,0,55226
37392,1,0,55227
37393,1,0,55228
37394,1,0,55229
37395,1,0,55230
37396,1,0,55231
37397,1,0,55232
37398,2,0,55234
37399,1,0,55235
37400,2,0,55237
37401,1,0,55238
37402,3,0,55241
37403,1,0,55242
37404,1,0,55243
37405,2,0,55245
37406,1,0,55246
37407,1,0,55247
37408,1,0,55248
37409,2,0,55250
37410,3,0,55253
37411,1,0,55254
37412,1,0,55255
37413,2,0,55257
37414,1,0,55258
37415,1,0,55259
37416,1,0,55260
37417,2,0,55262
37418,1,0,55263
37419,1,0,55264
37420,2,0,55266
37421,1,0,55267
37422,1,0,55268
37423,1,0,55269
37424,2,0,55271
37425,3,0,55274
37426,1,0,55275
37427,1,0,55276
37428,1,0,55277
37429,2,0,55279
37430,2,0,55281
37431,1,0,55282
37432,1,0,55283
37433,1,0,55284
37434,1,0,55285
37435,1,0,55286
37436,1,0,55287
37437,1,0,55288
37438,2,0,55290
37439,2,0,55292
37440,1,0,55293
37441,1,0,55294
37442,2,0,55296
37443,1,0,55297
37444,1,0,55298
37445,1,0,55299
37446,1,0,55300
37447,2,0,55302
37448,1,0,55303
37449,1,0,55304
37450,3,0,55307
37451,1,0,55308
37452,1,0,55309
37453,1,0,55310
37454,1,0,55311
37455,1,0,55312
37456,2,0,55314
37457,2,0,55316
37458,1,0,55317
37459,2,0,55319
37460,1,0,55320
37461,1,0,55321
37462,2,0,55323
37463,1,0,55324
37464,1,0,55325
37465,1,0,55326
37466,2,0,55328
37467,1,0,55329
37468,2,0,55331
37469,1,0,55332
37470,1,0,55333
37471,1,0,55334
37472,1,0,55335
37473,1,0,55336
37474,1,0,55337
37475,1,0,55338
37476,1,0,55339
37477,2,0,55341
37478,1,0,55342
37479,1,0,55343
37480,5,0,55348
37481,2,0,55350
37482,2,0,55352
37483,1,0,55353
37484,1,0,55354
37485,1,0,55355
37486,2,0,55357
37487,1,0,55358
37488,3,0,55361
37489,1,0,55362
37490,2,0,55364
37491,1,0,55365
37492,1,0,55366
37493,1,0,55367
37494,1,0,55368
37495,1,0,55369
37496,2,0,55371
37497,1,0,55372
37498,1,0,55373
37499,1,0,55374
37500,1,0,55375
37501,1,0,55376
37502,1,0,55377
37503,1,0,55378
37504,3,0,55381
37505,1,0,55382
37506,1,0,55383
37507,1,0,55384
37508,1,0,55385
37509,3,0,55388
37510,1,0,55389
37511,1,0,55390
37512,3,0,55393
37513,1,0,55394
37514,1,0,55395
37515,1,0,55396
37516,1,0,55397
37517,1,0,55398
37518,1,0,55399
37519,1,0,55400
37520,2,0,55402
37521,2,0,55404
37522,1,0,55405
37523,3,0,55408
37524,1,0,55409
37525,1,0,55410
37526,2,0,55412
37527,1,0,55413
37528,1,0,55414
37529,2,0,55416
37530,1,0,55417
37531,1,0,55418
37532,2,0,55420
37533,1,0,55421
37534,1,0,55422
37535,1,0,55423
37536,1,0,55424
37537,2,0,55426
37538,1,0,55427
37539,1,0,55428
37540,1,0,55429
37541,3,0,55432
37542,1,0,55433
37543,2,0,55435
37544,1,0,55436
37545,1,0,55437
37546,1,0,55438
37547,2,0,55440
37548,1,0,55441
37549,1,0,55442
37550,1,0,55443
37551,2,0,55445
37552,1,0,55446
37553,1,0,55447
37554,1,0,55448
37555,1,0,55449
37556,3,0,55452
37557,2,0,55454
37558,1,0,55455
37559,1,0,55456
37560,1,0,55457
37561,1,0,55458
37562,1,0,55459
37563,1,0,55460
37564,2,0,55462
37565,1,0,55463
37566,1,0,55464
37567,1,0,55465
37568,1,0,55466
37569,2,0,55468
37570,1,0,55469
37571,1,0,55470
37572,2,0,55472
37573,2,0,55474
37574,6,0,55480
37575,1,0,55481
37576,1,0,55482
37577,1,0,55483
37578,2,0,55485
37579,2,0,55487
37580,4,0,55491
37581,1,0,55492
37582,1,0,55493
37583,3,0,55496
37584,1,0,55497
37585,1,0,55498
37586,2,0,55500
37587,2,0,55502
37588,1,0,55503
37589,1,0,55504
37590,1,0,55505
37591,3,0,55508
37592,1,0,55509
37593,2,0,55511
37594,1,0,55512
37595,1,0,55513
37596,1,0,55514
37597,1,0,55515
37598,1,0,55516
37599,3,0,55519
37600,1,0,55520
37601,2,0,55522
37602,1,0,55523
37603,1,0,55524
37604,3,0,55527
37605,1,0,55528
37606,1,0,55529
37607,1,0,55530
37608,1,0,55531
37609,1,0,55532
37610,1,0,55533
37611,3,0,55536
37612,1,0,55537
37613,1,0,55538
37614,1,0,55539
37615,2,0,55541
37616,1,0,55542
37617,1,0,55543
37618,1,0,55544
37619,2,0,55546
37620,1,0,55547
37621,1,0,55548
37622,1,0,55549
37623,1,0,55550
37624,1,0,55551
37625,1,0,55552
37626,2,0,55554
37627,1,0,55555
37628,1,0,55556
37629,1,0,55557
37630,2,0,55559
37631,2,0,55561
37632,1,0,55562
37633,1,0,55563
37634,1,0,55564
37635,1,0,55565
37636,2,0,55567
37637,1,0,55568
37638,1,0,55569
37639,1,0,55570
37640,2,0,55572
37641,1,0,55573
37642,4,0,55577
37643,1,0,55578
37644,1,0,55579
37645,1,0,55580
37646,1,0,55581
37647,2,0,55583
37648,2,0,55585
37649,1,0,55586
37650,1,0,55587
37651,1,0,55588
37652,3,0,55591
37653,2,0,55593
37654,1,0,55594
37655,1,0,55595
37656,1,0,55596
37657,1,0,55597
37658,1,0,55598
37659,2,0,55600
37660,3,0,55603
37661,1,0,55604
37662,1,0,55605
37663,2,0,55607
37664,1,0,55608
37665,1,0,55609
37666,1,0,55610
37667,2,0,55612
37668,1,0,55613
37669,2,0,55615
37670,2,0,55617
37671,3,0,55620
37672,1,0,55621
37673,1,0,55622
37674,1,0,55623
37675,1,0,55624
37676,2,0,55626
37677,1,0,55627
37678,2,0,55629
37679,1,0,55630
37680,1,0,55631
37681,1,0,55632
37682,1,0,55633
37683,1,0,55634
37684,1,0,55635
37685,2,0,55637
37686,3,0,55640
37687,1,0,55641
37688,1,0,55642
37689,1,0,55643
37690,1,0,55644
37691,1,0,55645
37692,2,0,55647
37693,2,0,55649
37694,1,0,55650
37695,1,0,55651
37696,1,0,55652
37697,1,0,55653
37698,3,0,55656
37699,2,0,55658
37700,1,0,55659
37701,1,0,55660
37702,1,0,55661
37703,1,0,55662
37704,1,0,55663
37705,4,0,55667
37706,1,0,55668
37707,2,0,55670
37708,3,0,55673
37709,1,0,55674
37710,1,0,55675
37711,1,0,55676
37712,1,0,55677
37713,3,0,55680
37714,2,0,55682
37715,1,0,55683
37716,1,0,55684
37717,1,0,55685
37718,2,0,55687
37719,1,0,55688
37720,1,0,55689
37721,5,0,55694
37722,1,0,55695
37723,1,0,55696
37724,2,0,55698
37725,1,0,55699
37726,1,0,55700
37727,2,0,55702
37728,1,0,55703
37729,1,0,55704
37730,1,0,55705
37731,1,0,55706
37732,1,0,55707
37733,3,0,55710
37734,1,0,55711
37735,1,0,55712
37736,2,0,55714
37737,1,0,55715
37738,2,0,55717
37739,2,0,55719
37740,3,0,55722
37741,1,0,55723
37742,1,0,55724
37743,2,0,55726
37744,1,0,55727
37745,1,0,55728
37746,2,0,55730
37747,1,0,55731
37748,1,0,55732
37749,1,0,55733
37750,1,0,55734
37751,1,0,55735
37752,1,0,55736
37753,1,0,55737
37754,1,0,55738
37755,3,0,55741
37756,1,0,55742
37757,1,0,55743
37758,4,0,55747
37759,1,0,55748
37760,1,0,55749
37761,1,0,55750
37762,1,0,55751
37763,1,0,55752
37764,1,0,55753
37765,1,0,55754
37766,1,0,55755
37767,1,0,55756
37768,1,0,55757
37769,3,0,55760
37770,1,0,55761
37771,1,0,55762
37772,1,0,55763
37773,1,0,55764
37774,1,0,55765
37775,2,0,55767
37776,2,0,55769
37777,1,0,55770
37778,1,0,55771
37779,1,0,55772
37780,1,0,55773
37781,3,0,55776
37782,2,0,55778
37783,1,0,55779
37784,1,0,55780
37785,1,0,55781
37786,1,0,55782
37787,1,0,55783
37788,1,0,55784
37789,2,0,55786
37790,1,0,55787
37791,1,0,55788
37792,1,0,55789
37793,1,0,55790
37794,1,0,55791
37795,1,0,55792
37796,1,0,55793
37797,1,0,55794
37798,1,0,55795
37799,1,0,55796
37800,2,0,55798
37801,1,0,55799
37802,1,0,55800
37803,1,0,55801
37804,1,0,55802
37805,1,0,55803
37806,1,0,55804
37807,1,0,55805
37808,1,0,55806
37809,1,0,55807
37810,1,0,55808
37811,1,0,55809
37812,1,0,55810
37813,2,0,55812
37814,2,0,55814
37815,1,0,55815
37816,1,0,55816
37817,1,0,55817
37818,1,0,55818
37819,3,0,55821
37820,1,0,55822
37821,1,0,55823
37822,1,0,55824
37823,1,0,55825
37824,1,0,55826
37825,1,0,55827
37826,2,0,55829
37827,2,0,55831
37828,2,0,55833
37829,1,0,55834
37830,1,0,55835
37831,1,0,55836
37832,2,0,55838
37833,1,0,55839
37834,1,0,55840
37835,1,0,55841
37836,1,0,55842
37837,2,0,55844
37838,1,0,55845
37839,1,0,55846
37840,1,0,55847
37841,2,0,55849
37842,2,0,55851
37843,1,0,55852
37844,1,0,55853
37845,3,0,55856
37846,1,0,55857
37847,1,0,55858
37848,3,0,55861
37849,1,0,55862
37850,1,0,55863
37851,1,0,55864
37852,4,0,55868
37853,2,0,55870
37854,1,0,55871
37855,2,0,55873
37856,1,0,55874
37857,1,0,55875
37858,1,0,55876
37859,1,0,55877
37860,3,0,55880
37861,1,0,55881
37862,2,0,55883
37863,2,0,55885
37864,2,0,55887
37865,2,0,55889
37866,3,0,55892
37867,1,0,55893
37868,1,0,55894
37869,1,0,55895
37870,2,0,55897
37871,1,0,55898
37872,1,0,55899
37873,1,0,55900
37874,1,0,55901
37875,2,0,55903
37876,1,0,55904
37877,1,0,55905
37878,1,0,55906
37879,2,0,55908
37880,1,0,55909
37881,1,0,55910
37882,1,0,55911
37883,1,0,55912
37884,1,0,55913
37885,2,0,55915
37886,1,0,55916
37887,1,0,55917
37888,1,0,55918
37889,1,0,55919
37890,1,0,55920
37891,1,0,55921
37892,1,0,55922
37893,3,0,55925
37894,1,0,55926
37895,1,0,55927
37896,1,0,55928
37897,1,0,55929
37898,2,0,55931
37899,2,0,55933
37900,2,0,55935
37901,2,0,55937
37902,3,0,55940
37903,1,0,55941
37904,1,0,55942
37905,1,0,55943
37906,2,0,55945
37907,1,0,55946
37908,1,0,55947
37909,1,0,55948
37910,2,0,55950
37911,1,0,55951
37912,1,0,55952
37913,1,0,55953
37914,1,0,55954
37915,1,0,55955
37916,1,0,55956
37917,1,0,55957
37918,1,0,55958
37919,1,0,55959
37920,1,0,55960
37921,1,0,55961
37922,2,0,55963
37923,1,0,55964
37924,1,0,55965
37925,2,0,55967
37926,2,0,55969
37927,1,0,55970
37928,2,0,55972
37929,1,0,55973
37930,1,0,55974
37931,1,0,55975
37932,2,0,55977
37933,1,0,55978
37934,1,0,55979
37935,1,0,55980
37936,2,0,55982
37937,2,0,55984
37938,1,0,55985
37939,4,0,55989
37940,1,0,55990
37941,1,0,55991
37942,1,0,55992
37943,1,0,55993
37944,1,0,55994
37945,1,0,55995
37946,1,0,55996
37947,1,0,55997
37948,5,0,56002
37949,2,0,56004
37950,1,0,56005
37951,1,0,56006
37952,1,0,56007
37953,1,0,56008
37954,1,0,56009
37955,3,0,56012
37956,2,0,56014
37957,2,0,56016
37958,3,0,56019
37959,3,0,56022
37960,1,0,56023
37961,2,0,56025
37962,3,0,56028
37963,1,0,56029
37964,2,0,56031
37965,1,0,56032
37966,1,0,56033
37967,3,0,56036
37968,1,0,56037
37969,1,0,56038
37970,1,0,56039
37971,1,0,56040
37972,3,0,56043
37973,1,0,56044
37974,2,0,56046
37975,1,0,56047
37976,1,0,56048
37977,2,0,56050
37978,1,0,56051
37979,1,0,56052
37980,1,0,56053
37981,2,0,56055
37982,1,0,56056
37983,1,0,56057
37984,1,0,56058
37985,1,0,56059
37986,1,0,56060
37987,1,0,56061
37988,1,0,56062
37989,2,0,56064
37990,1,0,56065
37991,1,0,56066
37992,1,0,56067
37993,1,0,56068
37994,1,0,56069
37995,1,0,56070
37996,3,0,56073
37997,1,0,56074
37998,1,0,56075
37999,1,0,56076
38000,1,0,56077
38001,1,0,56078
38002,3,0,56081
38003,1,0,56082
38004,1,0,56083
38005,1,0,56084
38006,3,0,56087
38007,4,0,56091
38008,1,0,56092
38009,1,0,56093
38010,1,0,56094
38011,1,0,56095
38012,1,0,56096
38013,1,0,56097
38014,2,0,56099
38015,1,0,56100
38016,1,0,56101
38017,1,0,56102
38018,1,0,56103
38019,2,0,56105
38020,1,0,56106
38021,1,0,56107
38022,2,0,56109
38023,1,0,56110
38024,1,0,56111
38025,2,0,56113
38026,5,0,56118
38027,1,0,56119
38028,1,0,56120
38029,1,0,56121
38030,1,0,56122
38031,2,0,56124
38032,1,0,56125
38033,11,0,56136
38034,1,0,56137
38035,1,0,56138
38036,2,0,56140
38037,1,0,56141
38038,1,0,56142
38039,1,0,56143
38040,2,0,56145
38041,3,0,56148
38042,1,0,56149
38043,1,0,56150
38044,1,0,56151
38045,1,0,56152
38046,3,0,56155
38047,1,0,56156
38048,2,0,56158
38049,1,0,56159
38050,1,0,56160
38051,1,0,56161
38052,1,0,56162
38053,1,0,56163
38054,1,0,56164
38055,1,0,56165
38056,1,0,56166
38057,1,0,56167
38058,2,0,56169
38059,1,0,56170
38060,1,0,56171
38061,1,0,56172
38062,3,0,56175
38063,1,0,56176
38064,1,0,56177
38065,1,0,56178
38066,1,0,56179
38067,1,0,56180
38068,1,0,56181
38069,1,0,56182
38070,1,0,56183
38071,2,0,56185
38072,1,0,56186
38073,1,0,56187
38074,2,0,56189
38075,1,0,56190
38076,3,0,56193
38077,1,0,56194
38078,1,0,56195
38079,1,0,56196
38080,1,0,56197
38081,2,0,56199
38082,1,0,56200
38083,1,0,56201
38084,1,0,56202
38085,1,0,56203
38086,1,0,56204
38087,1,0,56205
38088,4,0,56209
38089,1,0,56210
38090,1,0,56211
38091,1,0,56212
38092,1,0,56213
38093,2,0,56215
38094,3,0,56218
38095,4,0,56222
38096,2,0,56224
38097,3,0,56227
38098,1,0,56228
38099,2,0,56230
38100,2,0,56232
38101,1,0,56233
38102,1,0,56234
38103,2,0,56236
38104,3,0,56239
38105,1,0,56240
38106,1,0,56241
38107,2,0,56243
38108,1,0,56244
38109,1,0,56245
38110,1,0,56246
38111,1,0,56247
38112,1,0,56248
38113,1,0,56249
38114,1,0,56250
38115,1,0,56251
38116,1,0,56252
38117,1,0,56253
38118,4,0,56257
38119,2,0,56259
38120,1,0,56260
38121,1,0,56261
38122,1,0,56262
38123,1,0,56263
38124,2,0,56265
38125,1,0,56266
38126,1,0,56267
38127,1,0,56268
38128,2,0,56270
38129,1,0,56271
38130,1,0,56272
38131,1,0,56273
38132,1,0,56274
38133,1,0,56275
38134,2,0,56277
38135,2,0,56279
38136,1,0,56280
38137,3,0,56283
38138,1,0,56284
38139,1,0,56285
38140,2,0,56287
38141,1,0,56288
38142,1,0,56289
38143,4,0,56293
38144,1,0,56294
38145,1,0,56295
38146,1,0,56296
38147,1,0,56297
38148,1,0,56298
38149,1,0,56299
38150,1,0,56300
38151,2,0,56302
38152,2,0,56304
38153,1,0,56305
38154,1,0,56306
38155,2,0,56308
38156,1,0,56309
38157,2,0,56311
38158,1,0,56312
38159,1,0,56313
38160,5,0,56318
38161,2,0,56320
38162,2,0,56322
38163,1,0,56323
38164,1,0,56324
38165,1,0,56325
38166,2,0,56327
38167,2,0,56329
38168,2,0,56331
38169,2,0,56333
38170,1,0,56334
38171,2,0,56336
38172,1,0,56337
38173,1,0,56338
38174,1,0,56339
38175,1,0,56340
38176,2,0,56342
38177,1,0,56343
38178,2,0,56345
38179,1,0,56346
38180,1,0,56347
38181,3,0,56350
38182,2,0,56352
38183,1,0,56353
38184,1,0,56354
38185,1,0,56355
38186,2,0,56357
38187,1,0,56358
38188,1,0,56359
38189,1,0,56360
38190,1,0,56361
38191,1,0,56362
38192,1,0,56363
38193,1,0,56364
38194,1,0,56365
38195,1,0,56366
38196,1,0,56367
38197,1,0,56368
38198,1,0,56369
38199,1,0,56370
38200,1,0,56371
38201,1,0,56372
38202,2,0,56374
38203,1,0,56375
38204,2,0,56377
38205,1,0,56378
38206,2,0,56380
38207,1,0,56381
38208,1,0,56382
38209,2,0,56384
38210,4,0,56388
38211,3,0,56391
38212,1,0,56392
38213,1,0,56393
38214,1,0,56394
38215,3,0,56397
38216,2,0,56399
38217,4,0,56403
38218,1,0,56404
38219,1,0,56405
38220,1,0,56406
38221,1,0,56407
38222,2,0,56409
38223,1,0,56410
38224,1,0,56411
38225,2,0,56413
38226,1,0,56414
38227,1,0,56415
38228,2,0,56417
38229,1,0,56418
38230,1,0,56419
38231,2,0,56421
38232,1,0,56422
38233,2,0,56424
38234,1,0,56425
38235,1,0,56426
38236,2,0,56428
38237,2,0,56430
38238,2,0,56432
38239,1,0,56433
38240,1,0,56434
38241,1,0,56435
38242,4,0,56439
38243,1,0,56440
38244,1,0,56441
38245,1,0,56442
38246,1,0,56443
38247,1,0,56444
38248,1,0,56445
38249,3,0,56448
38250,1,0,56449
38251,1,0,56450
38252,1,0,56451
38253,1,0,56452
38254,3,0,56455
38255,1,0,56456
38256,4,0,56460
38257,1,0,56461
38258,1,0,56462
38259,2,0,56464
38260,1,0,56465
38261,2,0,56467
38262,2,0,56469
38263,1,0,56470
38264,1,0,56471
38265,1,0,56472
38266,2,0,56474
38267,1,0,56475
38268,1,0,56476
38269,1,0,56477
38270,2,0,56479
38271,2,0,56481
38272,1,0,56482
38273,4,0,56486
38274,4,0,56490
38275,1,0,56491
38276,2,0,56493
38277,1,0,56494
38278,1,0,56495
38279,1,0,56496
38280,2,0,56498
38281,3,0,56501
38282,1,0,56502
38283,2,0,56504
38284,1,0,56505
38285,1,0,56506
38286,1,0,56507
38287,1,0,56508
38288,1,0,56509
38289,1,0,56510
38290,3,0,56513
38291,1,0,56514
38292,1,0,56515
38293,2,0,56517
38294,1,0,56518
38295,1,0,56519
38296,4,0,56523
38297,1,0,56524
38298,1,0,56525
38299,1,0,56526
38300,1,0,56527
38301,1,0,56528
38302,2,0,56530
38303,2,0,56532
38304,2,0,56534
38305,1,0,56535
38306,1,0,56536
38307,3,0,56539
38308,1,0,56540
38309,1,0,56541
38310,2,0,56543
38311,1,0,56544
38312,1,0,56545
38313,1,0,56546
38314,3,0,56549
38315,2,0,56551
38316,1,0,56552
38317,1,0,56553
38318,1,0,56554
38319,1,0,56555
38320,1,0,56556
38321,1,0,56557
38322,2,0,56559
38323,1,0,56560
38324,1,0,56561
38325,1,0,56562
38326,1,0,56563
38327,1,0,56564
38328,2,0,56566
38329,1,0,56567
38330,1,0,56568
38331,1,0,56569
38332,1,0,56570
38333,1,0,56571
38334,1,0,56572
38335,2,0,56574
38336,1,0,56575
38337,1,0,56576
38338,5,0,56581
38339,1,0,56582
38340,1,0,56583
38341,1,0,56584
38342,1,0,56585
38343,1,0,56586
38344,2,0,56588
38345,1,0,56589
38346,2,0,56591
38347,1,0,56592
38348,1,0,56593
38349,1,0,56594
38350,1,0,56595
38351,1,0,56596
38352,2,0,56598
38353,2,0,56600
38354,4,0,56604
38355,1,0,56605
38356,1,0,56606
38357,1,0,56607
38358,1,0,56608
38359,1,0,56609
38360,2,0,56611
38361,1,0,56612
38362,1,0,56613
38363,1,0,56614
38364,2,0,56616
38365,1,0,56617
38366,1,0,56618
38367,2,0,56620
38368,1,0,56621
38369,3,0,56624
38370,1,0,56625
38371,3,0,56628
38372,2,0,56630
38373,1,0,56631
38374,1,0,56632
38375,1,0,56633
38376,2,0,56635
38377,1,0,56636
38378,1,0,56637
38379,1,0,56638
38380,1,0,56639
38381,1,0,56640
38382,1,0,56641
38383,1,0,56642
38384,1,0,56643
38385,1,0,56644
38386,1,0,56645
38387,2,0,56647
38388,1,0,56648
38389,3,0,56651
38390,1,0,56652
38391,1,0,56653
38392,1,0,56654
38393,2,0,56656
38394,2,0,56658
38395,2,0,56660
38396,1,0,56661
38397,1,0,56662
38398,1,0,56663
38399,1,0,56664
38400,1,0,56665
38401,3,0,56668
38402,1,0,56669
38403,1,0,56670
38404,1,0,56671
38405,1,0,56672
38406,1,0,56673
38407,1,0,56674
38408,1,0,56675
38409,1,0,56676
38410,2,0,56678
38411,1,0,56679
38412,4,0,56683
38413,1,0,56684
38414,1,0,56685
38415,1,0,56686
38416,1,0,56687
38417,2,0,56689
38418,2,0,56691
38419,1,0,56692
38420,1,0,56693
38421,2,0,56695
38422,2,0,56697
38423,1,0,56698
38424,1,0,56699
38425,1,0,56700
38426,1,0,56701
38427,1,0,56702
38428,1,0,56703
38429,1,0,56704
38430,1,0,56705
38431,1,0,56706
38432,1,0,56707
38433,1,0,56708
38434,2,0,56710
38435,1,0,56711
38436,3,0,56714
38437,1,0,56715
38438,2,0,56717
38439,2,0,56719
38440,3,0,56722
38441,1,0,56723
38442,1,0,56724
38443,1,0,56725
38444,1,0,56726
38445,1,0,56727
38446,3,0,56730
38447,1,0,56731
38448,3,0,56734
38449,1,0,56735
38450,1,0,56736
38451,3,0,56739
38452,1,0,56740
38453,1,0,56741
38454,1,0,56742
38455,1,0,56743
38456,2,0,56745
38457,1,0,56746
38458,1,0,56747
38459,1,0,56748
38460,1,0,56749
38461,2,0,56751
38462,1,0,56752
38463,2,0,56754
38464,1,0,56755
38465,1,0,56756
38466,1,0,56757
38467,1,0,56758
38468,2,0,56760
38469,1,0,56761
38470,1,0,56762
38471,1,0,56763
38472,1,0,56764
38473,1,0,56765
38474,1,0,56766
38475,1,0,56767
38476,1,0,56768
38477,1,0,56769
38478,2,0,56771
38479,2,0,56773
38480,1,0,56774
38481,1,0,56775
38482,1,0,56776
38483,1,0,56777
38484,1,0,56778
38485,1,0,56779
38486,1,0,56780
38487,1,0,56781
38488,2,0,56783
38489,1,0,56784
38490,1,0,56785
38491,2,0,56787
38492,1,0,56788
38493,1,0,56789
38494,4,0,56793
38495,2,0,56795
38496,1,0,56796
38497,2,0,56798
38498,1,0,56799
38499,1,0,56800
38500,2,0,56802
38501,1,0,56803
38502,1,0,56804
38503,1,0,56805
38504,4,0,56809
38505,1,0,56810
38506,1,0,56811
38507,1,0,56812
38508,2,0,56814
38509,1,0,56815
38510,1,0,56816
38511,2,0,56818
38512,2,0,56820
38513,1,0,56821
38514,3,0,56824
38515,1,0,56825
38516,2,0,56827
38517,1,0,56828
38518,2,0,56830
38519,1,0,56831
38520,1,0,56832
38521,1,0,56833
38522,3,0,56836
38523,4,0,56840
38524,1,0,56841
38525,1,0,56842
38526,1,0,56843
38527,2,0,56845
38528,1,0,56846
38529,1,0,56847
38530,2,0,56849
38531,3,0,56852
38532,1,0,56853
38533,1,0,56854
38534,1,0,56855
38535,2,0,56857
38536,2,0,56859
38537,1,0,56860
38538,1,0,56861
38539,1,0,56862
38540,1,0,56863
38541,2,0,56865
38542,1,0,56866
38543,1,0,56867
38544,1,0,56868
38545,2,0,56870
38546,1,0,56871
38547,1,0,56872
38548,1,0,56873
38549,1,0,56874
38550,1,0,56875
38551,1,0,56876
38552,4,0,56880
38553,1,0,56881
38554,2,0,56883
38555,1,0,56884
38556,1,0,56885
38557,1,0,56886
38558,1,0,56887
38559,1,0,56888
38560,2,0,56890
38561,1,0,56891
38562,2,0,56893
38563,1,0,56894
38564,1,0,56895
38565,1,0,56896
38566,1,0,56897
38567,3,0,56900
38568,1,0,56901
38569,5,0,56906
38570,1,0,56907
38571,2,0,56909
38572,3,0,56912
38573,3,0,56915
38574,2,0,56917
38575,1,0,56918
38576,1,0,56919
38577,1,0,56920
38578,1,0,56921
38579,4,0,56925
38580,2,0,56927
38581,2,0,56929
38582,1,0,56930
38583,1,0,56931
38584,1,0,56932
38585,1,0,56933
38586,2,0,56935
38587,1,0,56936
38588,1,0,56937
38589,2,0,56939
38590,1,0,56940
38591,1,0,56941
38592,1,0,56942
38593,1,0,56943
38594,1,0,56944
38595,1,0,56945
38596,3,0,56948
38597,1,0,56949
38598,1,0,56950
38599,2,0,56952
38600,1,0,56953
38601,2,0,56955
38602,3,0,56958
38603,1,0,56959
38604,2,0,56961
38605,4,0,56965
38606,1,0,56966
38607,1,0,56967
38608,4,0,56971
38609,2,0,56973
38610,1,0,56974
38611,2,0,56976
38612,1,0,56977
38613,1,0,56978
38614,1,0,56979
38615,1,0,56980
38616,1,0,56981
38617,1,0,56982
38618,1,0,56983
38619,1,0,56984
38620,5,0,56989
38621,1,0,56990
38622,2,0,56992
38623,1,0,56993
38624,1,0,56994
38625,4,0,56998
38626,1,0,56999
38627,1,0,57000
38628,3,0,57003
38629,1,0,57004
38630,1,0,57005
38631,1,0,57006
38632,1,0,57007
38633,2,0,57009
38634,1,0,57010
38635,3,0,57013
38636,1,0,57014
38637,2,0,57016
38638,2,0,57018
38639,2,0,57020
38640,1,0,57021
38641,1,0,57022
38642,1,0,57023
38643,1,0,57024
38644,1,0,57025
38645,3,0,57028
38646,2,0,57030
38647,3,0,57033
38648,1,0,57034
38649,1,0,57035
38650,1,0,57036
38651,1,0,57037
38652,1,0,57038
38653,1,0,57039
38654,1,0,57040
38655,1,0,57041
38656,1,0,57042
38657,1,0,57043
38658,1,0,57044
38659,1,0,57045
38660,1,0,57046
38661,1,0,57047
38662,1,0,57048
38663,1,0,57049
38664,1,0,57050
38665,1,0,57051
38666,1,0,57052
38667,1,0,57053
38668,1,0,57054
38669,2,0,57056
38670,1,0,57057
38671,1,0,57058
38672,1,0,57059
38673,2,0,57061
38674,2,0,57063
38675,1,0,57064
38676,3,0,57067
38677,1,0,57068
38678,1,0,57069
38679,2,0,57071
38680,1,0,57072
38681,1,0,57073
38682,1,0,57074
38683,1,0,57075
38684,1,0,57076
38685,1,0,57077
38686,1,0,57078
38687,1,0,57079
38688,1,0,57080
38689,1,0,57081
38690,1,0,57082
38691,1,0,57083
38692,2,0,57085
38693,1,0,57086
38694,1,0,57087
38695,1,0,57088
38696,1,0,57089
38697,3,0,57092
38698,1,0,57093
38699,2,0,57095
38700,1,0,57096
38701,1,0,57097
38702,3,0,57100
38703,1,0,57101
38704,1,0,57102
38705,4,0,57106
38706,2,0,57108
38707,1,0,57109
38708,1,0,57110
38709,1,0,57111
38710,2,0,57113
38711,2,0,57115
38712,3,0,57118
38713,1,0,57119
38714,1,0,57120
38715,1,0,57121
38716,1,0,57122
38717,1,0,57123
38718,2,0,57125
38719,2,0,57127
38720,1,0,57128
38721,1,0,57129
38722,1,0,57130
38723,2,0,57132
38724,1,0,57133
38725,1,0,57134
38726,1,0,57135
38727,1,0,57136
38728,1,0,57137
38729,1,0,57138
38730,1,0,57139
38731,1,0,57140
38732,1,0,57141
38733,3,0,57144
38734,1,0,57145
38735,1,0,57146
38736,1,0,57147
38737,2,0,57149
38738,1,0,57150
38739,1,0,57151
38740,2,0,57153
38741,2,0,57155
38742,1,0,57156
38743,1,0,57157
38744,1,0,57158
38745,1,0,57159
38746,1,0,57160
38747,1,0,57161
38748,1,0,57162
38749,1,0,57163
38750,1,0,57164
38751,1,0,57165
38752,1,0,57166
38753,3,0,57169
38754,1,0,57170
38755,1,0,57171
38756,1,0,57172
38757,1,0,57173
38758,2,0,57175
38759,1,0,57176
38760,3,0,57179
38761,1,0,57180
38762,1,0,57181
38763,2,0,57183
38764,3,0,57186
38765,1,0,57187
38766,2,0,57189
38767,1,0,57190
38768,1,0,57191
38769,2,0,57193
38770,1,0,57194
38771,1,0,57195
38772,2,0,57197
38773,1,0,57198
38774,1,0,57199
38775,1,0,57200
38776,1,0,57201
38777,2,0,57203
38778,1,0,57204
38779,1,0,57205
38780,1,0,57206
38781,1,0,57207
38782,2,0,57209
38783,2,0,57211
38784,1,0,57212
38785,1,0,57213
38786,1,0,57214
38787,1,0,57215
38788,1,0,57216
38789,3,0,57219
38790,1,0,57220
38791,3,0,57223
38792,1,0,57224
38793,1,0,57225
38794,2,0,57227
38795,1,0,57228
38796,1,0,57229
38797,1,0,57230
38798,1,0,57231
38799,1,0,57232
38800,4,0,57236
38801,1,0,57237
38802,4,0,57241
38803,2,0,57243
38804,2,0,57245
38805,4,0,57249
38806,1,0,57250
38807,1,0,57251
38808,1,0,57252
38809,6,0,57258
38810,1,0,57259
38811,5,0,57264
38812,2,0,57266
38813,1,0,57267
38814,2,0,57269
38815,1,0,57270
38816,1,0,57271
38817,2,0,57273
38818,1,0,57274
38819,2,0,57276
38820,1,0,57277
38821,1,0,57278
38822,1,0,57279
38823,1,0,57280
38824,1,0,57281
38825,4,0,57285
38826,1,0,57286
38827,1,0,57287
38828,2,0,57289
38829,1,0,57290
38830,1,0,57291
38831,2,0,57293
38832,1,0,57294
38833,1,0,57295
38834,1,0,57296
38835,1,0,57297
38836,1,0,57298
38837,1,0,57299
38838,2,0,57301
38839,2,0,57303
38840,2,0,57305
38841,1,0,57306
38842,1,0,57307
38843,2,0,57309
38844,1,0,57310
38845,1,0,57311
38846,1,0,57312
38847,2,0,57314
38848,4,0,57318
38849,1,0,57319
38850,1,0,57320
38851,1,0,57321
38852,1,0,57322
38853,2,0,57324
38854,1,0,57325
38855,2,0,57327
38856,1,0,57328
38857,1,0,57329
38858,2,0,57331
38859,1,0,57332
38860,2,0,57334
38861,1,0,57335
38862,1,0,57336
38863,1,0,57337
38864,1,0,57338
38865,1,0,57339
38866,1,0,57340
38867,1,0,57341
38868,1,0,57342
38869,3,0,57345
38870,1,0,57346
38871,1,0,57347
38872,2,0,57349
38873,2,0,57351
38874,7,0,57358
38875,1,0,57359
38876,2,0,57361
38877,1,0,57362
38878,3,0,57365
38879,2,0,57367
38880,1,0,57368
38881,1,0,57369
38882,1,0,57370
38883,3,0,57373
38884,1,0,57374
38885,1,0,57375
38886,2,0,57377
38887,1,0,57378
38888,1,0,57379
38889,1,0,57380
38890,1,0,57381
38891,2,0,57383
38892,1,0,57384
38893,1,0,57385
38894,1,0,57386
38895,1,0,57387
38896,1,0,57388
38897,3,0,57391
38898,1,0,57392
38899,5,0,57397
38900,1,0,57398
38901,1,0,57399
38902,1,0,57400
38903,1,0,57401
38904,2,0,57403
38905,1,0,57404
38906,1,0,57405
38907,1,0,57406
38908,2,0,57408
38909,1,0,57409
38910,1,0,57410
38911,1,0,57411
38912,1,0,57412
38913,3,0,57415
38914,1,0,57416
38915,1,0,57417
38916,1,0,57418
38917,3,0,57421
38918,2,0,57423
38919,1,0,57424
38920,2,0,57426
38921,1,0,57427
38922,3,0,57430
38923,1,0,57431
38924,1,0,57432
38925,1,0,57433
38926,3,0,57436
38927,2,0,57438
38928,1,0,57439
38929,1,0,57440
38930,2,0,57442
38931,2,0,57444
38932,2,0,57446
38933,1,0,57447
38934,2,0,57449
38935,1,0,57450
38936,1,0,57451
38937,1,0,57452
38938,1,0,57453
38939,1,0,57454
38940,2,0,57456
38941,1,0,57457
38942,2,0,57459
38943,1,0,57460
38944,1,0,57461
38945,2,0,57463
38946,1,0,57464
38947,2,0,57466
38948,1,0,57467
38949,1,0,57468
38950,1,0,57469
38951,1,0,57470
38952,2,0,57472
38953,2,0,57474
38954,1,0,57475
38955,1,0,57476
38956,2,0,57478
38957,1,0,57479
38958,1,0,57480
38959,6,0,57486
38960,1,0,57487
38961,1,0,57488
38962,2,0,57490
38963,3,0,57493
38964,2,0,57495
38965,1,0,57496
38966,1,0,57497
38967,2,0,57499
38968,1,0,57500
38969,2,0,57502
38970,2,0,57504
38971,1,0,57505
38972,2,0,57507
38973,1,0,57508
38974,1,0,57509
38975,1,0,57510
38976,2,0,57512
38977,2,0,57514
38978,5,0,57519
38979,2,0,57521
38980,1,0,57522
38981,3,0,57525
38982,1,0,57526
38983,1,0,57527
38984,1,0,57528
38985,2,0,57530
38986,1,0,57531
38987,1,0,57532
38988,1,0,57533
38989,1,0,57534
38990,3,0,57537
38991,2,0,57539
38992,4,0,57543
38993,2,0,57545
38994,1,0,57546
38995,1,0,57547
38996,1,0,57548
38997,1,0,57549
38998,1,0,57550
38999,1,0,57551
39000,1,0,57552
39001,2,0,57554
39002,1,0,57555
39003,3,0,57558
39004,2,0,57560
39005,1,0,57561
39006,1,0,57562
39007,1,0,57563
39008,1,0,57564
39009,2,0,57566
39010,2,0,57568
39011,1,0,57569
39012,1,0,57570
39013,1,0,57571
39014,1,0,57572
39015,2,0,57574
39016,2,0,57576
39017,1,0,57577
39018,2,0,57579
39019,1,0,57580
39020,1,0,57581
39021,3,0,57584
39022,2,0,57586
39023,2,0,57588
39024,2,0,57590
39025,1,0,57591
39026,1,0,57592
39027,1,0,57593
39028,3,0,57596
39029,2,0,57598
39030,1,0,57599
39031,1,0,57600
39032,1,0,57601
39033,1,0,57602
39034,3,0,57605
39035,1,0,57606
39036,1,0,57607
39037,1,0,57608
39038,2,0,57610
39039,1,0,57611
39040,1,0,57612
39041,1,0,57613
39042,1,0,57614
39043,2,0,57616
39044,1,0,57617
39045,5,0,57622
39046,3,0,57625
39047,1,0,57626
39048,1,0,57627
39049,1,0,57628
39050,1,0,57629
39051,1,0,57630
39052,1,0,57631
39053,2,0,57633
39054,1,0,57634
39055,1,0,57635
39056,1,0,57636
39057,6,0,57642
39058,1,0,57643
39059,1,0,57644
39060,3,0,57647
39061,3,0,57650
39062,2,0,57652
39063,1,0,57653
39064,1,0,57654
39065,2,0,57656
39066,5,0,57661
39067,1,0,57662
39068,1,0,57663
39069,1,0,57664
39070,2,0,57666
39071,1,0,57667
39072,1,0,57668
39073,2,0,57670
39074,1,0,57671
39075,1,0,57672
39076,3,0,57675
39077,2,0,57677
39078,1,0,57678
39079,1,0,57679
39080,1,0,57680
39081,1,0,57681
39082,1,0,57682
39083,1,0,57683
39084,1,0,57684
39085,1,0,57685
39086,1,0,57686
39087,1,0,57687
39088,1,0,57688
39089,2,0,57690
39090,1,0,57691
39091,2,0,57693
39092,1,0,57694
39093,1,0,57695
39094,1,0,57696
39095,2,0,57698
39096,1,0,57699
39097,3,0,57702
39098,1,0,57703
39099,1,0,57704
39100,4,0,57708
39101,1,0,57709
39102,2,0,57711
39103,1,0,57712
39104,1,0,57713
39105,1,0,57714
39106,2,0,57716
39107,1,0,57717
39108,4,0,57721
39109,1,0,57722
39110,3,0,57725
39111,1,0,57726
39112,1,0,57727
39113,2,0,57729
39114,2,0,57731
39115,1,0,57732
39116,2,0,57734
39117,2,0,57736
39118,1,0,57737
39119,1,0,57738
39120,2,0,57740
39121,1,0,57741
39122,4,0,57745
39123,3,0,57748
39124,1,0,57749
39125,1,0,57750
39126,1,0,57751
39127,1,0,57752
39128,1,0,57753
39129,4,0,57757
39130,2,0,57759
39131,1,0,57760
39132,1,0,57761
39133,1,0,57762
39134,2,0,57764
39135,1,0,57765
39136,6,0,57771
39137,1,0,57772
39138,1,0,57773
39139,1,0,57774
39140,2,0,57776
39141,1,0,57777
39142,1,0,57778
39143,2,0,57780
39144,2,0,57782
39145,1,0,57783
39146,1,0,57784
39147,1,0,57785
39148,1,0,57786
39149,1,0,57787
39150,1,0,57788
39151,1,0,57789
39152,1,0,57790
39153,1,0,57791
39154,1,0,57792
39155,1,0,57793
39156,1,0,57794
39157,1,0,57795
39158,2,0,57797
39159,1,0,57798
39160,2,0,57800
39161,5,0,57805
39162,1,0,57806
39163,1,0,57807
39164,2,0,57809
39165,1,0,57810
39166,1,0,57811
39167,1,0,57812
39168,2,0,57814
39169,2,0,57816
39170,4,0,57820
39171,2,0,57822
39172,1,0,57823
39173,1,0,57824
39174,1,0,57825
39175,1,0,57826
39176,1,0,57827
39177,1,0,57828
39178,2,0,57830
39179,1,0,57831
39180,1,0,57832
39181,4,0,57836
39182,2,0,57838
39183,1,0,57839
39184,1,0,57840
39185,3,0,57843
39186,1,0,57844
39187,1,0,57845
39188,1,0,57846
39189,1,0,57847
39190,1,0,57848
39191,2,0,57850
39192,3,0,57853
39193,1,0,57854
39194,1,0,57855
39195,1,0,57856
39196,3,0,57859
39197,2,0,57861
39198,2,0,57863
39199,1,0,57864
39200,1,0,57865
39201,6,0,57871
39202,1,0,57872
39203,3,0,57875
39204,1,0,57876
39205,1,0,57877
39206,2,0,57879
39207,1,0,57880
39208,2,0,57882
39209,1,0,57883
39210,2,0,57885
39211,3,0,57888
39212,1,0,57889
39213,1,0,57890
39214,1,0,57891
39215,1,0,57892
39216,4,0,57896
39217,3,0,57899
39218,1,0,57900
39219,1,0,57901
39220,5,0,57906
39221,2,0,57908
39222,1,0,57909
39223,1,0,57910
39224,1,0,57911
39225,1,0,57912
39226,1,0,57913
39227,2,0,57915
39228,1,0,57916
39229,1,0,57917
39230,1,0,57918
39231,4,0,57922
39232,1,0,57923
39233,1,0,57924
39234,1,0,57925
39235,3,0,57928
39236,1,0,57929
39237,1,0,57930
39238,4,0,57934
39239,1,0,57935
39240,3,0,57938
39241,1,0,57939
39242,3,0,57942
39243,1,0,57943
39244,3,0,57946
39245,1,0,57947
39246,1,0,57948
39247,1,0,57949
39248,2,0,57951
39249,1,0,57952
39250,2,0,57954
39251,1,0,57955
39252,1,0,57956
39253,1,0,57957
39254,1,0,57958
39255,1,0,57959
39256,1,0,57960
39257,1,0,57961
39258,1,0,57962
39259,1,0,57963
39260,2,0,57965
39261,1,0,57966
39262,4,0,57970
39263,1,0,57971
39264,1,0,57972
39265,1,0,57973
39266,1,0,57974
39267,2,0,57976
39268,2,0,57978
39269,2,0,57980
39270,1,0,57981
39271,2,0,57983
39272,1,0,57984
39273,1,0,57985
39274,2,0,57987
39275,1,0,57988
39276,2,0,57990
39277,1,0,57991
39278,1,0,57992
39279,2,0,57994
39280,1,0,57995
39281,2,0,57997
39282,1,0,57998
39283,1,0,57999
39284,2,0,58001
39285,1,0,58002
39286,1,0,58003
39287,1,0,58004
39288,1,0,58005
39289,1,0,58006
39290,3,0,58009
39291,1,0,58010
39292,1,0,58011
39293,1,0,58012
39294,3,0,58015
39295,1,0,58016
39296,2,0,58018
39297,1,0,58019
39298,1,0,58020
39299,1,0,58021
39300,2,0,58023
39301,1,0,58024
39302,1,0,58025
39303,2,0,58027
39304,1,0,58028
39305,2,0,58030
39306,2,0,58032
39307,1,0,58033
39308,1,0,58034
39309,2,0,58036
39310,3,0,58039
39311,1,0,58040
39312,1,0,58041
39313,3,0,58044
39314,1,0,58045
39315,1,0,58046
39316,1,0,58047
39317,3,0,58050
39318,1,0,58051
39319,3,0,58054
39320,1,0,58055
39321,2,0,58057
39322,1,0,58058
39323,1,0,58059
39324,1,0,58060
39325,3,0,58063
39326,1,0,58064
39327,1,0,58065
39328,1,0,58066
39329,1,0,58067
39330,1,0,58068
39331,1,0,58069
39332,1,0,58070
39333,1,0,58071
39334,2,0,58073
39335,1,0,58074
39336,1,0,58075
39337,1,0,58076
39338,2,0,58078
39339,1,0,58079
39340,3,0,58082
39341,2,0,58084
39342,3,0,58087
39343,1,0,58088
39344,1,0,58089
39345,1,0,58090
39346,1,0,58091
39347,1,0,58092
39348,1,0,58093
39349,1,0,58094
39350,1,0,58095
39351,1,0,58096
39352,1,0,58097
39353,3,0,58100
39354,3,0,58103
39355,1,0,58104
39356,1,0,58105
39357,2,0,58107
39358,1,0,58108
39359,1,0,58109
39360,1,0,58110
39361,1,0,58111
39362,1,0,58112
39363,1,0,58113
39364,1,0,58114
39365,2,0,58116
39366,1,0,58117
39367,1,0,58118
39368,1,0,58119
39369,2,0,58121
39370,2,0,58123
39371,2,0,58125
39372,1,0,58126
39373,2,0,58128
39374,1,0,58129
39375,1,0,58130
39376,3,0,58133
39377,1,0,58134
39378,1,0,58135
39379,1,0,58136
39380,1,0,58137
39381,2,0,58139
39382,1,0,58140
39383,1,0,58141
39384,2,0,58143
39385,2,0,58145
39386,1,0,58146
39387,2,0,58148
39388,1,0,58149
39389,1,0,58150
39390,1,0,58151
39391,1,0,58152
39392,2,0,58154
39393,1,0,58155
39394,1,0,58156
39395,2,0,58158
39396,3,0,58161
39397,2,0,58163
39398,1,0,58164
39399,1,0,58165
39400,2,0,58167
39401,1,0,58168
39402,1,0,58169
39403,1,0,58170
39404,1,0,58171
39405,1,0,58172
39406,1,0,58173
39407,1,0,58174
39408,1,0,58175
39409,1,0,58176
39410,1,0,58177
39411,2,0,58179
39412,1,0,58180
39413,1,0,58181
39414,2,0,58183
39415,1,0,58184
39416,1,0,58185
39417,2,0,58187
39418,1,0,58188
39419,1,0,58189
39420,1,0,58190
39421,1,0,58191
39422,1,0,58192
39423,2,0,58194
39424,1,0,58195
39425,1,0,58196
39426,1,0,58197
39427,2,0,58199
39428,1,0,58200
39429,1,0,58201
39430,2,0,58203
39431,1,0,58204
39432,1,0,58205
39433,1,0,58206
39434,1,0,58207
39435,2,0,58209
39436,4,0,58213
39437,1,0,58214
39438,2,0,58216
39439,1,0,58217
39440,3,0,58220
39441,2,0,58222
39442,6,0,58228
39443,1,0,58229
39444,2,0,58231
39445,4,0,58235
39446,1,0,58236
39447,1,0,58237
39448,1,0,58238
39449,1,0,58239
39450,1,0,58240
39451,1,0,58241
39452,1,0,58242
39453,3,0,58245
39454,5,0,58250
39455,1,0,58251
39456,1,0,58252
39457,1,0,58253
39458,2,0,58255
39459,1,0,58256
39460,1,0,58257
39461,1,0,58258
39462,1,0,58259
39463,1,0,58260
39464,1,0,58261
39465,2,0,58263
39466,2,0,58265
39467,2,0,58267
39468,1,0,58268
39469,5,0,58273
39470,1,0,58274
39471,3,0,58277
39472,1,0,58278
39473,2,0,58280
39474,1,0,58281
39475,2,0,58283
39476,1,0,58284
39477,1,0,58285
39478,1,0,58286
39479,1,0,58287
39480,1,0,58288
39481,1,0,58289
39482,1,0,58290
39483,1,0,58291
39484,2,0,58293
39485,1,0,58294
39486,1,0,58295
39487,1,0,58296
39488,1,0,58297
39489,1,0,58298
39490,1,0,58299
39491,1,0,58300
39492,1,0,58301
39493,2,0,58303
39494,1,0,58304
39495,2,0,58306
39496,1,0,58307
39497,1,0,58308
39498,1,0,58309
39499,1,0,58310
39500,3,0,58313
39501,3,0,58316
39502,2,0,58318
39503,2,0,58320
39504,1,0,58321
39505,1,0,58322
39506,1,0,58323
39507,1,0,58324
39508,1,0,58325
39509,3,0,58328
39510,2,0,58330
39511,1,0,58331
39512,2,0,58333
39513,1,0,58334
39514,6,0,58340
39515,3,0,58343
39516,1,0,58344
39517,1,0,58345
39518,1,0,58346
39519,1,0,58347
39520,5,0,58352
39521,1,0,58353
39522,2,0,58355
39523,1,0,58356
39524,1,0,58357
39525,1,0,58358
39526,2,0,58360
39527,2,0,58362
39528,1,0,58363
39529,1,0,58364
39530,2,0,58366
39531,1,0,58367
39532,2,0,58369
39533,2,0,58371
39534,1,0,58372
39535,1,0,58373
39536,1,0,58374
39537,1,0,58375
39538,1,0,58376
39539,5,0,58381
39540,1,0,58382
39541,3,0,58385
39542,1,0,58386
39543,2,0,58388
39544,1,0,58389
39545,1,0,58390
39546,3,0,58393
39547,2,0,58395
39548,1,0,58396
39549,6,0,58402
39550,2,0,58404
39551,2,0,58406
39552,1,0,58407
39553,1,0,58408
39554,1,0,58409
39555,1,0,58410
39556,1,0,58411
39557,4,0,58415
39558,1,0,58416
39559,2,0,58418
39560,2,0,58420
39561,1,0,58421
39562,2,0,58423
39563,1,0,58424
39564,3,0,58427
39565,1,0,58428
39566,2,0,58430
39567,1,0,58431
39568,4,0,58435
39569,1,0,58436
39570,1,0,58437
39571,3,0,58440
39572,2,0,58442
39573,2,0,58444
39574,1,0,58445
39575,2,0,58447
39576,1,0,58448
39577,1,0,58449
39578,1,0,58450
39579,1,0,58451
39580,1,0,58452
39581,1,0,58453
39582,1,0,58454
39583,2,0,58456
39584,1,0,58457
39585,1,0,58458
39586,1,0,58459
39587,1,0,58460
39588,2,0,58462
39589,1,0,58463
39590,3,0,58466
39591,1,0,58467
39592,1,0,58468
39593,1,0,58469
39594,1,0,58470
39595,2,0,58472
39596,1,0,58473
39597,1,0,58474
39598,3,0,58477
39599,4,0,58481
39600,1,0,58482
39601,1,0,58483
39602,4,0,58487
39603,1,0,58488
39604,1,0,58489
39605,2,0,58491
39606,1,0,58492
39607,1,0,58493
39608,1,0,58494
39609,3,0,58497
39610,1,0,58498
39611,1,0,58499
39612,1,0,58500
39613,2,0,58502
39614,1,0,58503
39615,1,0,58504
39616,3,0,58507
39617,2,0,58509
39618,3,0,58512
39619,1,0,58513
39620,1,0,58514
39621,1,0,58515
39622,1,0,58516
39623,4,0,58520
39624,3,0,58523
39625,2,0,58525
39626,1,0,58526
39627,4,0,58530
39628,1,0,58531
39629,1,0,58532
39630,1,0,58533
39631,3,0,58536
39632,1,0,58537
39633,2,0,58539
39634,1,0,58540
39635,3,0,58543
39636,1,0,58544
39637,3,0,58547
39638,1,0,58548
39639,2,0,58550
39640,1,0,58551
39641,1,0,58552
39642,3,0,58555
39643,1,0,58556
39644,2,0,58558
39645,2,0,58560
39646,1,0,58561
39647,2,0,58563
39648,2,0,58565
39649,5,0,58570
39650,5,0,58575
39651,1,0,58576
39652,2,0,58578
39653,1,0,58579
39654,1,0,58580
39655,1,0,58581
39656,1,0,58582
39657,1,0,58583
39658,2,0,58585
39659,1,0,58586
39660,1,0,58587
39661,1,0,58588
39662,1,0,58589
39663,3,0,58592
39664,1,0,58593
39665,3,0,58596
39666,1,0,58597
39667,1,0,58598
39668,2,0,58600
39669,2,0,58602
39670,2,0,58604
39671,1,0,58605
39672,1,0,58606
39673,3,0,58609
39674,1,0,58610
39675,2,0,58612
39676,3,0,58615
39677,1,0,58616
39678,1,0,58617
39679,1,0,58618
39680,1,0,58619
39681,4,0,58623
39682,2,0,58625
39683,1,0,58626
39684,2,0,58628
39685,1,0,58629
39686,1,0,58630
39687,1,0,58631
39688,1,0,58632
39689,2,0,58634
39690,3,0,58637
39691,2,0,58639
39692,1,0,58640
39693,2,0,58642
39694,1,0,58643
39695,1,0,58644
39696,1,0,58645
39697,1,0,58646
39698,2,0,58648
39699,2,0,58650
39700,1,0,58651
39701,1,0,58652
39702,1,0,58653
39703,2,0,58655
39704,2,0,58657
39705,1,0,58658
39706,1,0,58659
39707,1,0,58660
39708,2,0,58662
39709,1,0,58663
39710,1,0,58664
39711,1,0,58665
39712,1,0,58666
39713,1,0,58667
39714,1,0,58668
39715,1,0,58669
39716,1,0,58670
39717,1,0,58671
39718,1,0,58672
39719,1,0,58673
39720,1,0,58674
39721,2,0,58676
39722,1,0,58677
39723,1,0,58678
39724,4,0,58682
39725,1,0,58683
39726,1,0,58684
39727,3,0,58687
39728,2,0,58689
39729,1,0,58690
39730,1,0,58691
39731,1,0,58692
39732,1,0,58693
39733,1,0,58694
39734,1,0,58695
39735,1,0,58696
39736,1,0,58697
39737,1,0,58698
39738,1,0,58699
39739,2,0,58701
39740,1,0,58702
39741,1,0,58703
39742,3,0,58706
39743,1,0,58707
39744,1,0,58708
39745,2,0,58710
39746,2,0,58712
39747,1,0,58713
39748,1,0,58714
39749,2,0,58716
39750,1,0,58717
39751,1,0,58718
39752,4,0,58722
39753,1,0,58723
39754,1,0,58724
39755,3,0,58727
39756,2,0,58729
39757,1,0,58730
39758,2,0,58732
39759,3,0,58735
39760,1,0,58736
39761,1,0,58737
39762,5,0,58742
39763,2,0,58744
39764,3,0,58747
39765,3,0,58750
39766,1,0,58751
39767,1,0,58752
39768,1,0,58753
39769,2,0,58755
39770,1,0,58756
39771,1,0,58757
39772,1,0,58758
39773,2,0,58760
39774,1,0,58761
39775,1,0,58762
39776,2,0,58764
39777,2,0,58766
39778,3,0,58769
39779,1,0,58770
39780,1,0,58771
39781,1,0,58772
39782,1,0,58773
39783,1,0,58774
39784,2,0,58776
39785,2,0,58778
39786,2,0,58780
39787,2,0,58782
39788,1,0,58783
39789,2,0,58785
39790,1,0,58786
39791,1,0,58787
39792,1,0,58788
39793,1,0,58789
39794,1,0,58790
39795,1,0,58791
39796,4,0,58795
39797,2,0,58797
39798,3,0,58800
39799,1,0,58801
39800,2,0,58803
39801,1,0,58804
39802,1,0,58805
39803,1,0,58806
39804,2,0,58808
39805,1,0,58809
39806,1,0,58810
39807,1,0,58811
39808,1,0,58812
39809,1,0,58813
39810,1,0,58814
39811,1,0,58815
39812,4,0,58819
39813,1,0,58820
39814,1,0,58821
39815,2,0,58823
39816,1,0,58824
39817,2,0,58826
39818,1,0,58827
39819,1,0,58828
39820,2,0,58830
39821,2,0,58832
39822,3,0,58835
39823,1,0,58836
39824,2,0,58838
39825,1,0,58839
39826,2,0,58841
39827,1,0,58842
39828,1,0,58843
39829,1,0,58844
39830,1,0,58845
39831,5,0,58850
39832,1,0,58851
39833,2,0,58853
39834,1,0,58854
39835,1,0,58855
39836,1,0,58856
39837,2,0,58858
39838,2,0,58860
39839,3,0,58863
39840,1,0,58864
39841,3,0,58867
39842,1,0,58868
39843,1,0,58869
39844,2,0,58871
39845,1,0,58872
39846,3,0,58875
39847,2,0,58877
39848,2,0,58879
39849,1,0,58880
39850,1,0,58881
39851,1,0,58882
39852,3,0,58885
39853,2,0,58887
39854,1,0,58888
39855,2,0,58890
39856,3,0,58893
39857,1,0,58894
39858,1,0,58895
39859,1,0,58896
39860,2,0,58898
39861,1,0,58899
39862,1,0,58900
39863,1,0,58901
39864,3,0,58904
39865,1,0,58905
39866,2,0,58907
39867,2,0,58909
39868,2,0,58911
39869,2,0,58913
39870,1,0,58914
39871,3,0,58917
39872,1,0,58918
39873,1,0,58919
39874,1,0,58920
39875,2,0,58922
39876,1,0,58923
39877,1,0,58924
39878,1,0,58925
39879,2,0,58927
39880,3,0,58930
39881,3,0,58933
39882,1,0,58934
39883,4,0,58938
39884,1,0,58939
39885,1,0,58940
39886,1,0,58941
39887,2,0,58943
39888,2,0,58945
39889,1,0,58946
39890,1,0,58947
39891,1,0,58948
39892,1,0,58949
39893,2,0,58951
39894,1,0,58952
39895,2,0,58954
39896,1,0,58955
39897,2,0,58957
39898,5,0,58962
39899,1,0,58963
39900,1,0,58964
39901,1,0,58965
39902,2,0,58967
39903,1,0,58968
39904,2,0,58970
39905,2,0,58972
39906,1,0,58973
39907,2,0,58975
39908,1,0,58976
39909,1,0,58977
39910,3,0,58980
39911,3,0,58983
39912,1,0,58984
39913,2,0,58986
39914,1,0,58987
39915,1,0,58988
39916,1,0,58989
39917,1,0,58990
39918,1,0,58991
39919,1,0,58992
39920,2,0,58994
39921,1,0,58995
39922,8,0,59003
39923,3,0,59006
39924,3,0,59009
39925,1,0,59010
39926,1,0,59011
39927,1,0,59012
39928,1,0,59013
39929,2,0,59015
39930,2,0,59017
39931,4,0,59021
39932,3,0,59024
39933,1,0,59025
39934,1,0,59026
39935,1,0,59027
39936,2,0,59029
39937,1,0,59030
39938,1,0,59031
39939,3,0,59034
39940,1,0,59035
39941,2,0,59037
39942,1,0,59038
39943,1,0,59039
39944,2,0,59041
39945,2,0,59043
39946,1,0,59044
39947,1,0,59045
39948,1,0,59046
39949,1,0,59047
39950,1,0,59048
39951,1,0,59049
39952,2,0,59051
39953,1,0,59052
39954,1,0,59053
39955,1,0,59054
39956,1,0,59055
39957,1,0,59056
39958,1,0,59057
39959,1,0,59058
39960,1,0,59059
39961,3,0,59062
39962,1,0,59063
39963,2,0,59065
39964,1,0,59066
39965,1,0,59067
39966,2,0,59069
39967,3,0,59072
39968,2,0,59074
39969,2,0,59076
39970,2,0,59078
39971,1,0,59079
39972,4,0,59083
39973,2,0,59085
39974,2,0,59087
39975,1,0,59088
39976,1,0,59089
39977,2,0,59091
39978,3,0,59094
39979,1,0,59095
39980,1,0,59096
39981,7,0,59103
39982,2,0,59105
39983,1,0,59106
39984,1,0,59107
39985,2,0,59109
39986,2,0,59111
39987,2,0,59113
39988,3,0,59116
39989,1,0,59117
39990,1,0,59118
39991,3,0,59121
39992,3,0,59124
39993,2,0,59126
39994,1,0,59127
39995,1,0,59128
39996,2,0,59130
39997,4,0,59134
39998,1,0,59135
39999,1,0,59136
40000,2,0,59138
40001,2,0,59140
40002,1,0,59141
40003,1,0,59142
40004,1,0,59143
40005,1,0,59144
40006,1,0,59145
40007,1,0,59146
40008,1,0,59147
40009,1,0,59148
40010,1,0,59149
40011,2,0,59151
40012,2,0,59153
40013,1,0,59154
40014,1,0,59155
40015,2,0,59157
40016,2,0,59159
40017,2,0,59161
40018,1,0,59162
40019,1,0,59163
40020,2,0,59165
40021,1,0,59166
40022,2,0,59168
40023,1,0,59169
40024,2,0,59171
40025,2,0,59173
40026,1,0,59174
40027,3,0,59177
40028,1,0,59178
40029,4,0,59182
40030,2,0,59184
40031,1,0,59185
40032,1,0,59186
40033,2,0,59188
40034,1,0,59189
40035,1,0,59190
40036,2,0,59192
40037,1,0,59193
40038,3,0,59196
40039,1,0,59197
40040,1,0,59198
40041,1,0,59199
40042,1,0,59200
40043,1,0,59201
40044,1,0,59202
40045,1,0,59203
40046,2,0,59205
40047,2,0,59207
40048,1,0,59208
40049,3,0,59211
40050,1,0,59212
40051,1,0,59213
40052,1,0,59214
40053,1,0,59215
40054,1,0,59216
40055,1,0,59217
40056,1,0,59218
40057,2,0,59220
40058,1,0,59221
40059,1,0,59222
40060,2,0,59224
40061,1,0,59225
40062,1,0,59226
40063,1,0,59227
40064,2,0,59229
40065,1,0,59230
40066,2,0,59232
40067,1,0,59233
40068,1,0,59234
40069,1,0,59235
40070,1,0,59236
40071,2,0,59238
40072,1,0,59239
40073,4,0,59243
40074,2,0,59245
40075,1,0,59246
40076,1,0,59247
40077,1,0,59248
40078,2,0,59250
40079,1,0,59251
40080,3,0,59254
40081,1,0,59255
40082,3,0,59258
40083,1,0,59259
40084,1,0,59260
40085,1,0,59261
40086,4,0,59265
40087,1,0,59266
40088,1,0,59267
40089,2,0,59269
40090,2,0,59271
40091,2,0,59273
40092,2,0,59275
40093,1,0,59276
40094,1,0,59277
40095,1,0,59278
40096,1,0,59279
40097,1,0,59280
40098,1,0,59281
40099,2,0,59283
40100,1,0,59284
40101,1,0,59285
40102,1,0,59286
40103,2,0,59288
40104,3,0,59291
40105,2,0,59293
40106,1,0,59294
40107,1,0,59295
40108,3,0,59298
40109,1,0,59299
40110,3,0,59302
40111,6,0,59308
40112,2,0,59310
40113,1,0,59311
40114,1,0,59312
40115,1,0,59313
40116,1,0,59314
40117,2,0,59316
40118,1,0,59317
40119,3,0,59320
40120,1,0,59321
40121,1,0,59322
40122,1,0,59323
40123,2,0,59325
40124,2,0,59327
40125,1,0,59328
40126,4,0,59332
40127,1,0,59333
40128,1,0,59334
40129,1,0,59335
40130,1,0,59336
40131,1,0,59337
40132,2,0,59339
40133,1,0,59340
40134,1,0,59341
40135,2,0,59343
40136,1,0,59344
40137,2,0,59346
40138,1,0,59347
40139,1,0,59348
40140,1,0,59349
40141,1,0,59350
40142,1,0,59351
40143,1,0,59352
40144,3,0,59355
40145,2,0,59357
40146,1,0,59358
40147,1,0,59359
40148,2,0,59361
40149,1,0,59362
40150,1,0,59363
40151,1,0,59364
40152,2,0,59366
40153,1,0,59367
40154,1,0,59368
40155,2,0,59370
40156,2,0,59372
40157,2,0,59374
40158,2,0,59376
40159,1,0,59377
40160,1,0,59378
40161,2,0,59380
40162,1,0,59381
40163,3,0,59384
40164,2,0,59386
40165,2,0,59388
40166,1,0,59389
40167,2,0,59391
40168,1,0,59392
40169,2,0,59394
40170,1,0,59395
40171,1,0,59396
40172,1,0,59397
40173,2,0,59399
40174,3,0,59402
40175,2,0,59404
40176,1,0,59405
40177,1,0,59406
40178,1,0,59407
40179,1,0,59408
40180,1,0,59409
40181,1,0,59410
40182,1,0,59411
40183,1,0,59412
40184,2,0,59414
40185,3,0,59417
40186,1,0,59418
40187,1,0,59419
40188,1,0,59420
40189,1,0,59421
40190,3,0,59424
40191,1,0,59425
40192,1,0,59426
40193,1,0,59427
40194,2,0,59429
40195,1,0,59430
40196,2,0,59432
40197,1,0,59433
40198,2,0,59435
40199,2,0,59437
40200,3,0,59440
40201,2,0,59442
40202,1,0,59443
40203,1,0,59444
40204,2,0,59446
40205,1,0,59447
40206,1,0,59448
40207,1,0,59449
40208,1,0,59450
40209,2,0,59452
40210,1,0,59453
40211,2,0,59455
40212,2,0,59457
40213,1,0,59458
40214,3,0,59461
40215,2,0,59463
40216,2,0,59465
40217,1,0,59466
40218,1,0,59467
40219,1,0,59468
40220,1,0,59469
40221,1,0,59470
40222,1,0,59471
40223,1,0,59472
40224,1,0,59473
40225,4,0,59477
40226,1,0,59478
40227,1,0,59479
40228,1,0,59480
40229,1,0,59481
40230,4,0,59485
40231,4,0,59489
40232,1,0,59490
40233,1,0,59491
40234,2,0,59493
40235,1,0,59494
40236,1,0,59495
40237,2,0,59497
40238,1,0,59498
40239,3,0,59501
40240,1,0,59502
40241,1,0,59503
40242,1,0,59504
40243,1,0,59505
40244,1,0,59506
40245,1,0,59507
40246,1,0,59508
40247,1,0,59509
40248,1,0,59510
40249,2,0,59512
40250,1,0,59513
40251,1,0,59514
40252,2,0,59516
40253,1,0,59517
40254,1,0,59518
40255,1,0,59519
40256,1,0,59520
40257,1,0,59521
40258,2,0,59523
40259,1,0,59524
40260,1,0,59525
40261,1,0,59526
40262,2,0,59528
40263,3,0,59531
40264,1,0,59532
40265,1,0,59533
40266,1,0,59534
40267,1,0,59535
40268,1,0,59536
40269,3,0,59539
40270,1,0,59540
40271,2,0,59542
40272,1,0,59543
40273,3,0,59546
40274,1,0,59547
40275,1,0,59548
40276,1,0,59549
40277,2,0,59551
40278,2,0,59553
40279,2,0,59555
40280,1,0,59556
40281,1,0,59557
40282,7,0,59564
40283,1,0,59565
40284,1,0,59566
40285,1,0,59567
40286,3,0,59570
40287,1,0,59571
40288,1,0,59572
40289,1,0,59573
40290,1,0,59574
40291,4,0,59578
40292,1,0,59579
40293,1,0,59580
40294,2,0,59582
40295,4,0,59586
40296,2,0,59588
40297,5,0,59593
40298,1,0,59594
40299,1,0,59595
40300,1,0,59596
40301,3,0,59599
40302,3,0,59602
40303,1,0,59603
40304,1,0,59604
40305,1,0,59605
40306,2,0,59607
40307,1,0,59608
40308,1,0,59609
40309,1,0,59610
40310,1,0,59611
40311,1,0,59612
40312,1,0,59613
40313,1,0,59614
40314,1,0,59615
40315,1,0,59616
40316,1,0,59617
40317,5,0,59622
40318,1,0,59623
40319,3,0,59626
40320,1,0,59627
40321,1,0,59628
40322,1,0,59629
40323,1,0,59630
40324,1,0,59631
40325,2,0,59633
40326,3,0,59636
40327,1,0,59637
40328,1,0,59638
40329,1,0,59639
40330,1,0,59640
40331,1,0,59641
40332,1,0,59642
40333,5,0,59647
40334,1,0,59648
40335,3,0,59651
40336,4,0,59655
40337,2,0,59657
40338,2,0,59659
40339,2,0,59661
40340,1,0,59662
40341,4,0,59666
40342,1,0,59667
40343,2,0,59669
40344,1,0,59670
40345,1,0,59671
40346,1,0,59672
40347,1,0,59673
40348,2,0,59675
40349,4,0,59679
40350,2,0,59681
40351,1,0,59682
40352,1,0,59683
40353,1,0,59684
40354,1,0,59685
40355,1,0,59686
40356,2,0,59688
40357,1,0,59689
40358,2,0,59691
40359,1,0,59692
40360,1,0,59693
40361,1,0,59694
40362,1,0,59695
40363,1,0,59696
40364,1,0,59697
40365,2,0,59699
40366,1,0,59700
40367,1,0,59701
40368,3,0,59704
40369,1,0,59705
40370,2,0,59707
40371,4,0,59711
40372,3,0,59714
40373,1,0,59715
40374,1,0,59716
40375,1,0,59717
40376,1,0,59718
40377,1,0,59719
40378,1,0,59720
40379,1,0,59721
40380,2,0,59723
40381,1,0,59724
40382,2,0,59726
40383,1,0,59727
40384,1,0,59728
40385,1,0,59729
40386,1,0,59730
40387,1,0,59731
40388,1,0,59732
40389,1,0,59733
40390,2,0,59735
40391,1,0,59736
40392,2,0,59738
40393,2,0,59740
40394,2,0,59742
40395,1,0,59743
40396,1,0,59744
40397,1,0,59745
40398,1,0,59746
40399,2,0,59748
40400,1,0,59749
40401,2,0,59751
40402,1,0,59752
40403,1,0,59753
40404,1,0,59754
40405,1,0,59755
40406,1,0,59756
40407,1,0,59757
40408,1,0,59758
40409,1,0,59759
40410,2,0,59761
40411,1,0,59762
40412,2,0,59764
40413,1,0,59765
40414,1,0,59766
40415,2,0,59768
40416,1,0,59769
40417,1,0,59770
40418,1,0,59771
40419,1,0,59772
40420,1,0,59773
40421,1,0,59774
40422,1,0,59775
40423,1,0,59776
40424,1,0,59777
40425,1,0,59778
40426,1,0,59779
40427,1,0,59780
40428,1,0,59781
40429,1,0,59782
40430,3,0,59785
40431,2,0,59787
40432,2,0,59789
40433,1,0,59790
40434,1,0,59791
40435,1,0,59792
40436,1,0,59793
40437,2,0,59795
40438,1,0,59796
40439,2,0,59798
40440,1,0,59799
40441,1,0,59800
40442,1,0,59801
40443,4,0,59805
40444,2,0,59807
40445,3,0,59810
40446,1,0,59811
40447,1,0,59812
40448,2,0,59814
40449,1,0,59815
40450,1,0,59816
40451,1,0,59817
40452,2,0,59819
40453,1,0,59820
40454,1,0,59821
40455,1,0,59822
40456,1,0,59823
40457,1,0,59824
40458,1,0,59825
40459,1,0,59826
40460,1,0,59827
40461,2,0,59829
40462,1,0,59830
40463,1,0,59831
40464,3,0,59834
40465,1,0,59835
40466,1,0,59836
40467,2,0,59838
40468,4,0,59842
40469,2,0,59844
40470,1,0,59845
40471,4,0,59849
40472,1,0,59850
40473,1,0,59851
40474,1,0,59852
40475,1,0,59853
40476,4,0,59857
40477,5,0,59862
40478,1,0,59863
40479,2,0,59865
40480,1,0,59866
40481,2,0,59868
40482,2,0,59870
40483,1,0,59871
40484,1,0,59872
40485,1,0,59873
40486,1,0,59874
40487,1,0,59875
40488,1,0,59876
40489,1,0,59877
40490,1,0,59878
40491,2,0,59880
40492,1,0,59881
40493,1,0,59882
40494,1,0,59883
40495,1,0,59884
40496,1,0,59885
40497,1,0,59886
40498,1,0,59887
40499,1,0,59888
40500,1,0,59889
40501,1,0,59890
40502,1,0,59891
40503,1,0,59892
40504,1,0,59893
40505,1,0,59894
40506,1,0,59895
40507,1,0,59896
40508,1,0,59897
40509,1,0,59898
40510,1,0,59899
40511,1,0,59900
40512,1,0,59901
40513,1,0,59902
40514,1,0,59903
40515,1,0,59904
40516,1,0,59905
40517,1,0,59906
40518,1,0,59907
40519,1,0,59908
40520,1,0,59909
40521,1,0,59910
40522,1,0,59911
40523,1,0,59912
40524,1,0,59913
40525,1,0,59914
40526,1,0,59915
40527,1,0,59916
40528,1,0,59917
40529,1,0,59918
40530,1,0,59919
40531,1,0,59920
40532,1,0,59921
40533,1,0,59922
40534,1,0,59923
40535,2,0,59925
40536,1,0,59926
40537,2,0,59928
40538,3,0,59931
40539,1,0,59932
40540,1,0,59933
40541,1,0,59934
40542,1,0,59935
40543,1,0,59936
40544,4,0,59940
40545,3,0,59943
40546,1,0,59944
40547,1,0,59945
40548,1,0,59946
40549,1,0,59947
40550,1,0,59948
40551,2,0,59950
40552,1,0,59951
40553,1,0,59952
40554,1,0,59953
40555,1,0,59954
40556,1,0,59955
40557,1,0,59956
40558,1,0,59957
40559,1,0,59958
40560,1,0,59959
40561,2,0,59961
40562,1,0,59962
40563,1,0,59963
40564,1,0,59964
40565,3,0,59967
40566,2,0,59969
40567,1,0,59970
40568,1,0,59971
40569,1,0,59972
40570,1,0,59973
40571,2,0,59975
40572,1,0,59976
40573,1,0,59977
40574,1,0,59978
40575,1,0,59979
40576,2,0,59981
40577,1,0,59982
40578,1,0,59983
40579,1,0,59984
40580,1,0,59985
40581,1,0,59986
40582,2,0,59988
40583,2,0,59990
40584,1,0,59991
40585,1,0,59992
40586,4,0,59996
40587,1,0,59997
40588,1,0,59998
40589,2,0,60000
40590,1,0,60001
40591,3,0,60004
40592,1,0,60005
40593,2,0,60007
40594,1,0,60008
40595,1,0,60009
40596,2,0,60011
40597,1,0,60012
40598,1,0,60013
40599,1,0,60014
40600,1,0,60015
40601,1,0,60016
40602,3,0,60019
40603,1,0,60020
40604,1,0,60021
40605,3,0,60024
40606,3,0,60027
40607,1,0,60028
40608,1,0,60029
40609,2,0,60031
40610,1,0,60032
40611,1,0,60033
40612,1,0,60034
40613,1,0,60035
40614,1,0,60036
40615,2,0,60038
40616,1,0,60039
40617,4,0,60043
40618,1,0,60044
40619,2,0,60046
40620,1,0,60047
40621,1,0,60048
40622,1,0,60049
40623,1,0,60050
40624,1,0,60051
40625,1,0,60052
40626,1,0,60053
40627,1,0,60054
40628,1,0,60055
40629,1,0,60056
40630,1,0,60057
40631,1,0,60058
40632,2,0,60060
40633,1,0,60061
40634,1,0,60062
40635,1,0,60063
40636,1,0,60064
40637,2,0,60066
40638,1,0,60067
40639,1,0,60068
40640,2,0,60070
40641,2,0,60072
40642,1,0,60073
40643,1,0,60074
40644,2,0,60076
40645,1,0,60077
40646,1,0,60078
40647,4,0,60082
40648,1,0,60083
40649,1,0,60084
40650,1,0,60085
40651,1,0,60086
40652,1,0,60087
40653,1,0,60088
40654,1,0,60089
40655,1,0,60090
40656,1,0,60091
40657,2,0,60093
40658,1,0,60094
40659,2,0,60096
40660,1,0,60097
40661,2,0,60099
40662,1,0,60100
40663,1,0,60101
40664,2,0,60103
40665,1,0,60104
40666,1,0,60105
40667,1,0,60106
40668,1,0,60107
40669,1,0,60108
40670,2,0,60110
40671,4,0,60114
40672,1,0,60115
40673,1,0,60116
40674,1,0,60117
40675,1,0,60118
40676,1,0,60119
40677,1,0,60120
40678,1,0,60121
40679,1,0,60122
40680,1,0,60123
40681,1,0,60124
40682,1,0,60125
40683,1,0,60126
40684,1,0,60127
40685,5,0,60132
40686,1,0,60133
40687,2,0,60135
40688,1,0,60136
40689,1,0,60137
40690,2,0,60139
40691,1,0,60140
40692,1,0,60141
40693,2,0,60143
40694,2,0,60145
40695,1,0,60146
40696,1,0,60147
40697,1,0,60148
40698,3,0,60151
40699,1,0,60152
40700,1,0,60153
40701,1,0,60154
40702,1,0,60155
40703,2,0,60157
40704,2,0,60159
40705,1,0,60160
40706,2,0,60162
40707,1,0,60163
40708,1,0,60164
40709,1,0,60165
40710,1,0,60166
40711,2,0,60168
40712,1,0,60169
40713,1,0,60170
40714,1,0,60171
40715,3,0,60174
40716,1,0,60175
40717,1,0,60176
40718,1,0,60177
40719,1,0,60178
40720,1,0,60179
40721,1,0,60180
40722,2,0,60182
40723,1,0,60183
40724,1,0,60184
40725,3,0,60187
40726,1,0,60188
40727,1,0,60189
40728,2,0,60191
40729,1,0,60192
40730,1,0,60193
40731,1,0,60194
40732,1,0,60195
40733,1,0,60196
40734,2,0,60198
40735,1,0,60199
40736,1,0,60200
40737,1,0,60201
40738,1,0,60202
40739,2,0,60204
40740,1,0,60205
40741,2,0,60207
40742,1,0,60208
40743,1,0,60209
40744,1,0,60210
40745,1,0,60211
40746,1,0,60212
40747,2,0,60214
40748,1,0,60215
40749,2,0,60217
40750,1,0,60218
40751,2,0,60220
40752,1,0,60221
40753,2,0,60223
40754,4,0,60227
40755,2,0,60229
40756,1,0,60230
40757,2,0,60232
40758,1,0,60233
40759,1,0,60234
40760,2,0,60236
40761,2,0,60238
40762,1,0,60239
40763,3,0,60242
40764,1,0,60243
40765,1,0,60244
40766,1,0,60245
40767,1,0,60246
40768,1,0,60247
40769,3,0,60250
40770,2,0,60252
40771,1,0,60253
40772,1,0,60254
40773,2,0,60256
40774,1,0,60257
40775,2,0,60259
40776,2,0,60261
40777,1,0,60262
40778,1,0,60263
40779,2,0,60265
40780,5,0,60270
40781,1,0,60271
40782,1,0,60272
40783,1,0,60273
40784,3,0,60276
40785,3,0,60279
40786,1,0,60280
40787,1,0,60281
40788,1,0,60282
40789,1,0,60283
40790,3,0,60286
40791,2,0,60288
40792,1,0,60289
40793,1,0,60290
40794,2,0,60292
40795,1,0,60293
40796,3,0,60296
40797,1,0,60297
40798,1,0,60298
40799,1,0,60299
40800,2,0,60301
40801,1,0,60302
40802,1,0,60303
40803,1,0,60304
40804,2,0,60306
40805,1,0,60307
40806,1,0,60308
40807,1,0,60309
40808,1,0,60310
40809,2,0,60312
40810,1,0,60313
40811,1,0,60314
40812,1,0,60315
40813,1,0,60316
40814,1,0,60317
40815,1,0,60318
40816,1,0,60319
40817,1,0,60320
40818,1,0,60321
40819,1,0,60322
40820,1,0,60323
40821,2,0,60325
40822,1,0,60326
40823,1,0,60327
40824,2,0,60329
40825,2,0,60331
40826,1,0,60332
40827,1,0,60333
40828,1,0,60334
40829,1,0,60335
40830,1,0,60336
40831,3,0,60339
40832,2,0,60341
40833,1,0,60342
40834,1,0,60343
40835,1,0,60344
40836,1,0,60345
40837,1,0,60346
40838,1,0,60347
40839,1,0,60348
40840,1,0,60349
40841,1,0,60350
40842,1,0,60351
40843,1,0,60352
40844,1,0,60353
40845,2,0,60355
40846,2,0,60357
40847,2,0,60359
40848,2,0,60361
40849,2,0,60363
40850,1,0,60364
40851,1,0,60365
40852,1,0,60366
40853,1,0,60367
40854,2,0,60369
40855,1,0,60370
40856,1,0,60371
40857,2,0,60373
40858,3,0,60376
40859,1,0,60377
40860,1,0,60378
40861,2,0,60380
40862,1,0,60381
40863,7,0,60388
40864,1,0,60389
40865,4,0,60393
40866,2,0,60395
40867,1,0,60396
40868,1,0,60397
40869,1,0,60398
40870,1,0,60399
40871,1,0,60400
40872,1,0,60401
40873,3,0,60404
40874,2,0,60406
40875,1,0,60407
40876,1,0,60408
40877,1,0,60409
40878,3,0,60412
40879,1,0,60413
40880,1,0,60414
40881,1,0,60415
40882,6,0,60421
40883,1,0,60422
40884,1,0,60423
40885,1,0,60424
40886,1,0,60425
40887,3,0,60428
40888,1,0,60429
40889,1,0,60430
40890,1,0,60431
40891,1,0,60432
40892,1,0,60433
40893,1,0,60434
40894,1,0,60435
40895,1,0,60436
40896,2,0,60438
40897,2,0,60440
40898,6,0,60446
40899,1,0,60447
40900,1,0,60448
40901,1,0,60449
40902,1,0,60450
40903,4,0,60454
40904,1,0,60455
40905,1,0,60456
40906,1,0,60457
40907,2,0,60459
40908,1,0,60460
40909,1,0,60461
40910,1,0,60462
40911,1,0,60463
40912,1,0,60464
40913,4,0,60468
40914,3,0,60471
40915,1,0,60472
40916,3,0,60475
40917,1,0,60476
40918,1,0,60477
40919,4,0,60481
40920,2,0,60483
40921,2,0,60485
40922,3,0,60488
40923,1,0,60489
40924,2,0,60491
40925,2,0,60493
40926,2,0,60495
40927,4,0,60499
40928,1,0,60500
40929,2,0,60502
40930,1,0,60503
40931,2,0,60505
40932,1,0,60506
40933,1,0,60507
40934,1,0,60508
40935,1,0,60509
40936,3,0,60512
40937,1,0,60513
40938,1,0,60514
40939,3,0,60517
40940,1,0,60518
40941,1,0,60519
40942,1,0,60520
40943,1,0,60521
40944,1,0,60522
40945,2,0,60524
40946,2,0,60526
40947,1,0,60527
40948,3,0,60530
40949,1,0,60531
40950,1,0,60532
40951,1,0,60533
40952,1,0,60534
40953,1,0,60535
40954,1,0,60536
40955,1,0,60537
40956,3,0,60540
40957,1,0,60541
40958,3,0,60544
40959,3,0,60547
40960,1,0,60548
40961,1,0,60549
40962,2,0,60551
40963,2,0,60553
40964,1,0,60554
40965,1,0,60555
40966,1,0,60556
40967,2,0,60558
40968,1,0,60559
40969,1,0,60560
40970,1,0,60561
40971,1,0,60562
40972,1,0,60563
40973,2,0,60565
40974,1,0,60566
40975,1,0,60567
40976,1,0,60568
40977,1,0,60569
40978,1,0,60570
40979,3,0,60573
40980,1,0,60574
40981,2,0,60576
40982,2,0,60578
40983,3,0,60581
40984,1,0,60582
40985,1,0,60583
40986,1,0,60584
40987,1,0,60585
40988,1,0,60586
40989,3,0,60589
40990,2,0,60591
40991,1,0,60592
40992,2,0,60594
40993,1,0,60595
40994,1,0,60596
40995,1,0,60597
40996,1,0,60598
40997,5,0,60603
40998,2,0,60605
40999,1,0,60606
41000,1,0,60607
41001,1,0,60608
41002,4,0,60612
41003,2,0,60614
41004,2,0,60616
41005,1,0,60617
41006,3,0,60620
41007,2,0,60622
41008,1,0,60623
41009,1,0,60624
41010,1,0,60625
41011,1,0,60626
41012,1,0,60627
41013,1,0,60628
41014,1,0,60629
41015,2,0,60631
41016,1,0,60632
41017,1,0,60633
41018,1,0,60634
41019,2,0,60636
41020,2,0,60638
41021,1,0,60639
41022,1,0,60640
41023,1,0,60641
41024,1,0,60642
41025,1,0,60643
41026,3,0,60646
41027,1,0,60647
41028,1,0,60648
41029,1,0,60649
41030,1,0,60650
41031,2,0,60652
41032,1,0,60653
41033,1,0,60654
41034,2,0,60656
41035,1,0,60657
41036,1,0,60658
41037,1,0,60659
41038,1,0,60660
41039,1,0,60661
41040,1,0,60662
41041,2,0,60664
41042,2,0,60666
41043,1,0,60667
41044,1,0,60668
41045,1,0,60669
41046,3,0,60672
41047,1,0,60673
41048,2,0,60675
41049,4,0,60679
41050,1,0,60680
41051,1,0,60681
41052,1,0,60682
41053,1,0,60683
41054,1,0,60684
41055,1,0,60685
41056,1,0,60686
41057,1,0,60687
41058,1,0,60688
41059,2,0,60690
41060,1,0,60691
41061,1,0,60692
41062,1,0,60693
41063,1,0,60694
41064,1,0,60695
41065,2,0,60697
41066,3,0,60700
41067,2,0,60702
41068,1,0,60703
41069,1,0,60704
41070,2,0,60706
41071,2,0,60708
41072,2,0,60710
41073,3,0,60713
41074,1,0,60714
41075,2,0,60716
41076,4,0,60720
41077,1,0,60721
41078,2,0,60723
41079,1,0,60724
41080,1,0,60725
41081,2,0,60727
41082,1,0,60728
41083,1,0,60729
41084,1,0,60730
41085,5,0,60735
41086,1,0,60736
41087,1,0,60737
41088,1,0,60738
41089,3,0,60741
41090,1,0,60742
41091,1,0,60743
41092,1,0,60744
41093,1,0,60745
41094,1,0,60746
41095,1,0,60747
41096,1,0,60748
41097,2,0,60750
41098,3,0,60753
41099,1,0,60754
41100,2,0,60756
41101,1,0,60757
41102,1,0,60758
41103,1,0,60759
41104,1,0,60760
41105,1,0,60761
41106,1,0,60762
41107,2,0,60764
41108,8,0,60772
41109,6,0,60778
41110,1,0,60779
41111,2,0,60781
41112,4,0,60785
41113,5,0,60790
41114,3,0,60793
41115,1,0,60794
41116,2,0,60796
41117,7,0,60803
41118,2,0,60805
41119,1,0,60806
41120,1,0,60807
41121,2,0,60809
41122,3,0,60812
41123,4,0,60816
41124,13,0,60829
41125,1,0,60830
41126,9,0,60839
41127,1,0,60840
41128,1,0,60841
41129,2,0,60843
41130,15,0,60858
41131,6,0,60864
41132,4,0,60868
41133,2,0,60870
41134,2,0,60872
41135,15,0,60887
41136,7,0,60894
41137,2,0,60896
41138,4,0,60900
41139,1,0,60901
41140,1,0,60902
41141,3,0,60905
41142,2,0,60907
41143,1,0,60908
41144,1,0,60909
41145,10,0,60919
41146,3,0,60922
41147,14,0,60936
41148,5,0,60941
41149,8,0,60949
41150,5,0,60954
41151,3,0,60957
41152,1,0,60958
41153,1,0,60959
41154,1,0,60960
41155,3,0,60963
41156,2,0,60965
41157,11,0,60976
41158,1,0,60977
41159,3,0,60980
41160,2,0,60982
41161,1,0,60983
41162,5,0,60988
41163,6,0,60994
41164,7,0,61001
41165,3,0,61004
41166,3,0,61007
41167,5,0,61012
41168,2,0,61014
41169,2,0,61016
41170,4,0,61020
41171,4,0,61024
41172,6,0,61030
41173,8,0,61038
41174,1,0,61039
41175,3,0,61042
41176,1,0,61043
41177,6,0,61049
41178,8,0,61057
41179,2,0,61059
41180,14,0,61073
41181,3,0,61076
41182,4,0,61080
41183,2,0,61082
41184,2,0,61084
41185,8,0,61092
41186,3,0,61095
41187,2,0,61097
41188,5,0,61102
41189,6,0,61108
41190,1,0,61109
41191,1,0,61110
41192,1,0,61111
41193,2,0,61113
41194,1,0,61114
41195,2,0,61116
41196,1,0,61117
41197,5,0,61122
41198,3,0,61125
41199,3,0,61128
41200,5,0,61133
41201,5,0,61138
41202,3,0,61141
41203,3,0,61144
41204,2,0,61146
41205,1,0,61147
41206,1,0,61148
41207,5,0,61153
41208,1,0,61154
41209,2,0,61156
41210,1,0,61157
41211,4,0,61161
41212,1,0,61162
41213,1,0,61163
41214,3,0,61166
41215,3,0,61169
41216,1,0,61170
41217,6,0,61176
41218,1,0,61177
41219,1,0,61178
41220,1,0,61179
41221,2,0,61181
41222,2,0,61183
41223,2,0,61185
41224,23,0,61208
41225,1,0,61209
41226,3,0,61212
41227,10,0,61222
41228,1,0,61223
41229,5,0,61228
41230,3,0,61231
41231,2,0,61233
41232,3,0,61236
41233,8,0,61244
41234,22,0,61266
41235,5,0,61271
41236,3,0,61274
41237,1,0,61275
41238,9,0,61284
41239,3,0,61287
41240,5,0,61292
41241,2,0,61294
41242,5,0,61299
41243,3,0,61302
41244,1,0,61303
41245,3,0,61306
41246,4,0,61310
41247,1,0,61311
41248,1,0,61312
41249,3,0,61315
41250,1,0,61316
41251,10,0,61326
41252,4,0,61330
41253,5,0,61335
41254,3,0,61338
41255,13,0,61351
41256,4,0,61355
41257,4,0,61359
41258,2,0,61361
41259,3,0,61364
41260,2,0,61366
41261,1,0,61367
41262,4,0,61371
41263,23,0,61394
41264,7,0,61401
41265,3,0,61404
41266,6,0,61410
41267,1,0,61411
41268,2,0,61413
41269,7,0,61420
41270,2,0,61422
41271,2,0,61424
41272,11,0,61435
41273,2,0,61437
41274,5,0,61442
41275,5,0,61447
41276,2,0,61449
41277,3,0,61452
41278,1,0,61453
41279,3,0,61456
41280,1,0,61457
41281,3,0,61460
41282,3,0,61463
41283,1,0,61464
41284,1,0,61465
41285,2,0,61467
41286,1,0,61468
41287,2,0,61470
41288,2,0,61472
41289,3,0,61475
41290,7,0,61482
41291,2,0,61484
41292,3,0,61487
41293,1,0,61488
41294,1,0,61489
41295,1,0,61490
41296,1,0,61491
41297,1,0,61492
41298,1,0,61493
41299,1,0,61494
41300,2,0,61496
41301,1,0,61497
41302,6,0,61503
41303,2,0,61505
41304,2,0,61507
41305,7,0,61514
41306,1,0,61515
41307,2,0,61517
41308,2,0,61519
41309,1,0,61520
41310,1,0,61521
41311,1,0,61522
41312,1,0,61523
41313,4,0,61527
41314,1,0,61528
41315,5,0,61533
41316,1,0,61534
41317,1,0,61535
41318,1,0,61536
41319,2,0,61538
41320,1,0,61539
41321,5,0,61544
41322,2,0,61546
41323,1,0,61547
41324,1,0,61548
41325,1,0,61549
41326,2,0,61551
41327,1,0,61552
41328,2,0,61554
41329,2,0,61556
41330,2,0,61558
41331,4,0,61562
41332,4,0,61566
41333,1,0,61567
41334,1,0,61568
41335,2,0,61570
41336,1,0,61571
41337,3,0,61574
41338,1,0,61575
41339,2,0,61577
41340,4,0,61581
41341,2,0,61583
41342,4,0,61587
41343,1,0,61588
41344,1,0,61589
41345,2,0,61591
41346,2,0,61593
41347,1,0,61594
41348,1,0,61595
41349,6,0,61601
41350,8,0,61609
41351,4,0,61613
41352,1,0,61614
41353,4,0,61618
41354,1,0,61619
41355,3,0,61622
41356,4,0,61626
41357,1,0,61627
41358,2,0,61629
41359,1,0,61630
41360,2,0,61632
41361,1,0,61633
41362,3,0,61636
41363,1,0,61637
41364,2,0,61639
41365,3,0,61642
41366,1,0,61643
41367,2,0,61645
41368,2,0,61647
41369,2,0,61649
41370,1,0,61650
41371,1,0,61651
41372,1,0,61652
41373,3,0,61655
41374,1,0,61656
41375,2,0,61658
41376,3,0,61661
41377,9,0,61670
41378,3,0,61673
41379,2,0,61675
41380,7,0,61682
41381,1,0,61683
41382,1,0,61684
41383,5,0,61689
41384,2,0,61691
41385,7,0,61698
41386,3,0,61701
41387,1,0,61702
41388,4,0,61706
41389,5,0,61711
41390,5,0,61716
41391,2,0,61718
41392,2,0,61720
41393,2,0,61722
41394,3,0,61725
41395,2,0,61727
41396,1,0,61728
41397,3,0,61731
41398,1,0,61732
41399,2,0,61734
41400,1,0,61735
41401,1,0,61736
41402,1,0,61737
41403,1,0,61738
41404,1,0,61739
41405,1,0,61740
41406,2,0,61742
41407,1,0,61743
41408,3,0,61746
41409,3,0,61749
41410,1,0,61750
41411,1,0,61751
41412,1,0,61752
41413,1,0,61753
41414,1,0,61754
41415,1,0,61755
41416,1,0,61756
41417,1,0,61757
41418,2,0,61759
41419,1,0,61760
41420,1,0,61761
41421,1,0,61762
41422,5,0,61767
41423,1,0,61768
41424,1,0,61769
41425,1,0,61770
41426,1,0,61771
41427,2,0,61773
41428,2,0,61775
41429,1,0,61776
41430,1,0,61777
41431,1,0,61778
41432,1,0,61779
41433,1,0,61780
41434,1,0,61781
41435,4,0,61785
41436,1,0,61786
41437,3,0,61789
41438,1,0,61790
41439,3,0,61793
41440,1,0,61794
41441,2,0,61796
41442,1,0,61797
41443,2,0,61799
41444,2,0,61801
41445,1,0,61802
41446,3,0,61805
41447,2,0,61807
41448,1,0,61808
41449,2,0,61810
41450,2,0,61812
41451,2,0,61814
41452,1,0,61815
41453,2,0,61817
41454,1,0,61818
41455,1,0,61819
41456,1,0,61820
41457,6,0,61826
41458,1,0,61827
41459,2,0,61829
41460,2,0,61831
41461,1,0,61832
41462,1,0,61833
41463,1,0,61834
41464,1,0,61835
41465,2,0,61837
41466,2,0,61839
41467,2,0,61841
41468,3,0,61844
41469,3,0,61847
41470,1,0,61848
41471,1,0,61849
41472,3,0,61852
41473,2,0,61854
41474,2,0,61856
41475,1,0,61857
41476,1,0,61858
41477,2,0,61860
41478,1,0,61861
41479,1,0,61862
41480,3,0,61865
41481,1,0,61866
41482,1,0,61867
41483,2,0,61869
41484,3,0,61872
41485,1,0,61873
41486,2,0,61875
41487,2,0,61877
41488,1,0,61878
41489,2,0,61880
41490,5,0,61885
41491,2,0,61887
41492,2,0,61889
41493,1,0,61890
41494,1,0,61891
41495,1,0,61892
41496,1,0,61893
41497,2,0,61895
41498,4,0,61899
41499,1,0,61900
41500,1,0,61901
41501,2,0,61903
41502,2,0,61905
41503,1,0,61906
41504,1,0,61907
41505,3,0,61910
41506,2,0,61912
41507,2,0,61914
41508,2,0,61916
41509,1,0,61917
41510,1,0,61918
41511,1,0,61919
41512,1,0,61920
41513,1,0,61921
41514,3,0,61924
41515,2,0,61926
41516,1,0,61927
41517,1,0,61928
41518,1,0,61929
41519,1,0,61930
41520,2,0,61932
41521,1,0,61933
41522,1,0,61934
41523,1,0,61935
41524,2,0,61937
41525,1,0,61938
41526,2,0,61940
41527,1,0,61941
41528,1,0,61942
41529,1,0,61943
41530,1,0,61944
41531,1,0,61945
41532,2,0,61947
41533,2,0,61949
41534,1,0,61950
41535,3,0,61953
41536,3,0,61956
41537,1,0,61957
41538,1,0,61958
41539,2,0,61960
41540,2,0,61962
41541,1,0,61963
41542,1,0,61964
41543,2,0,61966
41544,1,0,61967
41545,1,0,61968
41546,1,0,61969
41547,1,0,61970
41548,2,0,61972
41549,3,0,61975
41550,1,0,61976
41551,3,0,61979
41552,1,0,61980
41553,1,0,61981
41554,1,0,61982
41555,1,0,61983
41556,2,0,61985
41557,2,0,61987
41558,1,0,61988
41559,2,0,61990
41560,2,0,61992
41561,1,0,61993
41562,4,0,61997
41563,4,0,62001
41564,3,0,62004
41565,1,0,62005
41566,1,0,62006
41567,5,0,62011
41568,2,0,62013
41569,3,0,62016
41570,3,0,62019
41571,1,0,62020
41572,1,0,62021
41573,1,0,62022
41574,2,0,62024
41575,3,0,62027
41576,1,0,62028
41577,3,0,62031
41578,1,0,62032
41579,1,0,62033
41580,1,0,62034
41581,2,0,62036
41582,1,0,62037
41583,2,0,62039
41584,2,0,62041
41585,1,0,62042
41586,1,0,62043
41587,3,0,62046
41588,1,0,62047
41589,1,0,62048
41590,1,0,62049
41591,3,0,62052
41592,1,0,62053
41593,1,0,62054
41594,2,0,62056
41595,1,0,62057
41596,1,0,62058
41597,1,0,62059
41598,1,0,62060
41599,3,0,62063
41600,1,0,62064
41601,1,0,62065
41602,1,0,62066
41603,2,0,62068
41604,1,0,62069
41605,1,0,62070
41606,2,0,62072
41607,1,0,62073
41608,1,0,62074
41609,2,0,62076
41610,1,0,62077
41611,2,0,62079
41612,2,0,62081
41613,2,0,62083
41614,1,0,62084
41615,1,0,62085
41616,1,0,62086
41617,2,0,62088
41618,4,0,62092
41619,1,0,62093
41620,1,0,62094
41621,2,0,62096
41622,1,0,62097
41623,1,0,62098
41624,1,0,62099
41625,1,0,62100
41626,1,0,62101
41627,2,0,62103
41628,1,0,62104
41629,2,0,62106
41630,2,0,62108
41631,7,0,62115
41632,1,0,62116
41633,2,0,62118
41634,2,0,62120
41635,1,0,62121
41636,1,0,62122
41637,2,0,62124
41638,1,0,62125
41639,7,0,62132
41640,1,0,62133
41641,1,0,62134
41642,1,0,62135
41643,2,0,62137
41644,1,0,62138
41645,2,0,62140
41646,3,0,62143
41647,3,0,62146
41648,1,0,62147
41649,4,0,62151
41650,1,0,62152
41651,1,0,62153
41652,1,0,62154
41653,1,0,62155
41654,2,0,62157
41655,1,0,62158
41656,1,0,62159
41657,1,0,62160
41658,1,0,62161
41659,1,0,62162
41660,1,0,62163
41661,1,0,62164
41662,2,0,62166
41663,3,0,62169
41664,4,0,62173
41665,2,0,62175
41666,1,0,62176
41667,1,0,62177
41668,1,0,62178
41669,1,0,62179
41670,1,0,62180
41671,1,0,62181
41672,1,0,62182
41673,1,0,62183
41674,1,0,62184
41675,2,0,62186
41676,1,0,62187
41677,2,0,62189
41678,3,0,62192
41679,1,0,62193
41680,1,0,62194
41681,1,0,62195
41682,1,0,62196
41683,1,0,62197
41684,2,0,62199
41685,2,0,62201
41686,2,0,62203
41687,2,0,62205
41688,1,0,62206
41689,1,0,62207
41690,1,0,62208
41691,2,0,62210
41692,1,0,62211
41693,1,0,62212
41694,2,0,62214
41695,1,0,62215
41696,1,0,62216
41697,1,0,62217
41698,1,0,62218
41699,1,0,62219
41700,1,0,62220
41701,1,0,62221
41702,2,0,62223
41703,1,0,62224
41704,1,0,62225
41705,1,0,62226
41706,3,0,62229
41707,4,0,62233
41708,1,0,62234
41709,1,0,62235
41710,1,0,62236
41711,2,0,62238
41712,1,0,62239
41713,1,0,62240
41714,1,0,62241
41715,2,0,62243
41716,2,0,62245
41717,2,0,62247
41718,1,0,62248
41719,1,0,62249
41720,2,0,62251
41721,2,0,62253
41722,2,0,62255
41723,1,0,62256
41724,1,0,62257
41725,1,0,62258
41726,2,0,62260
41727,1,0,62261
41728,2,0,62263
41729,1,0,62264
41730,1,0,62265
41731,1,0,62266
41732,1,0,62267
41733,1,0,62268
41734,3,0,62271
41735,1,0,62272
41736,2,0,62274
41737,1,0,62275
41738,5,0,62280
41739,1,0,62281
41740,2,0,62283
41741,2,0,62285
41742,5,0,62290
41743,1,0,62291
41744,3,0,62294
41745,1,0,62295
41746,4,0,62299
41747,1,0,62300
41748,1,0,62301
41749,2,0,62303
41750,1,0,62304
41751,1,0,62305
41752,1,0,62306
41753,1,0,62307
41754,1,0,62308
41755,2,0,62310
41756,1,0,62311
41757,1,0,62312
41758,1,0,62313
41759,1,0,62314
41760,3,0,62317
41761,3,0,62320
41762,2,0,62322
41763,2,0,62324
41764,2,0,62326
41765,1,0,62327
41766,2,0,62329
41767,1,0,62330
41768,2,0,62332
41769,1,0,62333
41770,1,0,62334
41771,1,0,62335
41772,1,0,62336
41773,1,0,62337
41774,1,0,62338
41775,3,0,62341
41776,1,0,62342
41777,1,0,62343
41778,1,0,62344
41779,2,0,62346
41780,1,0,62347
41781,1,0,62348
41782,2,0,62350
41783,1,0,62351
41784,1,0,62352
41785,1,0,62353
41786,3,0,62356
41787,1,0,62357
41788,1,0,62358
41789,1,0,62359
41790,1,0,62360
41791,1,0,62361
41792,1,0,62362
41793,1,0,62363
41794,1,0,62364
41795,2,0,62366
41796,1,0,62367
41797,1,0,62368
41798,1,0,62369
41799,2,0,62371
41800,1,0,62372
41801,2,0,62374
41802,1,0,62375
41803,1,0,62376
41804,1,0,62377
41805,1,0,62378
41806,2,0,62380
41807,2,0,62382
41808,1,0,62383
41809,1,0,62384
41810,5,0,62389
41811,1,0,62390
41812,1,0,62391
41813,2,0,62393
41814,1,0,62394
41815,2,0,62396
41816,1,0,62397
41817,2,0,62399
41818,1,0,62400
41819,1,0,62401
41820,1,0,62402
41821,1,0,62403
41822,1,0,62404
41823,1,0,62405
41824,2,0,62407
41825,1,0,62408
41826,1,0,62409
41827,2,0,62411
41828,1,0,62412
41829,1,0,62413
41830,6,0,62419
41831,1,0,62420
41832,1,0,62421
41833,1,0,62422
41834,1,0,62423
41835,1,0,62424
41836,1,0,62425
41837,2,0,62427
41838,2,0,62429
41839,1,0,62430
41840,5,0,62435
41841,1,0,62436
41842,1,0,62437
41843,2,0,62439
41844,4,0,62443
41845,1,0,62444
41846,1,0,62445
41847,1,0,62446
41848,4,0,62450
41849,1,0,62451
41850,2,0,62453
41851,1,0,62454
41852,1,0,62455
41853,1,0,62456
41854,1,0,62457
41855,1,0,62458
41856,2,0,62460
41857,1,0,62461
41858,1,0,62462
41859,1,0,62463
41860,2,0,62465
41861,1,0,62466
41862,2,0,62468
41863,1,0,62469
41864,1,0,62470
41865,2,0,62472
41866,1,0,62473
41867,1,0,62474
41868,1,0,62475
41869,1,0,62476
41870,1,0,62477
41871,2,0,62479
41872,1,0,62480
41873,2,0,62482
41874,1,0,62483
41875,1,0,62484
41876,1,0,62485
41877,2,0,62487
41878,2,0,62489
41879,1,0,62490
41880,1,0,62491
41881,2,0,62493
41882,2,0,62495
41883,1,0,62496
41884,1,0,62497
41885,2,0,62499
41886,1,0,62500
41887,1,0,62501
41888,1,0,62502
41889,1,0,62503
41890,2,0,62505
41891,2,0,62507
41892,2,0,62509
41893,2,0,62511
41894,2,0,62513
41895,1,0,62514
41896,1,0,62515
41897,3,0,62518
41898,1,0,62519
41899,1,0,62520
41900,2,0,62522
41901,1,0,62523
41902,2,0,62525
41903,1,0,62526
41904,1,0,62527
41905,2,0,62529
41906,1,0,62530
41907,1,0,62531
41908,1,0,62532
41909,1,0,62533
41910,1,0,62534
41911,1,0,62535
41912,1,0,62536
41913,1,0,62537
41914,2,0,62539
41915,1,0,62540
41916,1,0,62541
41917,1,0,62542
41918,2,0,62544
41919,2,0,62546
41920,1,0,62547
41921,1,0,62548
41922,2,0,62550
41923,1,0,62551
41924,3,0,62554
41925,2,0,62556
41926,1,0,62557
41927,2,0,62559
41928,1,0,62560
41929,1,0,62561
41930,3,0,62564
41931,3,0,62567
41932,2,0,62569
41933,1,0,62570
41934,3,0,62573
41935,1,0,62574
41936,1,0,62575
41937,1,0,62576
41938,4,0,62580
41939,2,0,62582
41940,2,0,62584
41941,1,0,62585
41942,1,0,62586
41943,2,0,62588
41944,2,0,62590
41945,1,0,62591
41946,1,0,62592
41947,1,0,62593
41948,1,0,62594
41949,3,0,62597
41950,1,0,62598
41951,1,0,62599
41952,1,0,62600
41953,5,0,62605
41954,1,0,62606
41955,3,0,62609
41956,1,0,62610
41957,1,0,62611
41958,2,0,62613
41959,1,0,62614
41960,1,0,62615
41961,2,0,62617
41962,1,0,62618
41963,1,0,62619
41964,1,0,62620
41965,1,0,62621
41966,2,0,62623
41967,1,0,62624
41968,2,0,62626
41969,2,0,62628
41970,1,0,62629
41971,1,0,62630
41972,1,0,62631
41973,1,0,62632
41974,1,0,62633
41975,1,0,62634
41976,1,0,62635
41977,1,0,62636
41978,1,0,62637
41979,2,0,62639
41980,1,0,62640
41981,2,0,62642
41982,2,0,62644
41983,2,0,62646
41984,1,0,62647
41985,1,0,62648
41986,1,0,62649
41987,1,0,62650
41988,1,0,62651
41989,2,0,62653
41990,1,0,62654
41991,1,0,62655
41992,2,0,62657
41993,1,0,62658
41994,3,0,62661
41995,2,0,62663
41996,1,0,62664
41997,3,0,62667
41998,2,0,62669
41999,1,0,62670
42000,1,0,62671
42001,1,0,62672
42002,1,0,62673
42003,1,0,62674
42004,2,0,62676
42005,1,0,62677
42006,1,0,62678
42007,2,0,62680
42008,1,0,62681
42009,1,0,62682
42010,1,0,62683
42011,1,0,62684
42012,5,0,62689
42013,1,0,62690
42014,3,0,62693
42015,1,0,62694
42016,1,0,62695
42017,3,0,62698
42018,1,0,62699
42019,1,0,62700
42020,2,0,62702
42021,1,0,62703
42022,1,0,62704
42023,1,0,62705
42024,1,0,62706
42025,1,0,62707
42026,1,0,62708
42027,1,0,62709
42028,2,0,62711
42029,1,0,62712
42030,2,0,62714
42031,3,0,62717
42032,1,0,62718
42033,1,0,62719
42034,2,0,62721
42035,1,0,62722
42036,2,0,62724
42037,1,0,62725
42038,2,0,62727
42039,1,0,62728
42040,2,0,62730
42041,1,0,62731
42042,1,0,62732
42043,1,0,62733
42044,2,0,62735
42045,2,0,62737
42046,2,0,62739
42047,2,0,62741
42048,2,0,62743
42049,1,0,62744
42050,1,0,62745
42051,1,0,62746
42052,2,0,62748
42053,1,0,62749
42054,1,0,62750
42055,3,0,62753
42056,2,0,62755
42057,1,0,62756
42058,1,0,62757
42059,1,0,62758
42060,1,0,62759
42061,1,0,62760
42062,1,0,62761
42063,2,0,62763
42064,4,0,62767
42065,2,0,62769
42066,1,0,62770
42067,1,0,62771
42068,1,0,62772
42069,1,0,62773
42070,1,0,62774
42071,1,0,62775
42072,2,0,62777
42073,1,0,62778
42074,2,0,62780
42075,1,0,62781
42076,1,0,62782
42077,2,0,62784
42078,1,0,62785
42079,1,0,62786
42080,1,0,62787
42081,1,0,62788
42082,1,0,62789
42083,5,0,62794
42084,1,0,62795
42085,2,0,62797
42086,1,0,62798
42087,1,0,62799
42088,1,0,62800
42089,1,0,62801
42090,3,0,62804
42091,2,0,62806
42092,2,0,62808
42093,1,0,62809
42094,1,0,62810
42095,1,0,62811
42096,1,0,62812
42097,1,0,62813
42098,2,0,62815
42099,1,0,62816
42100,1,0,62817
42101,1,0,62818
42102,2,0,62820
42103,1,0,62821
42104,1,0,62822
42105,2,0,62824
42106,3,0,62827
42107,1,0,62828
42108,3,0,62831
42109,2,0,62833
42110,2,0,62835
42111,1,0,62836
42112,1,0,62837
42113,1,0,62838
42114,1,0,62839
42115,1,0,62840
42116,1,0,62841
42117,1,0,62842
42118,1,0,62843
42119,2,0,62845
42120,1,0,62846
42121,1,0,62847
42122,1,0,62848
42123,4,0,62852
42124,1,0,62853
42125,2,0,62855
42126,1,0,62856
42127,1,0,62857
42128,1,0,62858
42129,1,0,62859
42130,1,0,62860
42131,2,0,62862
42132,1,0,62863
42133,2,0,62865
42134,2,0,62867
42135,1,0,62868
42136,2,0,62870
42137,2,0,62872
42138,2,0,62874
42139,3,0,62877
42140,1,0,62878
42141,1,0,62879
42142,3,0,62882
42143,1,0,62883
42144,1,0,62884
42145,1,0,62885
42146,1,0,62886
42147,1,0,62887
42148,1,0,62888
42149,3,0,62891
42150,2,0,62893
42151,1,0,62894
42152,1,0,62895
42153,2,0,62897
42154,2,0,62899
42155,1,0,62900
42156,1,0,62901
42157,2,0,62903
42158,1,0,62904
42159,1,0,62905
42160,1,0,62906
42161,1,0,62907
42162,1,0,62908
42163,1,0,62909
42164,1,0,62910
42165,1,0,62911
42166,1,0,62912
42167,1,0,62913
42168,2,0,62915
42169,3,0,62918
42170,3,0,62921
42171,1,0,62922
42172,1,0,62923
42173,1,0,62924
42174,1,0,62925
42175,2,0,62927
42176,2,0,62929
42177,1,0,62930
42178,1,0,62931
42179,1,0,62932
42180,2,0,62934
42181,1,0,62935
42182,1,0,62936
42183,2,0,62938
42184,4,0,62942
42185,1,0,62943
42186,1,0,62944
42187,3,0,62947
42188,1,0,62948
42189,1,0,62949
42190,1,0,62950
42191,2,0,62952
42192,1,0,62953
42193,4,0,62957
42194,1,0,62958
42195,2,0,62960
42196,1,0,62961
42197,2,0,62963
42198,3,0,62966
42199,1,0,62967
42200,1,0,62968
42201,1,0,62969
42202,1,0,62970
42203,1,0,62971
42204,2,0,62973
42205,1,0,62974
42206,1,0,62975
42207,1,0,62976
42208,1,0,62977
42209,1,0,62978
42210,7,0,62985
42211,1,0,62986
42212,1,0,62987
42213,2,0,62989
42214,1,0,62990
42215,2,0,62992
42216,1,0,62993
42217,3,0,62996
42218,1,0,62997
42219,2,0,62999
42220,2,0,63001
42221,2,0,63003
42222,3,0,63006
42223,1,0,63007
42224,1,0,63008
42225,1,0,63009
42226,2,0,63011
42227,1,0,63012
42228,1,0,63013
42229,1,0,63014
42230,2,0,63016
42231,2,0,63018
42232,1,0,63019
42233,1,0,63020
42234,1,0,63021
42235,3,0,63024
42236,1,0,63025
42237,3,0,63028
42238,1,0,63029
42239,1,0,63030
42240,1,0,63031
42241,1,0,63032
42242,1,0,63033
42243,2,0,63035
42244,2,0,63037
42245,2,0,63039
42246,1,0,63040
42247,1,0,63041
42248,1,0,63042
42249,1,0,63043
42250,3,0,63046
42251,3,0,63049
42252,2,0,63051
42253,1,0,63052
42254,1,0,63053
42255,1,0,63054
42256,1,0,63055
42257,1,0,63056
42258,2,0,63058
42259,1,0,63059
42260,3,0,63062
42261,1,0,63063
42262,1,0,63064
42263,1,0,63065
42264,1,0,63066
42265,2,0,63068
42266,1,0,63069
42267,6,0,63075
42268,2,0,63077
42269,1,0,63078
42270,1,0,63079
42271,1,0,63080
42272,1,0,63081
42273,1,0,63082
42274,2,0,63084
42275,1,0,63085
42276,2,0,63087
42277,1,0,63088
42278,4,0,63092
42279,1,0,63093
42280,2,0,63095
42281,1,0,63096
42282,1,0,63097
42283,2,0,63099
42284,1,0,63100
42285,3,0,63103
42286,3,0,63106
42287,3,0,63109
42288,2,0,63111
42289,1,0,63112
42290,2,0,63114
42291,1,0,63115
42292,3,0,63118
42293,1,0,63119
42294,1,0,63120
42295,1,0,63121
42296,2,0,63123
42297,2,0,63125
42298,1,0,63126
42299,1,0,63127
42300,1,0,63128
42301,3,0,63131
42302,1,0,63132
42303,2,0,63134
42304,1,0,63135
42305,1,0,63136
42306,1,0,63137
42307,3,0,63140
42308,1,0,63141
42309,2,0,63143
42310,1,0,63144
42311,1,0,63145
42312,1,0,63146
42313,1,0,63147
42314,1,0,63148
42315,5,0,63153
42316,3,0,63156
42317,2,0,63158
42318,1,0,63159
42319,1,0,63160
42320,3,0,63163
42321,1,0,63164
42322,4,0,63168
42323,1,0,63169
42324,2,0,63171
42325,1,0,63172
42326,2,0,63174
42327,1,0,63175
42328,1,0,63176
42329,1,0,63177
42330,2,0,63179
42331,2,0,63181
42332,1,0,63182
42333,1,0,63183
42334,1,0,63184
42335,1,0,63185
42336,1,0,63186
42337,1,0,63187
42338,1,0,63188
42339,1,0,63189
42340,2,0,63191
42341,1,0,63192
42342,1,0,63193
42343,1,0,63194
42344,1,0,63195
42345,1,0,63196
42346,1,0,63197
42347,1,0,63198
42348,3,0,63201
42349,1,0,63202
42350,1,0,63203
42351,3,0,63206
42352,1,0,63207
42353,1,0,63208
42354,2,0,63210
42355,1,0,63211
42356,3,0,63214
42357,3,0,63217
42358,2,0,63219
42359,3,0,63222
42360,1,0,63223
42361,1,0,63224
42362,1,0,63225
42363,1,0,63226
42364,1,0,63227
42365,1,0,63228
42366,2,0,63230
42367,2,0,63232
42368,2,0,63234
42369,1,0,63235
42370,1,0,63236
42371,1,0,63237
42372,1,0,63238
42373,2,0,63240
42374,2,0,63242
42375,2,0,63244
42376,1,0,63245
42377,2,0,63247
42378,1,0,63248
42379,3,0,63251
42380,1,0,63252
42381,1,0,63253
42382,1,0,63254
42383,1,0,63255
42384,1,0,63256
42385,2,0,63258
42386,2,0,63260
42387,1,0,63261
42388,2,0,63263
42389,1,0,63264
42390,3,0,63267
42391,1,0,63268
42392,3,0,63271
42393,1,0,63272
42394,1,0,63273
42395,1,0,63274
42396,1,0,63275
42397,1,0,63276
42398,4,0,63280
42399,2,0,63282
42400,1,0,63283
42401,3,0,63286
42402,3,0,63289
42403,1,0,63290
42404,1,0,63291
42405,2,0,63293
42406,1,0,63294
42407,1,0,63295
42408,1,0,63296
42409,3,0,63299
42410,3,0,63302
42411,1,0,63303
42412,1,0,63304
42413,1,0,63305
42414,4,0,63309
42415,1,0,63310
42416,1,0,63311
42417,5,0,63316
42418,2,0,63318
42419,3,0,63321
42420,2,0,63323
42421,1,0,63324
42422,1,0,63325
42423,1,0,63326
42424,1,0,63327
42425,1,0,63328
42426,1,0,63329
42427,1,0,63330
42428,1,0,63331
42429,2,0,63333
42430,1,0,63334
42431,3,0,63337
42432,3,0,63340
42433,3,0,63343
42434,1,0,63344
42435,3,0,63347
42436,2,0,63349
42437,2,0,63351
42438,1,0,63352
42439,1,0,63353
42440,1,0,63354
42441,1,0,63355
42442,1,0,63356
42443,1,0,63357
42444,1,0,63358
42445,2,0,63360
42446,1,0,63361
42447,1,0,63362
42448,1,0,63363
42449,2,0,63365
42450,5,0,63370
42451,1,0,63371
42452,2,0,63373
42453,1,0,63374
42454,1,0,63375
42455,1,0,63376
42456,3,0,63379
42457,3,0,63382
42458,1,0,63383
42459,2,0,63385
42460,1,0,63386
42461,1,0,63387
42462,2,0,63389
42463,1,0,63390
42464,1,0,63391
42465,2,0,63393
42466,2,0,63395
42467,1,0,63396
42468,1,0,63397
42469,1,0,63398
42470,2,0,63400
42471,2,0,63402
42472,5,0,63407
42473,1,0,63408
42474,1,0,63409
42475,1,0,63410
42476,2,0,63412
42477,3,0,63415
42478,1,0,63416
42479,1,0,63417
42480,2,0,63419
42481,1,0,63420
42482,1,0,63421
42483,2,0,63423
42484,1,0,63424
42485,1,0,63425
42486,3,0,63428
42487,1,0,63429
42488,2,0,63431
42489,1,0,63432
42490,1,0,63433
42491,1,0,63434
42492,1,0,63435
42493,3,0,63438
42494,1,0,63439
42495,2,0,63441
42496,1,0,63442
42497,1,0,63443
42498,4,0,63447
42499,1,0,63448
42500,1,0,63449
42501,2,0,63451
42502,1,0,63452
42503,1,0,63453
42504,1,0,63454
42505,1,0,63455
42506,1,0,63456
42507,2,0,63458
42508,1,0,63459
42509,1,0,63460
42510,4,0,63464
42511,1,0,63465
42512,1,0,63466
42513,1,0,63467
42514,1,0,63468
42515,1,0,63469
42516,2,0,63471
42517,2,0,63473
42518,1,0,63474
42519,4,0,63478
42520,1,0,63479
42521,1,0,63480
42522,1,0,63481
42523,1,0,63482
42524,1,0,63483
42525,1,0,63484
42526,1,0,63485
42527,2,0,63487
42528,1,0,63488
42529,2,0,63490
42530,1,0,63491
42531,4,0,63495
42532,4,0,63499
42533,1,0,63500
42534,1,0,63501
42535,1,0,63502
42536,1,0,63503
42537,2,0,63505
42538,3,0,63508
42539,1,0,63509
42540,2,0,63511
42541,1,0,63512
42542,1,0,63513
42543,2,0,63515
42544,1,0,63516
42545,1,0,63517
42546,1,0,63518
42547,1,0,63519
42548,4,0,63523
42549,1,0,63524
42550,1,0,63525
42551,1,0,63526
42552,1,0,63527
42553,3,0,63530
42554,1,0,63531
42555,1,0,63532
42556,1,0,63533
42557,1,0,63534
42558,1,0,63535
42559,2,0,63537
42560,1,0,63538
42561,1,0,63539
42562,1,0,63540
42563,1,0,63541
42564,1,0,63542
42565,2,0,63544
42566,1,0,63545
42567,1,0,63546
42568,1,0,63547
42569,1,0,63548
42570,1,0,63549
42571,1,0,63550
42572,3,0,63553
42573,2,0,63555
42574,1,0,63556
42575,4,0,63560
42576,2,0,63562
42577,1,0,63563
42578,2,0,63565
42579,4,0,63569
42580,3,0,63572
42581,1,0,63573
42582,2,0,63575
42583,1,0,63576
42584,1,0,63577
42585,1,0,63578
42586,2,0,63580
42587,1,0,63581
42588,3,0,63584
42589,1,0,63585
42590,2,0,63587
42591,1,0,63588
42592,1,0,63589
42593,1,0,63590
42594,3,0,63593
42595,1,0,63594
42596,2,0,63596
42597,2,0,63598
42598,2,0,63600
42599,1,0,63601
42600,1,0,63602
42601,1,0,63603
42602,1,0,63604
42603,2,0,63606
42604,1,0,63607
42605,2,0,63609
42606,3,0,63612
42607,1,0,63613
42608,1,0,63614
42609,2,0,63616
42610,1,0,63617
42611,1,0,63618
42612,1,0,63619
42613,2,0,63621
42614,1,0,63622
42615,1,0,63623
42616,1,0,63624
42617,1,0,63625
42618,2,0,63627
42619,3,0,63630
42620,2,0,63632
42621,2,0,63634
42622,3,0,63637
42623,1,0,63638
42624,2,0,63640
42625,1,0,63641
42626,3,0,63644
42627,6,0,63650
42628,1,0,63651
42629,1,0,63652
42630,1,0,63653
42631,4,0,63657
42632,1,0,63658
42633,2,0,63660
42634,1,0,63661
42635,1,0,63662
42636,1,0,63663
42637,4,0,63667
42638,2,0,63669
42639,1,0,63670
42640,2,0,63672
42641,1,0,63673
42642,1,0,63674
42643,1,0,63675
42644,3,0,63678
42645,1,0,63679
42646,3,0,63682
42647,1,0,63683
42648,1,0,63684
42649,1,0,63685
42650,1,0,63686
42651,1,0,63687
42652,1,0,63688
42653,1,0,63689
42654,1,0,63690
42655,2,0,63692
42656,1,0,63693
42657,1,0,63694
42658,1,0,63695
42659,1,0,63696
42660,1,0,63697
42661,1,0,63698
42662,1,0,63699
42663,3,0,63702
42664,1,0,63703
42665,1,0,63704
42666,2,0,63706
42667,1,0,63707
42668,2,0,63709
42669,2,0,63711
42670,4,0,63715
42671,1,0,63716
42672,2,0,63718
42673,2,0,63720
42674,1,0,63721
42675,1,0,63722
42676,1,0,63723
42677,3,0,63726
42678,1,0,63727
42679,2,0,63729
42680,1,0,63730
42681,2,0,63732
42682,1,0,63733
42683,1,0,63734
42684,1,0,63735
42685,2,0,63737
42686,1,0,63738
42687,2,0,63740
42688,3,0,63743
42689,2,0,63745
42690,1,0,63746
42691,2,0,63748
42692,1,0,63749
42693,2,0,63751
42694,1,0,63752
42695,2,0,63754
42696,1,0,63755
42697,1,0,63756
42698,1,0,63757
42699,1,0,63758
42700,2,0,63760
42701,1,0,63761
42702,1,0,63762
42703,5,0,63767
42704,1,0,63768
42705,1,0,63769
42706,1,0,63770
42707,3,0,63773
42708,1,0,63774
42709,1,0,63775
42710,1,0,63776
42711,1,0,63777
42712,1,0,63778
42713,1,0,63779
42714,1,0,63780
42715,1,0,63781
42716,1,0,63782
42717,1,0,63783
42718,1,0,63784
42719,1,0,63785
42720,1,0,63786
42721,1,0,63787
42722,1,0,63788
42723,1,0,63789
42724,2,0,63791
42725,1,0,63792
42726,2,0,63794
42727,1,0,63795
42728,2,0,63797
42729,1,0,63798
42730,2,0,63800
42731,2,0,63802
42732,2,0,63804
42733,1,0,63805
42734,1,0,63806
42735,1,0,63807
42736,1,0,63808
42737,1,0,63809
42738,2,0,63811
42739,1,0,63812
42740,1,0,63813
42741,2,0,63815
42742,1,0,63816
42743,1,0,63817
42744,1,0,63818
42745,3,0,63821
42746,1,0,63822
42747,3,0,63825
42748,1,0,63826
42749,1,0,63827
42750,4,0,63831
42751,1,0,63832
42752,1,0,63833
42753,1,0,63834
42754,1,0,63835
42755,1,0,63836
42756,1,0,63837
42757,1,0,63838
42758,1,0,63839
42759,4,0,63843
42760,1,0,63844
42761,2,0,63846
42762,1,0,63847
42763,1,0,63848
42764,2,0,63850
42765,1,0,63851
42766,1,0,63852
42767,1,0,63853
42768,1,0,63854
42769,1,0,63855
42770,2,0,63857
42771,1,0,63858
42772,1,0,63859
42773,1,0,63860
42774,1,0,63861
42775,1,0,63862
42776,2,0,63864
42777,1,0,63865
42778,2,0,63867
42779,1,0,63868
42780,1,0,63869
42781,1,0,63870
42782,1,0,63871
42783,3,0,63874
42784,1,0,63875
42785,2,0,63877
42786,1,0,63878
42787,1,0,63879
42788,5,0,63884
42789,1,0,63885
42790,2,0,63887
42791,1,0,63888
42792,2,0,63890
42793,2,0,63892
42794,2,0,63894
42795,1,0,63895
42796,1,0,63896
42797,1,0,63897
42798,1,0,63898
42799,1,0,63899
42800,1,0,63900
42801,1,0,63901
42802,2,0,63903
42803,1,0,63904
42804,1,0,63905
42805,7,0,63912
42806,1,0,63913
42807,1,0,63914
42808,1,0,63915
42809,1,0,63916
42810,1,0,63917
42811,1,0,63918
42812,1,0,63919
42813,1,0,63920
42814,1,0,63921
42815,1,0,63922
42816,1,0,63923
42817,2,0,63925
42818,1,0,63926
42819,1,0,63927
42820,2,0,63929
42821,1,0,63930
42822,1,0,63931
42823,2,0,63933
42824,1,0,63934
42825,1,0,63935
42826,1,0,63936
42827,1,0,63937
42828,1,0,63938
42829,2,0,63940
42830,2,0,63942
42831,3,0,63945
42832,2,0,63947
42833,1,0,63948
42834,2,0,63950
42835,1,0,63951
42836,1,0,63952
42837,2,0,63954
42838,1,0,63955
42839,1,0,63956
42840,2,0,63958
42841,1,0,63959
42842,1,0,63960
42843,1,0,63961
42844,1,0,63962
42845,1,0,63963
42846,1,0,63964
42847,1,0,63965
42848,1,0,63966
42849,1,0,63967
42850,1,0,63968
42851,1,0,63969
42852,1,0,63970
42853,2,0,63972
42854,1,0,63973
42855,1,0,63974
42856,1,0,63975
42857,1,0,63976
42858,2,0,63978
42859,2,0,63980
42860,2,0,63982
42861,2,0,63984
42862,5,0,63989
42863,2,0,63991
42864,1,0,63992
42865,1,0,63993
42866,1,0,63994
42867,1,0,63995
42868,1,0,63996
42869,1,0,63997
42870,1,0,63998
42871,1,0,63999
42872,2,0,64001
42873,1,0,64002
42874,1,0,64003
42875,1,0,64004
42876,1,0,64005
42877,3,0,64008
42878,1,0,64009
42879,2,0,64011
42880,3,0,64014
42881,1,0,64015
42882,2,0,64017
42883,1,0,64018
42884,1,0,64019
42885,1,0,64020
42886,1,0,64021
42887,2,0,64023
42888,1,0,64024
42889,1,0,64025
42890,1,0,64026
42891,2,0,64028
42892,1,0,64029
42893,1,0,64030
42894,2,0,64032
42895,1,0,64033
42896,1,0,64034
42897,1,0,64035
42898,2,0,64037
42899,1,0,64038
42900,2,0,64040
42901,1,0,64041
42902,1,0,64042
42903,2,0,64044
42904,1,0,64045
42905,2,0,64047
42906,2,0,64049
42907,1,0,64050
42908,2,0,64052
42909,3,0,64055
42910,1,0,64056
42911,3,0,64059
42912,3,0,64062
42913,1,0,64063
42914,1,0,64064
42915,2,0,64066
42916,1,0,64067
42917,1,0,64068
42918,1,0,64069
42919,1,0,64070
42920,1,0,64071
42921,1,0,64072
42922,2,0,64074
42923,2,0,64076
42924,3,0,64079
42925,1,0,64080
42926,1,0,64081
42927,1,0,64082
42928,1,0,64083
42929,1,0,64084
42930,1,0,64085
42931,1,0,64086
42932,1,0,64087
42933,1,0,64088
42934,1,0,64089
42935,1,0,64090
42936,1,0,64091
42937,1,0,64092
42938,2,0,64094
42939,1,0,64095
42940,2,0,64097
42941,1,0,64098
42942,1,0,64099
42943,1,0,64100
42944,2,0,64102
42945,2,0,64104
42946,1,0,64105
42947,1,0,64106
42948,2,0,64108
42949,2,0,64110
42950,1,0,64111
42951,2,0,64113
42952,1,0,64114
42953,1,0,64115
42954,3,0,64118
42955,1,0,64119
42956,1,0,64120
42957,2,0,64122
42958,1,0,64123
42959,5,0,64128
42960,2,0,64130
42961,4,0,64134
42962,1,0,64135
42963,1,0,64136
42964,1,0,64137
42965,1,0,64138
42966,1,0,64139
42967,2,0,64141
42968,1,0,64142
42969,1,0,64143
42970,1,0,64144
42971,1,0,64145
42972,1,0,64146
42973,2,0,64148
42974,1,0,64149
42975,2,0,64151
42976,1,0,64152
42977,2,0,64154
42978,1,0,64155
42979,1,0,64156
42980,3,0,64159
42981,1,0,64160
42982,1,0,64161
42983,1,0,64162
42984,1,0,64163
42985,1,0,64164
42986,1,0,64165
42987,1,0,64166
42988,1,0,64167
42989,1,0,64168
42990,1,0,64169
42991,1,0,64170
42992,1,0,64171
42993,2,0,64173
42994,1,0,64174
42995,1,0,64175
42996,3,0,64178
42997,1,0,64179
42998,2,0,64181
42999,1,0,64182
43000,1,0,64183
43001,1,0,64184
43002,2,0,64186
43003,2,0,64188
43004,1,0,64189
43005,1,0,64190
43006,1,0,64191
43007,1,0,64192
43008,1,0,64193
43009,1,0,64194
43010,2,0,64196
43011,1,0,64197
43012,1,0,64198
43013,1,0,64199
43014,2,0,64201
43015,1,0,64202
43016,1,0,64203
43017,1,0,64204
43018,2,0,64206
43019,2,0,64208
43020,2,0,64210
43021,1,0,64211
43022,1,0,64212
43023,1,0,64213
43024,1,0,64214
43025,1,0,64215
43026,1,0,64216
43027,2,0,64218
43028,1,0,64219
43029,1,0,64220
43030,2,0,64222
43031,2,0,64224
43032,1,0,64225
43033,3,0,64228
43034,2,0,64230
43035,2,0,64232
43036,1,0,64233
43037,3,0,64236
43038,1,0,64237
43039,2,0,64239
43040,1,0,64240
43041,1,0,64241
43042,1,0,64242
43043,1,0,64243
43044,1,0,64244
43045,2,0,64246
43046,1,0,64247
43047,1,0,64248
43048,4,0,64252
43049,2,0,64254
43050,1,0,64255
43051,1,0,64256
43052,3,0,64259
43053,1,0,64260
43054,2,0,64262
43055,1,0,64263
43056,1,0,64264
43057,1,0,64265
43058,1,0,64266
43059,2,0,64268
43060,2,0,64270
43061,2,0,64272
43062,1,0,64273
43063,1,0,64274
43064,1,0,64275
43065,1,0,64276
43066,4,0,64280
43067,2,0,64282
43068,2,0,64284
43069,3,0,64287
43070,1,0,64288
43071,1,0,64289
43072,1,0,64290
43073,1,0,64291
43074,1,0,64292
43075,1,0,64293
43076,2,0,64295
43077,1,0,64296
43078,4,0,64300
43079,2,0,64302
43080,1,0,64303
43081,2,0,64305
43082,1,0,64306
43083,3,0,64309
43084,1,0,64310
43085,1,0,64311
43086,1,0,64312
43087,3,0,64315
43088,1,0,64316
43089,1,0,64317
43090,1,0,64318
43091,1,0,64319
43092,1,0,64320
43093,1,0,64321
43094,3,0,64324
43095,1,0,64325
43096,1,0,64326
43097,2,0,64328
43098,1,0,64329
43099,1,0,64330
43100,2,0,64332
43101,1,0,64333
43102,2,0,64335
43103,1,0,64336
43104,2,0,64338
43105,1,0,64339
43106,2,0,64341
43107,1,0,64342
43108,1,0,64343
43109,2,0,64345
43110,2,0,64347
43111,2,0,64349
43112,5,0,64354
43113,1,0,64355
43114,1,0,64356
43115,2,0,64358
43116,1,0,64359
43117,1,0,64360
43118,2,0,64362
43119,1,0,64363
43120,1,0,64364
43121,1,0,64365
43122,2,0,64367
43123,1,0,64368
43124,2,0,64370
43125,1,0,64371
43126,1,0,64372
43127,1,0,64373
43128,1,0,64374
43129,2,0,64376
43130,3,0,64379
43131,1,0,64380
43132,1,0,64381
43133,1,0,64382
43134,1,0,64383
43135,3,0,64386
43136,1,0,64387
43137,1,0,64388
43138,3,0,64391
43139,1,0,64392
43140,1,0,64393
43141,2,0,64395
43142,1,0,64396
43143,1,0,64397
43144,1,0,64398
43145,1,0,64399
43146,1,0,64400
43147,3,0,64403
43148,2,0,64405
43149,3,0,64408
43150,3,0,64411
43151,1,0,64412
43152,2,0,64414
43153,3,0,64417
43154,2,0,64419
43155,3,0,64422
43156,1,0,64423
43157,1,0,64424
43158,1,0,64425
43159,1,0,64426
43160,2,0,64428
43161,1,0,64429
43162,3,0,64432
43163,1,0,64433
43164,3,0,64436
43165,1,0,64437
43166,1,0,64438
43167,1,0,64439
43168,1,0,64440
43169,3,0,64443
43170,3,0,64446
43171,1,0,64447
43172,1,0,64448
43173,2,0,64450
43174,1,0,64451
43175,1,0,64452
43176,1,0,64453
43177,1,0,64454
43178,2,0,64456
43179,1,0,64457
43180,3,0,64460
43181,1,0,64461
43182,4,0,64465
43183,1,0,64466
43184,2,0,64468
43185,3,0,64471
43186,1,0,64472
43187,1,0,64473
43188,1,0,64474
43189,1,0,64475
43190,2,0,64477
43191,4,0,64481
43192,1,0,64482
43193,1,0,64483
43194,1,0,64484
43195,4,0,64488
43196,1,0,64489
43197,1,0,64490
43198,1,0,64491
43199,1,0,64492
43200,1,0,64493
43201,2,0,64495
43202,1,0,64496
43203,2,0,64498
43204,3,0,64501
43205,1,0,64502
43206,1,0,64503
43207,1,0,64504
43208,1,0,64505
43209,2,0,64507
43210,1,0,64508
43211,1,0,64509
43212,1,0,64510
43213,1,0,64511
43214,1,0,64512
43215,1,0,64513
43216,1,0,64514
43217,2,0,64516
43218,2,0,64518
43219,2,0,64520
43220,1,0,64521
43221,2,0,64523
43222,1,0,64524
43223,1,0,64525
43224,1,0,64526
43225,1,0,64527
43226,1,0,64528
43227,1,0,64529
43228,1,0,64530
43229,1,0,64531
43230,1,0,64532
43231,1,0,64533
43232,2,0,64535
43233,1,0,64536
43234,1,0,64537
43235,1,0,64538
43236,2,0,64540
43237,2,0,64542
43238,2,0,64544
43239,1,0,64545
43240,1,0,64546
43241,2,0,64548
43242,1,0,64549
43243,1,0,64550
43244,2,0,64552
43245,2,0,64554
43246,1,0,64555
43247,3,0,64558
43248,1,0,64559
43249,1,0,64560
43250,1,0,64561
43251,2,0,64563
43252,3,0,64566
43253,1,0,64567
43254,1,0,64568
43255,2,0,64570
43256,1,0,64571
43257,1,0,64572
43258,4,0,64576
43259,1,0,64577
43260,1,0,64578
43261,3,0,64581
43262,2,0,64583
43263,1,0,64584
43264,6,0,64590
43265,1,0,64591
43266,1,0,64592
43267,1,0,64593
43268,1,0,64594
43269,1,0,64595
43270,1,0,64596
43271,2,0,64598
43272,1,0,64599
43273,1,0,64600
43274,2,0,64602
43275,2,0,64604
43276,1,0,64605
43277,1,0,64606
43278,1,0,64607
43279,1,0,64608
43280,1,0,64609
43281,1,0,64610
43282,2,0,64612
43283,1,0,64613
43284,2,0,64615
43285,2,0,64617
43286,1,0,64618
43287,1,0,64619
43288,1,0,64620
43289,1,0,64621
43290,2,0,64623
43291,1,0,64624
43292,3,0,64627
43293,1,0,64628
43294,1,0,64629
43295,1,0,64630
43296,2,0,64632
43297,1,0,64633
43298,2,0,64635
43299,1,0,64636
43300,1,0,64637
43301,1,0,64638
43302,1,0,64639
43303,1,0,64640
43304,2,0,64642
43305,1,0,64643
43306,1,0,64644
43307,1,0,64645
43308,2,0,64647
43309,1,0,64648
43310,1,0,64649
43311,2,0,64651
43312,3,0,64654
43313,1,0,64655
43314,3,0,64658
43315,4,0,64662
43316,2,0,64664
43317,1,0,64665
43318,2,0,64667
43319,1,0,64668
43320,1,0,64669
43321,1,0,64670
43322,1,0,64671
43323,1,0,64672
43324,1,0,64673
43325,1,0,64674
43326,1,0,64675
43327,1,0,64676
43328,2,0,64678
43329,1,0,64679
43330,1,0,64680
43331,3,0,64683
43332,1,0,64684
43333,1,0,64685
43334,1,0,64686
43335,3,0,64689
43336,3,0,64692
43337,3,0,64695
43338,1,0,64696
43339,1,0,64697
43340,2,0,64699
43341,2,0,64701
43342,1,0,64702
43343,1,0,64703
43344,2,0,64705
43345,1,0,64706
43346,1,0,64707
43347,2,0,64709
43348,2,0,64711
43349,1,0,64712
43350,2,0,64714
43351,1,0,64715
43352,1,0,64716
43353,1,0,64717
43354,1,0,64718
43355,2,0,64720
43356,1,0,64721
43357,1,0,64722
43358,1,0,64723
43359,1,0,64724
43360,2,0,64726
43361,1,0,64727
43362,1,0,64728
43363,2,0,64730
43364,1,0,64731
43365,3,0,64734
43366,1,0,64735
43367,4,0,64739
43368,1,0,64740
43369,1,0,64741
43370,2,0,64743
43371,1,0,64744
43372,1,0,64745
43373,1,0,64746
43374,3,0,64749
43375,2,0,64751
43376,2,0,64753
43377,2,0,64755
43378,1,0,64756
43379,2,0,64758
43380,1,0,64759
43381,1,0,64760
43382,2,0,64762
43383,1,0,64763
43384,1,0,64764
43385,1,0,64765
43386,1,0,64766
43387,1,0,64767
43388,1,0,64768
43389,1,0,64769
43390,1,0,64770
43391,3,0,64773
43392,1,0,64774
43393,1,0,64775
43394,1,0,64776
43395,1,0,64777
43396,1,0,64778
43397,1,0,64779
43398,1,0,64780
43399,1,0,64781
43400,1,0,64782
43401,2,0,64784
43402,1,0,64785
43403,1,0,64786
43404,2,0,64788
43405,1,0,64789
43406,1,0,64790
43407,1,0,64791
43408,1,0,64792
43409,1,0,64793
43410,1,0,64794
43411,1,0,64795
43412,1,0,64796
43413,3,0,64799
43414,1,0,64800
43415,3,0,64803
43416,1,0,64804
43417,1,0,64805
43418,1,0,64806
43419,3,0,64809
43420,3,0,64812
43421,2,0,64814
43422,2,0,64816
43423,1,0,64817
43424,1,0,64818
43425,4,0,64822
43426,1,0,64823
43427,2,0,64825
43428,1,0,64826
43429,1,0,64827
43430,1,0,64828
43431,1,0,64829
43432,1,0,64830
43433,2,0,64832
43434,3,0,64835
43435,2,0,64837
43436,2,0,64839
43437,1,0,64840
43438,2,0,64842
43439,3,0,64845
43440,4,0,64849
43441,2,0,64851
43442,1,0,64852
43443,1,0,64853
43444,2,0,64855
43445,2,0,64857
43446,1,0,64858
43447,1,0,64859
43448,2,0,64861
43449,1,0,64862
43450,1,0,64863
43451,1,0,64864
43452,1,0,64865
43453,1,0,64866
43454,2,0,64868
43455,2,0,64870
43456,2,0,64872
43457,1,0,64873
43458,1,0,64874
43459,1,0,64875
43460,3,0,64878
43461,2,0,64880
43462,2,0,64882
43463,1,0,64883
43464,2,0,64885
43465,1,0,64886
43466,1,0,64887
43467,2,0,64889
43468,1,0,64890
43469,2,0,64892
43470,1,0,64893
43471,1,0,64894
43472,1,0,64895
43473,1,0,64896
43474,3,0,64899
43475,1,0,64900
43476,4,0,64904
43477,1,0,64905
43478,2,0,64907
43479,1,0,64908
43480,1,0,64909
43481,1,0,64910
43482,1,0,64911
43483,2,0,64913
43484,1,0,64914
43485,2,0,64916
43486,1,0,64917
43487,6,0,64923
43488,1,0,64924
43489,2,0,64926
43490,3,0,64929
43491,1,0,64930
43492,1,0,64931
43493,1,0,64932
43494,3,0,64935
43495,2,0,64937
43496,1,0,64938
43497,2,0,64940
43498,1,0,64941
43499,2,0,64943
43500,2,0,64945
43501,1,0,64946
43502,1,0,64947
43503,2,0,64949
43504,1,0,64950
43505,1,0,64951
43506,4,0,64955
43507,2,0,64957
43508,2,0,64959
43509,1,0,64960
43510,1,0,64961
43511,1,0,64962
43512,2,0,64964
43513,4,0,64968
43514,1,0,64969
43515,2,0,64971
43516,3,0,64974
43517,1,0,64975
43518,1,0,64976
43519,1,0,64977
43520,1,0,64978
43521,2,0,64980
43522,2,0,64982
43523,1,0,64983
43524,3,0,64986
43525,2,0,64988
43526,1,0,64989
43527,1,0,64990
43528,1,0,64991
43529,2,0,64993
43530,1,0,64994
43531,2,0,64996
43532,2,0,64998
43533,4,0,65002
43534,1,0,65003
43535,1,0,65004
43536,1,0,65005
43537,1,0,65006
43538,1,0,65007
43539,1,0,65008
43540,3,0,65011
43541,1,0,65012
43542,2,0,65014
43543,1,0,65015
43544,3,0,65018
43545,1,0,65019
43546,1,0,65020
43547,1,0,65021
43548,2,0,65023
43549,1,0,65024
43550,1,0,65025
43551,1,0,65026
43552,1,0,65027
43553,3,0,65030
43554,1,0,65031
43555,1,0,65032
43556,4,0,65036
43557,1,0,65037
43558,1,0,65038
43559,1,0,65039
43560,2,0,65041
43561,1,0,65042
43562,1,0,65043
43563,2,0,65045
43564,1,0,65046
43565,2,0,65048
43566,1,0,65049
43567,1,0,65050
43568,5,0,65055
43569,2,0,65057
43570,1,0,65058
43571,2,0,65060
43572,1,0,65061
43573,1,0,65062
43574,2,0,65064
43575,2,0,65066
43576,1,0,65067
43577,1,0,65068
43578,1,0,65069
43579,1,0,65070
43580,1,0,65071
43581,2,0,65073
43582,1,0,65074
43583,1,0,65075
43584,1,0,65076
43585,3,0,65079
43586,1,0,65080
43587,1,0,65081
43588,1,0,65082
43589,1,0,65083
43590,1,0,65084
43591,1,0,65085
43592,2,0,65087
43593,1,0,65088
43594,2,0,65090
43595,1,0,65091
43596,1,0,65092
43597,1,0,65093
43598,1,0,65094
43599,1,0,65095
43600,2,0,65097
43601,2,0,65099
43602,1,0,65100
43603,1,0,65101
43604,4,0,65105
43605,5,0,65110
43606,1,0,65111
43607,2,0,65113
43608,2,0,65115
43609,2,0,65117
43610,3,0,65120
43611,1,0,65121
43612,1,0,65122
43613,1,0,65123
43614,1,0,65124
43615,2,0,65126
43616,2,0,65128
43617,1,0,65129
43618,1,0,65130
43619,1,0,65131
43620,1,0,65132
43621,1,0,65133
43622,3,0,65136
43623,1,0,65137
43624,1,0,65138
43625,1,0,65139
43626,1,0,65140
43627,2,0,65142
43628,1,0,65143
43629,1,0,65144
43630,2,0,65146
43631,2,0,65148
43632,2,0,65150
43633,1,0,65151
43634,1,0,65152
43635,1,0,65153
43636,1,0,65154
43637,2,0,65156
43638,2,0,65158
43639,1,0,65159
43640,1,0,65160
43641,3,0,65163
43642,1,0,65164
43643,1,0,65165
43644,1,0,65166
43645,1,0,65167
43646,3,0,65170
43647,1,0,65171
43648,1,0,65172
43649,1,0,65173
43650,1,0,65174
43651,1,0,65175
43652,2,0,65177
43653,1,0,65178
43654,1,0,65179
43655,1,0,65180
43656,1,0,65181
43657,1,0,65182
43658,1,0,65183
43659,1,0,65184
43660,1,0,65185
43661,1,0,65186
43662,2,0,65188
43663,1,0,65189
43664,1,0,65190
43665,1,0,65191
43666,6,0,65197
43667,1,0,65198
43668,1,0,65199
43669,1,0,65200
43670,1,0,65201
43671,1,0,65202
43672,1,0,65203
43673,1,0,65204
43674,1,0,65205
43675,1,0,65206
43676,2,0,65208
43677,2,0,65210
43678,1,0,65211
43679,1,0,65212
43680,3,0,65215
43681,2,0,65217
43682,2,0,65219
43683,1,0,65220
43684,5,0,65225
43685,1,0,65226
43686,1,0,65227
43687,1,0,65228
43688,1,0,65229
43689,1,0,65230
43690,1,0,65231
43691,2,0,65233
43692,1,0,65234
43693,3,0,65237
43694,1,0,65238
43695,1,0,65239
43696,3,0,65242
43697,1,0,65243
43698,1,0,65244
43699,3,0,65247
43700,1,0,65248
43701,1,0,65249
43702,1,0,65250
43703,1,0,65251
43704,2,0,65253
43705,1,0,65254
43706,2,0,65256
43707,5,0,65261
43708,2,0,65263
43709,3,0,65266
43710,1,0,65267
43711,3,0,65270
43712,3,0,65273
43713,1,0,65274
43714,1,0,65275
43715,1,0,65276
43716,2,0,65278
43717,1,0,65279
43718,1,0,65280
43719,1,0,65281
43720,1,0,65282
43721,2,0,65284
43722,1,0,65285
43723,1,0,65286
43724,1,0,65287
43725,1,0,65288
43726,2,0,65290
43727,2,0,65292
43728,1,0,65293
43729,1,0,65294
43730,1,0,65295
43731,1,0,65296
43732,1,0,65297
43733,2,0,65299
43734,1,0,65300
43735,2,0,65302
43736,1,0,65303
43737,2,0,65305
43738,1,0,65306
43739,3,0,65309
43740,1,0,65310
43741,2,0,65312
43742,2,0,65314
43743,2,0,65316
43744,3,0,65319
43745,1,0,65320
43746,3,0,65323
43747,1,0,65324
43748,1,0,65325
43749,1,0,65326
43750,3,0,65329
43751,1,0,65330
43752,2,0,65332
43753,2,0,65334
43754,1,0,65335
43755,1,0,65336
43756,1,0,65337
43757,1,0,65338
43758,3,0,65341
43759,2,0,65343
43760,2,0,65345
43761,1,0,65346
43762,3,0,65349
43763,1,0,65350
43764,1,0,65351
43765,1,0,65352
43766,1,0,65353
43767,1,0,65354
43768,1,0,65355
43769,1,0,65356
43770,3,0,65359
43771,1,0,65360
43772,1,0,65361
43773,1,0,65362
43774,4,0,65366
43775,2,0,65368
43776,1,0,65369
43777,1,0,65370
43778,2,0,65372
43779,1,0,65373
43780,1,0,65374
43781,1,0,65375
43782,1,0,65376
43783,2,0,65378
43784,2,0,65380
43785,1,0,65381
43786,2,0,65383
43787,1,0,65384
43788,1,0,65385
43789,1,0,65386
43790,1,0,65387
43791,3,0,65390
43792,2,0,65392
43793,1,0,65393
43794,1,0,65394
43795,3,0,65397
43796,1,0,65398
43797,1,0,65399
43798,2,0,65401
43799,1,0,65402
43800,1,0,65403
43801,3,0,65406
43802,1,0,65407
43803,1,0,65408
43804,1,0,65409
43805,2,0,65411
43806,1,0,65412
43807,1,0,65413
43808,1,0,65414
43809,2,0,65416
43810,2,0,65418
43811,1,0,65419
43812,1,0,65420
43813,1,0,65421
43814,3,0,65424
43815,1,0,65425
43816,2,0,65427
43817,1,0,65428
43818,3,0,65431
43819,1,0,65432
43820,2,0,65434
43821,1,0,65435
43822,1,0,65436
43823,1,0,65437
43824,1,0,65438
43825,1,0,65439
43826,1,0,65440
43827,1,0,65441
43828,2,0,65443
43829,1,0,65444
43830,1,0,65445
43831,1,0,65446
43832,2,0,65448
43833,3,0,65451
43834,1,0,65452
43835,1,0,65453
43836,2,0,65455
43837,1,0,65456
43838,3,0,65459
43839,1,0,65460
43840,1,0,65461
43841,3,0,65464
43842,1,0,65465
43843,1,0,65466
43844,1,0,65467
43845,1,0,65468
43846,1,0,65469
43847,4,0,65473
43848,1,0,65474
43849,1,0,65475
43850,1,0,65476
43851,2,0,65478
43852,3,0,65481
43853,1,0,65482
43854,1,0,65483
43855,2,0,65485
43856,2,0,65487
43857,3,0,65490
43858,1,0,65491
43859,1,0,65492
43860,1,0,65493
43861,4,0,65497
43862,3,0,65500
43863,1,0,65501
43864,1,0,65502
43865,1,0,65503
43866,1,0,65504
43867,1,0,65505
43868,1,0,65506
43869,3,0,65509
43870,1,0,65510
43871,2,0,65512
43872,1,0,65513
43873,1,0,65514
43874,2,0,65516
43875,2,0,65518
43876,1,0,65519
43877,2,0,65521
43878,1,0,65522
43879,1,0,65523
43880,2,0,65525
43881,1,0,65526
43882,1,0,65527
43883,1,0,65528
43884,1,0,65529
43885,1,0,65530
43886,4,0,65534
43887,1,0,65535
43888,1,0,65536
43889,1,0,65537
43890,2,0,65539
43891,2,0,65541
43892,2,0,65543
43893,1,0,65544
43894,1,0,65545
43895,1,0,65546
43896,1,0,65547
43897,1,0,65548
43898,1,0,65549
43899,1,0,65550
43900,1,0,65551
43901,2,0,65553
43902,1,0,65554
43903,1,0,65555
43904,1,0,65556
43905,1,0,65557
43906,1,0,65558
43907,1,0,65559
43908,1,0,65560
43909,1,0,65561
43910,1,0,65562
43911,1,0,65563
43912,2,0,65565
43913,3,0,65568
43914,1,0,65569
43915,2,0,65571
43916,1,0,65572
43917,1,0,65573
43918,1,0,65574
43919,1,0,65575
43920,1,0,65576
43921,1,0,65577
43922,1,0,65578
43923,3,0,65581
43924,1,0,65582
43925,1,0,65583
43926,2,0,65585
43927,1,0,65586
43928,1,0,65587
43929,2,0,65589
43930,1,0,65590
43931,1,0,65591
43932,1,0,65592
43933,2,0,65594
43934,2,0,65596
43935,1,0,65597
43936,1,0,65598
43937,1,0,65599
43938,1,0,65600
43939,1,0,65601
43940,1,0,65602
43941,4,0,65606
43942,1,0,65607
43943,2,0,65609
43944,2,0,65611
43945,2,0,65613
43946,1,0,65614
43947,1,0,65615
43948,1,0,65616
43949,2,0,65618
43950,3,0,65621
43951,1,0,65622
43952,2,0,65624
43953,1,0,65625
43954,1,0,65626
43955,1,0,65627
43956,2,0,65629
43957,1,0,65630
43958,5,0,65635
43959,2,0,65637
43960,2,0,65639
43961,2,0,65641
43962,1,0,65642
43963,1,0,65643
43964,1,0,65644
43965,1,0,65645
43966,1,0,65646
43967,2,0,65648
43968,1,0,65649
43969,1,0,65650
43970,1,0,65651
43971,1,0,65652
43972,2,0,65654
43973,1,0,65655
43974,1,0,65656
43975,1,0,65657
43976,1,0,65658
43977,1,0,65659
43978,1,0,65660
43979,1,0,65661
43980,1,0,65662
43981,1,0,65663
43982,1,0,65664
43983,1,0,65665
43984,2,0,65667
43985,5,0,65672
43986,2,0,65674
43987,1,0,65675
43988,2,0,65677
43989,2,0,65679
43990,3,0,65682
43991,1,0,65683
43992,2,0,65685
43993,1,0,65686
43994,1,0,65687
43995,1,0,65688
43996,1,0,65689
43997,1,0,65690
43998,2,0,65692
43999,1,0,65693
44000,1,0,65694
44001,2,0,65696
44002,1,0,65697
44003,3,0,65700
44004,1,0,65701
44005,1,0,65702
44006,2,0,65704
44007,1,0,65705
44008,4,0,65709
44009,1,0,65710
44010,2,0,65712
44011,1,0,65713
44012,1,0,65714
44013,1,0,65715
44014,1,0,65716
44015,2,0,65718
44016,1,0,65719
44017,1,0,65720
44018,1,0,65721
44019,1,0,65722
44020,1,0,65723
44021,1,0,65724
44022,1,0,65725
44023,4,0,65729
44024,1,0,65730
44025,2,0,65732
44026,2,0,65734
44027,1,0,65735
44028,1,0,65736
44029,1,0,65737
44030,2,0,65739
44031,1,0,65740
44032,1,0,65741
44033,3,0,65744
44034,2,0,65746
44035,1,0,65747
44036,1,0,65748
44037,1,0,65749
44038,1,0,65750
44039,1,0,65751
44040,1,0,65752
44041,2,0,65754
44042,1,0,65755
44043,2,0,65757
44044,1,0,65758
44045,3,0,65761
44046,2,0,65763
44047,1,0,65764
44048,1,0,65765
44049,3,0,65768
44050,1,0,65769
44051,3,0,65772
44052,1,0,65773
44053,1,0,65774
44054,1,0,65775
44055,1,0,65776
44056,2,0,65778
44057,1,0,65779
44058,1,0,65780
44059,1,0,65781
44060,1,0,65782
44061,2,0,65784
44062,1,0,65785
44063,2,0,65787
44064,1,0,65788
44065,3,0,65791
44066,2,0,65793
44067,2,0,65795
44068,1,0,65796
44069,2,0,65798
44070,1,0,65799
44071,1,0,65800
44072,1,0,65801
44073,1,0,65802
44074,1,0,65803
44075,1,0,65804
44076,1,0,65805
44077,2,0,65807
44078,2,0,65809
44079,2,0,65811
44080,1,0,65812
44081,1,0,65813
44082,2,0,65815
44083,5,0,65820
44084,1,0,65821
44085,1,0,65822
44086,1,0,65823
44087,2,0,65825
44088,1,0,65826
44089,5,0,65831
44090,1,0,65832
44091,1,0,65833
44092,2,0,65835
44093,1,0,65836
44094,1,0,65837
44095,2,0,65839
44096,1,0,65840
44097,1,0,65841
44098,1,0,65842
44099,1,0,65843
44100,1,0,65844
44101,2,0,65846
44102,3,0,65849
44103,1,0,65850
44104,1,0,65851
44105,3,0,65854
44106,2,0,65856
44107,3,0,65859
44108,3,0,65862
44109,1,0,65863
44110,2,0,65865
44111,1,0,65866
44112,2,0,65868
44113,1,0,65869
44114,2,0,65871
44115,1,0,65872
44116,4,0,65876
44117,3,0,65879
44118,1,0,65880
44119,1,0,65881
44120,1,0,65882
44121,1,0,65883
44122,2,0,65885
44123,1,0,65886
44124,3,0,65889
44125,1,0,65890
44126,1,0,65891
44127,1,0,65892
44128,1,0,65893
44129,2,0,65895
44130,2,0,65897
44131,1,0,65898
44132,1,0,65899
44133,2,0,65901
44134,1,0,65902
44135,1,0,65903
44136,1,0,65904
44137,2,0,65906
44138,1,0,65907
44139,1,0,65908
44140,4,0,65912
44141,3,0,65915
44142,1,0,65916
44143,1,0,65917
44144,1,0,65918
44145,1,0,65919
44146,1,0,65920
44147,1,0,65921
44148,2,0,65923
44149,2,0,65925
44150,2,0,65927
44151,2,0,65929
44152,1,0,65930
44153,2,0,65932
44154,1,0,65933
44155,3,0,65936
44156,1,0,65937
44157,1,0,65938
44158,6,0,65944
44159,2,0,65946
44160,1,0,65947
44161,1,0,65948
44162,1,0,65949
44163,4,0,65953
44164,1,0,65954
44165,1,0,65955
44166,1,0,65956
44167,1,0,65957
44168,2,0,65959
44169,1,0,65960
44170,1,0,65961
44171,1,0,65962
44172,1,0,65963
44173,1,0,65964
44174,1,0,65965
44175,1,0,65966
44176,1,0,65967
44177,4,0,65971
44178,3,0,65974
44179,2,0,65976
44180,1,0,65977
44181,2,0,65979
44182,3,0,65982
44183,3,0,65985
44184,1,0,65986
44185,1,0,65987
44186,1,0,65988
44187,2,0,65990
44188,3,0,65993
44189,1,0,65994
44190,4,0,65998
44191,2,0,66000
44192,2,0,66002
44193,1,0,66003
44194,1,0,66004
44195,1,0,66005
44196,2,0,66007
44197,1,0,66008
44198,1,0,66009
44199,2,0,66011
44200,2,0,66013
44201,1,0,66014
44202,1,0,66015
44203,3,0,66018
44204,1,0,66019
44205,1,0,66020
44206,3,0,66023
44207,1,0,66024
44208,1,0,66025
44209,1,0,66026
44210,1,0,66027
44211,2,0,66029
44212,1,0,66030
44213,2,0,66032
44214,1,0,66033
44215,1,0,66034
44216,1,0,66035
44217,4,0,66039
44218,1,0,66040
44219,2,0,66042
44220,1,0,66043
44221,2,0,66045
44222,1,0,66046
44223,1,0,66047
44224,1,0,66048
44225,1,0,66049
44226,3,0,66052
44227,1,0,66053
44228,1,0,66054
44229,2,0,66056
44230,1,0,66057
44231,1,0,66058
44232,2,0,66060
44233,1,0,66061
44234,1,0,66062
44235,2,0,66064
44236,2,0,66066
44237,1,0,66067
44238,1,0,66068
44239,1,0,66069
44240,4,0,66073
44241,1,0,66074
44242,2,0,66076
44243,1,0,66077
44244,1,0,66078
44245,1,0,66079
44246,2,0,66081
44247,1,0,66082
44248,1,0,66083
44249,1,0,66084
44250,1,0,66085
44251,1,0,66086
44252,1,0,66087
44253,1,0,66088
44254,1,0,66089
44255,1,0,66090
44256,1,0,66091
44257,2,0,66093
44258,2,0,66095
44259,1,0,66096
44260,1,0,66097
44261,3,0,66100
44262,1,0,66101
44263,1,0,66102
44264,1,0,66103
44265,1,0,66104
44266,1,0,66105
44267,1,0,66106
44268,1,0,66107
44269,2,0,66109
44270,1,0,66110
44271,2,0,66112
44272,1,0,66113
44273,1,0,66114
44274,1,0,66115
44275,1,0,66116
44276,1,0,66117
44277,1,0,66118
44278,1,0,66119
44279,1,0,66120
44280,1,0,66121
44281,1,0,66122
44282,1,0,66123
44283,2,0,66125
44284,1,0,66126
44285,1,0,66127
44286,1,0,66128
44287,2,0,66130
44288,1,0,66131
44289,2,0,66133
44290,4,0,66137
44291,1,0,66138
44292,1,0,66139
44293,3,0,66142
44294,1,0,66143
44295,1,0,66144
44296,1,0,66145
44297,1,0,66146
44298,1,0,66147
44299,2,0,66149
44300,1,0,66150
44301,2,0,66152
44302,1,0,66153
44303,1,0,66154
44304,1,0,66155
44305,1,0,66156
44306,1,0,66157
44307,1,0,66158
44308,1,0,66159
44309,2,0,66161
44310,1,0,66162
44311,1,0,66163
44312,2,0,66165
44313,1,0,66166
44314,1,0,66167
44315,1,0,66168
44316,1,0,66169
44317,2,0,66171
44318,3,0,66174
44319,2,0,66176
44320,1,0,66177
44321,1,0,66178
44322,1,0,66179
44323,2,0,66181
44324,1,0,66182
44325,3,0,66185
44326,4,0,66189
44327,1,0,66190
44328,1,0,66191
44329,1,0,66192
44330,1,0,66193
44331,1,0,66194
44332,1,0,66195
44333,1,0,66196
44334,2,0,66198
44335,2,0,66200
44336,1,0,66201
44337,1,0,66202
44338,1,0,66203
44339,1,0,66204
44340,1,0,66205
44341,1,0,66206
44342,1,0,66207
44343,2,0,66209
44344,2,0,66211
44345,1,0,66212
44346,1,0,66213
44347,1,0,66214
44348,1,0,66215
44349,1,0,66216
44350,1,0,66217
44351,4,0,66221
44352,2,0,66223
44353,4,0,66227
44354,1,0,66228
44355,1,0,66229
44356,1,0,66230
44357,1,0,66231
44358,1,0,66232
44359,1,0,66233
44360,1,0,66234
44361,1,0,66235
44362,1,0,66236
44363,1,0,66237
44364,1,0,66238
44365,2,0,66240
44366,1,0,66241
44367,1,0,66242
44368,1,0,66243
44369,1,0,66244
44370,1,0,66245
44371,1,0,66246
44372,1,0,66247
44373,5,0,66252
44374,2,0,66254
44375,1,0,66255
44376,1,0,66256
44377,2,0,66258
44378,1,0,66259
44379,5,0,66264
44380,2,0,66266
44381,3,0,66269
44382,1,0,66270
44383,1,0,66271
44384,1,0,66272
44385,4,0,66276
44386,1,0,66277
44387,1,0,66278
44388,2,0,66280
44389,1,0,66281
44390,2,0,66283
44391,1,0,66284
44392,1,0,66285
44393,1,0,66286
44394,1,0,66287
44395,4,0,66291
44396,1,0,66292
44397,1,0,66293
44398,1,0,66294
44399,2,0,66296
44400,2,0,66298
44401,1,0,66299
44402,1,0,66300
44403,1,0,66301
44404,1,0,66302
44405,1,0,66303
44406,3,0,66306
44407,2,0,66308
44408,4,0,66312
44409,2,0,66314
44410,1,0,66315
44411,2,0,66317
44412,1,0,66318
44413,1,0,66319
44414,1,0,66320
44415,1,0,66321
44416,1,0,66322
44417,1,0,66323
44418,1,0,66324
44419,1,0,66325
44420,1,0,66326
44421,1,0,66327
44422,2,0,66329
44423,1,0,66330
44424,2,0,66332
44425,1,0,66333
44426,3,0,66336
44427,1,0,66337
44428,1,0,66338
44429,2,0,66340
44430,1,0,66341
44431,3,0,66344
44432,2,0,66346
44433,1,0,66347
44434,1,0,66348
44435,1,0,66349
44436,2,0,66351
44437,2,0,66353
44438,2,0,66355
44439,1,0,66356
44440,2,0,66358
44441,1,0,66359
44442,1,0,66360
44443,2,0,66362
44444,1,0,66363
44445,1,0,66364
44446,1,0,66365
44447,2,0,66367
44448,1,0,66368
44449,1,0,66369
44450,2,0,66371
44451,1,0,66372
44452,1,0,66373
44453,1,0,66374
44454,1,0,66375
44455,3,0,66378
44456,1,0,66379
44457,5,0,66384
44458,4,0,66388
44459,1,0,66389
44460,1,0,66390
44461,2,0,66392
44462,1,0,66393
44463,1,0,66394
44464,1,0,66395
44465,2,0,66397
44466,2,0,66399
44467,1,0,66400
44468,1,0,66401
44469,1,0,66402
44470,2,0,66404
44471,1,0,66405
44472,1,0,66406
44473,1,0,66407
44474,1,0,66408
44475,1,0,66409
44476,2,0,66411
44477,1,0,66412
44478,1,0,66413
44479,1,0,66414
44480,2,0,66416
44481,1,0,66417
44482,1,0,66418
44483,1,0,66419
44484,2,0,66421
44485,2,0,66423
44486,2,0,66425
44487,2,0,66427
44488,1,0,66428
44489,1,0,66429
44490,1,0,66430
44491,1,0,66431
44492,1,0,66432
44493,2,0,66434
44494,1,0,66435
44495,2,0,66437
44496,1,0,66438
44497,3,0,66441
44498,2,0,66443
44499,1,0,66444
44500,2,0,66446
44501,2,0,66448
44502,1,0,66449
44503,1,0,66450
44504,1,0,66451
44505,1,0,66452
44506,1,0,66453
44507,2,0,66455
44508,1,0,66456
44509,1,0,66457
44510,1,0,66458
44511,1,0,66459
44512,1,0,66460
44513,1,0,66461
44514,4,0,66465
44515,1,0,66466
44516,1,0,66467
44517,2,0,66469
44518,1,0,66470
44519,1,0,66471
44520,1,0,66472
44521,2,0,66474
44522,1,0,66475
44523,1,0,66476
44524,1,0,66477
44525,1,0,66478
44526,1,0,66479
44527,1,0,66480
44528,1,0,66481
44529,1,0,66482
44530,2,0,66484
44531,2,0,66486
44532,1,0,66487
44533,1,0,66488
44534,1,0,66489
44535,1,0,66490
44536,2,0,66492
44537,2,0,66494
44538,2,0,66496
44539,2,0,66498
44540,1,0,66499
44541,1,0,66500
44542,1,0,66501
44543,2,0,66503
44544,3,0,66506
44545,1,0,66507
44546,2,0,66509
44547,1,0,66510
44548,2,0,66512
44549,1,0,66513
44550,1,0,66514
44551,1,0,66515
44552,2,0,66517
44553,1,0,66518
44554,1,0,66519
44555,1,0,66520
44556,1,0,66521
44557,4,0,66525
44558,1,0,66526
44559,2,0,66528
44560,1,0,66529
44561,6,0,66535
44562,2,0,66537
44563,1,0,66538
44564,1,0,66539
44565,1,0,66540
44566,2,0,66542
44567,1,0,66543
44568,1,0,66544
44569,1,0,66545
44570,1,0,66546
44571,1,0,66547
44572,1,0,66548
44573,2,0,66550
44574,1,0,66551
44575,1,0,66552
44576,1,0,66553
44577,3,0,66556
44578,1,0,66557
44579,2,0,66559
44580,1,0,66560
44581,2,0,66562
44582,1,0,66563
44583,2,0,66565
44584,2,0,66567
44585,3,0,66570
44586,2,0,66572
44587,1,0,66573
44588,2,0,66575
44589,2,0,66577
44590,1,0,66578
44591,2,0,66580
44592,1,0,66581
44593,2,0,66583
44594,1,0,66584
44595,1,0,66585
44596,1,0,66586
44597,1,0,66587
44598,1,0,66588
44599,1,0,66589
44600,1,0,66590
44601,1,0,66591
44602,1,0,66592
44603,1,0,66593
44604,1,0,66594
44605,1,0,66595
44606,3,0,66598
44607,1,0,66599
44608,1,0,66600
44609,5,0,66605
44610,1,0,66606
44611,2,0,66608
44612,1,0,66609
44613,1,0,66610
44614,1,0,66611
44615,1,0,66612
44616,1,0,66613
44617,1,0,66614
44618,1,0,66615
44619,2,0,66617
44620,1,0,66618
44621,2,0,66620
44622,1,0,66621
44623,1,0,66622
44624,1,0,66623
44625,1,0,66624
44626,1,0,66625
44627,1,0,66626
44628,2,0,66628
44629,1,0,66629
44630,1,0,66630
44631,2,0,66632
44632,1,0,66633
44633,1,0,66634
44634,1,0,66635
44635,1,0,66636
44636,1,0,66637
44637,3,0,66640
44638,1,0,66641
44639,2,0,66643
44640,2,0,66645
44641,1,0,66646
44642,3,0,66649
44643,2,0,66651
44644,1,0,66652
44645,2,0,66654
44646,1,0,66655
44647,2,0,66657
44648,3,0,66660
44649,1,0,66661
44650,1,0,66662
44651,3,0,66665
44652,1,0,66666
44653,1,0,66667
44654,1,0,66668
44655,2,0,66670
44656,1,0,66671
44657,1,0,66672
44658,1,0,66673
44659,2,0,66675
44660,5,0,66680
44661,1,0,66681
44662,3,0,66684
44663,1,0,66685
44664,1,0,66686
44665,1,0,66687
44666,8,0,66695
44667,1,0,66696
44668,2,0,66698
44669,2,0,66700
44670,2,0,66702
44671,2,0,66704
44672,1,0,66705
44673,1,0,66706
44674,2,0,66708
44675,5,0,66713
44676,1,0,66714
44677,1,0,66715
44678,1,0,66716
44679,1,0,66717
44680,1,0,66718
44681,1,0,66719
44682,1,0,66720
44683,1,0,66721
44684,3,0,66724
44685,1,0,66725
44686,2,0,66727
44687,1,0,66728
44688,1,0,66729
44689,1,0,66730
44690,2,0,66732
44691,1,0,66733
44692,1,0,66734
44693,1,0,66735
44694,1,0,66736
44695,2,0,66738
44696,1,0,66739
44697,1,0,66740
44698,1,0,66741
44699,1,0,66742
44700,1,0,66743
44701,1,0,66744
44702,1,0,66745
44703,1,0,66746
44704,4,0,66750
44705,1,0,66751
44706,1,0,66752
44707,1,0,66753
44708,1,0,66754
44709,1,0,66755
44710,1,0,66756
44711,1,0,66757
44712,2,0,66759
44713,1,0,66760
44714,1,0,66761
44715,1,0,66762
44716,1,0,66763
44717,1,0,66764
44718,1,0,66765
44719,2,0,66767
44720,1,0,66768
44721,2,0,66770
44722,3,0,66773
44723,1,0,66774
44724,1,0,66775
44725,2,0,66777
44726,2,0,66779
44727,4,0,66783
44728,3,0,66786
44729,1,0,66787
44730,1,0,66788
44731,1,0,66789
44732,1,0,66790
44733,1,0,66791
44734,1,0,66792
44735,1,0,66793
44736,1,0,66794
44737,2,0,66796
44738,1,0,66797
44739,1,0,66798
44740,2,0,66800
44741,1,0,66801
44742,1,0,66802
44743,2,0,66804
44744,1,0,66805
44745,1,0,66806
44746,1,0,66807
44747,1,0,66808
44748,1,0,66809
44749,1,0,66810
44750,1,0,66811
44751,1,0,66812
44752,1,0,66813
44753,4,0,66817
44754,1,0,66818
44755,1,0,66819
44756,1,0,66820
44757,2,0,66822
44758,3,0,66825
44759,3,0,66828
44760,1,0,66829
44761,1,0,66830
44762,1,0,66831
44763,1,0,66832
44764,1,0,66833
44765,1,0,66834
44766,2,0,66836
44767,4,0,66840
44768,2,0,66842
44769,3,0,66845
44770,1,0,66846
44771,1,0,66847
44772,1,0,66848
44773,1,0,66849
44774,1,0,66850
44775,1,0,66851
44776,1,0,66852
44777,1,0,66853
44778,2,0,66855
44779,1,0,66856
44780,1,0,66857
44781,1,0,66858
44782,1,0,66859
44783,1,0,66860
44784,1,0,66861
44785,1,0,66862
44786,3,0,66865
44787,1,0,66866
44788,3,0,66869
44789,1,0,66870
44790,2,0,66872
44791,1,0,66873
44792,2,0,66875
44793,1,0,66876
44794,1,0,66877
44795,1,0,66878
44796,1,0,66879
44797,1,0,66880
44798,1,0,66881
44799,2,0,66883
44800,1,0,66884
44801,1,0,66885
44802,1,0,66886
44803,2,0,66888
44804,1,0,66889
44805,1,0,66890
44806,1,0,66891
44807,1,0,66892
44808,1,0,66893
44809,1,0,66894
44810,1,0,66895
44811,1,0,66896
44812,2,0,66898
44813,2,0,66900
44814,1,0,66901
44815,1,0,66902
44816,1,0,66903
44817,1,0,66904
44818,1,0,66905
44819,1,0,66906
44820,1,0,66907
44821,1,0,66908
44822,1,0,66909
44823,1,0,66910
44824,2,0,66912
44825,2,0,66914
44826,3,0,66917
44827,1,0,66918
44828,1,0,66919
44829,1,0,66920
44830,1,0,66921
44831,1,0,66922
44832,1,0,66923
44833,1,0,66924
44834,1,0,66925
44835,3,0,66928
44836,1,0,66929
44837,1,0,66930
44838,1,0,66931
44839,1,0,66932
44840,2,0,66934
44841,1,0,66935
44842,1,0,66936
44843,1,0,66937
44844,1,0,66938
44845,1,0,66939
44846,3,0,66942
44847,1,0,66943
44848,1,0,66944
44849,1,0,66945
44850,1,0,66946
44851,4,0,66950
44852,1,0,66951
44853,2,0,66953
44854,1,0,66954
44855,1,0,66955
44856,2,0,66957
44857,1,0,66958
44858,3,0,66961
44859,2,0,66963
44860,2,0,66965
44861,1,0,66966
44862,1,0,66967
44863,1,0,66968
44864,1,0,66969
44865,1,0,66970
44866,1,0,66971
44867,1,0,66972
44868,1,0,66973
44869,1,0,66974
44870,1,0,66975
44871,1,0,66976
44872,1,0,66977
44873,3,0,66980
44874,1,0,66981
44875,1,0,66982
44876,4,0,66986
44877,1,0,66987
44878,1,0,66988
44879,1,0,66989
44880,1,0,66990
44881,1,0,66991
44882,1,0,66992
44883,1,0,66993
44884,1,0,66994
44885,1,0,66995
44886,1,0,66996
44887,1,0,66997
44888,1,0,66998
44889,1,0,66999
44890,1,0,67000
44891,1,0,67001
44892,1,0,67002
44893,1,0,67003
44894,3,0,67006
44895,2,0,67008
44896,1,0,67009
44897,2,0,67011
44898,1,0,67012
44899,1,0,67013
44900,2,0,67015
44901,1,0,67016
44902,1,0,67017
44903,5,0,67022
44904,2,0,67024
44905,1,0,67025
44906,1,0,67026
44907,1,0,67027
44908,3,0,67030
44909,2,0,67032
44910,2,0,67034
44911,3,0,67037
44912,1,0,67038
44913,1,0,67039
44914,2,0,67041
44915,1,0,67042
44916,1,0,67043
44917,2,0,67045
44918,1,0,67046
44919,1,0,67047
44920,1,0,67048
44921,1,0,67049
44922,3,0,67052
44923,1,0,67053
44924,1,0,67054
44925,2,0,67056
44926,2,0,67058
44927,2,0,67060
44928,2,0,67062
44929,4,0,67066
44930,1,0,67067
44931,1,0,67068
44932,1,0,67069
44933,1,0,67070
44934,1,0,67071
44935,1,0,67072
44936,1,0,67073
44937,2,0,67075
44938,2,0,67077
44939,3,0,67080
44940,1,0,67081
44941,2,0,67083
44942,1,0,67084
44943,1,0,67085
44944,4,0,67089
44945,1,0,67090
44946,1,0,67091
44947,1,0,67092
44948,1,0,67093
44949,1,0,67094
44950,2,0,67096
44951,2,0,67098
44952,5,0,67103
44953,1,0,67104
44954,2,0,67106
44955,1,0,67107
44956,1,0,67108
44957,2,0,67110
44958,2,0,67112
44959,4,0,67116
44960,1,0,67117
44961,1,0,67118
44962,1,0,67119
44963,1,0,67120
44964,1,0,67121
44965,1,0,67122
44966,1,0,67123
44967,1,0,67124
44968,1,0,67125
44969,1,0,67126
44970,1,0,67127
44971,2,0,67129
44972,2,0,67131
44973,1,0,67132
44974,1,0,67133
44975,2,0,67135
44976,1,0,67136
44977,1,0,67137
44978,1,0,67138
44979,1,0,67139
44980,2,0,67141
44981,1,0,67142
44982,2,0,67144
44983,1,0,67145
44984,3,0,67148
44985,1,0,67149
44986,1,0,67150
44987,1,0,67151
44988,1,0,67152
44989,1,0,67153
44990,1,0,67154
44991,1,0,67155
44992,1,0,67156
44993,1,0,67157
44994,1,0,67158
44995,1,0,67159
44996,2,0,67161
44997,1,0,67162
44998,1,0,67163
44999,1,0,67164
45000,1,0,67165
45001,1,0,67166
45002,1,0,67167
45003,3,0,67170
45004,1,0,67171
45005,2,0,67173
45006,5,0,67178
45007,1,0,67179
45008,1,0,67180
45009,1,0,67181
45010,2,0,67183
45011,1,0,67184
45012,1,0,67185
45013,1,0,67186
45014,1,0,67187
45015,3,0,67190
45016,1,0,67191
45017,2,0,67193
45018,1,0,67194
45019,1,0,67195
45020,4,0,67199
45021,2,0,67201
45022,1,0,67202
45023,1,0,67203
45024,2,0,67205
45025,3,0,67208
45026,2,0,67210
45027,1,0,67211
45028,1,0,67212
45029,1,0,67213
45030,1,0,67214
45031,2,0,67216
45032,1,0,67217
45033,1,0,67218
45034,1,0,67219
45035,1,0,67220
45036,1,0,67221
45037,1,0,67222
45038,1,0,67223
45039,1,0,67224
45040,1,0,67225
45041,2,0,67227
45042,2,0,67229
45043,2,0,67231
45044,2,0,67233
45045,1,0,67234
45046,1,0,67235
45047,2,0,67237
45048,1,0,67238
45049,4,0,67242
45050,2,0,67244
45051,1,0,67245
45052,1,0,67246
45053,1,0,67247
45054,1,0,67248
45055,1,0,67249
45056,1,0,67250
45057,2,0,67252
45058,1,0,67253
45059,1,0,67254
45060,2,0,67256
45061,1,0,67257
45062,1,0,67258
45063,3,0,67261
45064,2,0,67263
45065,2,0,67265
45066,1,0,67266
45067,1,0,67267
45068,2,0,67269
45069,1,0,67270
45070,2,0,67272
45071,2,0,67274
45072,4,0,67278
45073,1,0,67279
45074,3,0,67282
45075,1,0,67283
45076,1,0,67284
45077,2,0,67286
45078,1,0,67287
45079,1,0,67288
45080,2,0,67290
45081,2,0,67292
45082,1,0,67293
45083,1,0,67294
45084,1,0,67295
45085,2,0,67297
45086,1,0,67298
45087,2,0,67300
45088,5,0,67305
45089,1,0,67306
45090,1,0,67307
45091,1,0,67308
45092,4,0,67312
45093,1,0,67313
45094,1,0,67314
45095,2,0,67316
45096,2,0,67318
45097,1,0,67319
45098,1,0,67320
45099,2,0,67322
45100,2,0,67324
45101,1,0,67325
45102,1,0,67326
45103,2,0,67328
45104,1,0,67329
45105,2,0,67331
45106,3,0,67334
45107,1,0,67335
45108,3,0,67338
45109,1,0,67339
45110,1,0,67340
45111,1,0,67341
45112,1,0,67342
45113,2,0,67344
45114,1,0,67345
45115,1,0,67346
45116,2,0,67348
45117,2,0,67350
45118,2,0,67352
45119,4,0,67356
45120,1,0,67357
45121,2,0,67359
45122,2,0,67361
45123,1,0,67362
45124,2,0,67364
45125,1,0,67365
45126,2,0,67367
45127,2,0,67369
45128,1,0,67370
45129,1,0,67371
45130,1,0,67372
45131,1,0,67373
45132,3,0,67376
45133,2,0,67378
45134,1,0,67379
45135,1,0,67380
45136,2,0,67382
45137,1,0,67383
45138,1,0,67384
45139,1,0,67385
45140,1,0,67386
45141,2,0,67388
45142,2,0,67390
45143,1,0,67391
45144,2,0,67393
45145,2,0,67395
45146,1,0,67396
45147,1,0,67397
45148,2,0,67399
45149,1,0,67400
45150,1,0,67401
45151,1,0,67402
45152,4,0,67406
45153,1,0,67407
45154,1,0,67408
45155,1,0,67409
45156,3,0,67412
45157,1,0,67413
45158,1,0,67414
45159,3,0,67417
45160,1,0,67418
45161,1,0,67419
45162,2,0,67421
45163,1,0,67422
45164,1,0,67423
45165,1,0,67424
45166,1,0,67425
45167,1,0,67426
45168,2,0,67428
45169,1,0,67429
45170,4,0,67433
45171,1,0,67434
45172,1,0,67435
45173,1,0,67436
45174,2,0,67438
45175,2,0,67440
45176,1,0,67441
45177,1,0,67442
45178,1,0,67443
45179,3,0,67446
45180,2,0,67448
45181,1,0,67449
45182,1,0,67450
45183,1,0,67451
45184,2,0,67453
45185,1,0,67454
45186,1,0,67455
45187,1,0,67456
45188,1,0,67457
45189,2,0,67459
45190,1,0,67460
45191,1,0,67461
45192,2,0,67463
45193,3,0,67466
45194,1,0,67467
45195,2,0,67469
45196,1,0,67470
45197,1,0,67471
45198,2,0,67473
45199,2,0,67475
45200,1,0,67476
45201,1,0,67477
45202,1,0,67478
45203,1,0,67479
45204,1,0,67480
45205,1,0,67481
45206,4,0,67485
45207,1,0,67486
45208,4,0,67490
45209,2,0,67492
45210,1,0,67493
45211,1,0,67494
45212,1,0,67495
45213,1,0,67496
45214,1,0,67497
45215,2,0,67499
45216,1,0,67500
45217,1,0,67501
45218,4,0,67505
45219,1,0,67506
45220,1,0,67507
45221,3,0,67510
45222,1,0,67511
45223,3,0,67514
45224,1,0,67515
45225,1,0,67516
45226,1,0,67517
45227,1,0,67518
45228,1,0,67519
45229,1,0,67520
45230,1,0,67521
45231,2,0,67523
45232,1,0,67524
45233,1,0,67525
45234,4,0,67529
45235,3,0,67532
45236,1,0,67533
45237,2,0,67535
45238,1,0,67536
45239,1,0,67537
45240,1,0,67538
45241,1,0,67539
45242,1,0,67540
45243,3,0,67543
45244,1,0,67544
45245,1,0,67545
45246,1,0,67546
45247,2,0,67548
45248,2,0,67550
45249,1,0,67551
45250,3,0,67554
45251,2,0,67556
45252,3,0,67559
45253,1,0,67560
45254,1,0,67561
45255,1,0,67562
45256,1,0,67563
45257,1,0,67564
45258,1,0,67565
45259,2,0,67567
45260,2,0,67569
45261,1,0,67570
45262,1,0,67571
45263,1,0,67572
45264,1,0,67573
45265,3,0,67576
45266,2,0,67578
45267,3,0,67581
45268,2,0,67583
45269,1,0,67584
45270,2,0,67586
45271,2,0,67588
45272,2,0,67590
45273,1,0,67591
45274,2,0,67593
45275,1,0,67594
45276,1,0,67595
45277,1,0,67596
45278,1,0,67597
45279,1,0,67598
45280,1,0,67599
45281,2,0,67601
45282,1,0,67602
45283,1,0,67603
45284,1,0,67604
45285,2,0,67606
45286,1,0,67607
45287,3,0,67610
45288,1,0,67611
45289,1,0,67612
45290,1,0,67613
45291,1,0,67614
45292,1,0,67615
45293,1,0,67616
45294,1,0,67617
45295,2,0,67619
45296,1,0,67620
45297,1,0,67621
45298,1,0,67622
45299,1,0,67623
45300,2,0,67625
45301,1,0,67626
45302,1,0,67627
45303,1,0,67628
45304,1,0,67629
45305,1,0,67630
45306,1,0,67631
45307,2,0,67633
45308,2,0,67635
45309,3,0,67638
45310,3,0,67641
45311,1,0,67642
45312,2,0,67644
45313,1,0,67645
45314,4,0,67649
45315,2,0,67651
45316,1,0,67652
45317,1,0,67653
45318,1,0,67654
45319,1,0,67655
45320,1,0,67656
45321,1,0,67657
45322,1,0,67658
45323,1,0,67659
45324,1,0,67660
45325,2,0,67662
45326,1,0,67663
45327,1,0,67664
45328,2,0,67666
45329,1,0,67667
45330,1,0,67668
45331,1,0,67669
45332,1,0,67670
45333,1,0,67671
45334,1,0,67672
45335,2,0,67674
45336,2,0,67676
45337,1,0,67677
45338,1,0,67678
45339,1,0,67679
45340,2,0,67681
45341,1,0,67682
45342,1,0,67683
45343,7,0,67690
45344,1,0,67691
45345,2,0,67693
45346,1,0,67694
45347,3,0,67697
45348,1,0,67698
45349,2,0,67700
45350,2,0,67702
45351,2,0,67704
45352,3,0,67707
45353,2,0,67709
45354,2,0,67711
45355,1,0,67712
45356,1,0,67713
45357,2,0,67715
45358,1,0,67716
45359,1,0,67717
45360,1,0,67718
45361,1,0,67719
45362,2,0,67721
45363,1,0,67722
45364,5,0,67727
45365,1,0,67728
45366,2,0,67730
45367,1,0,67731
45368,1,0,67732
45369,1,0,67733
45370,1,0,67734
45371,3,0,67737
45372,1,0,67738
45373,2,0,67740
45374,1,0,67741
45375,1,0,67742
45376,1,0,67743
45377,1,0,67744
45378,1,0,67745
45379,1,0,67746
45380,1,0,67747
45381,1,0,67748
45382,1,0,67749
45383,2,0,67751
45384,2,0,67753
45385,3,0,67756
45386,1,0,67757
45387,1,0,67758
45388,2,0,67760
45389,1,0,67761
45390,1,0,67762
45391,3,0,67765
45392,1,0,67766
45393,3,0,67769
45394,2,0,67771
45395,1,0,67772
45396,1,0,67773
45397,1,0,67774
45398,1,0,67775
45399,3,0,67778
45400,2,0,67780
45401,3,0,67783
45402,1,0,67784
45403,1,0,67785
45404,1,0,67786
45405,1,0,67787
45406,1,0,67788
45407,2,0,67790
45408,1,0,67791
45409,1,0,67792
45410,1,0,67793
45411,1,0,67794
45412,1,0,67795
45413,1,0,67796
45414,2,0,67798
45415,1,0,67799
45416,2,0,67801
45417,1,0,67802
45418,4,0,67806
45419,2,0,67808
45420,1,0,67809
45421,2,0,67811
45422,1,0,67812
45423,2,0,67814
45424,2,0,67816
45425,1,0,67817
45426,1,0,67818
45427,1,0,67819
45428,2,0,67821
45429,3,0,67824
45430,2,0,67826
45431,1,0,67827
45432,1,0,67828
45433,1,0,67829
45434,1,0,67830
45435,3,0,67833
45436,4,0,67837
45437,3,0,67840
45438,1,0,67841
45439,1,0,67842
45440,2,0,67844
45441,1,0,67845
45442,1,0,67846
45443,1,0,67847
45444,1,0,67848
45445,5,0,67853
45446,2,0,67855
45447,1,0,67856
45448,1,0,67857
45449,1,0,67858
45450,1,0,67859
45451,2,0,67861
45452,1,0,67862
45453,1,0,67863
45454,3,0,67866
45455,1,0,67867
45456,2,0,67869
45457,2,0,67871
45458,2,0,67873
45459,1,0,67874
45460,2,0,67876
45461,4,0,67880
45462,1,0,67881
45463,1,0,67882
45464,2,0,67884
45465,1,0,67885
45466,1,0,67886
45467,3,0,67889
45468,2,0,67891
45469,1,0,67892
45470,1,0,67893
45471,2,0,67895
45472,1,0,67896
45473,3,0,67899
45474,1,0,67900
45475,1,0,67901
45476,1,0,67902
45477,2,0,67904
45478,1,0,67905
45479,3,0,67908
45480,1,0,67909
45481,1,0,67910
45482,1,0,67911
45483,1,0,67912
45484,1,0,67913
45485,1,0,67914
45486,1,0,67915
45487,1,0,67916
45488,2,0,67918
45489,1,0,67919
45490,1,0,67920
45491,1,0,67921
45492,3,0,67924
45493,1,0,67925
45494,1,0,67926
45495,1,0,67927
45496,2,0,67929
45497,1,0,67930
45498,1,0,67931
45499,1,0,67932
45500,1,0,67933
45501,1,0,67934
45502,2,0,67936
45503,4,0,67940
45504,1,0,67941
45505,2,0,67943
45506,1,0,67944
45507,1,0,67945
45508,1,0,67946
45509,2,0,67948
45510,1,0,67949
45511,2,0,67951
45512,1,0,67952
45513,3,0,67955
45514,1,0,67956
45515,1,0,67957
45516,1,0,67958
45517,2,0,67960
45518,3,0,67963
45519,1,0,67964
45520,1,0,67965
45521,1,0,67966
45522,1,0,67967
45523,3,0,67970
45524,1,0,67971
45525,1,0,67972
45526,3,0,67975
45527,1,0,67976
45528,2,0,67978
45529,1,0,67979
45530,1,0,67980
45531,1,0,67981
45532,1,0,67982
45533,2,0,67984
45534,1,0,67985
45535,1,0,67986
45536,1,0,67987
45537,1,0,67988
45538,1,0,67989
45539,1,0,67990
45540,2,0,67992
45541,2,0,67994
45542,1,0,67995
45543,6,0,68001
45544,1,0,68002
45545,2,0,68004
45546,1,0,68005
45547,5,0,68010
45548,1,0,68011
45549,1,0,68012
45550,1,0,68013
45551,1,0,68014
45552,3,0,68017
45553,1,0,68018
45554,1,0,68019
45555,2,0,68021
45556,1,0,68022
45557,1,0,68023
45558,1,0,68024
45559,2,0,68026
45560,1,0,68027
45561,2,0,68029
45562,1,0,68030
45563,3,0,68033
45564,1,0,68034
45565,1,0,68035
45566,2,0,68037
45567,2,0,68039
45568,1,0,68040
45569,1,0,68041
45570,1,0,68042
45571,1,0,68043
45572,2,0,68045
45573,1,0,68046
45574,2,0,68048
45575,2,0,68050
45576,1,0,68051
45577,1,0,68052
45578,1,0,68053
45579,4,0,68057
45580,1,0,68058
45581,5,0,68063
45582,1,0,68064
45583,1,0,68065
45584,1,0,68066
45585,1,0,68067
45586,2,0,68069
45587,2,0,68071
45588,1,0,68072
45589,1,0,68073
45590,1,0,68074
45591,6,0,68080
45592,3,0,68083
45593,1,0,68084
45594,1,0,68085
45595,2,0,68087
45596,1,0,68088
45597,1,0,68089
45598,1,0,68090
45599,3,0,68093
45600,1,0,68094
45601,1,0,68095
45602,1,0,68096
45603,3,0,68099
45604,3,0,68102
45605,1,0,68103
45606,1,0,68104
45607,2,0,68106
45608,1,0,68107
45609,1,0,68108
45610,2,0,68110
45611,1,0,68111
45612,1,0,68112
45613,2,0,68114
45614,1,0,68115
45615,1,0,68116
45616,2,0,68118
45617,1,0,68119
45618,1,0,68120
45619,1,0,68121
45620,1,0,68122
45621,1,0,68123
45622,1,0,68124
45623,1,0,68125
45624,1,0,68126
45625,1,0,68127
45626,1,0,68128
45627,1,0,68129
45628,1,0,68130
45629,2,0,68132
45630,1,0,68133
45631,1,0,68134
45632,2,0,68136
45633,1,0,68137
45634,2,0,68139
45635,2,0,68141
45636,1,0,68142
45637,1,0,68143
45638,1,0,68144
45639,2,0,68146
45640,1,0,68147
45641,1,0,68148
45642,1,0,68149
45643,1,0,68150
45644,1,0,68151
45645,1,0,68152
45646,1,0,68153
45647,3,0,68156
45648,1,0,68157
45649,1,0,68158
45650,2,0,68160
45651,1,0,68161
45652,1,0,68162
45653,3,0,68165
45654,1,0,68166
45655,1,0,68167
45656,2,0,68169
45657,3,0,68172
45658,2,0,68174
45659,1,0,68175
45660,1,0,68176
45661,2,0,68178
45662,3,0,68181
45663,1,0,68182
45664,3,0,68185
45665,2,0,68187
45666,1,0,68188
45667,1,0,68189
45668,1,0,68190
45669,1,0,68191
45670,2,0,68193
45671,2,0,68195
45672,1,0,68196
45673,1,0,68197
45674,1,0,68198
45675,3,0,68201
45676,2,0,68203
45677,1,0,68204
45678,1,0,68205
45679,1,0,68206
45680,2,0,68208
45681,4,0,68212
45682,1,0,68213
45683,2,0,68215
45684,1,0,68216
45685,2,0,68218
45686,2,0,68220
45687,1,0,68221
45688,2,0,68223
45689,1,0,68224
45690,1,0,68225
45691,1,0,68226
45692,1,0,68227
45693,1,0,68228
45694,3,0,68231
45695,1,0,68232
45696,3,0,68235
45697,1,0,68236
45698,2,0,68238
45699,1,0,68239
45700,1,0,68240
45701,1,0,68241
45702,1,0,68242
45703,1,0,68243
45704,2,0,68245
45705,2,0,68247
45706,1,0,68248
45707,1,0,68249
45708,1,0,68250
45709,1,0,68251
45710,3,0,68254
45711,1,0,68255
45712,1,0,68256
45713,1,0,68257
45714,2,0,68259
45715,3,0,68262
45716,1,0,68263
45717,1,0,68264
45718,1,0,68265
45719,1,0,68266
45720,1,0,68267
45721,2,0,68269
45722,2,0,68271
45723,2,0,68273
45724,1,0,68274
45725,1,0,68275
45726,3,0,68278
45727,2,0,68280
45728,1,0,68281
45729,1,0,68282
45730,1,0,68283
45731,3,0,68286
45732,1,0,68287
45733,2,0,68289
45734,2,0,68291
45735,1,0,68292
45736,1,0,68293
45737,1,0,68294
45738,2,0,68296
45739,1,0,68297
45740,1,0,68298
45741,1,0,68299
45742,2,0,68301
45743,1,0,68302
45744,3,0,68305
45745,1,0,68306
45746,2,0,68308
45747,2,0,68310
45748,1,0,68311
45749,1,0,68312
45750,1,0,68313
45751,1,0,68314
45752,2,0,68316
45753,1,0,68317
45754,1,0,68318
45755,1,0,68319
45756,1,0,68320
45757,1,0,68321
45758,2,0,68323
45759,3,0,68326
45760,1,0,68327
45761,2,0,68329
45762,1,0,68330
45763,1,0,68331
45764,1,0,68332
45765,1,0,68333
45766,1,0,68334
45767,2,0,68336
45768,1,0,68337
45769,1,0,68338
45770,1,0,68339
45771,4,0,68343
45772,2,0,68345
45773,3,0,68348
45774,2,0,68350
45775,1,0,68351
45776,1,0,68352
45777,4,0,68356
45778,1,0,68357
45779,1,0,68358
45780,2,0,68360
45781,1,0,68361
45782,1,0,68362
45783,1,0,68363
45784,2,0,68365
45785,1,0,68366
45786,2,0,68368
45787,2,0,68370
45788,1,0,68371
45789,3,0,68374
45790,2,0,68376
45791,1,0,68377
45792,1,0,68378
45793,1,0,68379
45794,1,0,68380
45795,2,0,68382
45796,2,0,68384
45797,1,0,68385
45798,1,0,68386
45799,2,0,68388
45800,3,0,68391
45801,1,0,68392
45802,1,0,68393
45803,1,0,68394
45804,1,0,68395
45805,1,0,68396
45806,1,0,68397
45807,1,0,68398
45808,1,0,68399
45809,1,0,68400
45810,8,0,68408
45811,2,0,68410
45812,1,0,68411
45813,1,0,68412
45814,1,0,68413
45815,1,0,68414
45816,1,0,68415
45817,1,0,68416
45818,1,0,68417
45819,3,0,68420
45820,1,0,68421
45821,2,0,68423
45822,2,0,68425
45823,1,0,68426
45824,1,0,68427
45825,1,0,68428
45826,1,0,68429
45827,2,0,68431
45828,1,0,68432
45829,1,0,68433
45830,1,0,68434
45831,1,0,68435
45832,1,0,68436
45833,2,0,68438
45834,1,0,68439
45835,1,0,68440
45836,1,0,68441
45837,2,0,68443
45838,1,0,68444
45839,2,0,68446
45840,1,0,68447
45841,1,0,68448
45842,1,0,68449
45843,2,0,68451
45844,1,0,68452
45845,1,0,68453
45846,1,0,68454
45847,1,0,68455
45848,1,0,68456
45849,1,0,68457
45850,2,0,68459
45851,1,0,68460
45852,1,0,68461
45853,2,0,68463
45854,2,0,68465
45855,1,0,68466
45856,2,0,68468
45857,1,0,68469
45858,1,0,68470
45859,2,0,68472
45860,2,0,68474
45861,1,0,68475
45862,1,0,68476
45863,1,0,68477
45864,1,0,68478
45865,2,0,68480
45866,2,0,68482
45867,2,0,68484
45868,1,0,68485
45869,1,0,68486
45870,1,0,68487
45871,2,0,68489
45872,2,0,68491
45873,1,0,68492
45874,1,0,68493
45875,1,0,68494
45876,1,0,68495
45877,1,0,68496
45878,2,0,68498
45879,1,0,68499
45880,1,0,68500
45881,1,0,68501
45882,2,0,68503
45883,1,0,68504
45884,1,0,68505
45885,2,0,68507
45886,1,0,68508
45887,2,0,68510
45888,1,0,68511
45889,1,0,68512
45890,1,0,68513
45891,1,0,68514
45892,1,0,68515
45893,1,0,68516
45894,1,0,68517
45895,2,0,68519
45896,2,0,68521
45897,2,0,68523
45898,1,0,68524
45899,2,0,68526
45900,1,0,68527
45901,1,0,68528
45902,3,0,68531
45903,1,0,68532
45904,1,0,68533
45905,1,0,68534
45906,2,0,68536
45907,1,0,68537
45908,1,0,68538
45909,2,0,68540
45910,1,0,68541
45911,1,0,68542
45912,1,0,68543
45913,1,0,68544
45914,1,0,68545
45915,2,0,68547
45916,1,0,68548
45917,1,0,68549
45918,1,0,68550
45919,1,0,68551
45920,1,0,68552
45921,1,0,68553
45922,1,0,68554
45923,1,0,68555
45924,2,0,68557
45925,1,0,68558
45926,1,0,68559
45927,1,0,68560
45928,2,0,68562
45929,1,0,68563
45930,1,0,68564
45931,1,0,68565
45932,3,0,68568
45933,1,0,68569
45934,1,0,68570
45935,1,0,68571
45936,1,0,68572
45937,1,0,68573
45938,1,0,68574
45939,2,0,68576
45940,1,0,68577
45941,1,0,68578
45942,1,0,68579
45943,1,0,68580
45944,3,0,68583
45945,1,0,68584
45946,1,0,68585
45947,1,0,68586
45948,2,0,68588
45949,1,0,68589
45950,2,0,68591
45951,1,0,68592
45952,1,0,68593
45953,1,0,68594
45954,1,0,68595
45955,1,0,68596
45956,1,0,68597
45957,1,0,68598
45958,1,0,68599
45959,3,0,68602
45960,2,0,68604
45961,3,0,68607
45962,2,0,68609
45963,1,0,68610
45964,1,0,68611
45965,1,0,68612
45966,1,0,68613
45967,1,0,68614
45968,1,0,68615
45969,1,0,68616
45970,1,0,68617
45971,3,0,68620
45972,2,0,68622
45973,2,0,68624
45974,3,0,68627
45975,1,0,68628
45976,1,0,68629
45977,3,0,68632
45978,1,0,68633
45979,1,0,68634
45980,1,0,68635
45981,2,0,68637
45982,2,0,68639
45983,1,0,68640
45984,1,0,68641
45985,1,0,68642
45986,1,0,68643
45987,1,0,68644
45988,2,0,68646
45989,1,0,68647
45990,1,0,68648
45991,1,0,68649
45992,2,0,68651
45993,1,0,68652
45994,3,0,68655
45995,1,0,68656
45996,1,0,68657
45997,1,0,68658
45998,1,0,68659
45999,1,0,68660
46000,1,0,68661
46001,1,0,68662
46002,1,0,68663
46003,3,0,68666
46004,3,0,68669
46005,2,0,68671
46006,1,0,68672
46007,1,0,68673
46008,1,0,68674
46009,1,0,68675
46010,1,0,68676
46011,2,0,68678
46012,1,0,68679
46013,4,0,68683
46014,4,0,68687
46015,1,0,68688
46016,1,0,68689
46017,3,0,68692
46018,1,0,68693
46019,1,0,68694
46020,1,0,68695
46021,3,0,68698
46022,1,0,68699
46023,4,0,68703
46024,1,0,68704
46025,1,0,68705
46026,1,0,68706
46027,1,0,68707
46028,2,0,68709
46029,3,0,68712
46030,1,0,68713
46031,2,0,68715
46032,1,0,68716
46033,1,0,68717
46034,2,0,68719
46035,1,0,68720
46036,1,0,68721
46037,2,0,68723
46038,2,0,68725
46039,1,0,68726
46040,2,0,68728
46041,2,0,68730
46042,1,0,68731
46043,2,0,68733
46044,1,0,68734
46045,1,0,68735
46046,3,0,68738
46047,3,0,68741
46048,1,0,68742
46049,1,0,68743
46050,2,0,68745
46051,2,0,68747
46052,1,0,68748
46053,5,0,68753
46054,1,0,68754
46055,1,0,68755
46056,1,0,68756
46057,1,0,68757
46058,2,0,68759
46059,2,0,68761
46060,2,0,68763
46061,1,0,68764
46062,1,0,68765
46063,1,0,68766
46064,1,0,68767
46065,1,0,68768
46066,1,0,68769
46067,1,0,68770
46068,2,0,68772
46069,2,0,68774
46070,1,0,68775
46071,2,0,68777
46072,1,0,68778
46073,1,0,68779
46074,2,0,68781
46075,4,0,68785
46076,2,0,68787
46077,2,0,68789
46078,1,0,68790
46079,1,0,68791
46080,1,0,68792
46081,1,0,68793
46082,1,0,68794
46083,1,0,68795
46084,1,0,68796
46085,1,0,68797
46086,1,0,68798
46087,2,0,68800
46088,1,0,68801
46089,1,0,68802
46090,1,0,68803
46091,4,0,68807
46092,1,0,68808
46093,2,0,68810
46094,1,0,68811
46095,1,0,68812
46096,1,0,68813
46097,1,0,68814
46098,1,0,68815
46099,1,0,68816
46100,1,0,68817
46101,1,0,68818
46102,2,0,68820
46103,3,0,68823
46104,3,0,68826
46105,2,0,68828
46106,1,0,68829
46107,1,0,68830
46108,1,0,68831
46109,1,0,68832
46110,1,0,68833
46111,1,0,68834
46112,2,0,68836
46113,1,0,68837
46114,1,0,68838
46115,1,0,68839
46116,1,0,68840
46117,2,0,68842
46118,1,0,68843
46119,1,0,68844
46120,1,0,68845
46121,2,0,68847
46122,1,0,68848
46123,1,0,68849
46124,1,0,68850
46125,2,0,68852
46126,2,0,68854
46127,1,0,68855
46128,1,0,68856
46129,1,0,68857
46130,2,0,68859
46131,1,0,68860
46132,1,0,68861
46133,1,0,68862
46134,3,0,68865
46135,1,0,68866
46136,1,0,68867
46137,1,0,68868
46138,1,0,68869
46139,1,0,68870
46140,1,0,68871
46141,1,0,68872
46142,2,0,68874
46143,1,0,68875
46144,1,0,68876
46145,1,0,68877
46146,1,0,68878
46147,2,0,68880
46148,2,0,68882
46149,1,0,68883
46150,3,0,68886
46151,1,0,68887
46152,1,0,68888
46153,1,0,68889
46154,1,0,68890
46155,1,0,68891
46156,1,0,68892
46157,1,0,68893
46158,2,0,68895
46159,1,0,68896
46160,1,0,68897
46161,2,0,68899
46162,1,0,68900
46163,4,0,68904
46164,1,0,68905
46165,2,0,68907
46166,2,0,68909
46167,1,0,68910
46168,2,0,68912
46169,1,0,68913
46170,1,0,68914
46171,2,0,68916
46172,3,0,68919
46173,2,0,68921
46174,1,0,68922
46175,2,0,68924
46176,5,0,68929
46177,1,0,68930
46178,1,0,68931
46179,2,0,68933
46180,1,0,68934
46181,1,0,68935
46182,1,0,68936
46183,1,0,68937
46184,1,0,68938
46185,1,0,68939
46186,1,0,68940
46187,2,0,68942
46188,3,0,68945
46189,1,0,68946
46190,1,0,68947
46191,1,0,68948
46192,1,0,68949
46193,2,0,68951
46194,1,0,68952
46195,1,0,68953
46196,1,0,68954
46197,2,0,68956
46198,1,0,68957
46199,2,0,68959
46200,1,0,68960
46201,1,0,68961
46202,1,0,68962
46203,1,0,68963
46204,1,0,68964
46205,1,0,68965
46206,1,0,68966
46207,1,0,68967
46208,2,0,68969
46209,1,0,68970
46210,2,0,68972
46211,2,0,68974
46212,1,0,68975
46213,2,0,68977
46214,1,0,68978
46215,3,0,68981
46216,1,0,68982
46217,1,0,68983
46218,2,0,68985
46219,1,0,68986
46220,1,0,68987
46221,1,0,68988
46222,1,0,68989
46223,1,0,68990
46224,1,0,68991
46225,1,0,68992
46226,2,0,68994
46227,3,0,68997
46228,6,0,69003
46229,2,0,69005
46230,2,0,69007
46231,1,0,69008
46232,1,0,69009
46233,2,0,69011
46234,1,0,69012
46235,1,0,69013
46236,1,0,69014
46237,1,0,69015
46238,3,0,69018
46239,1,0,69019
46240,1,0,69020
46241,1,0,69021
46242,1,0,69022
46243,1,0,69023
46244,2,0,69025
46245,2,0,69027
46246,2,0,69029
46247,1,0,69030
46248,1,0,69031
46249,2,0,69033
46250,3,0,69036
46251,1,0,69037
46252,1,0,69038
46253,1,0,69039
46254,3,0,69042
46255,1,0,69043
46256,2,0,69045
46257,1,0,69046
46258,1,0,69047
46259,1,0,69048
46260,2,0,69050
46261,1,0,69051
46262,1,0,69052
46263,3,0,69055
46264,1,0,69056
46265,1,0,69057
46266,1,0,69058
46267,2,0,69060
46268,1,0,69061
46269,2,0,69063
46270,1,0,69064
46271,1,0,69065
46272,2,0,69067
46273,2,0,69069
46274,1,0,69070
46275,1,0,69071
46276,1,0,69072
46277,1,0,69073
46278,1,0,69074
46279,2,0,69076
46280,2,0,69078
46281,1,0,69079
46282,4,0,69083
46283,2,0,69085
46284,1,0,69086
46285,1,0,69087
46286,1,0,69088
46287,1,0,69089
46288,1,0,69090
46289,1,0,69091
46290,3,0,69094
46291,1,0,69095
46292,1,0,69096
46293,1,0,69097
46294,3,0,69100
46295,1,0,69101
46296,1,0,69102
46297,4,0,69106
46298,1,0,69107
46299,1,0,69108
46300,1,0,69109
46301,1,0,69110
46302,1,0,69111
46303,1,0,69112
46304,3,0,69115
46305,1,0,69116
46306,1,0,69117
46307,3,0,69120
46308,3,0,69123
46309,1,0,69124
46310,2,0,69126
46311,1,0,69127
46312,2,0,69129
46313,3,0,69132
46314,2,0,69134
46315,2,0,69136
46316,2,0,69138
46317,1,0,69139
46318,2,0,69141
46319,2,0,69143
46320,1,0,69144
46321,1,0,69145
46322,1,0,69146
46323,1,0,69147
46324,1,0,69148
46325,1,0,69149
46326,1,0,69150
46327,2,0,69152
46328,1,0,69153
46329,1,0,69154
46330,1,0,69155
46331,2,0,69157
46332,1,0,69158
46333,1,0,69159
46334,1,0,69160
46335,2,0,69162
46336,1,0,69163
46337,1,0,69164
46338,4,0,69168
46339,1,0,69169
46340,1,0,69170
46341,1,0,69171
46342,5,0,69176
46343,1,0,69177
46344,1,0,69178
46345,1,0,69179
46346,2,0,69181
46347,2,0,69183
46348,1,0,69184
46349,2,0,69186
46350,1,0,69187
46351,1,0,69188
46352,2,0,69190
46353,1,0,69191
46354,1,0,69192
46355,1,0,69193
46356,3,0,69196
46357,1,0,69197
46358,3,0,69200
46359,1,0,69201
46360,1,0,69202
46361,1,0,69203
46362,1,0,69204
46363,4,0,69208
46364,1,0,69209
46365,3,0,69212
46366,4,0,69216
46367,1,0,69217
46368,1,0,69218
46369,1,0,69219
46370,2,0,69221
46371,1,0,69222
46372,1,0,69223
46373,4,0,69227
46374,1,0,69228
46375,1,0,69229
46376,1,0,69230
46377,2,0,69232
46378,1,0,69233
46379,1,0,69234
46380,1,0,69235
46381,1,0,69236
46382,1,0,69237
46383,2,0,69239
46384,1,0,69240
46385,2,0,69242
46386,1,0,69243
46387,3,0,69246
46388,1,0,69247
46389,1,0,69248
46390,1,0,69249
46391,2,0,69251
46392,3,0,69254
46393,1,0,69255
46394,2,0,69257
46395,1,0,69258
46396,2,0,69260
46397,1,0,69261
46398,1,0,69262
46399,3,0,69265
46400,1,0,69266
46401,2,0,69268
46402,3,0,69271
46403,1,0,69272
46404,4,0,69276
46405,1,0,69277
46406,2,0,69279
46407,1,0,69280
46408,3,0,69283
46409,1,0,69284
46410,2,0,69286
46411,1,0,69287
46412,1,0,69288
46413,4,0,69292
46414,1,0,69293
46415,1,0,69294
46416,1,0,69295
46417,1,0,69296
46418,1,0,69297
46419,1,0,69298
46420,1,0,69299
46421,1,0,69300
46422,1,0,69301
46423,1,0,69302
46424,1,0,69303
46425,2,0,69305
46426,1,0,69306
46427,1,0,69307
46428,2,0,69309
46429,3,0,69312
46430,2,0,69314
46431,1,0,69315
46432,4,0,69319
46433,1,0,69320
46434,1,0,69321
46435,1,0,69322
46436,1,0,69323
46437,1,0,69324
46438,2,0,69326
46439,2,0,69328
46440,3,0,69331
46441,2,0,69333
46442,1,0,69334
46443,5,0,69339
46444,1,0,69340
46445,1,0,69341
46446,1,0,69342
46447,1,0,69343
46448,2,0,69345
46449,1,0,69346
46450,1,0,69347
46451,1,0,69348
46452,2,0,69350
46453,1,0,69351
46454,1,0,69352
46455,1,0,69353
46456,1,0,69354
46457,1,0,69355
46458,1,0,69356
46459,2,0,69358
46460,1,0,69359
46461,3,0,69362
46462,1,0,69363
46463,2,0,69365
46464,2,0,69367
46465,1,0,69368
46466,3,0,69371
46467,1,0,69372
46468,1,0,69373
46469,1,0,69374
46470,2,0,69376
46471,1,0,69377
46472,2,0,69379
46473,1,0,69380
46474,1,0,69381
46475,1,0,69382
46476,2,0,69384
46477,1,0,69385
46478,1,0,69386
46479,1,0,69387
46480,2,0,69389
46481,1,0,69390
46482,4,0,69394
46483,2,0,69396
46484,1,0,69397
46485,2,0,69399
46486,1,0,69400
46487,2,0,69402
46488,1,0,69403
46489,2,0,69405
46490,3,0,69408
46491,1,0,69409
46492,1,0,69410
46493,1,0,69411
46494,2,0,69413
46495,1,0,69414
46496,1,0,69415
46497,3,0,69418
46498,6,0,69424
46499,1,0,69425
46500,1,0,69426
46501,1,0,69427
46502,1,0,69428
46503,1,0,69429
46504,2,0,69431
46505,1,0,69432
46506,2,0,69434
46507,1,0,69435
46508,1,0,69436
46509,1,0,69437
46510,1,0,69438
46511,2,0,69440
46512,1,0,69441
46513,2,0,69443
46514,1,0,69444
46515,1,0,69445
46516,2,0,69447
46517,1,0,69448
46518,3,0,69451
46519,1,0,69452
46520,1,0,69453
46521,2,0,69455
46522,2,0,69457
46523,1,0,69458
46524,6,0,69464
46525,1,0,69465
46526,3,0,69468
46527,1,0,69469
46528,1,0,69470
46529,1,0,69471
46530,1,0,69472
46531,2,0,69474
46532,1,0,69475
46533,2,0,69477
46534,2,0,69479
46535,1,0,69480
46536,1,0,69481
46537,1,0,69482
46538,1,0,69483
46539,3,0,69486
46540,1,0,69487
46541,1,0,69488
46542,2,0,69490
46543,6,0,69496
46544,2,0,69498
46545,1,0,69499
46546,2,0,69501
46547,4,0,69505
46548,2,0,69507
46549,2,0,69509
46550,1,0,69510
46551,1,0,69511
46552,1,0,69512
46553,2,0,69514
46554,1,0,69515
46555,1,0,69516
46556,4,0,69520
46557,2,0,69522
46558,1,0,69523
46559,1,0,69524
46560,2,0,69526
46561,1,0,69527
46562,1,0,69528
46563,4,0,69532
46564,1,0,69533
46565,5,0,69538
46566,2,0,69540
46567,1,0,69541
46568,2,0,69543
46569,2,0,69545
46570,2,0,69547
46571,1,0,69548
46572,3,0,69551
46573,2,0,69553
46574,1,0,69554
46575,1,0,69555
46576,1,0,69556
46577,6,0,69562
46578,1,0,69563
46579,1,0,69564
46580,1,0,69565
46581,1,0,69566
46582,6,0,69572
46583,1,0,69573
46584,1,0,69574
46585,1,0,69575
46586,1,0,69576
46587,1,0,69577
46588,1,0,69578
46589,1,0,69579
46590,1,0,69580
46591,1,0,69581
46592,1,0,69582
46593,1,0,69583
46594,2,0,69585
46595,1,0,69586
46596,1,0,69587
46597,2,0,69589
46598,1,0,69590
46599,1,0,69591
46600,1,0,69592
46601,2,0,69594
46602,1,0,69595
46603,1,0,69596
46604,1,0,69597
46605,1,0,69598
46606,2,0,69600
46607,1,0,69601
46608,2,0,69603
46609,1,0,69604
46610,1,0,69605
46611,1,0,69606
46612,1,0,69607
46613,1,0,69608
46614,1,0,69609
46615,1,0,69610
46616,1,0,69611
46617,2,0,69613
46618,4,0,69617
46619,1,0,69618
46620,1,0,69619
46621,1,0,69620
46622,1,0,69621
46623,1,0,69622
46624,2,0,69624
46625,1,0,69625
46626,2,0,69627
46627,1,0,69628
46628,2,0,69630
46629,1,0,69631
46630,1,0,69632
46631,3,0,69635
46632,2,0,69637
46633,1,0,69638
46634,1,0,69639
46635,1,0,69640
46636,1,0,69641
46637,1,0,69642
46638,1,0,69643
46639,1,0,69644
46640,2,0,69646
46641,2,0,69648
46642,2,0,69650
46643,1,0,69651
46644,2,0,69653
46645,5,0,69658
46646,1,0,69659
46647,1,0,69660
46648,1,0,69661
46649,1,0,69662
46650,2,0,69664
46651,1,0,69665
46652,1,0,69666
46653,1,0,69667
46654,1,0,69668
46655,1,0,69669
46656,1,0,69670
46657,3,0,69673
46658,1,0,69674
46659,1,0,69675
46660,1,0,69676
46661,1,0,69677
46662,1,0,69678
46663,1,0,69679
46664,2,0,69681
46665,3,0,69684
46666,1,0,69685
46667,2,0,69687
46668,1,0,69688
46669,1,0,69689
46670,1,0,69690
46671,1,0,69691
46672,3,0,69694
46673,1,0,69695
46674,1,0,69696
46675,1,0,69697
46676,3,0,69700
46677,1,0,69701
46678,3,0,69704
46679,1,0,69705
46680,1,0,69706
46681,1,0,69707
46682,1,0,69708
46683,2,0,69710
46684,1,0,69711
46685,3,0,69714
46686,6,0,69720
46687,1,0,69721
46688,4,0,69725
46689,1,0,69726
46690,1,0,69727
46691,1,0,69728
46692,1,0,69729
46693,2,0,69731
46694,1,0,69732
46695,2,0,69734
46696,1,0,69735
46697,2,0,69737
46698,1,0,69738
46699,1,0,69739
46700,1,0,69740
46701,1,0,69741
46702,2,0,69743
46703,3,0,69746
46704,1,0,69747
46705,2,0,69749
46706,1,0,69750
46707,1,0,69751
46708,2,0,69753
46709,3,0,69756
46710,3,0,69759
46711,1,0,69760
46712,2,0,69762
46713,1,0,69763
46714,2,0,69765
46715,3,0,69768
46716,1,0,69769
46717,3,0,69772
46718,2,0,69774
46719,1,0,69775
46720,1,0,69776
46721,1,0,69777
46722,1,0,69778
46723,1,0,69779
46724,1,0,69780
46725,3,0,69783
46726,2,0,69785
46727,3,0,69788
46728,1,0,69789
46729,2,0,69791
46730,1,0,69792
46731,1,0,69793
46732,1,0,69794
46733,2,0,69796
46734,2,0,69798
46735,1,0,69799
46736,1,0,69800
46737,1,0,69801
46738,1,0,69802
46739,1,0,69803
46740,3,0,69806
46741,1,0,69807
46742,1,0,69808
46743,2,0,69810
46744,1,0,69811
46745,2,0,69813
46746,2,0,69815
46747,1,0,69816
46748,2,0,69818
46749,2,0,69820
46750,1,0,69821
46751,3,0,69824
46752,1,0,69825
46753,1,0,69826
46754,1,0,69827
46755,1,0,69828
46756,1,0,69829
46757,1,0,69830
46758,1,0,69831
46759,1,0,69832
46760,1,0,69833
46761,1,0,69834
46762,1,0,69835
46763,2,0,69837
46764,5,0,69842
46765,1,0,69843
46766,3,0,69846
46767,1,0,69847
46768,2,0,69849
46769,1,0,69850
46770,1,0,69851
46771,1,0,69852
46772,1,0,69853
46773,2,0,69855
46774,1,0,69856
46775,1,0,69857
46776,2,0,69859
46777,3,0,69862
46778,3,0,69865
46779,2,0,69867
46780,1,0,69868
46781,1,0,69869
46782,1,0,69870
46783,1,0,69871
46784,1,0,69872
46785,2,0,69874
46786,1,0,69875
46787,1,0,69876
46788,1,0,69877
46789,1,0,69878
46790,1,0,69879
46791,1,0,69880
46792,1,0,69881
46793,1,0,69882
46794,2,0,69884
46795,1,0,69885
46796,1,0,69886
46797,1,0,69887
46798,1,0,69888
46799,1,0,69889
46800,2,0,69891
46801,1,0,69892
46802,2,0,69894
46803,1,0,69895
46804,2,0,69897
46805,1,0,69898
46806,1,0,69899
46807,1,0,69900
46808,2,0,69902
46809,3,0,69905
46810,3,0,69908
46811,1,0,69909
46812,3,0,69912
46813,2,0,69914
46814,2,0,69916
46815,1,0,69917
46816,2,0,69919
46817,2,0,69921
46818,1,0,69922
46819,1,0,69923
46820,1,0,69924
46821,2,0,69926
46822,2,0,69928
46823,2,0,69930
46824,1,0,69931
46825,1,0,69932
46826,1,0,69933
46827,1,0,69934
46828,1,0,69935
46829,1,0,69936
46830,3,0,69939
46831,2,0,69941
46832,1,0,69942
46833,1,0,69943
46834,1,0,69944
46835,1,0,69945
46836,2,0,69947
46837,2,0,69949
46838,3,0,69952
46839,1,0,69953
46840,1,0,69954
46841,1,0,69955
46842,2,0,69957
46843,4,0,69961
46844,1,0,69962
46845,1,0,69963
46846,2,0,69965
46847,1,0,69966
46848,1,0,69967
46849,1,0,69968
46850,1,0,69969
46851,2,0,69971
46852,1,0,69972
46853,1,0,69973
46854,2,0,69975
46855,1,0,69976
46856,1,0,69977
46857,1,0,69978
46858,1,0,69979
46859,3,0,69982
46860,1,0,69983
46861,1,0,69984
46862,1,0,69985
46863,1,0,69986
46864,1,0,69987
46865,3,0,69990
46866,1,0,69991
46867,2,0,69993
46868,1,0,69994
46869,1,0,69995
46870,2,0,69997
46871,1,0,69998
46872,1,0,69999
46873,1,0,70000
46874,2,0,70002
46875,2,0,70004
46876,1,0,70005
46877,2,0,70007
46878,1,0,70008
46879,1,0,70009
46880,2,0,70011
46881,1,0,70012
46882,1,0,70013
46883,1,0,70014
46884,4,0,70018
46885,2,0,70020
46886,1,0,70021
46887,3,0,70024
46888,2,0,70026
46889,3,0,70029
46890,1,0,70030
46891,1,0,70031
46892,1,0,70032
46893,1,0,70033
46894,3,0,70036
46895,2,0,70038
46896,2,0,70040
46897,2,0,70042
46898,2,0,70044
46899,1,0,70045
46900,1,0,70046
46901,2,0,70048
46902,1,0,70049
46903,1,0,70050
46904,1,0,70051
46905,1,0,70052
46906,1,0,70053
46907,1,0,70054
46908,1,0,70055
46909,2,0,70057
46910,1,0,70058
46911,1,0,70059
46912,2,0,70061
46913,2,0,70063
46914,1,0,70064
46915,1,0,70065
46916,3,0,70068
46917,2,0,70070
46918,2,0,70072
46919,2,0,70074
46920,1,0,70075
46921,1,0,70076
46922,2,0,70078
46923,1,0,70079
46924,1,0,70080
46925,2,0,70082
46926,1,0,70083
46927,1,0,70084
46928,1,0,70085
46929,1,0,70086
46930,1,0,70087
46931,1,0,70088
46932,1,0,70089
46933,1,0,70090
46934,1,0,70091
46935,2,0,70093
46936,1,0,70094
46937,1,0,70095
46938,1,0,70096
46939,2,0,70098
46940,2,0,70100
46941,2,0,70102
46942,1,0,70103
46943,2,0,70105
46944,6,0,70111
46945,2,0,70113
46946,2,0,70115
46947,1,0,70116
46948,1,0,70117
46949,2,0,70119
46950,1,0,70120
46951,2,0,70122
46952,2,0,70124
46953,1,0,70125
46954,2,0,70127
46955,1,0,70128
46956,1,0,70129
46957,3,0,70132
46958,3,0,70135
46959,2,0,70137
46960,2,0,70139
46961,2,0,70141
46962,3,0,70144
46963,1,0,70145
46964,1,0,70146
46965,1,0,70147
46966,1,0,70148
46967,1,0,70149
46968,1,0,70150
46969,1,0,70151
46970,1,0,70152
46971,1,0,70153
46972,1,0,70154
46973,1,0,70155
46974,2,0,70157
46975,1,0,70158
46976,1,0,70159
46977,1,0,70160
46978,3,0,70163
46979,2,0,70165
46980,2,0,70167
46981,3,0,70170
46982,1,0,70171
46983,1,0,70172
46984,1,0,70173
46985,3,0,70176
46986,1,0,70177
46987,1,0,70178
46988,1,0,70179
46989,1,0,70180
46990,1,0,70181
46991,2,0,70183
46992,1,0,70184
46993,1,0,70185
46994,1,0,70186
46995,1,0,70187
46996,2,0,70189
46997,1,0,70190
46998,1,0,70191
46999,2,0,70193
47000,4,0,70197
47001,2,0,70199
47002,1,0,70200
47003,1,0,70201
47004,2,0,70203
47005,1,0,70204
47006,1,0,70205
47007,1,0,70206
47008,1,0,70207
47009,3,0,70210
47010,1,0,70211
47011,7,0,70218
47012,2,0,70220
47013,2,0,70222
47014,2,0,70224
47015,1,0,70225
47016,1,0,70226
47017,1,0,70227
47018,4,0,70231
47019,2,0,70233
47020,1,0,70234
47021,1,0,70235
47022,1,0,70236
47023,2,0,70238
47024,1,0,70239
47025,1,0,70240
47026,2,0,70242
47027,1,0,70243
47028,1,0,70244
47029,1,0,70245
47030,1,0,70246
47031,4,0,70250
47032,2,0,70252
47033,1,0,70253
47034,3,0,70256
47035,1,0,70257
47036,3,0,70260
47037,1,0,70261
47038,2,0,70263
47039,1,0,70264
47040,2,0,70266
47041,1,0,70267
47042,1,0,70268
47043,3,0,70271
47044,2,0,70273
47045,1,0,70274
47046,1,0,70275
47047,1,0,70276
47048,1,0,70277
47049,1,0,70278
47050,1,0,70279
47051,1,0,70280
47052,1,0,70281
47053,2,0,70283
47054,1,0,70284
47055,1,0,70285
47056,1,0,70286
47057,1,0,70287
47058,1,0,70288
47059,2,0,70290
47060,1,0,70291
47061,1,0,70292
47062,3,0,70295
47063,2,0,70297
47064,1,0,70298
47065,1,0,70299
47066,1,0,70300
47067,2,0,70302
47068,3,0,70305
47069,1,0,70306
47070,3,0,70309
47071,1,0,70310
47072,1,0,70311
47073,1,0,70312
47074,1,0,70313
47075,1,0,70314
47076,1,0,70315
47077,1,0,70316
47078,1,0,70317
47079,1,0,70318
47080,1,0,70319
47081,1,0,70320
47082,1,0,70321
47083,1,0,70322
47084,1,0,70323
47085,1,0,70324
47086,1,0,70325
47087,1,0,70326
47088,5,0,70331
47089,1,0,70332
47090,6,0,70338
47091,1,0,70339
47092,3,0,70342
47093,1,0,70343
47094,2,0,70345
47095,2,0,70347
47096,1,0,70348
47097,1,0,70349
47098,2,0,70351
47099,1,0,70352
47100,1,0,70353
47101,1,0,70354
47102,2,0,70356
47103,1,0,70357
47104,1,0,70358
47105,2,0,70360
47106,1,0,70361
47107,1,0,70362
47108,2,0,70364
47109,2,0,70366
47110,1,0,70367
47111,1,0,70368
47112,1,0,70369
47113,2,0,70371
47114,1,0,70372
47115,2,0,70374
47116,1,0,70375
47117,1,0,70376
47118,1,0,70377
47119,1,0,70378
47120,2,0,70380
47121,1,0,70381
47122,1,0,70382
47123,1,0,70383
47124,1,0,70384
47125,1,0,70385
47126,1,0,70386
47127,1,0,70387
47128,3,0,70390
47129,2,0,70392
47130,2,0,70394
47131,1,0,70395
47132,1,0,70396
47133,1,0,70397
47134,1,0,70398
47135,1,0,70399
47136,1,0,70400
47137,1,0,70401
47138,1,0,70402
47139,1,0,70403
47140,2,0,70405
47141,1,0,70406
47142,1,0,70407
47143,2,0,70409
47144,2,0,70411
47145,3,0,70414
47146,3,0,70417
47147,3,0,70420
47148,2,0,70422
47149,1,0,70423
47150,1,0,70424
47151,3,0,70427
47152,1,0,70428
47153,1,0,70429
47154,1,0,70430
47155,1,0,70431
47156,1,0,70432
47157,1,0,70433
47158,2,0,70435
47159,2,0,70437
47160,2,0,70439
47161,1,0,70440
47162,1,0,70441
47163,2,0,70443
47164,1,0,70444
47165,1,0,70445
47166,2,0,70447
47167,1,0,70448
47168,1,0,70449
47169,3,0,70452
47170,1,0,70453
47171,1,0,70454
47172,2,0,70456
47173,2,0,70458
47174,1,0,70459
47175,4,0,70463
47176,2,0,70465
47177,1,0,70466
47178,1,0,70467
47179,1,0,70468
47180,1,0,70469
47181,4,0,70473
47182,5,0,70478
47183,1,0,70479
47184,2,0,70481
47185,1,0,70482
47186,1,0,70483
47187,2,0,70485
47188,2,0,70487
47189,1,0,70488
47190,1,0,70489
47191,1,0,70490
47192,1,0,70491
47193,1,0,70492
47194,2,0,70494
47195,1,0,70495
47196,2,0,70497
47197,2,0,70499
47198,1,0,70500
47199,1,0,70501
47200,1,0,70502
47201,2,0,70504
47202,2,0,70506
47203,1,0,70507
47204,1,0,70508
47205,2,0,70510
47206,1,0,70511
47207,1,0,70512
47208,3,0,70515
47209,1,0,70516
47210,3,0,70519
47211,2,0,70521
47212,4,0,70525
47213,8,0,70533
47214,1,0,70534
47215,2,0,70536
47216,1,0,70537
47217,2,0,70539
47218,1,0,70540
47219,1,0,70541
47220,3,0,70544
47221,1,0,70545
47222,1,0,70546
47223,1,0,70547
47224,1,0,70548
47225,2,0,70550
47226,2,0,70552
47227,3,0,70555
47228,3,0,70558
47229,1,0,70559
47230,2,0,70561
47231,2,0,70563
47232,1,0,70564
47233,2,0,70566
47234,1,0,70567
47235,1,0,70568
47236,1,0,70569
47237,1,0,70570
47238,3,0,70573
47239,1,0,70574
47240,1,0,70575
47241,1,0,70576
47242,1,0,70577
47243,1,0,70578
47244,1,0,70579
47245,1,0,70580
47246,2,0,70582
47247,1,0,70583
47248,1,0,70584
47249,1,0,70585
47250,1,0,70586
47251,1,0,70587
47252,2,0,70589
47253,1,0,70590
47254,1,0,70591
47255,1,0,70592
47256,1,0,70593
47257,1,0,70594
47258,1,0,70595
47259,2,0,70597
47260,1,0,70598
47261,1,0,70599
47262,1,0,70600
47263,1,0,70601
47264,1,0,70602
47265,1,0,70603
47266,1,0,70604
47267,1,0,70605
47268,1,0,70606
47269,2,0,70608
47270,1,0,70609
47271,1,0,70610
47272,1,0,70611
47273,1,0,70612
47274,1,0,70613
47275,1,0,70614
47276,1,0,70615
47277,1,0,70616
47278,1,0,70617
47279,2,0,70619
47280,1,0,70620
47281,2,0,70622
47282,2,0,70624
47283,1,0,70625
47284,1,0,70626
47285,1,0,70627
47286,3,0,70630
47287,1,0,70631
47288,1,0,70632
47289,1,0,70633
47290,1,0,70634
47291,2,0,70636
47292,1,0,70637
47293,4,0,70641
47294,2,0,70643
47295,1,0,70644
47296,1,0,70645
47297,1,0,70646
47298,2,0,70648
47299,2,0,70650
47300,1,0,70651
47301,1,0,70652
47302,1,0,70653
47303,1,0,70654
47304,1,0,70655
47305,1,0,70656
47306,3,0,70659
47307,3,0,70662
47308,2,0,70664
47309,1,0,70665
47310,1,0,70666
47311,1,0,70667
47312,1,0,70668
47313,1,0,70669
47314,3,0,70672
47315,1,0,70673
47316,1,0,70674
47317,1,0,70675
47318,1,0,70676
47319,1,0,70677
47320,1,0,70678
47321,1,0,70679
47322,2,0,70681
47323,1,0,70682
47324,1,0,70683
47325,1,0,70684
47326,2,0,70686
47327,1,0,70687
47328,2,0,70689
47329,1,0,70690
47330,2,0,70692
47331,2,0,70694
47332,2,0,70696
47333,1,0,70697
47334,2,0,70699
47335,2,0,70701
47336,1,0,70702
47337,1,0,70703
47338,1,0,70704
47339,1,0,70705
47340,1,0,70706
47341,1,0,70707
47342,2,0,70709
47343,2,0,70711
47344,1,0,70712
47345,2,0,70714
47346,8,0,70722
47347,1,0,70723
47348,1,0,70724
47349,1,0,70725
47350,2,0,70727
47351,1,0,70728
47352,1,0,70729
47353,4,0,70733
47354,3,0,70736
47355,1,0,70737
47356,1,0,70738
47357,2,0,70740
47358,1,0,70741
47359,1,0,70742
47360,1,0,70743
47361,1,0,70744
47362,1,0,70745
47363,1,0,70746
47364,1,0,70747
47365,1,0,70748
47366,1,0,70749
47367,3,0,70752
47368,3,0,70755
47369,1,0,70756
47370,2,0,70758
47371,3,0,70761
47372,1,0,70762
47373,1,0,70763
47374,1,0,70764
47375,1,0,70765
47376,3,0,70768
47377,1,0,70769
47378,1,0,70770
47379,1,0,70771
47380,3,0,70774
47381,1,0,70775
47382,1,0,70776
47383,2,0,70778
47384,1,0,70779
47385,1,0,70780
47386,1,0,70781
47387,2,0,70783
47388,2,0,70785
47389,2,0,70787
47390,1,0,70788
47391,1,0,70789
47392,2,0,70791
47393,1,0,70792
47394,1,0,70793
47395,3,0,70796
47396,3,0,70799
47397,2,0,70801
47398,1,0,70802
47399,1,0,70803
47400,2,0,70805
47401,2,0,70807
47402,1,0,70808
47403,1,0,70809
47404,1,0,70810
47405,1,0,70811
47406,1,0,70812
47407,3,0,70815
47408,1,0,70816
47409,1,0,70817
47410,1,0,70818
47411,1,0,70819
47412,1,0,70820
47413,2,0,70822
47414,1,0,70823
47415,1,0,70824
47416,2,0,70826
47417,2,0,70828
47418,2,0,70830
47419,1,0,70831
47420,2,0,70833
47421,1,0,70834
47422,1,0,70835
47423,1,0,70836
47424,1,0,70837
47425,1,0,70838
47426,1,0,70839
47427,5,0,70844
47428,1,0,70845
47429,2,0,70847
47430,1,0,70848
47431,2,0,70850
47432,3,0,70853
47433,1,0,70854
47434,1,0,70855
47435,2,0,70857
47436,1,0,70858
47437,2,0,70860
47438,1,0,70861
47439,1,0,70862
47440,1,0,70863
47441,4,0,70867
47442,1,0,70868
47443,3,0,70871
47444,1,0,70872
47445,1,0,70873
47446,1,0,70874
47447,1,0,70875
47448,1,0,70876
47449,3,0,70879
47450,1,0,70880
47451,1,0,70881
47452,1,0,70882
47453,1,0,70883
47454,2,0,70885
47455,1,0,70886
47456,3,0,70889
47457,1,0,70890
47458,2,0,70892
47459,1,0,70893
47460,1,0,70894
47461,1,0,70895
47462,2,0,70897
47463,2,0,70899
47464,1,0,70900
47465,1,0,70901
47466,1,0,70902
47467,1,0,70903
47468,1,0,70904
47469,1,0,70905
47470,2,0,70907
47471,1,0,70908
47472,2,0,70910
47473,3,0,70913
47474,1,0,70914
47475,1,0,70915
47476,2,0,70917
47477,1,0,70918
47478,1,0,70919
47479,2,0,70921
47480,1,0,70922
47481,1,0,70923
47482,2,0,70925
47483,1,0,70926
47484,2,0,70928
47485,1,0,70929
47486,2,0,70931
47487,2,0,70933
47488,1,0,70934
47489,3,0,70937
47490,2,0,70939
47491,4,0,70943
47492,1,0,70944
47493,1,0,70945
47494,1,0,70946
47495,1,0,70947
47496,1,0,70948
47497,1,0,70949
47498,1,0,70950
47499,1,0,70951
47500,1,0,70952
47501,1,0,70953
47502,1,0,70954
47503,1,0,70955
47504,2,0,70957
47505,3,0,70960
47506,2,0,70962
47507,2,0,70964
47508,3,0,70967
47509,1,0,70968
47510,1,0,70969
47511,1,0,70970
47512,1,0,70971
47513,1,0,70972
47514,1,0,70973
47515,1,0,70974
47516,1,0,70975
47517,3,0,70978
47518,2,0,70980
47519,1,0,70981
47520,2,0,70983
47521,1,0,70984
47522,2,0,70986
47523,1,0,70987
47524,1,0,70988
47525,1,0,70989
47526,1,0,70990
47527,1,0,70991
47528,2,0,70993
47529,1,0,70994
47530,2,0,70996
47531,2,0,70998
47532,1,0,70999
47533,3,0,71002
47534,1,0,71003
47535,2,0,71005
47536,1,0,71006
47537,1,0,71007
47538,1,0,71008
47539,1,0,71009
47540,1,0,71010
47541,1,0,71011
47542,1,0,71012
47543,2,0,71014
47544,3,0,71017
47545,1,0,71018
47546,1,0,71019
47547,2,0,71021
47548,1,0,71022
47549,1,0,71023
47550,1,0,71024
47551,1,0,71025
47552,3,0,71028
47553,1,0,71029
47554,1,0,71030
47555,1,0,71031
47556,3,0,71034
47557,1,0,71035
47558,5,0,71040
47559,1,0,71041
47560,1,0,71042
47561,2,0,71044
47562,1,0,71045
47563,1,0,71046
47564,1,0,71047
47565,2,0,71049
47566,1,0,71050
47567,1,0,71051
47568,3,0,71054
47569,1,0,71055
47570,1,0,71056
47571,1,0,71057
47572,1,0,71058
47573,1,0,71059
47574,1,0,71060
47575,1,0,71061
47576,2,0,71063
47577,2,0,71065
47578,1,0,71066
47579,1,0,71067
47580,2,0,71069
47581,1,0,71070
47582,4,0,71074
47583,1,0,71075
47584,3,0,71078
47585,2,0,71080
47586,1,0,71081
47587,1,0,71082
47588,1,0,71083
47589,2,0,71085
47590,2,0,71087
47591,1,0,71088
47592,1,0,71089
47593,2,0,71091
47594,4,0,71095
47595,2,0,71097
47596,1,0,71098
47597,2,0,71100
47598,2,0,71102
47599,2,0,71104
47600,1,0,71105
47601,1,0,71106
47602,2,0,71108
47603,1,0,71109
47604,2,0,71111
47605,1,0,71112
47606,2,0,71114
47607,1,0,71115
47608,1,0,71116
47609,2,0,71118
47610,1,0,71119
47611,1,0,71120
47612,3,0,71123
47613,1,0,71124
47614,1,0,71125
47615,2,0,71127
47616,1,0,71128
47617,2,0,71130
47618,1,0,71131
47619,1,0,71132
47620,2,0,71134
47621,1,0,71135
47622,1,0,71136
47623,2,0,71138
47624,3,0,71141
47625,2,0,71143
47626,1,0,71144
47627,2,0,71146
47628,1,0,71147
47629,2,0,71149
47630,1,0,71150
47631,1,0,71151
47632,1,0,71152
47633,2,0,71154
47634,1,0,71155
47635,1,0,71156
47636,1,0,71157
47637,1,0,71158
47638,1,0,71159
47639,1,0,71160
47640,6,0,71166
47641,2,0,71168
47642,2,0,71170
47643,1,0,71171
47644,1,0,71172
47645,3,0,71175
47646,1,0,71176
47647,1,0,71177
47648,2,0,71179
47649,1,0,71180
47650,1,0,71181
47651,3,0,71184
47652,2,0,71186
47653,2,0,71188
47654,1,0,71189
47655,2,0,71191
47656,1,0,71192
47657,1,0,71193
47658,1,0,71194
47659,4,0,71198
47660,1,0,71199
47661,1,0,71200
47662,2,0,71202
47663,2,0,71204
47664,1,0,71205
47665,1,0,71206
47666,3,0,71209
47667,1,0,71210
47668,1,0,71211
47669,2,0,71213
47670,1,0,71214
47671,1,0,71215
47672,1,0,71216
47673,1,0,71217
47674,3,0,71220
47675,1,0,71221
47676,3,0,71224
47677,1,0,71225
47678,1,0,71226
47679,1,0,71227
47680,1,0,71228
47681,1,0,71229
47682,4,0,71233
47683,2,0,71235
47684,1,0,71236
47685,1,0,71237
47686,1,0,71238
47687,1,0,71239
47688,2,0,71241
47689,1,0,71242
47690,1,0,71243
47691,3,0,71246
47692,1,0,71247
47693,2,0,71249
47694,1,0,71250
47695,1,0,71251
47696,2,0,71253
47697,1,0,71254
47698,3,0,71257
47699,1,0,71258
47700,1,0,71259
47701,1,0,71260
47702,4,0,71264
47703,3,0,71267
47704,2,0,71269
47705,1,0,71270
47706,1,0,71271
47707,1,0,71272
47708,1,0,71273
47709,1,0,71274
47710,1,0,71275
47711,1,0,71276
47712,1,0,71277
47713,1,0,71278
47714,1,0,71279
47715,2,0,71281
47716,2,0,71283
47717,1,0,71284
47718,1,0,71285
47719,1,0,71286
47720,1,0,71287
47721,1,0,71288
47722,1,0,71289
47723,1,0,71290
47724,1,0,71291
47725,2,0,71293
47726,1,0,71294
47727,2,0,71296
47728,2,0,71298
47729,1,0,71299
47730,1,0,71300
47731,2,0,71302
47732,1,0,71303
47733,1,0,71304
47734,1,0,71305
47735,4,0,71309
47736,1,0,71310
47737,1,0,71311
47738,1,0,71312
47739,1,0,71313
47740,1,0,71314
47741,1,0,71315
47742,1,0,71316
47743,1,0,71317
47744,1,0,71318
47745,1,0,71319
47746,1,0,71320
47747,1,0,71321
47748,1,0,71322
47749,2,0,71324
47750,1,0,71325
47751,1,0,71326
47752,1,0,71327
47753,4,0,71331
47754,2,0,71333
47755,1,0,71334
47756,2,0,71336
47757,3,0,71339
47758,2,0,71341
47759,1,0,71342
47760,4,0,71346
47761,3,0,71349
47762,1,0,71350
47763,1,0,71351
47764,1,0,71352
47765,1,0,71353
47766,1,0,71354
47767,2,0,71356
47768,2,0,71358
47769,1,0,71359
47770,2,0,71361
47771,3,0,71364
47772,1,0,71365
47773,2,0,71367
47774,1,0,71368
47775,1,0,71369
47776,1,0,71370
47777,2,0,71372
47778,1,0,71373
47779,1,0,71374
47780,3,0,71377
47781,2,0,71379
47782,2,0,71381
47783,1,0,71382
47784,1,0,71383
47785,2,0,71385
47786,3,0,71388
47787,1,0,71389
47788,1,0,71390
47789,2,0,71392
47790,3,0,71395
47791,2,0,71397
47792,4,0,71401
47793,4,0,71405
47794,1,0,71406
47795,1,0,71407
47796,2,0,71409
47797,1,0,71410
47798,1,0,71411
47799,1,0,71412
47800,1,0,71413
47801,1,0,71414
47802,1,0,71415
47803,2,0,71417
47804,2,0,71419
47805,1,0,71420
47806,2,0,71422
47807,2,0,71424
47808,1,0,71425
47809,2,0,71427
47810,2,0,71429
47811,1,0,71430
47812,2,0,71432
47813,2,0,71434
47814,3,0,71437
47815,2,0,71439
47816,1,0,71440
47817,2,0,71442
47818,1,0,71443
47819,1,0,71444
47820,2,0,71446
47821,2,0,71448
47822,2,0,71450
47823,1,0,71451
47824,2,0,71453
47825,1,0,71454
47826,1,0,71455
47827,3,0,71458
47828,4,0,71462
47829,1,0,71463
47830,1,0,71464
47831,2,0,71466
47832,2,0,71468
47833,1,0,71469
47834,1,0,71470
47835,2,0,71472
47836,3,0,71475
47837,2,0,71477
47838,3,0,71480
47839,1,0,71481
47840,2,0,71483
47841,2,0,71485
47842,1,0,71486
47843,3,0,71489
47844,1,0,71490
47845,1,0,71491
47846,1,0,71492
47847,1,0,71493
47848,1,0,71494
47849,1,0,71495
47850,2,0,71497
47851,1,0,71498
47852,1,0,71499
47853,2,0,71501
47854,1,0,71502
47855,3,0,71505
47856,1,0,71506
47857,1,0,71507
47858,2,0,71509
47859,1,0,71510
47860,2,0,71512
47861,1,0,71513
47862,2,0,71515
47863,2,0,71517
47864,1,0,71518
47865,1,0,71519
47866,1,0,71520
47867,1,0,71521
47868,2,0,71523
47869,1,0,71524
47870,1,0,71525
47871,1,0,71526
47872,2,0,71528
47873,1,0,71529
47874,5,0,71534
47875,1,0,71535
47876,3,0,71538
47877,2,0,71540
47878,1,0,71541
47879,1,0,71542
47880,1,0,71543
47881,1,0,71544
47882,2,0,71546
47883,4,0,71550
47884,4,0,71554
47885,2,0,71556
47886,1,0,71557
47887,2,0,71559
47888,1,0,71560
47889,1,0,71561
47890,2,0,71563
47891,2,0,71565
47892,1,0,71566
47893,1,0,71567
47894,1,0,71568
47895,1,0,71569
47896,1,0,71570
47897,1,0,71571
47898,1,0,71572
47899,1,0,71573
47900,1,0,71574
47901,1,0,71575
47902,4,0,71579
47903,1,0,71580
47904,2,0,71582
47905,1,0,71583
47906,1,0,71584
47907,1,0,71585
47908,1,0,71586
47909,1,0,71587
47910,2,0,71589
47911,1,0,71590
47912,1,0,71591
47913,1,0,71592
47914,1,0,71593
47915,1,0,71594
47916,4,0,71598
47917,3,0,71601
47918,2,0,71603
47919,1,0,71604
47920,1,0,71605
47921,3,0,71608
47922,1,0,71609
47923,5,0,71614
47924,1,0,71615
47925,2,0,71617
47926,1,0,71618
47927,2,0,71620
47928,2,0,71622
47929,1,0,71623
47930,1,0,71624
47931,1,0,71625
47932,2,0,71627
47933,2,0,71629
47934,1,0,71630
47935,3,0,71633
47936,3,0,71636
47937,2,0,71638
47938,1,0,71639
47939,1,0,71640
47940,3,0,71643
47941,2,0,71645
47942,1,0,71646
47943,2,0,71648
47944,2,0,71650
47945,3,0,71653
47946,1,0,71654
47947,1,0,71655
47948,1,0,71656
47949,1,0,71657
47950,1,0,71658
47951,2,0,71660
47952,1,0,71661
47953,1,0,71662
47954,1,0,71663
47955,1,0,71664
47956,1,0,71665
47957,2,0,71667
47958,1,0,71668
47959,1,0,71669
47960,1,0,71670
47961,1,0,71671
47962,1,0,71672
47963,1,0,71673
47964,1,0,71674
47965,1,0,71675
47966,1,0,71676
47967,1,0,71677
47968,1,0,71678
47969,1,0,71679
47970,2,0,71681
47971,1,0,71682
47972,1,0,71683
47973,1,0,71684
47974,2,0,71686
47975,1,0,71687
47976,1,0,71688
47977,1,0,71689
47978,1,0,71690
47979,2,0,71692
47980,1,0,71693
47981,1,0,71694
47982,1,0,71695
47983,1,0,71696
47984,1,0,71697
47985,1,0,71698
47986,1,0,71699
47987,1,0,71700
47988,1,0,71701
47989,2,0,71703
47990,1,0,71704
47991,1,0,71705
47992,1,0,71706
47993,2,0,71708
47994,1,0,71709
47995,1,0,71710
47996,1,0,71711
47997,2,0,71713
47998,1,0,71714
47999,1,0,71715
48000,1,0,71716
48001,1,0,71717
48002,2,0,71719
48003,4,0,71723
48004,1,0,71724
48005,1,0,71725
48006,1,0,71726
48007,1,0,71727
48008,1,0,71728
48009,1,0,71729
48010,1,0,71730
48011,1,0,71731
48012,2,0,71733
48013,1,0,71734
48014,2,0,71736
48015,2,0,71738
48016,1,0,71739
48017,1,0,71740
48018,1,0,71741
48019,2,0,71743
48020,1,0,71744
48021,1,0,71745
48022,1,0,71746
48023,1,0,71747
48024,1,0,71748
48025,1,0,71749
48026,1,0,71750
48027,1,0,71751
48028,1,0,71752
48029,1,0,71753
48030,1,0,71754
48031,3,0,71757
48032,2,0,71759
48033,1,0,71760
48034,1,0,71761
48035,1,0,71762
48036,1,0,71763
48037,4,0,71767
48038,1,0,71768
48039,1,0,71769
48040,1,0,71770
48041,3,0,71773
48042,1,0,71774
48043,1,0,71775
48044,1,0,71776
48045,1,0,71777
48046,2,0,71779
48047,1,0,71780
48048,2,0,71782
48049,5,0,71787
48050,1,0,71788
48051,2,0,71790
48052,1,0,71791
48053,1,0,71792
48054,1,0,71793
48055,2,0,71795
48056,1,0,71796
48057,2,0,71798
48058,1,0,71799
48059,2,0,71801
48060,3,0,71804
48061,2,0,71806
48062,5,0,71811
48063,1,0,71812
48064,1,0,71813
48065,1,0,71814
48066,1,0,71815
48067,4,0,71819
48068,1,0,71820
48069,4,0,71824
48070,2,0,71826
48071,1,0,71827
48072,3,0,71830
48073,1,0,71831
48074,1,0,71832
48075,1,0,71833
48076,5,0,71838
48077,1,0,71839
48078,3,0,71842
48079,1,0,71843
48080,1,0,71844
48081,1,0,71845
48082,3,0,71848
48083,1,0,71849
48084,2,0,71851
48085,2,0,71853
48086,1,0,71854
48087,3,0,71857
48088,1,0,71858
48089,1,0,71859
48090,2,0,71861
48091,1,0,71862
48092,1,0,71863
48093,1,0,71864
48094,1,0,71865
48095,4,0,71869
48096,1,0,71870
48097,1,0,71871
48098,1,0,71872
48099,1,0,71873
48100,1,0,71874
48101,1,0,71875
48102,1,0,71876
48103,1,0,71877
48104,1,0,71878
48105,1,0,71879
48106,1,0,71880
48107,2,0,71882
48108,1,0,71883
48109,1,0,71884
48110,1,0,71885
48111,1,0,71886
48112,2,0,71888
48113,1,0,71889
48114,1,0,71890
48115,1,0,71891
48116,1,0,71892
48117,6,0,71898
48118,2,0,71900
48119,2,0,71902
48120,1,0,71903
48121,1,0,71904
48122,1,0,71905
48123,1,0,71906
48124,1,0,71907
48125,1,0,71908
48126,1,0,71909
48127,1,0,71910
48128,1,0,71911
48129,1,0,71912
48130,1,0,71913
48131,2,0,71915
48132,1,0,71916
48133,1,0,71917
48134,2,0,71919
48135,3,0,71922
48136,1,0,71923
48137,1,0,71924
48138,1,0,71925
48139,1,0,71926
48140,5,0,71931
48141,2,0,71933
48142,1,0,71934
48143,1,0,71935
48144,2,0,71937
48145,1,0,71938
48146,2,0,71940
48147,1,0,71941
48148,2,0,71943
48149,1,0,71944
48150,1,0,71945
48151,2,0,71947
48152,1,0,71948
48153,1,0,71949
48154,1,0,71950
48155,2,0,71952
48156,1,0,71953
48157,1,0,71954
48158,1,0,71955
48159,1,0,71956
48160,1,0,71957
48161,1,0,71958
48162,5,0,71963
48163,2,0,71965
48164,1,0,71966
48165,1,0,71967
48166,1,0,71968
48167,1,0,71969
48168,2,0,71971
48169,1,0,71972
48170,1,0,71973
48171,3,0,71976
48172,2,0,71978
48173,3,0,71981
48174,1,0,71982
48175,4,0,71986
48176,2,0,71988
48177,2,0,71990
48178,1,0,71991
48179,1,0,71992
48180,1,0,71993
48181,1,0,71994
48182,1,0,71995
48183,1,0,71996
48184,1,0,71997
48185,1,0,71998
48186,1,0,71999
48187,1,0,72000
48188,2,0,72002
48189,1,0,72003
48190,2,0,72005
48191,1,0,72006
48192,1,0,72007
48193,1,0,72008
48194,1,0,72009
48195,2,0,72011
48196,3,0,72014
48197,1,0,72015
48198,1,0,72016
48199,1,0,72017
48200,1,0,72018
48201,1,0,72019
48202,2,0,72021
48203,1,0,72022
48204,1,0,72023
48205,1,0,72024
48206,1,0,72025
48207,3,0,72028
48208,6,0,72034
48209,1,0,72035
48210,1,0,72036
48211,1,0,72037
48212,1,0,72038
48213,1,0,72039
48214,1,0,72040
48215,1,0,72041
48216,4,0,72045
48217,3,0,72048
48218,1,0,72049
48219,1,0,72050
48220,1,0,72051
48221,2,0,72053
48222,1,0,72054
48223,8,0,72062
48224,1,0,72063
48225,2,0,72065
48226,1,0,72066
48227,1,0,72067
48228,1,0,72068
48229,1,0,72069
48230,2,0,72071
48231,3,0,72074
48232,1,0,72075
48233,1,0,72076
48234,4,0,72080
48235,1,0,72081
48236,3,0,72084
48237,1,0,72085
48238,1,0,72086
48239,1,0,72087
48240,3,0,72090
48241,1,0,72091
48242,2,0,72093
48243,1,0,72094
48244,1,0,72095
48245,1,0,72096
48246,1,0,72097
48247,3,0,72100
48248,1,0,72101
48249,1,0,72102
48250,3,0,72105
48251,1,0,72106
48252,1,0,72107
48253,1,0,72108
48254,1,0,72109
48255,2,0,72111
48256,2,0,72113
48257,2,0,72115
48258,2,0,72117
48259,1,0,72118
48260,2,0,72120
48261,1,0,72121
48262,2,0,72123
48263,1,0,72124
48264,3,0,72127
48265,1,0,72128
48266,1,0,72129
48267,2,0,72131
48268,1,0,72132
48269,1,0,72133
48270,2,0,72135
48271,1,0,72136
48272,1,0,72137
48273,1,0,72138
48274,1,0,72139
48275,2,0,72141
48276,1,0,72142
48277,2,0,72144
48278,2,0,72146
48279,1,0,72147
48280,1,0,72148
48281,2,0,72150
48282,1,0,72151
48283,1,0,72152
48284,1,0,72153
48285,2,0,72155
48286,2,0,72157
48287,2,0,72159
48288,1,0,72160
48289,1,0,72161
48290,1,0,72162
48291,1,0,72163
48292,3,0,72166
48293,1,0,72167
48294,3,0,72170
48295,1,0,72171
48296,2,0,72173
48297,2,0,72175
48298,2,0,72177
48299,1,0,72178
48300,2,0,72180
48301,3,0,72183
48302,3,0,72186
48303,1,0,72187
48304,1,0,72188
48305,1,0,72189
48306,1,0,72190
48307,1,0,72191
48308,1,0,72192
48309,1,0,72193
48310,1,0,72194
48311,2,0,72196
48312,2,0,72198
48313,1,0,72199
48314,1,0,72200
48315,1,0,72201
48316,1,0,72202
48317,1,0,72203
48318,2,0,72205
48319,3,0,72208
48320,1,0,72209
48321,1,0,72210
48322,1,0,72211
48323,2,0,72213
48324,1,0,72214
48325,1,0,72215
48326,1,0,72216
48327,1,0,72217
48328,1,0,72218
48329,1,0,72219
48330,1,0,72220
48331,1,0,72221
48332,2,0,72223
48333,1,0,72224
48334,1,0,72225
48335,2,0,72227
48336,1,0,72228
48337,1,0,72229
48338,1,0,72230
48339,1,0,72231
48340,2,0,72233
48341,1,0,72234
48342,3,0,72237
48343,2,0,72239
48344,1,0,72240
48345,1,0,72241
48346,1,0,72242
48347,3,0,72245
48348,1,0,72246
48349,1,0,72247
48350,2,0,72249
48351,1,0,72250
48352,1,0,72251
48353,1,0,72252
48354,1,0,72253
48355,2,0,72255
48356,1,0,72256
48357,2,0,72258
48358,1,0,72259
48359,1,0,72260
48360,1,0,72261
48361,1,0,72262
48362,1,0,72263
48363,2,0,72265
48364,1,0,72266
48365,1,0,72267
48366,2,0,72269
48367,2,0,72271
48368,1,0,72272
48369,3,0,72275
48370,1,0,72276
48371,1,0,72277
48372,1,0,72278
48373,3,0,72281
48374,2,0,72283
48375,1,0,72284
48376,1,0,72285
48377,2,0,72287
48378,1,0,72288
48379,1,0,72289
48380,1,0,72290
48381,7,0,72297
48382,1,0,72298
48383,1,0,72299
48384,2,0,72301
48385,3,0,72304
48386,1,0,72305
48387,1,0,72306
48388,4,0,72310
48389,1,0,72311
48390,1,0,72312
48391,2,0,72314
48392,1,0,72315
48393,1,0,72316
48394,1,0,72317
48395,1,0,72318
48396,2,0,72320
48397,2,0,72322
48398,1,0,72323
48399,1,0,72324
48400,2,0,72326
48401,2,0,72328
48402,1,0,72329
48403,1,0,72330
48404,4,0,72334
48405,1,0,72335
48406,1,0,72336
48407,3,0,72339
48408,1,0,72340
48409,1,0,72341
48410,2,0,72343
48411,1,0,72344
48412,1,0,72345
48413,2,0,72347
48414,1,0,72348
48415,2,0,72350
48416,1,0,72351
48417,3,0,72354
48418,1,0,72355
48419,1,0,72356
48420,1,0,72357
48421,1,0,72358
48422,1,0,72359
48423,1,0,72360
48424,1,0,72361
48425,2,0,72363
48426,3,0,72366
48427,1,0,72367
48428,1,0,72368
48429,1,0,72369
48430,1,0,72370
48431,2,0,72372
48432,1,0,72373
48433,3,0,72376
48434,1,0,72377
48435,3,0,72380
48436,2,0,72382
48437,1,0,72383
48438,1,0,72384
48439,1,0,72385
48440,1,0,72386
48441,1,0,72387
48442,1,0,72388
48443,2,0,72390
48444,1,0,72391
48445,1,0,72392
48446,1,0,72393
48447,1,0,72394
48448,1,0,72395
48449,1,0,72396
48450,3,0,72399
48451,1,0,72400
48452,6,0,72406
48453,1,0,72407
48454,4,0,72411
48455,2,0,72413
48456,1,0,72414
48457,1,0,72415
48458,1,0,72416
48459,1,0,72417
48460,1,0,72418
48461,2,0,72420
48462,1,0,72421
48463,1,0,72422
48464,1,0,72423
48465,1,0,72424
48466,1,0,72425
48467,1,0,72426
48468,4,0,72430
48469,1,0,72431
48470,1,0,72432
48471,1,0,72433
48472,1,0,72434
48473,1,0,72435
48474,1,0,72436
48475,1,0,72437
48476,1,0,72438
48477,1,0,72439
48478,3,0,72442
48479,1,0,72443
48480,1,0,72444
48481,1,0,72445
48482,3,0,72448
48483,1,0,72449
48484,1,0,72450
48485,2,0,72452
48486,1,0,72453
48487,1,0,72454
48488,2,0,72456
48489,1,0,72457
48490,1,0,72458
48491,1,0,72459
48492,1,0,72460
48493,1,0,72461
48494,1,0,72462
48495,1,0,72463
48496,1,0,72464
48497,1,0,72465
48498,2,0,72467
48499,2,0,72469
48500,2,0,72471
48501,2,0,72473
48502,1,0,72474
48503,3,0,72477
48504,1,0,72478
48505,2,0,72480
48506,1,0,72481
48507,2,0,72483
48508,1,0,72484
48509,1,0,72485
48510,1,0,72486
48511,2,0,72488
48512,2,0,72490
48513,1,0,72491
48514,1,0,72492
48515,1,0,72493
48516,2,0,72495
48517,1,0,72496
48518,1,0,72497
48519,2,0,72499
48520,1,0,72500
48521,2,0,72502
48522,1,0,72503
48523,2,0,72505
48524,1,0,72506
48525,2,0,72508
48526,1,0,72509
48527,4,0,72513
48528,1,0,72514
48529,2,0,72516
48530,2,0,72518
48531,1,0,72519
48532,1,0,72520
48533,2,0,72522
48534,1,0,72523
48535,1,0,72524
48536,1,0,72525
48537,1,0,72526
48538,1,0,72527
48539,4,0,72531
48540,1,0,72532
48541,1,0,72533
48542,1,0,72534
48543,1,0,72535
48544,3,0,72538
48545,1,0,72539
48546,1,0,72540
48547,2,0,72542
48548,2,0,72544
48549,1,0,72545
48550,1,0,72546
48551,1,0,72547
48552,1,0,72548
48553,1,0,72549
48554,1,0,72550
48555,4,0,72554
48556,1,0,72555
48557,1,0,72556
48558,1,0,72557
48559,1,0,72558
48560,2,0,72560
48561,2,0,72562
48562,1,0,72563
48563,2,0,72565
48564,1,0,72566
48565,3,0,72569
48566,1,0,72570
48567,1,0,72571
48568,1,0,72572
48569,3,0,72575
48570,1,0,72576
48571,2,0,72578
48572,1,0,72579
48573,1,0,72580
48574,1,0,72581
48575,2,0,72583
48576,2,0,72585
48577,2,0,72587
48578,1,0,72588
48579,1,0,72589
48580,1,0,72590
48581,1,0,72591
48582,1,0,72592
48583,2,0,72594
48584,1,0,72595
48585,3,0,72598
48586,1,0,72599
48587,1,0,72600
48588,1,0,72601
48589,1,0,72602
48590,1,0,72603
48591,1,0,72604
48592,3,0,72607
48593,1,0,72608
48594,1,0,72609
48595,2,0,72611
48596,1,0,72612
48597,1,0,72613
48598,1,0,72614
48599,1,0,72615
48600,2,0,72617
48601,1,0,72618
48602,2,0,72620
48603,1,0,72621
48604,1,0,72622
48605,1,0,72623
48606,1,0,72624
48607,2,0,72626
48608,3,0,72629
48609,1,0,72630
48610,3,0,72633
48611,1,0,72634
48612,1,0,72635
48613,1,0,72636
48614,2,0,72638
48615,2,0,72640
48616,2,0,72642
48617,2,0,72644
48618,1,0,72645
48619,1,0,72646
48620,1,0,72647
48621,1,0,72648
48622,1,0,72649
48623,1,0,72650
48624,1,0,72651
48625,1,0,72652
48626,2,0,72654
48627,1,0,72655
48628,1,0,72656
48629,1,0,72657
48630,2,0,72659
48631,1,0,72660
48632,2,0,72662
48633,7,0,72669
48634,2,0,72671
48635,2,0,72673
48636,5,0,72678
48637,1,0,72679
48638,1,0,72680
48639,1,0,72681
48640,1,0,72682
48641,1,0,72683
48642,1,0,72684
48643,1,0,72685
48644,2,0,72687
48645,1,0,72688
48646,2,0,72690
48647,2,0,72692
48648,1,0,72693
48649,1,0,72694
48650,1,0,72695
48651,1,0,72696
48652,1,0,72697
48653,3,0,72700
48654,1,0,72701
48655,1,0,72702
48656,1,0,72703
48657,2,0,72705
48658,1,0,72706
48659,2,0,72708
48660,8,0,72716
48661,1,0,72717
48662,4,0,72721
48663,1,0,72722
48664,1,0,72723
48665,1,0,72724
48666,1,0,72725
48667,1,0,72726
48668,1,0,72727
48669,2,0,72729
48670,1,0,72730
48671,2,0,72732
48672,1,0,72733
48673,1,0,72734
48674,1,0,72735
48675,3,0,72738
48676,1,0,72739
48677,1,0,72740
48678,1,0,72741
48679,1,0,72742
48680,1,0,72743
48681,2,0,72745
48682,1,0,72746
48683,1,0,72747
48684,1,0,72748
48685,2,0,72750
48686,1,0,72751
48687,1,0,72752
48688,1,0,72753
48689,2,0,72755
48690,1,0,72756
48691,1,0,72757
48692,1,0,72758
48693,2,0,72760
48694,1,0,72761
48695,1,0,72762
48696,1,0,72763
48697,2,0,72765
48698,1,0,72766
48699,2,0,72768
48700,1,0,72769
48701,1,0,72770
48702,1,0,72771
48703,1,0,72772
48704,1,0,72773
48705,1,0,72774
48706,1,0,72775
48707,1,0,72776
48708,1,0,72777
48709,1,0,72778
48710,1,0,72779
48711,1,0,72780
48712,1,0,72781
48713,1,0,72782
48714,1,0,72783
48715,1,0,72784
48716,1,0,72785
48717,1,0,72786
48718,1,0,72787
48719,2,0,72789
48720,1,0,72790
48721,2,0,72792
48722,3,0,72795
48723,1,0,72796
48724,1,0,72797
48725,1,0,72798
48726,2,0,72800
48727,1,0,72801
48728,1,0,72802
48729,1,0,72803
48730,1,0,72804
48731,1,0,72805
48732,4,0,72809
48733,3,0,72812
48734,1,0,72813
48735,4,0,72817
48736,1,0,72818
48737,3,0,72821
48738,1,0,72822
48739,1,0,72823
48740,1,0,72824
48741,3,0,72827
48742,1,0,72828
48743,1,0,72829
48744,1,0,72830
48745,2,0,72832
48746,1,0,72833
48747,1,0,72834
48748,4,0,72838
48749,1,0,72839
48750,1,0,72840
48751,1,0,72841
48752,1,0,72842
48753,2,0,72844
48754,1,0,72845
48755,1,0,72846
48756,1,0,72847
48757,4,0,72851
48758,3,0,72854
48759,1,0,72855
48760,1,0,72856
48761,2,0,72858
48762,1,0,72859
48763,1,0,72860
48764,1,0,72861
48765,1,0,72862
48766,1,0,72863
48767,1,0,72864
48768,1,0,72865
48769,3,0,72868
48770,4,0,72872
48771,2,0,72874
48772,1,0,72875
48773,1,0,72876
48774,1,0,72877
48775,1,0,72878
48776,1,0,72879
48777,2,0,72881
48778,1,0,72882
48779,1,0,72883
48780,1,0,72884
48781,1,0,72885
48782,2,0,72887
48783,1,0,72888
48784,1,0,72889
48785,1,0,72890
48786,2,0,72892
48787,2,0,72894
48788,2,0,72896
48789,2,0,72898
48790,1,0,72899
48791,1,0,72900
48792,1,0,72901
48793,1,0,72902
48794,1,0,72903
48795,1,0,72904
48796,6,0,72910
48797,1,0,72911
48798,1,0,72912
48799,1,0,72913
48800,2,0,72915
48801,1,0,72916
48802,1,0,72917
48803,1,0,72918
48804,1,0,72919
48805,2,0,72921
48806,1,0,72922
48807,1,0,72923
48808,4,0,72927
48809,1,0,72928
48810,1,0,72929
48811,2,0,72931
48812,1,0,72932
48813,2,0,72934
48814,3,0,72937
48815,1,0,72938
48816,2,0,72940
48817,1,0,72941
48818,1,0,72942
48819,1,0,72943
48820,1,0,72944
48821,2,0,72946
48822,2,0,72948
48823,1,0,72949
48824,1,0,72950
48825,3,0,72953
48826,1,0,72954
48827,1,0,72955
48828,1,0,72956
48829,1,0,72957
48830,2,0,72959
48831,4,0,72963
48832,1,0,72964
48833,1,0,72965
48834,1,0,72966
48835,2,0,72968
48836,1,0,72969
48837,4,0,72973
48838,1,0,72974
48839,1,0,72975
48840,1,0,72976
48841,1,0,72977
48842,4,0,72981
48843,2,0,72983
48844,1,0,72984
48845,1,0,72985
48846,2,0,72987
48847,1,0,72988
48848,1,0,72989
48849,1,0,72990
48850,2,0,72992
48851,2,0,72994
48852,1,0,72995
48853,1,0,72996
48854,1,0,72997
48855,1,0,72998
48856,1,0,72999
48857,1,0,73000
48858,2,0,73002
48859,1,0,73003
48860,1,0,73004
48861,2,0,73006
48862,8,0,73014
48863,1,0,73015
48864,1,0,73016
48865,2,0,73018
48866,1,0,73019
48867,2,0,73021
48868,2,0,73023
48869,1,0,73024
48870,1,0,73025
48871,1,0,73026
48872,2,0,73028
48873,2,0,73030
48874,3,0,73033
48875,1,0,73034
48876,1,0,73035
48877,1,0,73036
48878,1,0,73037
48879,2,0,73039
48880,1,0,73040
48881,1,0,73041
48882,2,0,73043
48883,2,0,73045
48884,4,0,73049
48885,1,0,73050
48886,1,0,73051
48887,1,0,73052
48888,1,0,73053
48889,1,0,73054
48890,1,0,73055
48891,3,0,73058
48892,1,0,73059
48893,1,0,73060
48894,2,0,73062
48895,1,0,73063
48896,1,0,73064
48897,2,0,73066
48898,2,0,73068
48899,2,0,73070
48900,1,0,73071
48901,4,0,73075
48902,1,0,73076
48903,1,0,73077
48904,1,0,73078
48905,1,0,73079
48906,1,0,73080
48907,1,0,73081
48908,1,0,73082
48909,1,0,73083
48910,1,0,73084
48911,2,0,73086
48912,1,0,73087
48913,1,0,73088
48914,4,0,73092
48915,1,0,73093
48916,1,0,73094
48917,2,0,73096
48918,1,0,73097
48919,6,0,73103
48920,1,0,73104
48921,1,0,73105
48922,4,0,73109
48923,5,0,73114
48924,1,0,73115
48925,1,0,73116
48926,2,0,73118
48927,1,0,73119
48928,1,0,73120
48929,1,0,73121
48930,2,0,73123
48931,4,0,73127
48932,1,0,73128
48933,1,0,73129
48934,1,0,73130
48935,1,0,73131
48936,1,0,73132
48937,1,0,73133
48938,2,0,73135
48939,1,0,73136
48940,1,0,73137
48941,3,0,73140
48942,1,0,73141
48943,2,0,73143
48944,2,0,73145
48945,1,0,73146
48946,1,0,73147
48947,1,0,73148
48948,2,0,73150
48949,2,0,73152
48950,2,0,73154
48951,2,0,73156
48952,1,0,73157
48953,1,0,73158
48954,1,0,73159
48955,1,0,73160
48956,1,0,73161
48957,2,0,73163
48958,1,0,73164
48959,1,0,73165
48960,1,0,73166
48961,1,0,73167
48962,2,0,73169
48963,2,0,73171
48964,2,0,73173
48965,1,0,73174
48966,4,0,73178
48967,3,0,73181
48968,2,0,73183
48969,1,0,73184
48970,1,0,73185
48971,2,0,73187
48972,1,0,73188
48973,1,0,73189
48974,1,0,73190
48975,1,0,73191
48976,1,0,73192
48977,1,0,73193
48978,1,0,73194
48979,2,0,73196
48980,1,0,73197
48981,1,0,73198
48982,2,0,73200
48983,2,0,73202
48984,1,0,73203
48985,2,0,73205
48986,2,0,73207
48987,2,0,73209
48988,1,0,73210
48989,2,0,73212
48990,1,0,73213
48991,1,0,73214
48992,1,0,73215
48993,2,0,73217
48994,3,0,73220
48995,3,0,73223
48996,3,0,73226
48997,2,0,73228
48998,2,0,73230
48999,1,0,73231
49000,1,0,73232
49001,1,0,73233
49002,3,0,73236
49003,1,0,73237
49004,2,0,73239
49005,1,0,73240
49006,1,0,73241
49007,1,0,73242
49008,1,0,73243
49009,1,0,73244
49010,2,0,73246
49011,1,0,73247
49012,2,0,73249
49013,1,0,73250
49014,1,0,73251
49015,2,0,73253
49016,1,0,73254
49017,1,0,73255
49018,1,0,73256
49019,2,0,73258
49020,1,0,73259
49021,2,0,73261
49022,1,0,73262
49023,1,0,73263
49024,1,0,73264
49025,2,0,73266
49026,1,0,73267
49027,4,0,73271
49028,1,0,73272
49029,2,0,73274
49030,4,0,73278
49031,2,0,73280
49032,3,0,73283
49033,1,0,73284
49034,1,0,73285
49035,2,0,73287
49036,1,0,73288
49037,2,0,73290
49038,1,0,73291
49039,2,0,73293
49040,3,0,73296
49041,1,0,73297
49042,1,0,73298
49043,1,0,73299
49044,1,0,73300
49045,1,0,73301
49046,1,0,73302
49047,1,0,73303
49048,1,0,73304
49049,1,0,73305
49050,2,0,73307
49051,1,0,73308
49052,1,0,73309
49053,1,0,73310
49054,1,0,73311
49055,1,0,73312
49056,2,0,73314
49057,2,0,73316
49058,1,0,73317
49059,2,0,73319
49060,1,0,73320
49061,1,0,73321
49062,1,0,73322
49063,1,0,73323
49064,1,0,73324
49065,1,0,73325
49066,2,0,73327
49067,2,0,73329
49068,3,0,73332
49069,1,0,73333
49070,2,0,73335
49071,1,0,73336
49072,2,0,73338
49073,1,0,73339
49074,2,0,73341
49075,2,0,73343
49076,1,0,73344
49077,1,0,73345
49078,1,0,73346
49079,3,0,73349
49080,2,0,73351
49081,3,0,73354
49082,2,0,73356
49083,1,0,73357
49084,1,0,73358
49085,1,0,73359
49086,7,0,73366
49087,1,0,73367
49088,1,0,73368
49089,3,0,73371
49090,1,0,73372
49091,2,0,73374
49092,2,0,73376
49093,1,0,73377
49094,1,0,73378
49095,1,0,73379
49096,1,0,73380
49097,2,0,73382
49098,1,0,73383
49099,1,0,73384
49100,3,0,73387
49101,1,0,73388
49102,1,0,73389
49103,2,0,73391
49104,1,0,73392
49105,1,0,73393
49106,2,0,73395
49107,1,0,73396
49108,2,0,73398
49109,1,0,73399
49110,1,0,73400
49111,1,0,73401
49112,1,0,73402
49113,1,0,73403
49114,1,0,73404
49115,2,0,73406
49116,1,0,73407
49117,1,0,73408
49118,1,0,73409
49119,1,0,73410
49120,1,0,73411
49121,1,0,73412
49122,1,0,73413
49123,3,0,73416
49124,1,0,73417
49125,1,0,73418
49126,1,0,73419
49127,4,0,73423
49128,2,0,73425
49129,1,0,73426
49130,1,0,73427
49131,2,0,73429
49132,1,0,73430
49133,1,0,73431
49134,1,0,73432
49135,1,0,73433
49136,1,0,73434
49137,1,0,73435
49138,2,0,73437
49139,2,0,73439
49140,1,0,73440
49141,1,0,73441
49142,1,0,73442
49143,1,0,73443
49144,1,0,73444
49145,1,0,73445
49146,1,0,73446
49147,1,0,73447
49148,2,0,73449
49149,1,0,73450
49150,1,0,73451
49151,1,0,73452
49152,1,0,73453
49153,1,0,73454
49154,2,0,73456
49155,2,0,73458
49156,1,0,73459
49157,4,0,73463
49158,1,0,73464
49159,4,0,73468
49160,1,0,73469
49161,1,0,73470
49162,5,0,73475
49163,2,0,73477
49164,2,0,73479
49165,1,0,73480
49166,2,0,73482
49167,3,0,73485
49168,2,0,73487
49169,1,0,73488
49170,1,0,73489
49171,1,0,73490
49172,1,0,73491
49173,1,0,73492
49174,2,0,73494
49175,1,0,73495
49176,1,0,73496
49177,2,0,73498
49178,1,0,73499
49179,3,0,73502
49180,1,0,73503
49181,1,0,73504
49182,3,0,73507
49183,1,0,73508
49184,1,0,73509
49185,1,0,73510
49186,2,0,73512
49187,1,0,73513
49188,2,0,73515
49189,1,0,73516
49190,1,0,73517
49191,1,0,73518
49192,3,0,73521
49193,4,0,73525
49194,1,0,73526
49195,1,0,73527
49196,1,0,73528
49197,2,0,73530
49198,1,0,73531
49199,1,0,73532
49200,1,0,73533
49201,1,0,73534
49202,2,0,73536
49203,2,0,73538
49204,1,0,73539
49205,1,0,73540
49206,1,0,73541
49207,1,0,73542
49208,1,0,73543
49209,2,0,73545
49210,1,0,73546
49211,1,0,73547
49212,1,0,73548
49213,1,0,73549
49214,3,0,73552
49215,3,0,73555
49216,2,0,73557
49217,1,0,73558
49218,2,0,73560
49219,1,0,73561
49220,4,0,73565
49221,2,0,73567
49222,1,0,73568
49223,2,0,73570
49224,1,0,73571
49225,2,0,73573
49226,1,0,73574
49227,2,0,73576
49228,1,0,73577
49229,4,0,73581
49230,4,0,73585
49231,1,0,73586
49232,1,0,73587
49233,2,0,73589
49234,1,0,73590
49235,1,0,73591
49236,1,0,73592
49237,2,0,73594
49238,1,0,73595
49239,2,0,73597
49240,7,0,73604
49241,1,0,73605
49242,1,0,73606
49243,1,0,73607
49244,1,0,73608
49245,2,0,73610
49246,1,0,73611
49247,1,0,73612
49248,2,0,73614
49249,1,0,73615
49250,1,0,73616
49251,1,0,73617
49252,1,0,73618
49253,2,0,73620
49254,1,0,73621
49255,1,0,73622
49256,3,0,73625
49257,1,0,73626
49258,1,0,73627
49259,1,0,73628
49260,1,0,73629
49261,1,0,73630
49262,1,0,73631
49263,1,0,73632
49264,1,0,73633
49265,1,0,73634
49266,1,0,73635
49267,1,0,73636
49268,1,0,73637
49269,1,0,73638
49270,1,0,73639
49271,1,0,73640
49272,1,0,73641
49273,6,0,73647
49274,8,0,73655
49275,1,0,73656
49276,3,0,73659
49277,1,0,73660
49278,1,0,73661
49279,1,0,73662
49280,2,0,73664
49281,1,0,73665
49282,1,0,73666
49283,2,0,73668
49284,2,0,73670
49285,1,0,73671
49286,1,0,73672
49287,2,0,73674
49288,1,0,73675
49289,2,0,73677
49290,1,0,73678
49291,1,0,73679
49292,2,0,73681
49293,2,0,73683
49294,1,0,73684
49295,1,0,73685
49296,2,0,73687
49297,1,0,73688
49298,1,0,73689
49299,1,0,73690
49300,1,0,73691
49301,2,0,73693
49302,2,0,73695
49303,2,0,73697
49304,1,0,73698
49305,3,0,73701
49306,1,0,73702
49307,1,0,73703
49308,2,0,73705
49309,1,0,73706
49310,3,0,73709
49311,1,0,73710
49312,1,0,73711
49313,1,0,73712
49314,1,0,73713
49315,1,0,73714
49316,3,0,73717
49317,1,0,73718
49318,1,0,73719
49319,2,0,73721
49320,1,0,73722
49321,3,0,73725
49322,1,0,73726
49323,1,0,73727
49324,1,0,73728
49325,1,0,73729
49326,2,0,73731
49327,1,0,73732
49328,1,0,73733
49329,1,0,73734
49330,1,0,73735
49331,1,0,73736
49332,1,0,73737
49333,1,0,73738
49334,1,0,73739
49335,1,0,73740
49336,2,0,73742
49337,2,0,73744
49338,3,0,73747
49339,1,0,73748
49340,2,0,73750
49341,1,0,73751
49342,1,0,73752
49343,1,0,73753
49344,1,0,73754
49345,1,0,73755
49346,1,0,73756
49347,3,0,73759
49348,1,0,73760
49349,2,0,73762
49350,3,0,73765
49351,1,0,73766
49352,1,0,73767
49353,1,0,73768
49354,2,0,73770
49355,1,0,73771
49356,1,0,73772
49357,1,0,73773
49358,1,0,73774
49359,1,0,73775
49360,2,0,73777
49361,1,0,73778
49362,1,0,73779
49363,1,0,73780
49364,1,0,73781
49365,1,0,73782
49366,2,0,73784
49367,1,0,73785
49368,2,0,73787
49369,1,0,73788
49370,1,0,73789
49371,1,0,73790
49372,1,0,73791
49373,1,0,73792
49374,1,0,73793
49375,1,0,73794
49376,1,0,73795
49377,1,0,73796
49378,2,0,73798
49379,1,0,73799
49380,3,0,73802
49381,1,0,73803
49382,1,0,73804
49383,1,0,73805
49384,1,0,73806
49385,1,0,73807
49386,1,0,73808
49387,1,0,73809
49388,1,0,73810
49389,1,0,73811
49390,4,0,73815
49391,2,0,73817
49392,1,0,73818
49393,3,0,73821
49394,3,0,73824
49395,1,0,73825
49396,1,0,73826
49397,1,0,73827
49398,1,0,73828
49399,2,0,73830
49400,2,0,73832
49401,1,0,73833
49402,1,0,73834
49403,1,0,73835
49404,3,0,73838
49405,1,0,73839
49406,2,0,73841
49407,1,0,73842
49408,1,0,73843
49409,1,0,73844
49410,1,0,73845
49411,1,0,73846
49412,1,0,73847
49413,1,0,73848
49414,2,0,73850
49415,1,0,73851
49416,4,0,73855
49417,3,0,73858
49418,1,0,73859
49419,1,0,73860
49420,1,0,73861
49421,2,0,73863
49422,1,0,73864
49423,2,0,73866
49424,1,0,73867
49425,1,0,73868
49426,1,0,73869
49427,1,0,73870
49428,1,0,73871
49429,1,0,73872
49430,3,0,73875
49431,2,0,73877
49432,2,0,73879
49433,3,0,73882
49434,1,0,73883
49435,1,0,73884
49436,1,0,73885
49437,1,0,73886
49438,1,0,73887
49439,1,0,73888
49440,2,0,73890
49441,1,0,73891
49442,1,0,73892
49443,1,0,73893
49444,1,0,73894
49445,1,0,73895
49446,1,0,73896
49447,1,0,73897
49448,1,0,73898
49449,2,0,73900
49450,3,0,73903
49451,6,0,73909
49452,3,0,73912
49453,3,0,73915
49454,2,0,73917
49455,1,0,73918
49456,1,0,73919
49457,3,0,73922
49458,1,0,73923
49459,1,0,73924
49460,1,0,73925
49461,1,0,73926
49462,1,0,73927
49463,1,0,73928
49464,1,0,73929
49465,3,0,73932
49466,1,0,73933
49467,2,0,73935
49468,1,0,73936
49469,1,0,73937
49470,2,0,73939
49471,1,0,73940
49472,2,0,73942
49473,1,0,73943
49474,1,0,73944
49475,1,0,73945
49476,2,0,73947
49477,1,0,73948
49478,1,0,73949
49479,1,0,73950
49480,2,0,73952
49481,1,0,73953
49482,1,0,73954
49483,1,0,73955
49484,2,0,73957
49485,1,0,73958
49486,1,0,73959
49487,1,0,73960
49488,1,0,73961
49489,1,0,73962
49490,1,0,73963
49491,1,0,73964
49492,1,0,73965
49493,2,0,73967
49494,1,0,73968
49495,1,0,73969
49496,1,0,73970
49497,2,0,73972
49498,1,0,73973
49499,1,0,73974
49500,1,0,73975
49501,1,0,73976
49502,2,0,73978
49503,1,0,73979
49504,1,0,73980
49505,1,0,73981
49506,2,0,73983
49507,3,0,73986
49508,1,0,73987
49509,2,0,73989
49510,1,0,73990
49511,1,0,73991
49512,1,0,73992
49513,2,0,73994
49514,2,0,73996
49515,2,0,73998
49516,1,0,73999
49517,1,0,74000
49518,1,0,74001
49519,1,0,74002
49520,1,0,74003
49521,1,0,74004
49522,7,0,74011
49523,2,0,74013
49524,1,0,74014
49525,1,0,74015
49526,1,0,74016
49527,3,0,74019
49528,1,0,74020
49529,1,0,74021
49530,1,0,74022
49531,1,0,74023
49532,1,0,74024
49533,2,0,74026
49534,2,0,74028
49535,1,0,74029
49536,1,0,74030
49537,1,0,74031
49538,3,0,74034
49539,2,0,74036
49540,1,0,74037
49541,2,0,74039
49542,3,0,74042
49543,1,0,74043
49544,1,0,74044
49545,2,0,74046
49546,1,0,74047
49547,1,0,74048
49548,1,0,74049
49549,1,0,74050
49550,1,0,74051
49551,1,0,74052
49552,1,0,74053
49553,2,0,74055
49554,1,0,74056
49555,1,0,74057
49556,1,0,74058
49557,6,0,74064
49558,2,0,74066
49559,1,0,74067
49560,3,0,74070
49561,1,0,74071
49562,1,0,74072
49563,3,0,74075
49564,4,0,74079
49565,1,0,74080
49566,1,0,74081
49567,1,0,74082
49568,1,0,74083
49569,1,0,74084
49570,1,0,74085
49571,2,0,74087
49572,1,0,74088
49573,2,0,74090
49574,1,0,74091
49575,1,0,74092
49576,1,0,74093
49577,1,0,74094
49578,1,0,74095
49579,2,0,74097
49580,1,0,74098
49581,1,0,74099
49582,1,0,74100
49583,1,0,74101
49584,1,0,74102
49585,1,0,74103
49586,1,0,74104
49587,1,0,74105
49588,1,0,74106
49589,1,0,74107
49590,1,0,74108
49591,2,0,74110
49592,1,0,74111
49593,1,0,74112
49594,2,0,74114
49595,1,0,74115
49596,2,0,74117
49597,2,0,74119
49598,1,0,74120
49599,2,0,74122
49600,1,0,74123
49601,1,0,74124
49602,2,0,74126
49603,1,0,74127
49604,3,0,74130
49605,1,0,74131
49606,1,0,74132
49607,1,0,74133
49608,1,0,74134
49609,1,0,74135
49610,1,0,74136
49611,1,0,74137
49612,1,0,74138
49613,2,0,74140
49614,2,0,74142
49615,1,0,74143
49616,1,0,74144
49617,1,0,74145
49618,1,0,74146
49619,2,0,74148
49620,1,0,74149
49621,1,0,74150
49622,2,0,74152
49623,3,0,74155
49624,1,0,74156
49625,1,0,74157
49626,1,0,74158
49627,1,0,74159
49628,2,0,74161
49629,1,0,74162
49630,2,0,74164
49631,1,0,74165
49632,2,0,74167
49633,2,0,74169
49634,1,0,74170
49635,3,0,74173
49636,2,0,74175
49637,1,0,74176
49638,1,0,74177
49639,1,0,74178
49640,1,0,74179
49641,2,0,74181
49642,2,0,74183
49643,1,0,74184
49644,1,0,74185
49645,1,0,74186
49646,1,0,74187
49647,1,0,74188
49648,1,0,74189
49649,1,0,74190
49650,2,0,74192
49651,2,0,74194
49652,2,0,74196
49653,1,0,74197
49654,1,0,74198
49655,1,0,74199
49656,1,0,74200
49657,1,0,74201
49658,1,0,74202
49659,1,0,74203
49660,1,0,74204
49661,3,0,74207
49662,1,0,74208
49663,1,0,74209
49664,1,0,74210
49665,1,0,74211
49666,1,0,74212
49667,1,0,74213
49668,1,0,74214
49669,1,0,74215
49670,3,0,74218
49671,1,0,74219
49672,2,0,74221
49673,1,0,74222
49674,1,0,74223
49675,5,0,74228
49676,1,0,74229
49677,1,0,74230
49678,1,0,74231
49679,1,0,74232
49680,1,0,74233
49681,2,0,74235
49682,2,0,74237
49683,6,0,74243
49684,2,0,74245
49685,1,0,74246
49686,1,0,74247
49687,3,0,74250
49688,1,0,74251
49689,1,0,74252
49690,1,0,74253
49691,1,0,74254
49692,1,0,74255
49693,1,0,74256
49694,2,0,74258
49695,1,0,74259
49696,1,0,74260
49697,3,0,74263
49698,1,0,74264
49699,1,0,74265
49700,1,0,74266
49701,1,0,74267
49702,1,0,74268
49703,1,0,74269
49704,4,0,74273
49705,1,0,74274
49706,1,0,74275
49707,1,0,74276
49708,2,0,74278
49709,1,0,74279
49710,2,0,74281
49711,1,0,74282
49712,1,0,74283
49713,1,0,74284
49714,1,0,74285
49715,1,0,74286
49716,1,0,74287
49717,1,0,74288
49718,1,0,74289
49719,1,0,74290
49720,1,0,74291
49721,1,0,74292
49722,1,0,74293
49723,1,0,74294
49724,2,0,74296
49725,1,0,74297
49726,1,0,74298
49727,1,0,74299
49728,1,0,74300
49729,2,0,74302
49730,1,0,74303
49731,2,0,74305
49732,1,0,74306
49733,1,0,74307
49734,1,0,74308
49735,1,0,74309
49736,1,0,74310
49737,1,0,74311
49738,1,0,74312
49739,1,0,74313
49740,1,0,74314
49741,1,0,74315
49742,1,0,74316
49743,1,0,74317
49744,1,0,74318
49745,1,0,74319
49746,3,0,74322
49747,1,0,74323
49748,2,0,74325
49749,2,0,74327
49750,2,0,74329
49751,1,0,74330
49752,1,0,74331
49753,1,0,74332
49754,1,0,74333
49755,2,0,74335
49756,1,0,74336
49757,2,0,74338
49758,1,0,74339
49759,1,0,74340
49760,1,0,74341
49761,1,0,74342
49762,1,0,74343
49763,3,0,74346
49764,1,0,74347
49765,1,0,74348
49766,1,0,74349
49767,2,0,74351
49768,1,0,74352
49769,1,0,74353
49770,1,0,74354
49771,1,0,74355
49772,3,0,74358
49773,1,0,74359
49774,1,0,74360
49775,7,0,74367
49776,1,0,74368
49777,1,0,74369
49778,1,0,74370
49779,1,0,74371
49780,3,0,74374
49781,2,0,74376
49782,3,0,74379
49783,1,0,74380
49784,2,0,74382
49785,1,0,74383
49786,1,0,74384
49787,2,0,74386
49788,7,0,74393
49789,2,0,74395
49790,2,0,74397
49791,1,0,74398
49792,1,0,74399
49793,3,0,74402
49794,1,0,74403
49795,3,0,74406
49796,3,0,74409
49797,2,0,74411
49798,1,0,74412
49799,1,0,74413
49800,2,0,74415
49801,1,0,74416
49802,1,0,74417
49803,1,0,74418
49804,1,0,74419
49805,1,0,74420
49806,1,0,74421
49807,1,0,74422
49808,2,0,74424
49809,2,0,74426
49810,1,0,74427
49811,1,0,74428
49812,1,0,74429
49813,2,0,74431
49814,2,0,74433
49815,3,0,74436
49816,2,0,74438
49817,2,0,74440
49818,1,0,74441
49819,1,0,74442
49820,1,0,74443
49821,1,0,74444
49822,1,0,74445
49823,1,0,74446
49824,2,0,74448
49825,1,0,74449
49826,1,0,74450
49827,1,0,74451
49828,1,0,74452
49829,2,0,74454
49830,1,0,74455
49831,4,0,74459
49832,1,0,74460
49833,2,0,74462
49834,1,0,74463
49835,3,0,74466
49836,2,0,74468
49837,2,0,74470
49838,2,0,74472
49839,1,0,74473
49840,2,0,74475
49841,1,0,74476
49842,2,0,74478
49843,1,0,74479
49844,1,0,74480
49845,1,0,74481
49846,4,0,74485
49847,1,0,74486
49848,1,0,74487
49849,1,0,74488
49850,1,0,74489
49851,2,0,74491
49852,2,0,74493
49853,2,0,74495
49854,1,0,74496
49855,1,0,74497
49856,3,0,74500
49857,2,0,74502
49858,1,0,74503
49859,1,0,74504
49860,1,0,74505
49861,1,0,74506
49862,2,0,74508
49863,1,0,74509
49864,1,0,74510
49865,4,0,74514
49866,1,0,74515
49867,1,0,74516
49868,1,0,74517
49869,1,0,74518
49870,1,0,74519
49871,2,0,74521
49872,3,0,74524
49873,2,0,74526
49874,1,0,74527
49875,1,0,74528
49876,1,0,74529
49877,1,0,74530
49878,1,0,74531
49879,1,0,74532
49880,2,0,74534
49881,1,0,74535
49882,1,0,74536
49883,2,0,74538
49884,1,0,74539
49885,2,0,74541
49886,1,0,74542
49887,1,0,74543
49888,1,0,74544
49889,1,0,74545
49890,1,0,74546
49891,2,0,74548
49892,1,0,74549
49893,1,0,74550
49894,1,0,74551
49895,1,0,74552
49896,2,0,74554
49897,1,0,74555
49898,2,0,74557
49899,1,0,74558
49900,1,0,74559
49901,1,0,74560
49902,1,0,74561
49903,2,0,74563
49904,1,0,74564
49905,2,0,74566
49906,1,0,74567
49907,1,0,74568
49908,3,0,74571
49909,2,0,74573
49910,1,0,74574
49911,1,0,74575
49912,3,0,74578
49913,2,0,74580
49914,1,0,74581
49915,1,0,74582
49916,3,0,74585
49917,1,0,74586
49918,1,0,74587
49919,1,0,74588
49920,2,0,74590
49921,1,0,74591
49922,4,0,74595
49923,1,0,74596
49924,2,0,74598
49925,1,0,74599
49926,1,0,74600
49927,2,0,74602
49928,1,0,74603
49929,2,0,74605
49930,2,0,74607
49931,1,0,74608
49932,1,0,74609
49933,2,0,74611
49934,4,0,74615
49935,2,0,74617
49936,2,0,74619
49937,2,0,74621
49938,2,0,74623
49939,1,0,74624
49940,1,0,74625
49941,1,0,74626
49942,1,0,74627
49943,1,0,74628
49944,2,0,74630
49945,1,0,74631
49946,2,0,74633
49947,1,0,74634
49948,2,0,74636
49949,2,0,74638
49950,1,0,74639
49951,1,0,74640
49952,3,0,74643
49953,1,0,74644
49954,1,0,74645
49955,1,0,74646
49956,2,0,74648
49957,1,0,74649
49958,3,0,74652
49959,1,0,74653
49960,1,0,74654
49961,1,0,74655
49962,1,0,74656
49963,2,0,74658
49964,1,0,74659
49965,1,0,74660
49966,1,0,74661
49967,1,0,74662
49968,1,0,74663
49969,2,0,74665
49970,1,0,74666
49971,1,0,74667
49972,1,0,74668
49973,3,0,74671
49974,1,0,74672
49975,2,0,74674
49976,1,0,74675
49977,1,0,74676
49978,1,0,74677
49979,1,0,74678
49980,2,0,74680
49981,1,0,74681
49982,2,0,74683
49983,2,0,74685
49984,1,0,74686
49985,1,0,74687
49986,1,0,74688
49987,2,0,74690
49988,1,0,74691
49989,1,0,74692
49990,2,0,74694
49991,1,0,74695
49992,1,0,74696
49993,2,0,74698
49994,2,0,74700
49995,1,0,74701
49996,1,0,74702
49997,3,0,74705
49998,1,0,74706
49999,2,0,74708
50000,2,0,74710
50001,1,0,74711
50002,3,0,74714
50003,1,0,74715
50004,1,0,74716
50005,1,0,74717
50006,1,0,74718
50007,3,0,74721
50008,2,0,74723
50009,1,0,74724
50010,1,0,74725
50011,1,0,74726
50012,1,0,74727
50013,1,0,74728
50014,2,0,74730
50015,1,0,74731
50016,1,0,74732
50017,1,0,74733
50018,1,0,74734
50019,1,0,74735
50020,3,0,74738
50021,1,0,74739
50022,1,0,74740
50023,1,0,74741
50024,1,0,74742
50025,1,0,74743
50026,1,0,74744
50027,1,0,74745
50028,2,0,74747
50029,2,0,74749
50030,1,0,74750
50031,2,0,74752
50032,2,0,74754
50033,1,0,74755
50034,1,0,74756
50035,1,0,74757
50036,1,0,74758
50037,1,0,74759
50038,2,0,74761
50039,1,0,74762
50040,1,0,74763
50041,3,0,74766
50042,1,0,74767
50043,1,0,74768
50044,2,0,74770
50045,1,0,74771
50046,1,0,74772
50047,2,0,74774
50048,1,0,74775
50049,2,0,74777
50050,1,0,74778
50051,2,0,74780
50052,2,0,74782
50053,2,0,74784
50054,1,0,74785
50055,1,0,74786
50056,2,0,74788
50057,1,0,74789
50058,1,0,74790
50059,1,0,74791
50060,3,0,74794
50061,1,0,74795
50062,1,0,74796
50063,2,0,74798
50064,2,0,74800
50065,2,0,74802
50066,3,0,74805
50067,2,0,74807
50068,1,0,74808
50069,2,0,74810
50070,3,0,74813
50071,1,0,74814
50072,1,0,74815
50073,2,0,74817
50074,1,0,74818
50075,3,0,74821
50076,1,0,74822
50077,1,0,74823
50078,1,0,74824
50079,1,0,74825
50080,1,0,74826
50081,1,0,74827
50082,1,0,74828
50083,3,0,74831
50084,1,0,74832
50085,2,0,74834
50086,1,0,74835
50087,1,0,74836
50088,1,0,74837
50089,1,0,74838
50090,1,0,74839
50091,1,0,74840
50092,1,0,74841
50093,2,0,74843
50094,1,0,74844
50095,1,0,74845
50096,3,0,74848
50097,1,0,74849
50098,1,0,74850
50099,1,0,74851
50100,3,0,74854
50101,1,0,74855
50102,1,0,74856
50103,2,0,74858
50104,1,0,74859
50105,1,0,74860
50106,1,0,74861
50107,1,0,74862
50108,3,0,74865
50109,1,0,74866
50110,1,0,74867
50111,2,0,74869
50112,1,0,74870
50113,1,0,74871
50114,1,0,74872
50115,2,0,74874
50116,1,0,74875
50117,2,0,74877
50118,1,0,74878
50119,9,0,74887
50120,1,0,74888
50121,1,0,74889
50122,3,0,74892
50123,1,0,74893
50124,2,0,74895
50125,1,0,74896
50126,2,0,74898
50127,1,0,74899
50128,1,0,74900
50129,1,0,74901
50130,2,0,74903
50131,4,0,74907
50132,1,0,74908
50133,4,0,74912
50134,1,0,74913
50135,1,0,74914
50136,2,0,74916
50137,2,0,74918
50138,2,0,74920
50139,2,0,74922
50140,1,0,74923
50141,1,0,74924
50142,1,0,74925
50143,1,0,74926
50144,1,0,74927
50145,1,0,74928
50146,1,0,74929
50147,1,0,74930
50148,1,0,74931
50149,1,0,74932
50150,2,0,74934
50151,1,0,74935
50152,1,0,74936
50153,1,0,74937
50154,1,0,74938
50155,1,0,74939
50156,1,0,74940
50157,1,0,74941
50158,1,0,74942
50159,1,0,74943
50160,2,0,74945
50161,1,0,74946
50162,1,0,74947
50163,1,0,74948
50164,1,0,74949
50165,1,0,74950
50166,1,0,74951
50167,1,0,74952
50168,1,0,74953
50169,1,0,74954
50170,1,0,74955
50171,1,0,74956
50172,1,0,74957
50173,4,0,74961
50174,1,0,74962
50175,1,0,74963
50176,1,0,74964
50177,1,0,74965
50178,3,0,74968
50179,1,0,74969
50180,1,0,74970
50181,1,0,74971
50182,1,0,74972
50183,2,0,74974
50184,4,0,74978
50185,1,0,74979
50186,1,0,74980
50187,2,0,74982
50188,1,0,74983
50189,1,0,74984
50190,3,0,74987
50191,1,0,74988
50192,1,0,74989
50193,1,0,74990
50194,1,0,74991
50195,3,0,74994
50196,1,0,74995
50197,1,0,74996
50198,1,0,74997
50199,1,0,74998
50200,1,0,74999
50201,1,0,75000
50202,1,0,75001
50203,2,0,75003
50204,2,0,75005
50205,2,0,75007
50206,2,0,75009
50207,3,0,75012
50208,1,0,75013
50209,1,0,75014
50210,1,0,75015
50211,2,0,75017
50212,1,0,75018
50213,7,0,75025
50214,1,0,75026
50215,1,0,75027
50216,2,0,75029
50217,3,0,75032
50218,2,0,75034
50219,3,0,75037
50220,1,0,75038
50221,3,0,75041
50222,1,0,75042
50223,2,0,75044
50224,1,0,75045
50225,2,0,75047
50226,1,0,75048
50227,1,0,75049
50228,1,0,75050
50229,3,0,75053
50230,1,0,75054
50231,2,0,75056
50232,2,0,75058
50233,1,0,75059
50234,2,0,75061
50235,2,0,75063
50236,2,0,75065
50237,1,0,75066
50238,1,0,75067
50239,2,0,75069
50240,1,0,75070
50241,1,0,75071
50242,2,0,75073
50243,2,0,75075
50244,3,0,75078
50245,1,0,75079
50246,1,0,75080
50247,1,0,75081
50248,3,0,75084
50249,1,0,75085
50250,3,0,75088
50251,1,0,75089
50252,1,0,75090
50253,1,0,75091
50254,2,0,75093
50255,1,0,75094
50256,1,0,75095
50257,1,0,75096
50258,2,0,75098
50259,1,0,75099
50260,1,0,75100
50261,2,0,75102
50262,2,0,75104
50263,3,0,75107
50264,4,0,75111
50265,1,0,75112
50266,2,0,75114
50267,1,0,75115
50268,2,0,75117
50269,1,0,75118
50270,1,0,75119
50271,1,0,75120
50272,1,0,75121
50273,1,0,75122
50274,1,0,75123
50275,2,0,75125
50276,1,0,75126
50277,3,0,75129
50278,2,0,75131
50279,1,0,75132
50280,1,0,75133
50281,1,0,75134
50282,2,0,75136
50283,2,0,75138
50284,5,0,75143
50285,1,0,75144
50286,3,0,75147
50287,1,0,75148
50288,2,0,75150
50289,2,0,75152
50290,1,0,75153
50291,1,0,75154
50292,1,0,75155
50293,2,0,75157
50294,2,0,75159
50295,1,0,75160
50296,2,0,75162
50297,1,0,75163
50298,2,0,75165
50299,2,0,75167
50300,2,0,75169
50301,1,0,75170
50302,2,0,75172
50303,4,0,75176
50304,1,0,75177
50305,1,0,75178
50306,1,0,75179
50307,1,0,75180
50308,1,0,75181
50309,1,0,75182
50310,1,0,75183
50311,1,0,75184
50312,1,0,75185
50313,2,0,75187
50314,2,0,75189
50315,1,0,75190
50316,1,0,75191
50317,1,0,75192
50318,1,0,75193
50319,1,0,75194
50320,1,0,75195
50321,3,0,75198
50322,1,0,75199
50323,2,0,75201
50324,1,0,75202
50325,1,0,75203
50326,2,0,75205
50327,1,0,75206
50328,1,0,75207
50329,2,0,75209
50330,1,0,75210
50331,1,0,75211
50332,1,0,75212
50333,4,0,75216
50334,1,0,75217
50335,2,0,75219
50336,1,0,75220
50337,1,0,75221
50338,1,0,75222
50339,1,0,75223
50340,1,0,75224
50341,1,0,75225
50342,2,0,75227
50343,1,0,75228
50344,2,0,75230
50345,1,0,75231
50346,1,0,75232
50347,1,0,75233
50348,2,0,75235
50349,1,0,75236
50350,1,0,75237
50351,1,0,75238
50352,1,0,75239
50353,1,0,75240
50354,3,0,75243
50355,1,0,75244
50356,2,0,75246
50357,2,0,75248
50358,1,0,75249
50359,1,0,75250
50360,3,0,75253
50361,1,0,75254
50362,1,0,75255
50363,1,0,75256
50364,2,0,75258
50365,1,0,75259
50366,1,0,75260
50367,1,0,75261
50368,3,0,75264
50369,2,0,75266
50370,1,0,75267
50371,2,0,75269
50372,1,0,75270
50373,1,0,75271
50374,1,0,75272
50375,2,0,75274
50376,1,0,75275
50377,1,0,75276
50378,1,0,75277
50379,1,0,75278
50380,2,0,75280
50381,2,0,75282
50382,2,0,75284
50383,1,0,75285
50384,1,0,75286
50385,2,0,75288
50386,2,0,75290
50387,2,0,75292
50388,2,0,75294
50389,2,0,75296
50390,1,0,75297
50391,3,0,75300
50392,1,0,75301
50393,3,0,75304
50394,1,0,75305
50395,1,0,75306
50396,1,0,75307
50397,1,0,75308
50398,1,0,75309
50399,1,0,75310
50400,1,0,75311
50401,1,0,75312
50402,2,0,75314
50403,1,0,75315
50404,5,0,75320
50405,2,0,75322
50406,1,0,75323
50407,1,0,75324
50408,2,0,75326
50409,1,0,75327
50410,1,0,75328
50411,1,0,75329
50412,1,0,75330
50413,1,0,75331
50414,1,0,75332
50415,1,0,75333
50416,3,0,75336
50417,1,0,75337
50418,2,0,75339
50419,1,0,75340
50420,1,0,75341
50421,1,0,75342
50422,1,0,75343
50423,1,0,75344
50424,1,0,75345
50425,1,0,75346
50426,1,0,75347
50427,1,0,75348
50428,1,0,75349
50429,1,0,75350
50430,2,0,75352
50431,1,0,75353
50432,1,0,75354
50433,1,0,75355
50434,3,0,75358
50435,2,0,75360
50436,1,0,75361
50437,1,0,75362
50438,1,0,75363
50439,1,0,75364
50440,2,0,75366
50441,1,0,75367
50442,1,0,75368
50443,1,0,75369
50444,1,0,75370
50445,1,0,75371
50446,3,0,75374
50447,1,0,75375
50448,1,0,75376
50449,1,0,75377
50450,1,0,75378
50451,5,0,75383
50452,1,0,75384
50453,1,0,75385
50454,1,0,75386
50455,2,0,75388
50456,1,0,75389
50457,2,0,75391
50458,2,0,75393
50459,1,0,75394
50460,3,0,75397
50461,2,0,75399
50462,2,0,75401
50463,1,0,75402
50464,2,0,75404
50465,1,0,75405
50466,1,0,75406
50467,2,0,75408
50468,1,0,75409
50469,1,0,75410
50470,1,0,75411
50471,1,0,75412
50472,1,0,75413
50473,1,0,75414
50474,2,0,75416
50475,5,0,75421
50476,2,0,75423
50477,1,0,75424
50478,1,0,75425
50479,1,0,75426
50480,1,0,75427
50481,1,0,75428
50482,1,0,75429
50483,2,0,75431
50484,1,0,75432
50485,2,0,75434
50486,1,0,75435
50487,1,0,75436
50488,2,0,75438
50489,3,0,75441
50490,1,0,75442
50491,1,0,75443
50492,1,0,75444
50493,2,0,75446
50494,2,0,75448
50495,3,0,75451
50496,2,0,75453
50497,1,0,75454
50498,1,0,75455
50499,1,0,75456
50500,1,0,75457
50501,1,0,75458
50502,1,0,75459
50503,1,0,75460
50504,1,0,75461
50505,1,0,75462
50506,4,0,75466
50507,1,0,75467
50508,2,0,75469
50509,1,0,75470
50510,1,0,75471
50511,1,0,75472
50512,2,0,75474
50513,1,0,75475
50514,1,0,75476
50515,1,0,75477
50516,2,0,75479
50517,1,0,75480
50518,2,0,75482
50519,1,0,75483
50520,1,0,75484
50521,1,0,75485
50522,2,0,75487
50523,1,0,75488
50524,1,0,75489
50525,3,0,75492
50526,1,0,75493
50527,1,0,75494
50528,1,0,75495
50529,1,0,75496
50530,2,0,75498
50531,1,0,75499
50532,1,0,75500
50533,1,0,75501
50534,1,0,75502
50535,1,0,75503
50536,1,0,75504
50537,1,0,75505
50538,2,0,75507
50539,1,0,75508
50540,2,0,75510
50541,1,0,75511
50542,3,0,75514
50543,1,0,75515
50544,2,0,75517
50545,1,0,75518
50546,2,0,75520
50547,1,0,75521
50548,1,0,75522
50549,2,0,75524
50550,1,0,75525
50551,1,0,75526
50552,1,0,75527
50553,1,0,75528
50554,1,0,75529
50555,4,0,75533
50556,3,0,75536
50557,1,0,75537
50558,1,0,75538
50559,2,0,75540
50560,2,0,75542
50561,1,0,75543
50562,1,0,75544
50563,2,0,75546
50564,1,0,75547
50565,1,0,75548
50566,1,0,75549
50567,2,0,75551
50568,1,0,75552
50569,1,0,75553
50570,1,0,75554
50571,1,0,75555
50572,4,0,75559
50573,1,0,75560
50574,1,0,75561
50575,1,0,75562
50576,1,0,75563
50577,2,0,75565
50578,5,0,75570
50579,1,0,75571
50580,1,0,75572
50581,2,0,75574
50582,2,0,75576
50583,1,0,75577
50584,1,0,75578
50585,1,0,75579
50586,1,0,75580
50587,1,0,75581
50588,4,0,75585
50589,1,0,75586
50590,2,0,75588
50591,3,0,75591
50592,1,0,75592
50593,1,0,75593
50594,1,0,75594
50595,1,0,75595
50596,1,0,75596
50597,2,0,75598
50598,1,0,75599
50599,1,0,75600
50600,2,0,75602
50601,1,0,75603
50602,2,0,75605
50603,1,0,75606
50604,1,0,75607
50605,1,0,75608
50606,1,0,75609
50607,1,0,75610
50608,1,0,75611
50609,1,0,75612
50610,1,0,75613
50611,1,0,75614
50612,1,0,75615
50613,1,0,75616
50614,2,0,75618
50615,2,0,75620
50616,4,0,75624
50617,1,0,75625
50618,3,0,75628
50619,1,0,75629
50620,1,0,75630
50621,1,0,75631
50622,4,0,75635
50623,1,0,75636
50624,1,0,75637
50625,1,0,75638
50626,1,0,75639
50627,1,0,75640
50628,1,0,75641
50629,2,0,75643
50630,3,0,75646
50631,3,0,75649
50632,1,0,75650
50633,2,0,75652
50634,1,0,75653
50635,2,0,75655
50636,1,0,75656
50637,1,0,75657
50638,1,0,75658
50639,2,0,75660
50640,1,0,75661
50641,1,0,75662
50642,1,0,75663
50643,1,0,75664
50644,1,0,75665
50645,2,0,75667
50646,1,0,75668
50647,1,0,75669
50648,1,0,75670
50649,2,0,75672
50650,1,0,75673
50651,1,0,75674
50652,1,0,75675
50653,1,0,75676
50654,1,0,75677
50655,1,0,75678
50656,1,0,75679
50657,1,0,75680
50658,3,0,75683
50659,1,0,75684
50660,1,0,75685
50661,3,0,75688
50662,1,0,75689
50663,2,0,75691
50664,1,0,75692
50665,1,0,75693
50666,1,0,75694
50667,1,0,75695
50668,3,0,75698
50669,1,0,75699
50670,1,0,75700
50671,2,0,75702
50672,1,0,75703
50673,2,0,75705
50674,1,0,75706
50675,1,0,75707
50676,3,0,75710
50677,1,0,75711
50678,1,0,75712
50679,1,0,75713
50680,1,0,75714
50681,1,0,75715
50682,2,0,75717
50683,1,0,75718
50684,1,0,75719
50685,1,0,75720
50686,3,0,75723
50687,1,0,75724
50688,3,0,75727
50689,1,0,75728
50690,2,0,75730
50691,2,0,75732
50692,1,0,75733
50693,1,0,75734
50694,2,0,75736
50695,1,0,75737
50696,1,0,75738
50697,2,0,75740
50698,1,0,75741
50699,1,0,75742
50700,1,0,75743
50701,3,0,75746
50702,1,0,75747
50703,1,0,75748
50704,1,0,75749
50705,1,0,75750
50706,2,0,75752
50707,3,0,75755
50708,2,0,75757
50709,1,0,75758
50710,1,0,75759
50711,3,0,75762
50712,1,0,75763
50713,1,0,75764
50714,1,0,75765
50715,3,0,75768
50716,1,0,75769
50717,1,0,75770
50718,1,0,75771
50719,1,0,75772
50720,2,0,75774
50721,3,0,75777
50722,1,0,75778
50723,1,0,75779
50724,3,0,75782
50725,2,0,75784
50726,1,0,75785
50727,3,0,75788
50728,1,0,75789
50729,1,0,75790
50730,1,0,75791
50731,1,0,75792
50732,1,0,75793
50733,2,0,75795
50734,3,0,75798
50735,1,0,75799
50736,5,0,75804
50737,1,0,75805
50738,1,0,75806
50739,3,0,75809
50740,2,0,75811
50741,1,0,75812
50742,1,0,75813
50743,1,0,75814
50744,2,0,75816
50745,1,0,75817
50746,1,0,75818
50747,1,0,75819
50748,3,0,75822
50749,1,0,75823
50750,1,0,75824
50751,1,0,75825
50752,1,0,75826
50753,1,0,75827
50754,2,0,75829
50755,1,0,75830
50756,1,0,75831
50757,1,0,75832
50758,1,0,75833
50759,1,0,75834
50760,2,0,75836
50761,2,0,75838
50762,1,0,75839
50763,1,0,75840
50764,1,0,75841
50765,1,0,75842
50766,4,0,75846
50767,5,0,75851
50768,1,0,75852
50769,2,0,75854
50770,1,0,75855
50771,1,0,75856
50772,1,0,75857
50773,1,0,75858
50774,2,0,75860
50775,1,0,75861
50776,1,0,75862
50777,1,0,75863
50778,2,0,75865
50779,1,0,75866
50780,1,0,75867
50781,1,0,75868
50782,1,0,75869
50783,2,0,75871
50784,1,0,75872
50785,1,0,75873
50786,1,0,75874
50787,1,0,75875
50788,1,0,75876
50789,1,0,75877
50790,1,0,75878
50791,1,0,75879
50792,1,0,75880
50793,2,0,75882
50794,3,0,75885
50795,1,0,75886
50796,1,0,75887
50797,1,0,75888
50798,3,0,75891
50799,1,0,75892
50800,1,0,75893
50801,2,0,75895
50802,2,0,75897
50803,2,0,75899
50804,1,0,75900
50805,2,0,75902
50806,1,0,75903
50807,2,0,75905
50808,1,0,75906
50809,1,0,75907
50810,1,0,75908
50811,1,0,75909
50812,3,0,75912
50813,1,0,75913
50814,1,0,75914
50815,1,0,75915
50816,1,0,75916
50817,1,0,75917
50818,3,0,75920
50819,1,0,75921
50820,3,0,75924
50821,1,0,75925
50822,2,0,75927
50823,1,0,75928
50824,1,0,75929
50825,2,0,75931
50826,1,0,75932
50827,1,0,75933
50828,1,0,75934
50829,3,0,75937
50830,3,0,75940
50831,1,0,75941
50832,2,0,75943
50833,1,0,75944
50834,1,0,75945
50835,1,0,75946
50836,1,0,75947
50837,1,0,75948
50838,1,0,75949
50839,3,0,75952
50840,1,0,75953
50841,3,0,75956
50842,1,0,75957
50843,1,0,75958
50844,1,0,75959
50845,1,0,75960
50846,1,0,75961
50847,1,0,75962
50848,1,0,75963
50849,2,0,75965
50850,1,0,75966
50851,1,0,75967
50852,1,0,75968
50853,1,0,75969
50854,1,0,75970
50855,1,0,75971
50856,3,0,75974
50857,2,0,75976
50858,1,0,75977
50859,1,0,75978
50860,1,0,75979
50861,2,0,75981
50862,2,0,75983
50863,1,0,75984
50864,1,0,75985
50865,1,0,75986
50866,1,0,75987
50867,2,0,75989
50868,1,0,75990
50869,2,0,75992
50870,2,0,75994
50871,1,0,75995
50872,1,0,75996
50873,1,0,75997
50874,1,0,75998
50875,3,0,76001
50876,1,0,76002
50877,1,0,76003
50878,2,0,76005
50879,1,0,76006
50880,2,0,76008
50881,1,0,76009
50882,1,0,76010
50883,1,0,76011
50884,1,0,76012
50885,3,0,76015
50886,1,0,76016
50887,1,0,76017
50888,3,0,76020
50889,1,0,76021
50890,1,0,76022
50891,1,0,76023
50892,2,0,76025
50893,1,0,76026
50894,1,0,76027
50895,1,0,76028
50896,1,0,76029
50897,1,0,76030
50898,1,0,76031
50899,1,0,76032
50900,1,0,76033
50901,1,0,76034
50902,2,0,76036
50903,1,0,76037
50904,1,0,76038
50905,1,0,76039
50906,1,0,76040
50907,1,0,76041
50908,2,0,76043
50909,2,0,76045
50910,1,0,76046
50911,3,0,76049
50912,1,0,76050
50913,1,0,76051
50914,2,0,76053
50915,1,0,76054
50916,1,0,76055
50917,1,0,76056
50918,1,0,76057
50919,1,0,76058
50920,1,0,76059
50921,2,0,76061
50922,1,0,76062
50923,1,0,76063
50924,5,0,76068
50925,1,0,76069
50926,1,0,76070
50927,2,0,76072
50928,1,0,76073
50929,2,0,76075
50930,1,0,76076
50931,1,0,76077
50932,5,0,76082
50933,1,0,76083
50934,2,0,76085
50935,1,0,76086
50936,1,0,76087
50937,1,0,76088
50938,1,0,76089
50939,1,0,76090
50940,1,0,76091
50941,1,0,76092
50942,5,0,76097
50943,1,0,76098
50944,3,0,76101
50945,2,0,76103
50946,2,0,76105
50947,1,0,76106
50948,2,0,76108
50949,3,0,76111
50950,1,0,76112
50951,1,0,76113
50952,4,0,76117
50953,1,0,76118
50954,2,0,76120
50955,1,0,76121
50956,5,0,76126
50957,2,0,76128
50958,1,0,76129
50959,1,0,76130
50960,2,0,76132
50961,3,0,76135
50962,1,0,76136
50963,1,0,76137
50964,1,0,76138
50965,2,0,76140
50966,1,0,76141
50967,1,0,76142
50968,1,0,76143
50969,3,0,76146
50970,1,0,76147
50971,1,0,76148
50972,2,0,76150
50973,2,0,76152
50974,1,0,76153
50975,2,0,76155
50976,1,0,76156
50977,1,0,76157
50978,1,0,76158
50979,1,0,76159
50980,1,0,76160
50981,2,0,76162
50982,2,0,76164
50983,3,0,76167
50984,1,0,76168
50985,2,0,76170
50986,2,0,76172
50987,1,0,76173
50988,2,0,76175
50989,1,0,76176
50990,1,0,76177
50991,1,0,76178
50992,2,0,76180
50993,1,0,76181
50994,3,0,76184
50995,1,0,76185
50996,1,0,76186
50997,3,0,76189
50998,1,0,76190
50999,1,0,76191
51000,2,0,76193
51001,1,0,76194
51002,1,0,76195
51003,1,0,76196
51004,1,0,76197
51005,1,0,76198
51006,1,0,76199
51007,1,0,76200
51008,1,0,76201
51009,1,0,76202
51010,3,0,76205
51011,2,0,76207
51012,1,0,76208
51013,1,0,76209
51014,1,0,76210
51015,2,0,76212
51016,2,0,76214
51017,2,0,76216
51018,3,0,76219
51019,1,0,76220
51020,2,0,76222
51021,1,0,76223
51022,1,0,76224
51023,1,0,76225
51024,3,0,76228
51025,1,0,76229
51026,1,0,76230
51027,4,0,76234
51028,3,0,76237
51029,2,0,76239
51030,2,0,76241
51031,2,0,76243
51032,1,0,76244
51033,1,0,76245
51034,1,0,76246
51035,2,0,76248
51036,1,0,76249
51037,2,0,76251
51038,1,0,76252
51039,1,0,76253
51040,1,0,76254
51041,1,0,76255
51042,1,0,76256
51043,3,0,76259
51044,1,0,76260
51045,1,0,76261
51046,2,0,76263
51047,1,0,76264
51048,2,0,76266
51049,2,0,76268
51050,1,0,76269
51051,1,0,76270
51052,1,0,76271
51053,1,0,76272
51054,2,0,76274
51055,2,0,76276
51056,4,0,76280
51057,1,0,76281
51058,1,0,76282
51059,1,0,76283
51060,1,0,76284
51061,5,0,76289
51062,1,0,76290
51063,1,0,76291
51064,2,0,76293
51065,1,0,76294
51066,1,0,76295
51067,2,0,76297
51068,3,0,76300
51069,2,0,76302
51070,2,0,76304
51071,1,0,76305
51072,2,0,76307
51073,1,0,76308
51074,3,0,76311
51075,1,0,76312
51076,1,0,76313
51077,1,0,76314
51078,1,0,76315
51079,1,0,76316
51080,1,0,76317
51081,2,0,76319
51082,3,0,76322
51083,1,0,76323
51084,1,0,76324
51085,1,0,76325
51086,2,0,76327
51087,1,0,76328
51088,1,0,76329
51089,1,0,76330
51090,1,0,76331
51091,1,0,76332
51092,1,0,76333
51093,1,0,76334
51094,2,0,76336
51095,2,0,76338
51096,2,0,76340
51097,2,0,76342
51098,1,0,76343
51099,2,0,76345
51100,1,0,76346
51101,1,0,76347
51102,2,0,76349
51103,1,0,76350
51104,2,0,76352
51105,1,0,76353
51106,1,0,76354
51107,1,0,76355
51108,1,0,76356
51109,3,0,76359
51110,3,0,76362
51111,1,0,76363
51112,1,0,76364
51113,2,0,76366
51114,1,0,76367
51115,1,0,76368
51116,2,0,76370
51117,1,0,76371
51118,1,0,76372
51119,1,0,76373
51120,2,0,76375
51121,1,0,76376
51122,1,0,76377
51123,1,0,76378
51124,1,0,76379
51125,1,0,76380
51126,2,0,76382
51127,2,0,76384
51128,3,0,76387
51129,2,0,76389
51130,1,0,76390
51131,1,0,76391
51132,1,0,76392
51133,1,0,76393
51134,1,0,76394
51135,4,0,76398
51136,1,0,76399
51137,1,0,76400
51138,1,0,76401
51139,1,0,76402
51140,1,0,76403
51141,1,0,76404
51142,1,0,76405
51143,1,0,76406
51144,1,0,76407
51145,3,0,76410
51146,1,0,76411
51147,1,0,76412
51148,1,0,76413
51149,1,0,76414
51150,3,0,76417
51151,1,0,76418
51152,1,0,76419
51153,2,0,76421
51154,3,0,76424
51155,1,0,76425
51156,2,0,76427
51157,1,0,76428
51158,1,0,76429
51159,1,0,76430
51160,1,0,76431
51161,1,0,76432
51162,1,0,76433
51163,3,0,76436
51164,1,0,76437
51165,1,0,76438
51166,1,0,76439
51167,2,0,76441
51168,1,0,76442
51169,1,0,76443
51170,6,0,76449
51171,1,0,76450
51172,2,0,76452
51173,1,0,76453
51174,2,0,76455
51175,1,0,76456
51176,1,0,76457
51177,3,0,76460
51178,1,0,76461
51179,1,0,76462
51180,1,0,76463
51181,1,0,76464
51182,1,0,76465
51183,2,0,76467
51184,1,0,76468
51185,1,0,76469
51186,1,0,76470
51187,1,0,76471
51188,4,0,76475
51189,1,0,76476
51190,1,0,76477
51191,1,0,76478
51192,5,0,76483
51193,5,0,76488
51194,1,0,76489
51195,1,0,76490
51196,1,0,76491
51197,1,0,76492
51198,1,0,76493
51199,3,0,76496
51200,5,0,76501
51201,1,0,76502
51202,2,0,76504
51203,1,0,76505
51204,1,0,76506
51205,2,0,76508
51206,1,0,76509
51207,1,0,76510
51208,1,0,76511
51209,2,0,76513
51210,3,0,76516
51211,2,0,76518
51212,2,0,76520
51213,1,0,76521
51214,1,0,76522
51215,1,0,76523
51216,1,0,76524
51217,1,0,76525
51218,2,0,76527
51219,1,0,76528
51220,1,0,76529
51221,4,0,76533
51222,1,0,76534
51223,1,0,76535
51224,2,0,76537
51225,1,0,76538
51226,1,0,76539
51227,1,0,76540
51228,1,0,76541
51229,2,0,76543
51230,1,0,76544
51231,2,0,76546
51232,1,0,76547
51233,2,0,76549
51234,2,0,76551
51235,1,0,76552
51236,2,0,76554
51237,1,0,76555
51238,3,0,76558
51239,3,0,76561
51240,2,0,76563
51241,1,0,76564
51242,1,0,76565
51243,2,0,76567
51244,1,0,76568
51245,1,0,76569
51246,1,0,76570
51247,1,0,76571
51248,1,0,76572
51249,1,0,76573
51250,1,0,76574
51251,1,0,76575
51252,3,0,76578
51253,1,0,76579
51254,1,0,76580
51255,1,0,76581
51256,4,0,76585
51257,1,0,76586
51258,1,0,76587
51259,4,0,76591
51260,1,0,76592
51261,2,0,76594
51262,2,0,76596
51263,1,0,76597
51264,2,0,76599
51265,1,0,76600
51266,1,0,76601
51267,1,0,76602
51268,1,0,76603
51269,1,0,76604
51270,1,0,76605
51271,1,0,76606
51272,1,0,76607
51273,1,0,76608
51274,1,0,76609
51275,1,0,76610
51276,1,0,76611
51277,1,0,76612
51278,1,0,76613
51279,2,0,76615
51280,2,0,76617
51281,1,0,76618
51282,4,0,76622
51283,1,0,76623
51284,1,0,76624
51285,2,0,76626
51286,1,0,76627
51287,1,0,76628
51288,1,0,76629
51289,2,0,76631
51290,1,0,76632
51291,2,0,76634
51292,2,0,76636
51293,1,0,76637
51294,1,0,76638
51295,1,0,76639
51296,1,0,76640
51297,2,0,76642
51298,1,0,76643
51299,1,0,76644
51300,1,0,76645
51301,1,0,76646
51302,1,0,76647
51303,1,0,76648
51304,2,0,76650
51305,1,0,76651
51306,4,0,76655
51307,3,0,76658
51308,1,0,76659
51309,1,0,76660
51310,1,0,76661
51311,3,0,76664
51312,1,0,76665
51313,2,0,76667
51314,2,0,76669
51315,1,0,76670
51316,1,0,76671
51317,1,0,76672
51318,1,0,76673
51319,3,0,76676
51320,1,0,76677
51321,1,0,76678
51322,4,0,76682
51323,1,0,76683
51324,1,0,76684
51325,1,0,76685
51326,2,0,76687
51327,1,0,76688
51328,1,0,76689
51329,2,0,76691
51330,1,0,76692
51331,1,0,76693
51332,1,0,76694
51333,2,0,76696
51334,1,0,76697
51335,1,0,76698
51336,4,0,76702
51337,3,0,76705
51338,2,0,76707
51339,3,0,76710
51340,1,0,76711
51341,1,0,76712
51342,2,0,76714
51343,2,0,76716
51344,1,0,76717
51345,1,0,76718
51346,2,0,76720
51347,2,0,76722
51348,1,0,76723
51349,2,0,76725
51350,1,0,76726
51351,2,0,76728
51352,1,0,76729
51353,2,0,76731
51354,2,0,76733
51355,1,0,76734
51356,1,0,76735
51357,1,0,76736
51358,2,0,76738
51359,3,0,76741
51360,3,0,76744
51361,1,0,76745
51362,1,0,76746
51363,1,0,76747
51364,1,0,76748
51365,1,0,76749
51366,1,0,76750
51367,1,0,76751
51368,2,0,76753
51369,2,0,76755
51370,1,0,76756
51371,1,0,76757
51372,1,0,76758
51373,3,0,76761
51374,1,0,76762
51375,1,0,76763
51376,1,0,76764
51377,1,0,76765
51378,1,0,76766
51379,1,0,76767
51380,1,0,76768
51381,1,0,76769
51382,2,0,76771
51383,1,0,76772
51384,1,0,76773
51385,1,0,76774
51386,1,0,76775
51387,1,0,76776
51388,1,0,76777
51389,1,0,76778
51390,2,0,76780
51391,1,0,76781
51392,2,0,76783
51393,1,0,76784
51394,2,0,76786
51395,2,0,76788
51396,1,0,76789
51397,1,0,76790
51398,2,0,76792
51399,1,0,76793
51400,1,0,76794
51401,2,0,76796
51402,1,0,76797
51403,1,0,76798
51404,1,0,76799
51405,4,0,76803
51406,1,0,76804
51407,1,0,76805
51408,1,0,76806
51409,2,0,76808
51410,1,0,76809
51411,1,0,76810
51412,3,0,76813
51413,1,0,76814
51414,1,0,76815
51415,2,0,76817
51416,1,0,76818
51417,3,0,76821
51418,2,0,76823
51419,1,0,76824
51420,1,0,76825
51421,1,0,76826
51422,1,0,76827
51423,1,0,76828
51424,1,0,76829
51425,2,0,76831
51426,1,0,76832
51427,1,0,76833
51428,1,0,76834
51429,1,0,76835
51430,1,0,76836
51431,1,0,76837
51432,1,0,76838
51433,1,0,76839
51434,3,0,76842
51435,1,0,76843
51436,1,0,76844
51437,1,0,76845
51438,3,0,76848
51439,1,0,76849
51440,1,0,76850
51441,1,0,76851
51442,3,0,76854
51443,1,0,76855
51444,3,0,76858
51445,1,0,76859
51446,3,0,76862
51447,2,0,76864
51448,1,0,76865
51449,1,0,76866
51450,2,0,76868
51451,1,0,76869
51452,1,0,76870
51453,2,0,76872
51454,1,0,76873
51455,2,0,76875
51456,1,0,76876
51457,1,0,76877
51458,1,0,76878
51459,1,0,76879
51460,1,0,76880
51461,1,0,76881
51462,2,0,76883
51463,1,0,76884
51464,2,0,76886
51465,1,0,76887
51466,2,0,76889
51467,2,0,76891
51468,1,0,76892
51469,1,0,76893
51470,1,0,76894
51471,4,0,76898
51472,2,0,76900
51473,2,0,76902
51474,1,0,76903
51475,1,0,76904
51476,1,0,76905
51477,1,0,76906
51478,1,0,76907
51479,4,0,76911
51480,2,0,76913
51481,1,0,76914
51482,1,0,76915
51483,2,0,76917
51484,1,0,76918
51485,1,0,76919
51486,3,0,76922
51487,1,0,76923
51488,2,0,76925
51489,2,0,76927
51490,1,0,76928
51491,1,0,76929
51492,1,0,76930
51493,1,0,76931
51494,6,0,76937
51495,2,0,76939
51496,1,0,76940
51497,2,0,76942
51498,2,0,76944
51499,1,0,76945
51500,1,0,76946
51501,3,0,76949
51502,1,0,76950
51503,1,0,76951
51504,2,0,76953
51505,1,0,76954
51506,1,0,76955
51507,1,0,76956
51508,1,0,76957
51509,1,0,76958
51510,1,0,76959
51511,7,0,76966
51512,1,0,76967
51513,1,0,76968
51514,1,0,76969
51515,1,0,76970
51516,2,0,76972
51517,3,0,76975
51518,1,0,76976
51519,1,0,76977
51520,1,0,76978
51521,1,0,76979
51522,3,0,76982
51523,1,0,76983
51524,2,0,76985
51525,4,0,76989
51526,1,0,76990
51527,3,0,76993
51528,1,0,76994
51529,2,0,76996
51530,1,0,76997
51531,1,0,76998
51532,1,0,76999
51533,1,0,77000
51534,5,0,77005
51535,1,0,77006
51536,3,0,77009
51537,1,0,77010
51538,1,0,77011
51539,1,0,77012
51540,2,0,77014
51541,1,0,77015
51542,2,0,77017
51543,1,0,77018
51544,1,0,77019
51545,1,0,77020
51546,1,0,77021
51547,1,0,77022
51548,1,0,77023
51549,1,0,77024
51550,1,0,77025
51551,2,0,77027
51552,3,0,77030
51553,1,0,77031
51554,2,0,77033
51555,1,0,77034
51556,2,0,77036
51557,1,0,77037
51558,1,0,77038
51559,2,0,77040
51560,2,0,77042
51561,1,0,77043
51562,1,0,77044
51563,2,0,77046
51564,1,0,77047
51565,2,0,77049
51566,1,0,77050
51567,1,0,77051
51568,3,0,77054
51569,2,0,77056
51570,1,0,77057
51571,2,0,77059
51572,1,0,77060
51573,1,0,77061
51574,1,0,77062
51575,1,0,77063
51576,1,0,77064
51577,4,0,77068
51578,1,0,77069
51579,2,0,77071
51580,1,0,77072
51581,1,0,77073
51582,1,0,77074
51583,2,0,77076
51584,1,0,77077
51585,1,0,77078
51586,1,0,77079
51587,3,0,77082
51588,1,0,77083
51589,1,0,77084
51590,1,0,77085
51591,2,0,77087
51592,2,0,77089
51593,1,0,77090
51594,1,0,77091
51595,1,0,77092
51596,1,0,77093
51597,1,0,77094
51598,1,0,77095
51599,1,0,77096
51600,1,0,77097
51601,1,0,77098
51602,2,0,77100
51603,1,0,77101
51604,1,0,77102
51605,2,0,77104
51606,1,0,77105
51607,1,0,77106
51608,1,0,77107
51609,1,0,77108
51610,2,0,77110
51611,2,0,77112
51612,1,0,77113
51613,3,0,77116
51614,2,0,77118
51615,8,0,77126
51616,1,0,77127
51617,1,0,77128
51618,1,0,77129
51619,3,0,77132
51620,1,0,77133
51621,2,0,77135
51622,2,0,77137
51623,1,0,77138
51624,1,0,77139
51625,1,0,77140
51626,1,0,77141
51627,1,0,77142
51628,1,0,77143
51629,1,0,77144
51630,1,0,77145
51631,2,0,77147
51632,1,0,77148
51633,1,0,77149
51634,2,0,77151
51635,1,0,77152
51636,1,0,77153
51637,1,0,77154
51638,1,0,77155
51639,1,0,77156
51640,2,0,77158
51641,1,0,77159
51642,3,0,77162
51643,2,0,77164
51644,1,0,77165
51645,1,0,77166
51646,1,0,77167
51647,2,0,77169
51648,1,0,77170
51649,1,0,77171
51650,1,0,77172
51651,1,0,77173
51652,2,0,77175
51653,3,0,77178
51654,1,0,77179
51655,1,0,77180
51656,3,0,77183
51657,2,0,77185
51658,1,0,77186
51659,1,0,77187
51660,2,0,77189
51661,1,0,77190
51662,1,0,77191
51663,2,0,77193
51664,1,0,77194
51665,1,0,77195
51666,1,0,77196
51667,1,0,77197
51668,1,0,77198
51669,2,0,77200
51670,3,0,77203
51671,1,0,77204
51672,1,0,77205
51673,1,0,77206
51674,1,0,77207
51675,1,0,77208
51676,3,0,77211
51677,2,0,77213
51678,1,0,77214
51679,2,0,77216
51680,1,0,77217
51681,1,0,77218
51682,1,0,77219
51683,3,0,77222
51684,1,0,77223
51685,1,0,77224
51686,1,0,77225
51687,1,0,77226
51688,1,0,77227
51689,1,0,77228
51690,1,0,77229
51691,1,0,77230
51692,1,0,77231
51693,1,0,77232
51694,1,0,77233
51695,2,0,77235
51696,5,0,77240
51697,2,0,77242
51698,1,0,77243
51699,1,0,77244
51700,2,0,77246
51701,3,0,77249
51702,2,0,77251
51703,1,0,77252
51704,1,0,77253
51705,3,0,77256
51706,1,0,77257
51707,1,0,77258
51708,1,0,77259
51709,1,0,77260
51710,1,0,77261
51711,1,0,77262
51712,1,0,77263
51713,1,0,77264
51714,5,0,77269
51715,1,0,77270
51716,2,0,77272
51717,3,0,77275
51718,3,0,77278
51719,1,0,77279
51720,1,0,77280
51721,1,0,77281
51722,2,0,77283
51723,1,0,77284
51724,1,0,77285
51725,1,0,77286
51726,1,0,77287
51727,1,0,77288
51728,2,0,77290
51729,1,0,77291
51730,1,0,77292
51731,3,0,77295
51732,1,0,77296
51733,1,0,77297
51734,1,0,77298
51735,1,0,77299
51736,1,0,77300
51737,1,0,77301
51738,1,0,77302
51739,1,0,77303
51740,1,0,77304
51741,3,0,77307
51742,2,0,77309
51743,2,0,77311
51744,3,0,77314
51745,1,0,77315
51746,1,0,77316
51747,4,0,77320
51748,1,0,77321
51749,1,0,77322
51750,2,0,77324
51751,1,0,77325
51752,2,0,77327
51753,1,0,77328
51754,2,0,77330
51755,1,0,77331
51756,2,0,77333
51757,1,0,77334
51758,1,0,77335
51759,1,0,77336
51760,1,0,77337
51761,1,0,77338
51762,1,0,77339
51763,2,0,77341
51764,2,0,77343
51765,1,0,77344
51766,1,0,77345
51767,1,0,77346
51768,1,0,77347
51769,1,0,77348
51770,2,0,77350
51771,1,0,77351
51772,7,0,77358
51773,1,0,77359
51774,1,0,77360
51775,2,0,77362
51776,1,0,77363
51777,3,0,77366
51778,3,0,77369
51779,1,0,77370
51780,1,0,77371
51781,4,0,77375
51782,2,0,77377
51783,3,0,77380
51784,1,0,77381
51785,3,0,77384
51786,1,0,77385
51787,2,0,77387
51788,2,0,77389
51789,1,0,77390
51790,2,0,77392
51791,1,0,77393
51792,2,0,77395
51793,1,0,77396
51794,1,0,77397
51795,1,0,77398
51796,1,0,77399
51797,5,0,77404
51798,1,0,77405
51799,1,0,77406
51800,1,0,77407
51801,1,0,77408
51802,1,0,77409
51803,1,0,77410
51804,2,0,77412
51805,1,0,77413
51806,2,0,77415
51807,1,0,77416
51808,3,0,77419
51809,2,0,77421
51810,1,0,77422
51811,2,0,77424
51812,2,0,77426
51813,1,0,77427
51814,2,0,77429
51815,1,0,77430
51816,2,0,77432
51817,3,0,77435
51818,1,0,77436
51819,1,0,77437
51820,2,0,77439
51821,2,0,77441
51822,1,0,77442
51823,1,0,77443
51824,1,0,77444
51825,1,0,77445
51826,1,0,77446
51827,1,0,77447
51828,2,0,77449
51829,2,0,77451
51830,1,0,77452
51831,3,0,77455
51832,2,0,77457
51833,2,0,77459
51834,1,0,77460
51835,2,0,77462
51836,1,0,77463
51837,1,0,77464
51838,3,0,77467
51839,2,0,77469
51840,2,0,77471
51841,1,0,77472
51842,1,0,77473
51843,1,0,77474
51844,2,0,77476
51845,1,0,77477
51846,1,0,77478
51847,2,0,77480
51848,1,0,77481
51849,1,0,77482
51850,1,0,77483
51851,2,0,77485
51852,1,0,77486
51853,2,0,77488
51854,1,0,77489
51855,1,0,77490
51856,1,0,77491
51857,1,0,77492
51858,1,0,77493
51859,3,0,77496
51860,1,0,77497
51861,3,0,77500
51862,1,0,77501
51863,1,0,77502
51864,1,0,77503
51865,2,0,77505
51866,1,0,77506
51867,1,0,77507
51868,3,0,77510
51869,1,0,77511
51870,1,0,77512
51871,1,0,77513
51872,3,0,77516
51873,1,0,77517
51874,1,0,77518
51875,1,0,77519
51876,1,0,77520
51877,2,0,77522
51878,1,0,77523
51879,1,0,77524
51880,4,0,77528
51881,1,0,77529
51882,1,0,77530
51883,2,0,77532
51884,1,0,77533
51885,4,0,77537
51886,1,0,77538
51887,1,0,77539
51888,2,0,77541
51889,1,0,77542
51890,1,0,77543
51891,1,0,77544
51892,1,0,77545
51893,1,0,77546
51894,3,0,77549
51895,1,0,77550
51896,5,0,77555
51897,1,0,77556
51898,1,0,77557
51899,1,0,77558
51900,1,0,77559
51901,1,0,77560
51902,1,0,77561
51903,1,0,77562
51904,1,0,77563
51905,1,0,77564
51906,1,0,77565
51907,1,0,77566
51908,1,0,77567
51909,2,0,77569
51910,1,0,77570
51911,1,0,77571
51912,4,0,77575
51913,1,0,77576
51914,1,0,77577
51915,3,0,77580
51916,2,0,77582
51917,2,0,77584
51918,1,0,77585
51919,3,0,77588
51920,1,0,77589
51921,1,0,77590
51922,2,0,77592
51923,1,0,77593
51924,2,0,77595
51925,3,0,77598
51926,1,0,77599
51927,1,0,77600
51928,1,0,77601
51929,3,0,77604
51930,1,0,77605
51931,1,0,77606
51932,2,0,77608
51933,1,0,77609
51934,2,0,77611
51935,1,0,77612
51936,1,0,77613
51937,1,0,77614
51938,1,0,77615
51939,3,0,77618
51940,1,0,77619
51941,1,0,77620
51942,1,0,77621
51943,1,0,77622
51944,1,0,77623
51945,3,0,77626
51946,2,0,77628
51947,1,0,77629
51948,2,0,77631
51949,1,0,77632
51950,1,0,77633
51951,4,0,77637
51952,1,0,77638
51953,1,0,77639
51954,1,0,77640
51955,3,0,77643
51956,2,0,77645
51957,1,0,77646
51958,1,0,77647
51959,1,0,77648
51960,1,0,77649
51961,2,0,77651
51962,1,0,77652
51963,1,0,77653
51964,3,0,77656
51965,1,0,77657
51966,3,0,77660
51967,1,0,77661
51968,1,0,77662
51969,2,0,77664
51970,1,0,77665
51971,1,0,77666
51972,2,0,77668
51973,4,0,77672
51974,1,0,77673
51975,1,0,77674
51976,1,0,77675
51977,1,0,77676
51978,1,0,77677
51979,1,0,77678
51980,1,0,77679
51981,1,0,77680
51982,3,0,77683
51983,2,0,77685
51984,5,0,77690
51985,1,0,77691
51986,2,0,77693
51987,2,0,77695
51988,1,0,77696
51989,3,0,77699
51990,1,0,77700
51991,1,0,77701
51992,1,0,77702
51993,3,0,77705
51994,5,0,77710
51995,1,0,77711
51996,1,0,77712
51997,3,0,77715
51998,1,0,77716
51999,2,0,77718
52000,2,0,77720
52001,1,0,77721
52002,1,0,77722
52003,3,0,77725
52004,2,0,77727
52005,3,0,77730
52006,4,0,77734
52007,3,0,77737
52008,2,0,77739
52009,1,0,77740
52010,2,0,77742
52011,1,0,77743
52012,2,0,77745
52013,1,0,77746
52014,3,0,77749
52015,1,0,77750
52016,1,0,77751
52017,3,0,77754
52018,1,0,77755
52019,1,0,77756
52020,2,0,77758
52021,1,0,77759
52022,4,0,77763
52023,2,0,77765
52024,5,0,77770
52025,1,0,77771
52026,4,0,77775
52027,1,0,77776
52028,1,0,77777
52029,2,0,77779
52030,1,0,77780
52031,3,0,77783
52032,2,0,77785
52033,2,0,77787
52034,2,0,77789
52035,1,0,77790
52036,1,0,77791
52037,1,0,77792
52038,1,0,77793
52039,1,0,77794
52040,1,0,77795
52041,1,0,77796
52042,1,0,77797
52043,2,0,77799
52044,4,0,77803
52045,2,0,77805
52046,1,0,77806
52047,1,0,77807
52048,4,0,77811
52049,1,0,77812
52050,1,0,77813
52051,2,0,77815
52052,1,0,77816
52053,2,0,77818
52054,1,0,77819
52055,2,0,77821
52056,1,0,77822
52057,1,0,77823
52058,3,0,77826
52059,2,0,77828
52060,1,0,77829
52061,1,0,77830
52062,1,0,77831
52063,2,0,77833
52064,1,0,77834
52065,1,0,77835
52066,1,0,77836
52067,1,0,77837
52068,3,0,77840
52069,1,0,77841
52070,1,0,77842
52071,1,0,77843
52072,1,0,77844
52073,3,0,77847
52074,1,0,77848
52075,3,0,77851
52076,2,0,77853
52077,1,0,77854
52078,1,0,77855
52079,1,0,77856
52080,1,0,77857
52081,1,0,77858
52082,1,0,77859
52083,1,0,77860
52084,1,0,77861
52085,2,0,77863
52086,1,0,77864
52087,1,0,77865
52088,1,0,77866
52089,2,0,77868
52090,2,0,77870
52091,2,0,77872
52092,3,0,77875
52093,1,0,77876
52094,3,0,77879
52095,3,0,77882
52096,2,0,77884
52097,2,0,77886
52098,2,0,77888
52099,3,0,77891
52100,1,0,77892
52101,1,0,77893
52102,1,0,77894
52103,1,0,77895
52104,1,0,77896
52105,1,0,77897
52106,1,0,77898
52107,2,0,77900
52108,2,0,77902
52109,1,0,77903
52110,1,0,77904
52111,1,0,77905
52112,1,0,77906
52113,3,0,77909
52114,1,0,77910
52115,1,0,77911
52116,1,0,77912
52117,1,0,77913
52118,1,0,77914
52119,1,0,77915
52120,1,0,77916
52121,1,0,77917
52122,1,0,77918
52123,1,0,77919
52124,1,0,77920
52125,1,0,77921
52126,2,0,77923
52127,1,0,77924
52128,1,0,77925
52129,1,0,77926
52130,1,0,77927
52131,1,0,77928
52132,1,0,77929
52133,1,0,77930
52134,4,0,77934
52135,1,0,77935
52136,1,0,77936
52137,3,0,77939
52138,1,0,77940
52139,2,0,77942
52140,2,0,77944
52141,2,0,77946
52142,1,0,77947
52143,2,0,77949
52144,2,0,77951
52145,5,0,77956
52146,1,0,77957
52147,3,0,77960
52148,1,0,77961
52149,1,0,77962
52150,1,0,77963
52151,1,0,77964
52152,2,0,77966
52153,2,0,77968
52154,1,0,77969
52155,1,0,77970
52156,1,0,77971
52157,1,0,77972
52158,1,0,77973
52159,1,0,77974
52160,1,0,77975
52161,1,0,77976
52162,1,0,77977
52163,1,0,77978
52164,1,0,77979
52165,3,0,77982
52166,1,0,77983
52167,1,0,77984
52168,1,0,77985
52169,1,0,77986
52170,2,0,77988
52171,1,0,77989
52172,2,0,77991
52173,1,0,77992
52174,1,0,77993
52175,2,0,77995
52176,1,0,77996
52177,1,0,77997
52178,1,0,77998
52179,2,0,78000
52180,1,0,78001
52181,1,0,78002
52182,1,0,78003
52183,1,0,78004
52184,1,0,78005
52185,1,0,78006
52186,5,0,78011
52187,1,0,78012
52188,2,0,78014
52189,4,0,78018
52190,2,0,78020
52191,1,0,78021
52192,4,0,78025
52193,2,0,78027
52194,1,0,78028
52195,1,0,78029
52196,2,0,78031
52197,3,0,78034
52198,3,0,78037
52199,2,0,78039
52200,4,0,78043
52201,1,0,78044
52202,3,0,78047
52203,1,0,78048
52204,3,0,78051
52205,1,0,78052
52206,2,0,78054
52207,1,0,78055
52208,1,0,78056
52209,1,0,78057
52210,4,0,78061
52211,2,0,78063
52212,1,0,78064
52213,1,0,78065
52214,1,0,78066
52215,1,0,78067
52216,1,0,78068
52217,1,0,78069
52218,1,0,78070
52219,1,0,78071
52220,1,0,78072
52221,1,0,78073
52222,1,0,78074
52223,1,0,78075
52224,2,0,78077
52225,3,0,78080
52226,1,0,78081
52227,2,0,78083
52228,1,0,78084
52229,1,0,78085
52230,1,0,78086
52231,3,0,78089
52232,1,0,78090
52233,1,0,78091
52234,1,0,78092
52235,2,0,78094
52236,1,0,78095
52237,1,0,78096
52238,1,0,78097
52239,2,0,78099
52240,2,0,78101
52241,1,0,78102
52242,1,0,78103
52243,1,0,78104
52244,1,0,78105
52245,1,0,78106
52246,1,0,78107
52247,1,0,78108
52248,1,0,78109
52249,1,0,78110
52250,1,0,78111
52251,1,0,78112
52252,4,0,78116
52253,1,0,78117
52254,1,0,78118
52255,3,0,78121
52256,1,0,78122
52257,1,0,78123
52258,2,0,78125
52259,1,0,78126
52260,1,0,78127
52261,1,0,78128
52262,1,0,78129
52263,1,0,78130
52264,1,0,78131
52265,1,0,78132
52266,1,0,78133
52267,1,0,78134
52268,2,0,78136
52269,1,0,78137
52270,1,0,78138
52271,1,0,78139
52272,5,0,78144
52273,1,0,78145
52274,2,0,78147
52275,2,0,78149
52276,2,0,78151
52277,1,0,78152
52278,4,0,78156
52279,1,0,78157
52280,1,0,78158
52281,1,0,78159
52282,1,0,78160
52283,3,0,78163
52284,1,0,78164
52285,8,0,78172
52286,1,0,78173
52287,3,0,78176
52288,3,0,78179
52289,5,0,78184
52290,1,0,78185
52291,2,0,78187
52292,1,0,78188
52293,1,0,78189
52294,1,0,78190
52295,1,0,78191
52296,1,0,78192
52297,1,0,78193
52298,1,0,78194
52299,1,0,78195
52300,1,0,78196
52301,1,0,78197
52302,1,0,78198
52303,1,0,78199
52304,1,0,78200
52305,1,0,78201
52306,3,0,78204
52307,1,0,78205
52308,1,0,78206
52309,1,0,78207
52310,1,0,78208
52311,2,0,78210
52312,3,0,78213
52313,1,0,78214
52314,1,0,78215
52315,1,0,78216
52316,1,0,78217
52317,2,0,78219
52318,1,0,78220
52319,1,0,78221
52320,6,0,78227
52321,2,0,78229
52322,1,0,78230
52323,3,0,78233
52324,1,0,78234
52325,4,0,78238
52326,1,0,78239
52327,1,0,78240
52328,1,0,78241
52329,1,0,78242
52330,1,0,78243
52331,2,0,78245
52332,2,0,78247
52333,1,0,78248
52334,2,0,78250
52335,1,0,78251
52336,1,0,78252
52337,2,0,78254
52338,3,0,78257
52339,1,0,78258
52340,1,0,78259
52341,1,0,78260
52342,2,0,78262
52343,1,0,78263
52344,1,0,78264
52345,2,0,78266
52346,1,0,78267
52347,1,0,78268
52348,1,0,78269
52349,1,0,78270
52350,1,0,78271
52351,1,0,78272
52352,2,0,78274
52353,1,0,78275
52354,1,0,78276
52355,2,0,78278
52356,2,0,78280
52357,5,0,78285
52358,1,0,78286
52359,1,0,78287
52360,1,0,78288
52361,2,0,78290
52362,1,0,78291
52363,2,0,78293
52364,2,0,78295
52365,1,0,78296
52366,2,0,78298
52367,1,0,78299
52368,2,0,78301
52369,4,0,78305
52370,2,0,78307
52371,1,0,78308
52372,1,0,78309
52373,1,0,78310
52374,1,0,78311
52375,3,0,78314
52376,1,0,78315
52377,1,0,78316
52378,2,0,78318
52379,2,0,78320
52380,2,0,78322
52381,1,0,78323
52382,1,0,78324
52383,1,0,78325
52384,1,0,78326
52385,1,0,78327
52386,1,0,78328
52387,1,0,78329
52388,1,0,78330
52389,1,0,78331
52390,1,0,78332
52391,1,0,78333
52392,1,0,78334
52393,1,0,78335
52394,1,0,78336
52395,1,0,78337
52396,2,0,78339
52397,1,0,78340
52398,2,0,78342
52399,1,0,78343
52400,2,0,78345
52401,2,0,78347
52402,2,0,78349
52403,2,0,78351
52404,2,0,78353
52405,3,0,78356
52406,2,0,78358
52407,2,0,78360
52408,1,0,78361
52409,1,0,78362
52410,1,0,78363
52411,1,0,78364
52412,1,0,78365
52413,2,0,78367
52414,1,0,78368
52415,1,0,78369
52416,1,0,78370
52417,2,0,78372
52418,5,0,78377
52419,1,0,78378
52420,1,0,78379
52421,2,0,78381
52422,1,0,78382
52423,1,0,78383
52424,4,0,78387
52425,1,0,78388
52426,1,0,78389
52427,4,0,78393
52428,1,0,78394
52429,1,0,78395
52430,1,0,78396
52431,4,0,78400
52432,1,0,78401
52433,2,0,78403
52434,3,0,78406
52435,1,0,78407
52436,1,0,78408
52437,2,0,78410
52438,2,0,78412
52439,1,0,78413
52440,1,0,78414
52441,1,0,78415
52442,2,0,78417
52443,1,0,78418
52444,3,0,78421
52445,1,0,78422
52446,1,0,78423
52447,1,0,78424
52448,1,0,78425
52449,1,0,78426
52450,1,0,78427
52451,1,0,78428
52452,1,0,78429
52453,3,0,78432
52454,1,0,78433
52455,2,0,78435
52456,1,0,78436
52457,1,0,78437
52458,2,0,78439
52459,1,0,78440
52460,1,0,78441
52461,1,0,78442
52462,1,0,78443
52463,2,0,78445
52464,1,0,78446
52465,1,0,78447
52466,2,0,78449
52467,1,0,78450
52468,4,0,78454
52469,1,0,78455
52470,1,0,78456
52471,1,0,78457
52472,1,0,78458
52473,1,0,78459
52474,1,0,78460
52475,2,0,78462
52476,2,0,78464
52477,1,0,78465
52478,3,0,78468
52479,2,0,78470
52480,1,0,78471
52481,2,0,78473
52482,1,0,78474
52483,1,0,78475
52484,1,0,78476
52485,1,0,78477
52486,2,0,78479
52487,5,0,78484
52488,2,0,78486
52489,1,0,78487
52490,1,0,78488
52491,1,0,78489
52492,1,0,78490
52493,2,0,78492
52494,2,0,78494
52495,3,0,78497
52496,1,0,78498
52497,1,0,78499
52498,5,0,78504
52499,1,0,78505
52500,1,0,78506
52501,2,0,78508
52502,2,0,78510
52503,1,0,78511
52504,3,0,78514
52505,2,0,78516
52506,1,0,78517
52507,1,0,78518
52508,1,0,78519
52509,1,0,78520
52510,1,0,78521
52511,1,0,78522
52512,1,0,78523
52513,3,0,78526
52514,2,0,78528
52515,1,0,78529
52516,2,0,78531
52517,3,0,78534
52518,1,0,78535
52519,1,0,78536
52520,2,0,78538
52521,1,0,78539
52522,1,0,78540
52523,2,0,78542
52524,2,0,78544
52525,4,0,78548
52526,1,0,78549
52527,1,0,78550
52528,3,0,78553
52529,1,0,78554
52530,1,0,78555
52531,3,0,78558
52532,1,0,78559
52533,2,0,78561
52534,1,0,78562
52535,1,0,78563
52536,2,0,78565
52537,2,0,78567
52538,1,0,78568
52539,1,0,78569
52540,1,0,78570
52541,1,0,78571
52542,2,0,78573
52543,1,0,78574
52544,1,0,78575
52545,1,0,78576
52546,2,0,78578
52547,2,0,78580
52548,1,0,78581
52549,1,0,78582
52550,1,0,78583
52551,1,0,78584
52552,1,0,78585
52553,1,0,78586
52554,1,0,78587
52555,1,0,78588
52556,1,0,78589
52557,2,0,78591
52558,1,0,78592
52559,2,0,78594
52560,2,0,78596
52561,1,0,78597
52562,1,0,78598
52563,4,0,78602
52564,1,0,78603
52565,1,0,78604
52566,1,0,78605
52567,1,0,78606
52568,1,0,78607
52569,1,0,78608
52570,2,0,78610
52571,1,0,78611
52572,1,0,78612
52573,3,0,78615
52574,1,0,78616
52575,2,0,78618
52576,5,0,78623
52577,1,0,78624
52578,1,0,78625
52579,1,0,78626
52580,1,0,78627
52581,2,0,78629
52582,1,0,78630
52583,1,0,78631
52584,1,0,78632
52585,1,0,78633
52586,2,0,78635
52587,1,0,78636
52588,1,0,78637
52589,1,0,78638
52590,2,0,78640
52591,1,0,78641
52592,6,0,78647
52593,1,0,78648
52594,1,0,78649
52595,4,0,78653
52596,2,0,78655
52597,1,0,78656
52598,1,0,78657
52599,1,0,78658
52600,1,0,78659
52601,2,0,78661
52602,2,0,78663
52603,1,0,78664
52604,1,0,78665
52605,1,0,78666
52606,1,0,78667
52607,1,0,78668
52608,1,0,78669
52609,3,0,78672
52610,2,0,78674
52611,1,0,78675
52612,2,0,78677
52613,1,0,78678
52614,1,0,78679
52615,2,0,78681
52616,3,0,78684
52617,1,0,78685
52618,1,0,78686
52619,1,0,78687
52620,2,0,78689
52621,2,0,78691
52622,1,0,78692
52623,2,0,78694
52624,1,0,78695
52625,1,0,78696
52626,3,0,78699
52627,3,0,78702
52628,1,0,78703
52629,1,0,78704
52630,2,0,78706
52631,1,0,78707
52632,1,0,78708
52633,3,0,78711
52634,1,0,78712
52635,1,0,78713
52636,2,0,78715
52637,1,0,78716
52638,1,0,78717
52639,1,0,78718
52640,1,0,78719
52641,1,0,78720
52642,5,0,78725
52643,3,0,78728
52644,1,0,78729
52645,3,0,78732
52646,1,0,78733
52647,2,0,78735
52648,1,0,78736
52649,3,0,78739
52650,1,0,78740
52651,2,0,78742
52652,3,0,78745
52653,1,0,78746
52654,1,0,78747
52655,2,0,78749
52656,1,0,78750
52657,1,0,78751
52658,5,0,78756
52659,1,0,78757
52660,1,0,78758
52661,2,0,78760
52662,1,0,78761
52663,2,0,78763
52664,2,0,78765
52665,2,0,78767
52666,1,0,78768
52667,2,0,78770
52668,2,0,78772
52669,2,0,78774
52670,1,0,78775
52671,1,0,78776
52672,1,0,78777
52673,2,0,78779
52674,1,0,78780
52675,1,0,78781
52676,1,0,78782
52677,1,0,78783
52678,1,0,78784
52679,1,0,78785
52680,5,0,78790
52681,2,0,78792
52682,1,0,78793
52683,1,0,78794
52684,4,0,78798
52685,1,0,78799
52686,1,0,78800
52687,1,0,78801
52688,1,0,78802
52689,7,0,78809
52690,1,0,78810
52691,1,0,78811
52692,2,0,78813
52693,1,0,78814
52694,2,0,78816
52695,1,0,78817
52696,1,0,78818
52697,2,0,78820
52698,2,0,78822
52699,2,0,78824
52700,2,0,78826
52701,2,0,78828
52702,1,0,78829
52703,2,0,78831
52704,1,0,78832
52705,1,0,78833
52706,2,0,78835
52707,2,0,78837
52708,1,0,78838
52709,1,0,78839
52710,1,0,78840
52711,2,0,78842
52712,3,0,78845
52713,1,0,78846
52714,3,0,78849
52715,1,0,78850
52716,1,0,78851
52717,2,0,78853
52718,1,0,78854
52719,1,0,78855
52720,1,0,78856
52721,2,0,78858
52722,1,0,78859
52723,1,0,78860
52724,1,0,78861
52725,1,0,78862
52726,1,0,78863
52727,1,0,78864
52728,1,0,78865
52729,3,0,78868
52730,1,0,78869
52731,1,0,78870
52732,2,0,78872
52733,1,0,78873
52734,1,0,78874
52735,1,0,78875
52736,1,0,78876
52737,2,0,78878
52738,2,0,78880
52739,2,0,78882
52740,1,0,78883
52741,1,0,78884
52742,1,0,78885
52743,3,0,78888
52744,2,0,78890
52745,1,0,78891
52746,3,0,78894
52747,2,0,78896
52748,1,0,78897
52749,1,0,78898
52750,1,0,78899
52751,1,0,78900
52752,2,0,78902
52753,4,0,78906
52754,1,0,78907
52755,2,0,78909
52756,2,0,78911
52757,1,0,78912
52758,1,0,78913
52759,1,0,78914
52760,1,0,78915
52761,2,0,78917
52762,1,0,78918
52763,1,0,78919
52764,1,0,78920
52765,1,0,78921
52766,1,0,78922
52767,2,0,78924
52768,1,0,78925
52769,1,0,78926
52770,1,0,78927
52771,1,0,78928
52772,1,0,78929
52773,1,0,78930
52774,1,0,78931
52775,1,0,78932
52776,2,0,78934
52777,1,0,78935
52778,1,0,78936
52779,1,0,78937
52780,1,0,78938
52781,2,0,78940
52782,1,0,78941
52783,1,0,78942
52784,1,0,78943
52785,1,0,78944
52786,2,0,78946
52787,3,0,78949
52788,2,0,78951
52789,4,0,78955
52790,1,0,78956
52791,1,0,78957
52792,1,0,78958
52793,1,0,78959
52794,2,0,78961
52795,1,0,78962
52796,1,0,78963
52797,2,0,78965
52798,1,0,78966
52799,4,0,78970
52800,3,0,78973
52801,1,0,78974
52802,2,0,78976
52803,4,0,78980
52804,1,0,78981
52805,3,0,78984
52806,1,0,78985
52807,2,0,78987
52808,1,0,78988
52809,1,0,78989
52810,2,0,78991
52811,1,0,78992
52812,2,0,78994
52813,1,0,78995
52814,2,0,78997
52815,1,0,78998
52816,2,0,79000
52817,2,0,79002
52818,1,0,79003
52819,5,0,79008
52820,1,0,79009
52821,1,0,79010
52822,2,0,79012
52823,1,0,79013
52824,1,0,79014
52825,2,0,79016
52826,2,0,79018
52827,1,0,79019
52828,2,0,79021
52829,1,0,79022
52830,1,0,79023
52831,1,0,79024
52832,1,0,79025
52833,3,0,79028
52834,2,0,79030
52835,1,0,79031
52836,2,0,79033
52837,1,0,79034
52838,1,0,79035
52839,2,0,79037
52840,2,0,79039
52841,1,0,79040
52842,1,0,79041
52843,2,0,79043
52844,3,0,79046
52845,2,0,79048
52846,1,0,79049
52847,1,0,79050
52848,1,0,79051
52849,1,0,79052
52850,1,0,79053
52851,1,0,79054
52852,3,0,79057
52853,1,0,79058
52854,1,0,79059
52855,1,0,79060
52856,2,0,79062
52857,2,0,79064
52858,1,0,79065
52859,1,0,79066
52860,2,0,79068
52861,1,0,79069
52862,1,0,79070
52863,1,0,79071
52864,1,0,79072
52865,1,0,79073
52866,1,0,79074
52867,1,0,79075
52868,1,0,79076
52869,1,0,79077
52870,1,0,79078
52871,2,0,79080
52872,1,0,79081
52873,1,0,79082
52874,1,0,79083
52875,1,0,79084
52876,1,0,79085
52877,1,0,79086
52878,1,0,79087
52879,2,0,79089
52880,1,0,79090
52881,1,0,79091
52882,2,0,79093
52883,1,0,79094
52884,1,0,79095
52885,2,0,79097
52886,1,0,79098
52887,1,0,79099
52888,1,0,79100
52889,1,0,79101
52890,1,0,79102
52891,2,0,79104
52892,1,0,79105
52893,1,0,79106
52894,1,0,79107
52895,2,0,79109
52896,3,0,79112
52897,1,0,79113
52898,1,0,79114
52899,1,0,79115
52900,2,0,79117
52901,2,0,79119
52902,1,0,79120
52903,1,0,79121
52904,1,0,79122
52905,1,0,79123
52906,2,0,79125
52907,1,0,79126
52908,2,0,79128
52909,2,0,79130
52910,1,0,79131
52911,2,0,79133
52912,1,0,79134
52913,1,0,79135
52914,1,0,79136
52915,1,0,79137
52916,1,0,79138
52917,3,0,79141
52918,1,0,79142
52919,2,0,79144
52920,1,0,79145
52921,1,0,79146
52922,1,0,79147
52923,1,0,79148
52924,1,0,79149
52925,1,0,79150
52926,2,0,79152
52927,1,0,79153
52928,3,0,79156
52929,2,0,79158
52930,3,0,79161
52931,1,0,79162
52932,2,0,79164
52933,1,0,79165
52934,1,0,79166
52935,1,0,79167
52936,1,0,79168
52937,1,0,79169
52938,1,0,79170
52939,1,0,79171
52940,2,0,79173
52941,2,0,79175
52942,1,0,79176
52943,1,0,79177
52944,1,0,79178
52945,1,0,79179
52946,1,0,79180
52947,2,0,79182
52948,1,0,79183
52949,1,0,79184
52950,3,0,79187
52951,1,0,79188
52952,1,0,79189
52953,1,0,79190
52954,2,0,79192
52955,1,0,79193
52956,1,0,79194
52957,1,0,79195
52958,1,0,79196
52959,1,0,79197
52960,1,0,79198
52961,2,0,79200
52962,1,0,79201
52963,1,0,79202
52964,2,0,79204
52965,2,0,79206
52966,1,0,79207
52967,6,0,79213
52968,2,0,79215
52969,1,0,79216
52970,2,0,79218
52971,2,0,79220
52972,1,0,79221
52973,1,0,79222
52974,1,0,79223
52975,1,0,79224
52976,1,0,79225
52977,2,0,79227
52978,1,0,79228
52979,1,0,79229
52980,1,0,79230
52981,1,0,79231
52982,1,0,79232
52983,1,0,79233
52984,2,0,79235
52985,1,0,79236
52986,1,0,79237
52987,1,0,79238
52988,2,0,79240
52989,1,0,79241
52990,2,0,79243
52991,2,0,79245
52992,1,0,79246
52993,1,0,79247
52994,1,0,79248
52995,1,0,79249
52996,1,0,79250
52997,1,0,79251
52998,2,0,79253
52999,1,0,79254
53000,4,0,79258
53001,1,0,79259
53002,3,0,79262
53003,1,0,79263
53004,1,0,79264
53005,1,0,79265
53006,1,0,79266
53007,3,0,79269
53008,1,0,79270
53009,1,0,79271
53010,1,0,79272
53011,2,0,79274
53012,1,0,79275
53013,1,0,79276
53014,1,0,79277
53015,1,0,79278
53016,1,0,79279
53017,1,0,79280
53018,1,0,79281
53019,1,0,79282
53020,3,0,79285
53021,1,0,79286
53022,1,0,79287
53023,1,0,79288
53024,1,0,79289
53025,2,0,79291
53026,1,0,79292
53027,1,0,79293
53028,1,0,79294
53029,2,0,79296
53030,1,0,79297
53031,1,0,79298
53032,2,0,79300
53033,1,0,79301
53034,1,0,79302
53035,1,0,79303
53036,1,0,79304
53037,3,0,79307
53038,1,0,79308
53039,2,0,79310
53040,2,0,79312
53041,3,0,79315
53042,1,0,79316
53043,3,0,79319
53044,1,0,79320
53045,2,0,79322
53046,2,0,79324
53047,1,0,79325
53048,1,0,79326
53049,1,0,79327
53050,1,0,79328
53051,1,0,79329
53052,2,0,79331
53053,1,0,79332
53054,1,0,79333
53055,1,0,79334
53056,5,0,79339
53057,1,0,79340
53058,2,0,79342
53059,1,0,79343
53060,1,0,79344
53061,1,0,79345
53062,1,0,79346
53063,1,0,79347
53064,1,0,79348
53065,1,0,79349
53066,1,0,79350
53067,1,0,79351
53068,1,0,79352
53069,4,0,79356
53070,1,0,79357
53071,2,0,79359
53072,3,0,79362
53073,1,0,79363
53074,1,0,79364
53075,1,0,79365
53076,1,0,79366
53077,1,0,79367
53078,2,0,79369
53079,1,0,79370
53080,1,0,79371
53081,1,0,79372
53082,2,0,79374
53083,1,0,79375
53084,1,0,79376
53085,1,0,79377
53086,1,0,79378
53087,3,0,79381
53088,2,0,79383
53089,1,0,79384
53090,1,0,79385
53091,1,0,79386
53092,1,0,79387
53093,1,0,79388
53094,1,0,79389
53095,1,0,79390
53096,2,0,79392
53097,2,0,79394
53098,1,0,79395
53099,1,0,79396
53100,2,0,79398
53101,3,0,79401
53102,1,0,79402
53103,1,0,79403
53104,2,0,79405
53105,1,0,79406
53106,3,0,79409
53107,2,0,79411
53108,1,0,79412
53109,1,0,79413
53110,1,0,79414
53111,2,0,79416
53112,1,0,79417
53113,1,0,79418
53114,2,0,79420
53115,1,0,79421
53116,3,0,79424
53117,1,0,79425
53118,3,0,79428
53119,1,0,79429
53120,1,0,79430
53121,1,0,79431
53122,1,0,79432
53123,2,0,79434
53124,1,0,79435
53125,1,0,79436
53126,2,0,79438
53127,1,0,79439
53128,2,0,79441
53129,3,0,79444
53130,1,0,79445
53131,1,0,79446
53132,1,0,79447
53133,3,0,79450
53134,2,0,79452
53135,1,0,79453
53136,1,0,79454
53137,1,0,79455
53138,1,0,79456
53139,1,0,79457
53140,1,0,79458
53141,1,0,79459
53142,1,0,79460
53143,1,0,79461
53144,1,0,79462
53145,1,0,79463
53146,3,0,79466
53147,1,0,79467
53148,2,0,79469
53149,1,0,79470
53150,3,0,79473
53151,1,0,79474
53152,1,0,79475
53153,1,0,79476
53154,1,0,79477
53155,1,0,79478
53156,1,0,79479
53157,1,0,79480
53158,1,0,79481
53159,1,0,79482
53160,1,0,79483
53161,1,0,79484
53162,1,0,79485
53163,1,0,79486
53164,1,0,79487
53165,2,0,79489
53166,1,0,79490
53167,2,0,79492
53168,1,0,79493
53169,1,0,79494
53170,1,0,79495
53171,1,0,79496
53172,2,0,79498
53173,1,0,79499
53174,1,0,79500
53175,1,0,79501
53176,2,0,79503
53177,1,0,79504
53178,1,0,79505
53179,4,0,79509
53180,1,0,79510
53181,2,0,79512
53182,1,0,79513
53183,1,0,79514
53184,1,0,79515
53185,1,0,79516
53186,2,0,79518
53187,1,0,79519
53188,1,0,79520
53189,2,0,79522
53190,1,0,79523
53191,1,0,79524
53192,2,0,79526
53193,2,0,79528
53194,3,0,79531
53195,2,0,79533
53196,1,0,79534
53197,1,0,79535
53198,1,0,79536
53199,1,0,79537
53200,1,0,79538
53201,1,0,79539
53202,1,0,79540
53203,1,0,79541
53204,1,0,79542
53205,1,0,79543
53206,1,0,79544
53207,1,0,79545
53208,1,0,79546
53209,2,0,79548
53210,1,0,79549
53211,3,0,79552
53212,1,0,79553
53213,1,0,79554
53214,1,0,79555
53215,1,0,79556
53216,1,0,79557
53217,1,0,79558
53218,1,0,79559
53219,5,0,79564
53220,1,0,79565
53221,4,0,79569
53222,1,0,79570
53223,1,0,79571
53224,1,0,79572
53225,1,0,79573
53226,1,0,79574
53227,2,0,79576
53228,3,0,79579
53229,1,0,79580
53230,1,0,79581
53231,1,0,79582
53232,1,0,79583
53233,1,0,79584
53234,1,0,79585
53235,1,0,79586
53236,1,0,79587
53237,2,0,79589
53238,1,0,79590
53239,1,0,79591
53240,3,0,79594
53241,1,0,79595
53242,1,0,79596
53243,1,0,79597
53244,2,0,79599
53245,2,0,79601
53246,1,0,79602
53247,1,0,79603
53248,1,0,79604
53249,1,0,79605
53250,1,0,79606
53251,1,0,79607
53252,1,0,79608
53253,1,0,79609
53254,1,0,79610
53255,1,0,79611
53256,1,0,79612
53257,1,0,79613
53258,1,0,79614
53259,1,0,79615
53260,1,0,79616
53261,1,0,79617
53262,1,0,79618
53263,1,0,79619
53264,1,0,79620
53265,2,0,79622
53266,1,0,79623
53267,1,0,79624
53268,1,0,79625
53269,2,0,79627
53270,1,0,79628
53271,1,0,79629
53272,1,0,79630
53273,1,0,79631
53274,1,0,79632
53275,1,0,79633
53276,1,0,79634
53277,4,0,79638
53278,2,0,79640
53279,2,0,79642
53280,1,0,79643
53281,3,0,79646
53282,1,0,79647
53283,1,0,79648
53284,4,0,79652
53285,1,0,79653
53286,1,0,79654
53287,2,0,79656
53288,1,0,79657
53289,1,0,79658
53290,1,0,79659
53291,1,0,79660
53292,1,0,79661
53293,4,0,79665
53294,2,0,79667
53295,2,0,79669
53296,2,0,79671
53297,1,0,79672
53298,3,0,79675
53299,1,0,79676
53300,1,0,79677
53301,1,0,79678
53302,1,0,79679
53303,1,0,79680
53304,1,0,79681
53305,1,0,79682
53306,1,0,79683
53307,1,0,79684
53308,1,0,79685
53309,2,0,79687
53310,2,0,79689
53311,1,0,79690
53312,1,0,79691
53313,2,0,79693
53314,1,0,79694
53315,2,0,79696
53316,2,0,79698
53317,2,0,79700
53318,2,0,79702
53319,1,0,79703
53320,2,0,79705
53321,2,0,79707
53322,3,0,79710
53323,1,0,79711
53324,1,0,79712
53325,1,0,79713
53326,1,0,79714
53327,1,0,79715
53328,1,0,79716
53329,1,0,79717
53330,1,0,79718
53331,2,0,79720
53332,1,0,79721
53333,1,0,79722
53334,1,0,79723
53335,1,0,79724
53336,2,0,79726
53337,1,0,79727
53338,1,0,79728
53339,1,0,79729
53340,1,0,79730
53341,1,0,79731
53342,1,0,79732
53343,1,0,79733
53344,2,0,79735
53345,1,0,79736
53346,1,0,79737
53347,1,0,79738
53348,1,0,79739
53349,2,0,79741
53350,1,0,79742
53351,3,0,79745
53352,1,0,79746
53353,1,0,79747
53354,2,0,79749
53355,1,0,79750
53356,2,0,79752
53357,1,0,79753
53358,3,0,79756
53359,3,0,79759
53360,1,0,79760
53361,1,0,79761
53362,1,0,79762
53363,1,0,79763
53364,1,0,79764
53365,2,0,79766
53366,2,0,79768
53367,1,0,79769
53368,3,0,79772
53369,1,0,79773
53370,1,0,79774
53371,2,0,79776
53372,2,0,79778
53373,1,0,79779
53374,2,0,79781
53375,1,0,79782
53376,2,0,79784
53377,1,0,79785
53378,1,0,79786
53379,5,0,79791
53380,1,0,79792
53381,1,0,79793
53382,3,0,79796
53383,1,0,79797
53384,1,0,79798
53385,1,0,79799
53386,1,0,79800
53387,4,0,79804
53388,1,0,79805
53389,1,0,79806
53390,2,0,79808
53391,3,0,79811
53392,1,0,79812
53393,2,0,79814
53394,1,0,79815
53395,3,0,79818
53396,2,0,79820
53397,1,0,79821
53398,1,0,79822
53399,1,0,79823
53400,3,0,79826
53401,2,0,79828
53402,2,0,79830
53403,1,0,79831
53404,1,0,79832
53405,3,0,79835
53406,4,0,79839
53407,2,0,79841
53408,1,0,79842
53409,3,0,79845
53410,2,0,79847
53411,2,0,79849
53412,1,0,79850
53413,1,0,79851
53414,1,0,79852
53415,1,0,79853
53416,3,0,79856
53417,1,0,79857
53418,3,0,79860
53419,2,0,79862
53420,2,0,79864
53421,1,0,79865
53422,1,0,79866
53423,1,0,79867
53424,1,0,79868
53425,3,0,79871
53426,3,0,79874
53427,1,0,79875
53428,1,0,79876
53429,1,0,79877
53430,1,0,79878
53431,1,0,79879
53432,2,0,79881
53433,1,0,79882
53434,1,0,79883
53435,1,0,79884
53436,1,0,79885
53437,1,0,79886
53438,1,0,79887
53439,1,0,79888
53440,3,0,79891
53441,1,0,79892
53442,1,0,79893
53443,3,0,79896
53444,1,0,79897
53445,1,0,79898
53446,1,0,79899
53447,1,0,79900
53448,2,0,79902
53449,5,0,79907
53450,1,0,79908
53451,2,0,79910
53452,1,0,79911
53453,1,0,79912
53454,1,0,79913
53455,1,0,79914
53456,1,0,79915
53457,1,0,79916
53458,1,0,79917
53459,4,0,79921
53460,4,0,79925
53461,2,0,79927
53462,3,0,79930
53463,1,0,79931
53464,1,0,79932
53465,1,0,79933
53466,5,0,79938
53467,1,0,79939
53468,3,0,79942
53469,2,0,79944
53470,1,0,79945
53471,2,0,79947
53472,2,0,79949
53473,2,0,79951
53474,1,0,79952
53475,1,0,79953
53476,1,0,79954
53477,1,0,79955
53478,3,0,79958
53479,1,0,79959
53480,2,0,79961
53481,2,0,79963
53482,1,0,79964
53483,1,0,79965
53484,1,0,79966
53485,1,0,79967
53486,1,0,79968
53487,1,0,79969
53488,1,0,79970
53489,4,0,79974
53490,1,0,79975
53491,2,0,79977
53492,2,0,79979
53493,1,0,79980
53494,2,0,79982
53495,2,0,79984
53496,1,0,79985
53497,1,0,79986
53498,1,0,79987
53499,2,0,79989
53500,1,0,79990
53501,1,0,79991
53502,1,0,79992
53503,2,0,79994
53504,1,0,79995
53505,1,0,79996
53506,2,0,79998
53507,2,0,80000
53508,1,0,80001
53509,2,0,80003
53510,1,0,80004
53511,1,0,80005
53512,1,0,80006
53513,1,0,80007
53514,3,0,80010
53515,2,0,80012
53516,3,0,80015
53517,2,0,80017
53518,2,0,80019
53519,1,0,80020
53520,1,0,80021
53521,1,0,80022
53522,1,0,80023
53523,1,0,80024
53524,1,0,80025
53525,1,0,80026
53526,1,0,80027
53527,1,0,80028
53528,1,0,80029
53529,1,0,80030
53530,1,0,80031
53531,4,0,80035
53532,1,0,80036
53533,1,0,80037
53534,1,0,80038
53535,1,0,80039
53536,1,0,80040
53537,1,0,80041
53538,1,0,80042
53539,1,0,80043
53540,1,0,80044
53541,1,0,80045
53542,1,0,80046
53543,2,0,80048
53544,1,0,80049
53545,2,0,80051
53546,1,0,80052
53547,1,0,80053
53548,1,0,80054
53549,1,0,80055
53550,1,0,80056
53551,2,0,80058
53552,1,0,80059
53553,2,0,80061
53554,1,0,80062
53555,1,0,80063
53556,2,0,80065
53557,2,0,80067
53558,1,0,80068
53559,1,0,80069
53560,2,0,80071
53561,1,0,80072
53562,1,0,80073
53563,1,0,80074
53564,1,0,80075
53565,1,0,80076
53566,1,0,80077
53567,1,0,80078
53568,1,0,80079
53569,2,0,80081
53570,1,0,80082
53571,2,0,80084
53572,1,0,80085
53573,1,0,80086
53574,2,0,80088
53575,1,0,80089
53576,1,0,80090
53577,1,0,80091
53578,1,0,80092
53579,1,0,80093
53580,1,0,80094
53581,2,0,80096
53582,1,0,80097
53583,1,0,80098
53584,1,0,80099
53585,1,0,80100
53586,1,0,80101
53587,1,0,80102
53588,1,0,80103
53589,2,0,80105
53590,1,0,80106
53591,1,0,80107
53592,1,0,80108
53593,1,0,80109
53594,1,0,80110
53595,1,0,80111
53596,1,0,80112
53597,1,0,80113
53598,1,0,80114
53599,1,0,80115
53600,1,0,80116
53601,3,0,80119
53602,1,0,80120
53603,1,0,80121
53604,1,0,80122
53605,1,0,80123
53606,1,0,80124
53607,1,0,80125
53608,2,0,80127
53609,1,0,80128
53610,2,0,80130
53611,1,0,80131
53612,1,0,80132
53613,1,0,80133
53614,3,0,80136
53615,1,0,80137
53616,1,0,80138
53617,3,0,80141
53618,1,0,80142
53619,1,0,80143
53620,5,0,80148
53621,1,0,80149
53622,3,0,80152
53623,1,0,80153
53624,2,0,80155
53625,1,0,80156
53626,1,0,80157
53627,2,0,80159
53628,1,0,80160
53629,2,0,80162
53630,1,0,80163
53631,1,0,80164
53632,2,0,80166
53633,1,0,80167
53634,1,0,80168
53635,1,0,80169
53636,2,0,80171
53637,1,0,80172
53638,1,0,80173
53639,1,0,80174
53640,1,0,80175
53641,4,0,80179
53642,1,0,80180
53643,1,0,80181
53644,1,0,80182
53645,1,0,80183
53646,1,0,80184
53647,1,0,80185
53648,2,0,80187
53649,3,0,80190
53650,1,0,80191
53651,1,0,80192
53652,1,0,80193
53653,2,0,80195
53654,1,0,80196
53655,1,0,80197
53656,1,0,80198
53657,1,0,80199
53658,1,0,80200
53659,2,0,80202
53660,2,0,80204
53661,2,0,80206
53662,2,0,80208
53663,1,0,80209
53664,1,0,80210
53665,1,0,80211
53666,1,0,80212
53667,1,0,80213
53668,1,0,80214
53669,1,0,80215
53670,1,0,80216
53671,2,0,80218
53672,1,0,80219
53673,1,0,80220
53674,1,0,80221
53675,3,0,80224
53676,1,0,80225
53677,2,0,80227
53678,1,0,80228
53679,1,0,80229
53680,1,0,80230
53681,1,0,80231
53682,1,0,80232
53683,1,0,80233
53684,3,0,80236
53685,1,0,80237
53686,2,0,80239
53687,3,0,80242
53688,1,0,80243
53689,1,0,80244
53690,1,0,80245
53691,3,0,80248
53692,2,0,80250
53693,1,0,80251
53694,1,0,80252
53695,1,0,80253
53696,2,0,80255
53697,2,0,80257
53698,1,0,80258
53699,1,0,80259
53700,2,0,80261
53701,1,0,80262
53702,2,0,80264
53703,1,0,80265
53704,1,0,80266
53705,3,0,80269
53706,1,0,80270
53707,1,0,80271
53708,1,0,80272
53709,4,0,80276
53710,1,0,80277
53711,1,0,80278
53712,1,0,80279
53713,2,0,80281
53714,1,0,80282
53715,1,0,80283
53716,3,0,80286
53717,1,0,80287
53718,1,0,80288
53719,4,0,80292
53720,2,0,80294
53721,1,0,80295
53722,1,0,80296
53723,1,0,80297
53724,1,0,80298
53725,1,0,80299
53726,1,0,80300
53727,1,0,80301
53728,2,0,80303
53729,1,0,80304
53730,5,0,80309
53731,2,0,80311
53732,2,0,80313
53733,1,0,80314
53734,2,0,80316
53735,2,0,80318
53736,1,0,80319
53737,1,0,80320
53738,1,0,80321
53739,1,0,80322
53740,1,0,80323
53741,2,0,80325
53742,1,0,80326
53743,2,0,80328
53744,1,0,80329
53745,1,0,80330
53746,1,0,80331
53747,1,0,80332
53748,1,0,80333
53749,2,0,80335
53750,1,0,80336
53751,1,0,80337
53752,1,0,80338
53753,2,0,80340
53754,1,0,80341
53755,3,0,80344
53756,1,0,80345
53757,2,0,80347
53758,1,0,80348
53759,3,0,80351
53760,1,0,80352
53761,4,0,80356
53762,3,0,80359
53763,2,0,80361
53764,1,0,80362
53765,1,0,80363
53766,1,0,80364
53767,1,0,80365
53768,3,0,80368
53769,1,0,80369
53770,1,0,80370
53771,2,0,80372
53772,1,0,80373
53773,1,0,80374
53774,1,0,80375
53775,1,0,80376
53776,1,0,80377
53777,1,0,80378
53778,1,0,80379
53779,1,0,80380
53780,1,0,80381
53781,2,0,80383
53782,1,0,80384
53783,2,0,80386
53784,1,0,80387
53785,1,0,80388
53786,1,0,80389
53787,1,0,80390
53788,1,0,80391
53789,1,0,80392
53790,1,0,80393
53791,1,0,80394
53792,1,0,80395
53793,1,0,80396
53794,1,0,80397
53795,2,0,80399
53796,1,0,80400
53797,1,0,80401
53798,1,0,80402
53799,1,0,80403
53800,1,0,80404
53801,1,0,80405
53802,1,0,80406
53803,2,0,80408
53804,1,0,80409
53805,1,0,80410
53806,1,0,80411
53807,1,0,80412
53808,1,0,80413
53809,1,0,80414
53810,3,0,80417
53811,1,0,80418
53812,2,0,80420
53813,1,0,80421
53814,2,0,80423
53815,2,0,80425
53816,1,0,80426
53817,1,0,80427
53818,1,0,80428
53819,1,0,80429
53820,2,0,80431
53821,1,0,80432
53822,4,0,80436
53823,1,0,80437
53824,1,0,80438
53825,1,0,80439
53826,1,0,80440
53827,1,0,80441
53828,1,0,80442
53829,1,0,80443
53830,1,0,80444
53831,1,0,80445
53832,3,0,80448
53833,1,0,80449
53834,1,0,80450
53835,1,0,80451
53836,2,0,80453
53837,2,0,80455
53838,2,0,80457
53839,3,0,80460
53840,1,0,80461
53841,2,0,80463
53842,1,0,80464
53843,2,0,80466
53844,1,0,80467
53845,2,0,80469
53846,1,0,80470
53847,2,0,80472
53848,1,0,80473
53849,2,0,80475
53850,1,0,80476
53851,1,0,80477
53852,1,0,80478
53853,1,0,80479
53854,1,0,80480
53855,1,0,80481
53856,1,0,80482
53857,2,0,80484
53858,2,0,80486
53859,2,0,80488
53860,1,0,80489
53861,1,0,80490
53862,1,0,80491
53863,3,0,80494
53864,1,0,80495
53865,1,0,80496
53866,2,0,80498
53867,1,0,80499
53868,1,0,80500
53869,1,0,80501
53870,1,0,80502
53871,2,0,80504
53872,1,0,80505
53873,1,0,80506
53874,1,0,80507
53875,2,0,80509
53876,1,0,80510
53877,1,0,80511
53878,3,0,80514
53879,2,0,80516
53880,1,0,80517
53881,3,0,80520
53882,1,0,80521
53883,2,0,80523
53884,1,0,80524
53885,1,0,80525
53886,1,0,80526
53887,2,0,80528
53888,1,0,80529
53889,3,0,80532
53890,2,0,80534
53891,1,0,80535
53892,1,0,80536
53893,2,0,80538
53894,1,0,80539
53895,3,0,80542
53896,1,0,80543
53897,3,0,80546
53898,1,0,80547
53899,2,0,80549
53900,1,0,80550
53901,1,0,80551
53902,1,0,80552
53903,1,0,80553
53904,2,0,80555
53905,1,0,80556
53906,1,0,80557
53907,1,0,80558
53908,2,0,80560
53909,2,0,80562
53910,1,0,80563
53911,1,0,80564
53912,5,0,80569
53913,1,0,80570
53914,1,0,80571
53915,1,0,80572
53916,1,0,80573
53917,1,0,80574
53918,1,0,80575
53919,1,0,80576
53920,1,0,80577
53921,3,0,80580
53922,1,0,80581
53923,1,0,80582
53924,1,0,80583
53925,1,0,80584
53926,1,0,80585
53927,1,0,80586
53928,1,0,80587
53929,1,0,80588
53930,2,0,80590
53931,2,0,80592
53932,1,0,80593
53933,1,0,80594
53934,1,0,80595
53935,2,0,80597
53936,3,0,80600
53937,2,0,80602
53938,1,0,80603
53939,1,0,80604
53940,1,0,80605
53941,2,0,80607
53942,1,0,80608
53943,1,0,80609
53944,1,0,80610
53945,2,0,80612
53946,1,0,80613
53947,3,0,80616
53948,1,0,80617
53949,1,0,80618
53950,1,0,80619
53951,2,0,80621
53952,1,0,80622
53953,1,0,80623
53954,1,0,80624
53955,2,0,80626
53956,1,0,80627
53957,1,0,80628
53958,1,0,80629
53959,1,0,80630
53960,1,0,80631
53961,1,0,80632
53962,1,0,80633
53963,1,0,80634
53964,4,0,80638
53965,1,0,80639
53966,1,0,80640
53967,2,0,80642
53968,1,0,80643
53969,1,0,80644
53970,1,0,80645
53971,1,0,80646
53972,1,0,80647
53973,1,0,80648
53974,1,0,80649
53975,1,0,80650
53976,2,0,80652
53977,1,0,80653
53978,3,0,80656
53979,1,0,80657
53980,1,0,80658
53981,1,0,80659
53982,1,0,80660
53983,1,0,80661
53984,1,0,80662
53985,1,0,80663
53986,1,0,80664
53987,1,0,80665
53988,1,0,80666
53989,2,0,80668
53990,1,0,80669
53991,2,0,80671
53992,1,0,80672
53993,1,0,80673
53994,2,0,80675
53995,1,0,80676
53996,1,0,80677
53997,1,0,80678
53998,3,0,80681
53999,1,0,80682
54000,1,0,80683
54001,2,0,80685
54002,1,0,80686
54003,1,0,80687
54004,1,0,80688
54005,1,0,80689
54006,1,0,80690
54007,1,0,80691
54008,1,0,80692
54009,1,0,80693
54010,1,0,80694
54011,2,0,80696
54012,1,0,80697
54013,1,0,80698
54014,2,0,80700
54015,1,0,80701
54016,1,0,80702
54017,1,0,80703
54018,3,0,80706
54019,1,0,80707
54020,1,0,80708
54021,3,0,80711
54022,1,0,80712
54023,1,0,80713
54024,1,0,80714
54025,1,0,80715
54026,2,0,80717
54027,1,0,80718
54028,1,0,80719
54029,1,0,80720
54030,2,0,80722
54031,1,0,80723
54032,3,0,80726
54033,1,0,80727
54034,1,0,80728
54035,2,0,80730
54036,3,0,80733
54037,1,0,80734
54038,1,0,80735
54039,1,0,80736
54040,2,0,80738
54041,3,0,80741
54042,2,0,80743
54043,1,0,80744
54044,3,0,80747
54045,3,0,80750
54046,1,0,80751
54047,1,0,80752
54048,1,0,80753
54049,3,0,80756
54050,1,0,80757
54051,2,0,80759
54052,1,0,80760
54053,1,0,80761
54054,2,0,80763
54055,1,0,80764
54056,2,0,80766
54057,1,0,80767
54058,1,0,80768
54059,1,0,80769
54060,1,0,80770
54061,1,0,80771
54062,1,0,80772
54063,3,0,80775
54064,1,0,80776
54065,1,0,80777
54066,2,0,80779
54067,16,0,80795
54068,1,0,80796
54069,2,0,80798
54070,1,0,80799
54071,1,0,80800
54072,1,0,80801
54073,1,0,80802
54074,2,0,80804
54075,1,0,80805
54076,1,0,80806
54077,1,0,80807
54078,2,0,80809
54079,1,0,80810
54080,1,0,80811
54081,1,0,80812
54082,1,0,80813
54083,1,0,80814
54084,3,0,80817
54085,3,0,80820
54086,1,0,80821
54087,1,0,80822
54088,1,0,80823
54089,1,0,80824
54090,1,0,80825
54091,1,0,80826
54092,2,0,80828
54093,1,0,80829
54094,1,0,80830
54095,2,0,80832
54096,1,0,80833
54097,2,0,80835
54098,2,0,80837
54099,1,0,80838
54100,1,0,80839
54101,1,0,80840
54102,1,0,80841
54103,1,0,80842
54104,1,0,80843
54105,2,0,80845
54106,1,0,80846
54107,2,0,80848
54108,1,0,80849
54109,1,0,80850
54110,1,0,80851
54111,1,0,80852
54112,1,0,80853
54113,2,0,80855
54114,1,0,80856
54115,1,0,80857
54116,2,0,80859
54117,2,0,80861
54118,3,0,80864
54119,1,0,80865
54120,1,0,80866
54121,1,0,80867
54122,3,0,80870
54123,3,0,80873
54124,1,0,80874
54125,1,0,80875
54126,2,0,80877
54127,1,0,80878
54128,1,0,80879
54129,1,0,80880
54130,1,0,80881
54131,2,0,80883
54132,2,0,80885
54133,1,0,80886
54134,1,0,80887
54135,3,0,80890
54136,1,0,80891
54137,2,0,80893
54138,3,0,80896
54139,5,0,80901
54140,1,0,80902
54141,1,0,80903
54142,1,0,80904
54143,2,0,80906
54144,1,0,80907
54145,1,0,80908
54146,2,0,80910
54147,1,0,80911
54148,1,0,80912
54149,1,0,80913
54150,3,0,80916
54151,3,0,80919
54152,3,0,80922
54153,1,0,80923
54154,1,0,80924
54155,2,0,80926
54156,1,0,80927
54157,1,0,80928
54158,1,0,80929
54159,2,0,80931
54160,1,0,80932
54161,1,0,80933
54162,2,0,80935
54163,1,0,80936
54164,2,0,80938
54165,1,0,80939
54166,1,0,80940
54167,1,0,80941
54168,1,0,80942
54169,2,0,80944
54170,1,0,80945
54171,1,0,80946
54172,1,0,80947
54173,1,0,80948
54174,1,0,80949
54175,2,0,80951
54176,1,0,80952
54177,1,0,80953
54178,2,0,80955
54179,2,0,80957
54180,1,0,80958
54181,1,0,80959
54182,1,0,80960
54183,1,0,80961
54184,1,0,80962
54185,2,0,80964
54186,1,0,80965
54187,2,0,80967
54188,1,0,80968
54189,1,0,80969
54190,1,0,80970
54191,1,0,80971
54192,1,0,80972
54193,1,0,80973
54194,1,0,80974
54195,2,0,80976
54196,1,0,80977
54197,1,0,80978
54198,1,0,80979
54199,1,0,80980
54200,2,0,80982
54201,1,0,80983
54202,2,0,80985
54203,1,0,80986
54204,1,0,80987
54205,1,0,80988
54206,2,0,80990
54207,1,0,80991
54208,1,0,80992
54209,1,0,80993
54210,1,0,80994
54211,1,0,80995
54212,1,0,80996
54213,1,0,80997
54214,1,0,80998
54215,1,0,80999
54216,1,0,81000
54217,2,0,81002
54218,1,0,81003
54219,2,0,81005
54220,3,0,81008
54221,1,0,81009
54222,1,0,81010
54223,1,0,81011
54224,2,0,81013
54225,1,0,81014
54226,1,0,81015
54227,1,0,81016
54228,2,0,81018
54229,2,0,81020
54230,1,0,81021
54231,2,0,81023
54232,2,0,81025
54233,2,0,81027
54234,1,0,81028
54235,2,0,81030
54236,1,0,81031
54237,3,0,81034
54238,3,0,81037
54239,1,0,81038
54240,1,0,81039
54241,1,0,81040
54242,1,0,81041
54243,1,0,81042
54244,2,0,81044
54245,4,0,81048
54246,1,0,81049
54247,2,0,81051
54248,1,0,81052
54249,3,0,81055
54250,2,0,81057
54251,1,0,81058
54252,2,0,81060
54253,1,0,81061
54254,1,0,81062
54255,1,0,81063
54256,1,0,81064
54257,3,0,81067
54258,2,0,81069
54259,1,0,81070
54260,1,0,81071
54261,2,0,81073
54262,2,0,81075
54263,1,0,81076
54264,1,0,81077
54265,1,0,81078
54266,1,0,81079
54267,4,0,81083
54268,2,0,81085
54269,2,0,81087
54270,1,0,81088
54271,1,0,81089
54272,1,0,81090
54273,2,0,81092
54274,1,0,81093
54275,2,0,81095
54276,2,0,81097
54277,1,0,81098
54278,1,0,81099
54279,1,0,81100
54280,1,0,81101
54281,1,0,81102
54282,3,0,81105
54283,1,0,81106
54284,1,0,81107
54285,1,0,81108
54286,1,0,81109
54287,1,0,81110
54288,3,0,81113
54289,1,0,81114
54290,1,0,81115
54291,1,0,81116
54292,1,0,81117
54293,2,0,81119
54294,1,0,81120
54295,1,0,81121
54296,1,0,81122
54297,3,0,81125
54298,2,0,81127
54299,1,0,81128
54300,1,0,81129
54301,1,0,81130
54302,1,0,81131
54303,1,0,81132
54304,2,0,81134
54305,1,0,81135
54306,1,0,81136
54307,1,0,81137
54308,1,0,81138
54309,2,0,81140
54310,2,0,81142
54311,1,0,81143
54312,1,0,81144
54313,1,0,81145
54314,1,0,81146
54315,1,0,81147
54316,1,0,81148
54317,1,0,81149
54318,2,0,81151
54319,2,0,81153
54320,1,0,81154
54321,1,0,81155
54322,1,0,81156
54323,4,0,81160
54324,1,0,81161
54325,1,0,81162
54326,1,0,81163
54327,2,0,81165
54328,2,0,81167
54329,2,0,81169
54330,1,0,81170
54331,1,0,81171
54332,2,0,81173
54333,2,0,81175
54334,1,0,81176
54335,1,0,81177
54336,1,0,81178
54337,2,0,81180
54338,1,0,81181
54339,1,0,81182
54340,1,0,81183
54341,3,0,81186
54342,1,0,81187
54343,1,0,81188
54344,1,0,81189
54345,1,0,81190
54346,3,0,81193
54347,2,0,81195
54348,1,0,81196
54349,1,0,81197
54350,2,0,81199
54351,3,0,81202
54352,1,0,81203
54353,1,0,81204
54354,1,0,81205
54355,1,0,81206
54356,2,0,81208
54357,2,0,81210
54358,1,0,81211
54359,6,0,81217
54360,1,0,81218
54361,2,0,81220
54362,1,0,81221
54363,1,0,81222
54364,4,0,81226
54365,1,0,81227
54366,2,0,81229
54367,1,0,81230
54368,2,0,81232
54369,1,0,81233
54370,1,0,81234
54371,1,0,81235
54372,2,0,81237
54373,1,0,81238
54374,2,0,81240
54375,1,0,81241
54376,3,0,81244
54377,1,0,81245
54378,1,0,81246
54379,1,0,81247
54380,3,0,81250
54381,1,0,81251
54382,1,0,81252
54383,2,0,81254
54384,2,0,81256
54385,1,0,81257
54386,2,0,81259
54387,4,0,81263
54388,1,0,81264
54389,1,0,81265
54390,1,0,81266
54391,1,0,81267
54392,1,0,81268
54393,1,0,81269
54394,1,0,81270
54395,1,0,81271
54396,3,0,81274
54397,1,0,81275
54398,1,0,81276
54399,1,0,81277
54400,1,0,81278
54401,2,0,81280
54402,1,0,81281
54403,1,0,81282
54404,2,0,81284
54405,1,0,81285
54406,1,0,81286
54407,1,0,81287
54408,2,0,81289
54409,1,0,81290
54410,1,0,81291
54411,2,0,81293
54412,1,0,81294
54413,1,0,81295
54414,2,0,81297
54415,1,0,81298
54416,1,0,81299
54417,1,0,81300
54418,1,0,81301
54419,1,0,81302
54420,1,0,81303
54421,1,0,81304
54422,1,0,81305
54423,1,0,81306
54424,2,0,81308
54425,1,0,81309
54426,2,0,81311
54427,2,0,81313
54428,2,0,81315
54429,1,0,81316
54430,2,0,81318
54431,1,0,81319
54432,1,0,81320
54433,1,0,81321
54434,2,0,81323
54435,1,0,81324
54436,1,0,81325
54437,1,0,81326
54438,2,0,81328
54439,1,0,81329
54440,1,0,81330
54441,1,0,81331
54442,1,0,81332
54443,1,0,81333
54444,1,0,81334
54445,3,0,81337
54446,2,0,81339
54447,2,0,81341
54448,2,0,81343
54449,2,0,81345
54450,2,0,81347
54451,3,0,81350
54452,2,0,81352
54453,1,0,81353
54454,2,0,81355
54455,1,0,81356
54456,1,0,81357
54457,2,0,81359
54458,1,0,81360
54459,2,0,81362
54460,3,0,81365
54461,2,0,81367
54462,1,0,81368
54463,1,0,81369
54464,1,0,81370
54465,1,0,81371
54466,1,0,81372
54467,1,0,81373
54468,1,0,81374
54469,3,0,81377
54470,1,0,81378
54471,5,0,81383
54472,2,0,81385
54473,2,0,81387
54474,1,0,81388
54475,2,0,81390
54476,2,0,81392
54477,2,0,81394
54478,1,0,81395
54479,1,0,81396
54480,2,0,81398
54481,1,0,81399
54482,2,0,81401
54483,1,0,81402
54484,2,0,81404
54485,1,0,81405
54486,1,0,81406
54487,1,0,81407
54488,2,0,81409
54489,3,0,81412
54490,1,0,81413
54491,3,0,81416
54492,1,0,81417
54493,1,0,81418
54494,1,0,81419
54495,1,0,81420
54496,1,0,81421
54497,1,0,81422
54498,1,0,81423
54499,1,0,81424
54500,1,0,81425
54501,2,0,81427
54502,1,0,81428
54503,2,0,81430
54504,1,0,81431
54505,3,0,81434
54506,1,0,81435
54507,1,0,81436
54508,1,0,81437
54509,2,0,81439
54510,3,0,81442
54511,1,0,81443
54512,2,0,81445
54513,1,0,81446
54514,3,0,81449
54515,2,0,81451
54516,2,0,81453
54517,1,0,81454
54518,3,0,81457
54519,1,0,81458
54520,1,0,81459
54521,3,0,81462
54522,1,0,81463
54523,1,0,81464
54524,1,0,81465
54525,2,0,81467
54526,1,0,81468
54527,2,0,81470
54528,1,0,81471
54529,3,0,81474
54530,1,0,81475
54531,2,0,81477
54532,1,0,81478
54533,1,0,81479
54534,2,0,81481
54535,2,0,81483
54536,1,0,81484
54537,1,0,81485
54538,1,0,81486
54539,1,0,81487
54540,1,0,81488
54541,2,0,81490
54542,1,0,81491
54543,1,0,81492
54544,1,0,81493
54545,3,0,81496
54546,1,0,81497
54547,2,0,81499
54548,2,0,81501
54549,3,0,81504
54550,1,0,81505
54551,6,0,81511
54552,1,0,81512
54553,1,0,81513
54554,1,0,81514
54555,1,0,81515
54556,2,0,81517
54557,1,0,81518
54558,1,0,81519
54559,1,0,81520
54560,2,0,81522
54561,1,0,81523
54562,1,0,81524
54563,1,0,81525
54564,1,0,81526
54565,1,0,81527
54566,3,0,81530
54567,1,0,81531
54568,1,0,81532
54569,1,0,81533
54570,1,0,81534
54571,4,0,81538
54572,1,0,81539
54573,1,0,81540
54574,3,0,81543
54575,2,0,81545
54576,2,0,81547
54577,1,0,81548
54578,3,0,81551
54579,1,0,81552
54580,1,0,81553
54581,1,0,81554
54582,1,0,81555
54583,2,0,81557
54584,1,0,81558
54585,1,0,81559
54586,1,0,81560
54587,2,0,81562
54588,1,0,81563
54589,1,0,81564
54590,2,0,81566
54591,2,0,81568
54592,3,0,81571
54593,1,0,81572
54594,1,0,81573
54595,2,0,81575
54596,1,0,81576
54597,1,0,81577
54598,1,0,81578
54599,1,0,81579
54600,2,0,81581
54601,1,0,81582
54602,2,0,81584
54603,1,0,81585
54604,2,0,81587
54605,2,0,81589
54606,1,0,81590
54607,3,0,81593
54608,1,0,81594
54609,1,0,81595
54610,2,0,81597
54611,1,0,81598
54612,2,0,81600
54613,1,0,81601
54614,1,0,81602
54615,1,0,81603
54616,4,0,81607
54617,1,0,81608
54618,1,0,81609
54619,2,0,81611
54620,3,0,81614
54621,1,0,81615
54622,2,0,81617
54623,1,0,81618
54624,1,0,81619
54625,1,0,81620
54626,2,0,81622
54627,1,0,81623
54628,1,0,81624
54629,1,0,81625
54630,1,0,81626
54631,5,0,81631
54632,2,0,81633
54633,1,0,81634
54634,4,0,81638
54635,1,0,81639
54636,1,0,81640
54637,1,0,81641
54638,1,0,81642
54639,1,0,81643
54640,1,0,81644
54641,1,0,81645
54642,1,0,81646
54643,3,0,81649
54644,1,0,81650
54645,3,0,81653
54646,2,0,81655
54647,5,0,81660
54648,2,0,81662
54649,1,0,81663
54650,2,0,81665
54651,1,0,81666
54652,2,0,81668
54653,1,0,81669
54654,1,0,81670
54655,1,0,81671
54656,1,0,81672
54657,2,0,81674
54658,1,0,81675
54659,1,0,81676
54660,1,0,81677
54661,1,0,81678
54662,1,0,81679
54663,2,0,81681
54664,4,0,81685
54665,3,0,81688
54666,1,0,81689
54667,1,0,81690
54668,2,0,81692
54669,1,0,81693
54670,2,0,81695
54671,2,0,81697
54672,1,0,81698
54673,1,0,81699
54674,4,0,81703
54675,1,0,81704
54676,1,0,81705
54677,1,0,81706
54678,1,0,81707
54679,1,0,81708
54680,1,0,81709
54681,1,0,81710
54682,1,0,81711
54683,1,0,81712
54684,3,0,81715
54685,4,0,81719
54686,1,0,81720
54687,2,0,81722
54688,1,0,81723
54689,1,0,81724
54690,1,0,81725
54691,1,0,81726
54692,2,0,81728
54693,2,0,81730
54694,2,0,81732
54695,1,0,81733
54696,1,0,81734
54697,1,0,81735
54698,2,0,81737
54699,3,0,81740
54700,1,0,81741
54701,1,0,81742
54702,1,0,81743
54703,1,0,81744
54704,2,0,81746
54705,1,0,81747
54706,1,0,81748
54707,1,0,81749
54708,1,0,81750
54709,2,0,81752
54710,2,0,81754
54711,2,0,81756
54712,2,0,81758
54713,1,0,81759
54714,1,0,81760
54715,1,0,81761
54716,1,0,81762
54717,1,0,81763
54718,1,0,81764
54719,1,0,81765
54720,1,0,81766
54721,1,0,81767
54722,1,0,81768
54723,1,0,81769
54724,1,0,81770
54725,1,0,81771
54726,1,0,81772
54727,1,0,81773
54728,1,0,81774
54729,2,0,81776
54730,1,0,81777
54731,1,0,81778
54732,1,0,81779
54733,2,0,81781
54734,1,0,81782
54735,3,0,81785
54736,1,0,81786
54737,1,0,81787
54738,1,0,81788
54739,1,0,81789
54740,1,0,81790
54741,1,0,81791
54742,1,0,81792
54743,1,0,81793
54744,1,0,81794
54745,2,0,81796
54746,2,0,81798
54747,1,0,81799
54748,2,0,81801
54749,2,0,81803
54750,3,0,81806
54751,1,0,81807
54752,1,0,81808
54753,2,0,81810
54754,1,0,81811
54755,2,0,81813
54756,1,0,81814
54757,2,0,81816
54758,1,0,81817
54759,1,0,81818
54760,1,0,81819
54761,1,0,81820
54762,1,0,81821
54763,2,0,81823
54764,1,0,81824
54765,2,0,81826
54766,1,0,81827
54767,1,0,81828
54768,3,0,81831
54769,1,0,81832
54770,1,0,81833
54771,1,0,81834
54772,1,0,81835
54773,3,0,81838
54774,1,0,81839
54775,2,0,81841
54776,1,0,81842
54777,2,0,81844
54778,1,0,81845
54779,1,0,81846
54780,3,0,81849
54781,1,0,81850
54782,1,0,81851
54783,2,0,81853
54784,1,0,81854
54785,1,0,81855
54786,1,0,81856
54787,2,0,81858
54788,1,0,81859
54789,1,0,81860
54790,1,0,81861
54791,1,0,81862
54792,1,0,81863
54793,1,0,81864
54794,1,0,81865
54795,1,0,81866
54796,5,0,81871
54797,1,0,81872
54798,1,0,81873
54799,1,0,81874
54800,1,0,81875
54801,1,0,81876
54802,1,0,81877
54803,1,0,81878
54804,1,0,81879
54805,1,0,81880
54806,2,0,81882
54807,1,0,81883
54808,1,0,81884
54809,1,0,81885
54810,1,0,81886
54811,3,0,81889
54812,1,0,81890
54813,1,0,81891
54814,1,0,81892
54815,1,0,81893
54816,1,0,81894
54817,1,0,81895
54818,1,0,81896
54819,1,0,81897
54820,2,0,81899
54821,2,0,81901
54822,1,0,81902
54823,2,0,81904
54824,3,0,81907
54825,1,0,81908
54826,2,0,81910
54827,2,0,81912
54828,1,0,81913
54829,1,0,81914
54830,2,0,81916
54831,1,0,81917
54832,2,0,81919
54833,3,0,81922
54834,1,0,81923
54835,2,0,81925
54836,2,0,81927
54837,1,0,81928
54838,1,0,81929
54839,1,0,81930
54840,1,0,81931
54841,1,0,81932
54842,1,0,81933
54843,1,0,81934
54844,1,0,81935
54845,1,0,81936
54846,2,0,81938
54847,1,0,81939
54848,1,0,81940
54849,1,0,81941
54850,2,0,81943
54851,1,0,81944
54852,1,0,81945
54853,1,0,81946
54854,1,0,81947
54855,3,0,81950
54856,3,0,81953
54857,2,0,81955
54858,1,0,81956
54859,3,0,81959
54860,2,0,81961
54861,2,0,81963
54862,4,0,81967
54863,2,0,81969
54864,3,0,81972
54865,1,0,81973
54866,1,0,81974
54867,1,0,81975
54868,1,0,81976
54869,1,0,81977
54870,1,0,81978
54871,1,0,81979
54872,1,0,81980
54873,1,0,81981
54874,1,0,81982
54875,1,0,81983
54876,1,0,81984
54877,2,0,81986
54878,2,0,81988
54879,1,0,81989
54880,1,0,81990
54881,2,0,81992
54882,1,0,81993
54883,1,0,81994
54884,1,0,81995
54885,3,0,81998
54886,1,0,81999
54887,1,0,82000
54888,1,0,82001
54889,1,0,82002
54890,1,0,82003
54891,1,0,82004
54892,1,0,82005
54893,3,0,82008
54894,1,0,82009
54895,1,0,82010
54896,1,0,82011
54897,1,0,82012
54898,1,0,82013
54899,1,0,82014
54900,2,0,82016
54901,1,0,82017
54902,1,0,82018
54903,1,0,82019
54904,1,0,82020
54905,1,0,82021
54906,1,0,82022
54907,1,0,82023
54908,1,0,82024
54909,1,0,82025
54910,1,0,82026
54911,1,0,82027
54912,3,0,82030
54913,4,0,82034
54914,1,0,82035
54915,2,0,82037
54916,4,0,82041
54917,1,0,82042
54918,1,0,82043
54919,1,0,82044
54920,1,0,82045
54921,1,0,82046
54922,1,0,82047
54923,1,0,82048
54924,2,0,82050
54925,4,0,82054
54926,1,0,82055
54927,2,0,82057
54928,1,0,82058
54929,1,0,82059
54930,3,0,82062
54931,1,0,82063
54932,2,0,82065
54933,1,0,82066
54934,3,0,82069
54935,2,0,82071
54936,1,0,82072
54937,1,0,82073
54938,1,0,82074
54939,1,0,82075
54940,1,0,82076
54941,1,0,82077
54942,1,0,82078
54943,1,0,82079
54944,1,0,82080
54945,1,0,82081
54946,1,0,82082
54947,1,0,82083
54948,1,0,82084
54949,2,0,82086
54950,1,0,82087
54951,1,0,82088
54952,1,0,82089
54953,1,0,82090
54954,1,0,82091
54955,1,0,82092
54956,1,0,82093
54957,2,0,82095
54958,1,0,82096
54959,1,0,82097
54960,1,0,82098
54961,1,0,82099
54962,2,0,82101
54963,1,0,82102
54964,3,0,82105
54965,1,0,82106
54966,1,0,82107
54967,1,0,82108
54968,2,0,82110
54969,1,0,82111
54970,1,0,82112
54971,1,0,82113
54972,1,0,82114
54973,1,0,82115
54974,1,0,82116
54975,1,0,82117
54976,1,0,82118
54977,1,0,82119
54978,1,0,82120
54979,1,0,82121
54980,1,0,82122
54981,3,0,82125
54982,1,0,82126
54983,1,0,82127
54984,1,0,82128
54985,2,0,82130
54986,1,0,82131
54987,1,0,82132
54988,1,0,82133
54989,1,0,82134
54990,1,0,82135
54991,1,0,82136
54992,2,0,82138
54993,1,0,82139
54994,1,0,82140
54995,1,0,82141
54996,1,0,82142
54997,1,0,82143
54998,1,0,82144
54999,1,0,82145
55000,1,0,82146
55001,1,0,82147
55002,2,0,82149
55003,1,0,82150
55004,1,0,82151
55005,1,0,82152
55006,1,0,82153
55007,1,0,82154
55008,1,0,82155
55009,1,0,82156
55010,2,0,82158
55011,1,0,82159
55012,1,0,82160
55013,1,0,82161
55014,2,0,82163
55015,2,0,82165
55016,1,0,82166
55017,1,0,82167
55018,1,0,82168
55019,2,0,82170
55020,1,0,82171
55021,1,0,82172
55022,1,0,82173
55023,3,0,82176
55024,1,0,82177
55025,1,0,82178
55026,1,0,82179
55027,1,0,82180
55028,3,0,82183
55029,1,0,82184
55030,3,0,82187
55031,1,0,82188
55032,1,0,82189
55033,1,0,82190
55034,1,0,82191
55035,1,0,82192
55036,1,0,82193
55037,1,0,82194
55038,2,0,82196
55039,2,0,82198
55040,1,0,82199
55041,3,0,82202
55042,1,0,82203
55043,2,0,82205
55044,3,0,82208
55045,2,0,82210
55046,1,0,82211
55047,2,0,82213
55048,1,0,82214
55049,1,0,82215
55050,1,0,82216
55051,1,0,82217
55052,1,0,82218
55053,1,0,82219
55054,2,0,82221
55055,1,0,82222
55056,2,0,82224
55057,1,0,82225
55058,1,0,82226
55059,1,0,82227
55060,2,0,82229
55061,3,0,82232
55062,1,0,82233
55063,1,0,82234
55064,1,0,82235
55065,2,0,82237
55066,2,0,82239
55067,1,0,82240
55068,1,0,82241
55069,2,0,82243
55070,2,0,82245
55071,1,0,82246
55072,1,0,82247
55073,1,0,82248
55074,1,0,82249
55075,1,0,82250
55076,1,0,82251
55077,1,0,82252
55078,2,0,82254
55079,2,0,82256
55080,1,0,82257
55081,1,0,82258
55082,1,0,82259
55083,1,0,82260
55084,3,0,82263
55085,1,0,82264
55086,1,0,82265
55087,3,0,82268
55088,1,0,82269
55089,3,0,82272
55090,1,0,82273
55091,2,0,82275
55092,3,0,82278
55093,1,0,82279
55094,1,0,82280
55095,3,0,82283
55096,2,0,82285
55097,1,0,82286
55098,1,0,82287
55099,1,0,82288
55100,1,0,82289
55101,2,0,82291
55102,1,0,82292
55103,1,0,82293
55104,2,0,82295
55105,4,0,82299
55106,1,0,82300
55107,1,0,82301
55108,1,0,82302
55109,1,0,82303
55110,1,0,82304
55111,1,0,82305
55112,3,0,82308
55113,1,0,82309
55114,1,0,82310
55115,1,0,82311
55116,1,0,82312
55117,2,0,82314
55118,1,0,82315
55119,1,0,82316
55120,1,0,82317
55121,1,0,82318
55122,1,0,82319
55123,3,0,82322
55124,1,0,82323
55125,1,0,82324
55126,1,0,82325
55127,1,0,82326
55128,1,0,82327
55129,1,0,82328
55130,1,0,82329
55131,1,0,82330
55132,3,0,82333
55133,5,0,82338
55134,1,0,82339
55135,3,0,82342
55136,2,0,82344
55137,1,0,82345
55138,1,0,82346
55139,1,0,82347
55140,1,0,82348
55141,1,0,82349
55142,1,0,82350
55143,3,0,82353
55144,1,0,82354
55145,1,0,82355
55146,2,0,82357
55147,1,0,82358
55148,2,0,82360
55149,5,0,82365
55150,1,0,82366
55151,3,0,82369
55152,1,0,82370
55153,1,0,82371
55154,1,0,82372
55155,3,0,82375
55156,2,0,82377
55157,1,0,82378
55158,1,0,82379
55159,1,0,82380
55160,1,0,82381
55161,1,0,82382
55162,1,0,82383
55163,1,0,82384
55164,1,0,82385
55165,1,0,82386
55166,1,0,82387
55167,1,0,82388
55168,1,0,82389
55169,1,0,82390
55170,1,0,82391
55171,1,0,82392
55172,1,0,82393
55173,1,0,82394
55174,1,0,82395
55175,1,0,82396
55176,1,0,82397
55177,1,0,82398
55178,2,0,82400
55179,1,0,82401
55180,1,0,82402
55181,1,0,82403
55182,2,0,82405
55183,1,0,82406
55184,1,0,82407
55185,1,0,82408
55186,1,0,82409
55187,1,0,82410
55188,1,0,82411
55189,1,0,82412
55190,1,0,82413
55191,2,0,82415
55192,1,0,82416
55193,1,0,82417
55194,1,0,82418
55195,1,0,82419
55196,2,0,82421
55197,1,0,82422
55198,2,0,82424
55199,1,0,82425
55200,1,0,82426
55201,1,0,82427
55202,1,0,82428
55203,1,0,82429
55204,1,0,82430
55205,1,0,82431
55206,1,0,82432
55207,2,0,82434
55208,1,0,82435
55209,1,0,82436
55210,1,0,82437
55211,1,0,82438
55212,1,0,82439
55213,1,0,82440
55214,1,0,82441
55215,2,0,82443
55216,1,0,82444
55217,1,0,82445
55218,1,0,82446
55219,1,0,82447
55220,1,0,82448
55221,1,0,82449
55222,1,0,82450
55223,1,0,82451
55224,1,0,82452
55225,1,0,82453
55226,2,0,82455
55227,2,0,82457
55228,1,0,82458
55229,1,0,82459
55230,1,0,82460
55231,1,0,82461
55232,1,0,82462
55233,1,0,82463
55234,1,0,82464
55235,1,0,82465
55236,1,0,82466
55237,1,0,82467
55238,1,0,82468
55239,1,0,82469
55240,1,0,82470
55241,1,0,82471
55242,1,0,82472
55243,1,0,82473
55244,2,0,82475
55245,2,0,82477
55246,1,0,82478
55247,2,0,82480
55248,1,0,82481
55249,1,0,82482
55250,1,0,82483
55251,1,0,82484
55252,1,0,82485
55253,1,0,82486
55254,1,0,82487
55255,1,0,82488
55256,2,0,82490
55257,1,0,82491
55258,1,0,82492
55259,1,0,82493
55260,1,0,82494
55261,2,0,82496
55262,1,0,82497
55263,2,0,82499
55264,1,0,82500
55265,1,0,82501
55266,1,0,82502
55267,1,0,82503
55268,1,0,82504
55269,1,0,82505
55270,3,0,82508
55271,1,0,82509
55272,1,0,82510
55273,3,0,82513
55274,1,0,82514
55275,1,0,82515
55276,1,0,82516
55277,2,0,82518
55278,1,0,82519
55279,1,0,82520
55280,1,0,82521
55281,2,0,82523
55282,2,0,82525
55283,1,0,82526
55284,1,0,82527
55285,1,0,82528
55286,1,0,82529
55287,1,0,82530
55288,1,0,82531
55289,1,0,82532
55290,1,0,82533
55291,3,0,82536
55292,1,0,82537
55293,1,0,82538
55294,1,0,82539
55295,1,0,82540
55296,2,0,82542
55297,2,0,82544
55298,1,0,82545
55299,2,0,82547
55300,2,0,82549
55301,1,0,82550
55302,1,0,82551
55303,1,0,82552
55304,1,0,82553
55305,1,0,82554
55306,1,0,82555
55307,1,0,82556
55308,1,0,82557
55309,3,0,82560
55310,1,0,82561
55311,1,0,82562
55312,1,0,82563
55313,1,0,82564
55314,1,0,82565
55315,1,0,82566
55316,1,0,82567
55317,1,0,82568
55318,1,0,82569
55319,2,0,82571
55320,1,0,82572
55321,1,0,82573
55322,1,0,82574
55323,3,0,82577
55324,1,0,82578
55325,1,0,82579
55326,1,0,82580
55327,1,0,82581
55328,1,0,82582
55329,2,0,82584
55330,1,0,82585
55331,1,0,82586
55332,2,0,82588
55333,1,0,82589
55334,1,0,82590
55335,1,0,82591
55336,1,0,82592
55337,1,0,82593
55338,1,0,82594
55339,3,0,82597
55340,1,0,82598
55341,1,0,82599
55342,1,0,82600
55343,1,0,82601
55344,5,0,82606
55345,3,0,82609
55346,1,0,82610
55347,1,0,82611
55348,2,0,82613
55349,2,0,82615
55350,1,0,82616
55351,1,0,82617
55352,2,0,82619
55353,1,0,82620
55354,2,0,82622
55355,1,0,82623
55356,1,0,82624
55357,2,0,82626
55358,1,0,82627
55359,1,0,82628
55360,1,0,82629
55361,1,0,82630
55362,1,0,82631
55363,1,0,82632
55364,3,0,82635
55365,1,0,82636
55366,1,0,82637
55367,1,0,82638
55368,1,0,82639
55369,2,0,82641
55370,1,0,82642
55371,1,0,82643
55372,2,0,82645
55373,1,0,82646
55374,1,0,82647
55375,3,0,82650
55376,1,0,82651
55377,1,0,82652
55378,1,0,82653
55379,1,0,82654
55380,1,0,82655
55381,1,0,82656
55382,1,0,82657
55383,1,0,82658
55384,1,0,82659
55385,1,0,82660
55386,1,0,82661
55387,3,0,82664
55388,1,0,82665
55389,1,0,82666
55390,1,0,82667
55391,3,0,82670
55392,1,0,82671
55393,1,0,82672
55394,1,0,82673
55395,1,0,82674
55396,2,0,82676
55397,1,0,82677
55398,1,0,82678
55399,1,0,82679
55400,1,0,82680
55401,1,0,82681
55402,1,0,82682
55403,2,0,82684
55404,2,0,82686
55405,1,0,82687
55406,1,0,82688
55407,3,0,82691
55408,1,0,82692
55409,1,0,82693
55410,1,0,82694
55411,1,0,82695
55412,1,0,82696
55413,1,0,82697
55414,1,0,82698
55415,1,0,82699
55416,1,0,82700
55417,1,0,82701
55418,1,0,82702
55419,4,0,82706
55420,2,0,82708
55421,2,0,82710
55422,1,0,82711
55423,1,0,82712
55424,1,0,82713
55425,2,0,82715
55426,1,0,82716
55427,3,0,82719
55428,1,0,82720
55429,1,0,82721
55430,1,0,82722
55431,2,0,82724
55432,1,0,82725
55433,1,0,82726
55434,1,0,82727
55435,1,0,82728
55436,1,0,82729
55437,2,0,82731
55438,1,0,82732
55439,1,0,82733
55440,2,0,82735
55441,2,0,82737
55442,1,0,82738
55443,1,0,82739
55444,1,0,82740
55445,1,0,82741
55446,2,0,82743
55447,1,0,82744
55448,3,0,82747
55449,1,0,82748
55450,2,0,82750
55451,1,0,82751
55452,1,0,82752
55453,2,0,82754
55454,2,0,82756
55455,1,0,82757
55456,1,0,82758
55457,3,0,82761
55458,1,0,82762
55459,2,0,82764
55460,1,0,82765
55461,1,0,82766
55462,1,0,82767
55463,1,0,82768
55464,1,0,82769
55465,1,0,82770
55466,1,0,82771
55467,1,0,82772
55468,2,0,82774
55469,1,0,82775
55470,2,0,82777
55471,3,0,82780
55472,1,0,82781
55473,1,0,82782
55474,1,0,82783
55475,1,0,82784
55476,1,0,82785
55477,4,0,82789
55478,1,0,82790
55479,1,0,82791
55480,3,0,82794
55481,2,0,82796
55482,1,0,82797
55483,2,0,82799
55484,1,0,82800
55485,1,0,82801
55486,1,0,82802
55487,3,0,82805
55488,1,0,82806
55489,3,0,82809
55490,1,0,82810
55491,2,0,82812
55492,1,0,82813
55493,1,0,82814
55494,1,0,82815
55495,2,0,82817
55496,2,0,82819
55497,2,0,82821
55498,2,0,82823
55499,1,0,82824
55500,1,0,82825
55501,2,0,82827
55502,1,0,82828
55503,1,0,82829
55504,1,0,82830
55505,3,0,82833
55506,1,0,82834
55507,1,0,82835
55508,2,0,82837
55509,1,0,82838
55510,3,0,82841
55511,1,0,82842
55512,2,0,82844
55513,1,0,82845
55514,1,0,82846
55515,1,0,82847
55516,2,0,82849
55517,1,0,82850
55518,3,0,82853
55519,1,0,82854
55520,1,0,82855
55521,1,0,82856
55522,1,0,82857
55523,1,0,82858
55524,1,0,82859
55525,3,0,82862
55526,1,0,82863
55527,2,0,82865
55528,3,0,82868
55529,1,0,82869
55530,3,0,82872
55531,1,0,82873
55532,2,0,82875
55533,1,0,82876
55534,1,0,82877
55535,1,0,82878
55536,1,0,82879
55537,1,0,82880
55538,2,0,82882
55539,1,0,82883
55540,1,0,82884
55541,1,0,82885
55542,1,0,82886
55543,1,0,82887
55544,3,0,82890
55545,2,0,82892
55546,2,0,82894
55547,1,0,82895
55548,2,0,82897
55549,1,0,82898
55550,1,0,82899
55551,1,0,82900
55552,2,0,82902
55553,3,0,82905
55554,1,0,82906
55555,1,0,82907
55556,2,0,82909
55557,2,0,82911
55558,2,0,82913
55559,1,0,82914
55560,1,0,82915
55561,2,0,82917
55562,1,0,82918
55563,2,0,82920
55564,1,0,82921
55565,1,0,82922
55566,2,0,82924
55567,1,0,82925
55568,3,0,82928
55569,1,0,82929
55570,1,0,82930
55571,1,0,82931
55572,1,0,82932
55573,3,0,82935
55574,1,0,82936
55575,1,0,82937
55576,2,0,82939
55577,1,0,82940
55578,1,0,82941
55579,1,0,82942
55580,2,0,82944
55581,2,0,82946
55582,2,0,82948
55583,1,0,82949
55584,1,0,82950
55585,1,0,82951
55586,3,0,82954
55587,1,0,82955
55588,1,0,82956
55589,1,0,82957
55590,3,0,82960
55591,1,0,82961
55592,1,0,82962
55593,2,0,82964
55594,3,0,82967
55595,2,0,82969
55596,1,0,82970
55597,3,0,82973
55598,2,0,82975
55599,2,0,82977
55600,1,0,82978
55601,1,0,82979
55602,4,0,82983
55603,3,0,82986
55604,2,0,82988
55605,1,0,82989
55606,1,0,82990
55607,1,0,82991
55608,1,0,82992
55609,3,0,82995
55610,1,0,82996
55611,2,0,82998
55612,1,0,82999
55613,1,0,83000
55614,1,0,83001
55615,1,0,83002
55616,1,0,83003
55617,3,0,83006
55618,1,0,83007
55619,2,0,83009
55620,3,0,83012
55621,1,0,83013
55622,2,0,83015
55623,1,0,83016
55624,1,0,83017
55625,1,0,83018
55626,2,0,83020
55627,1,0,83021
55628,2,0,83023
55629,1,0,83024
55630,3,0,83027
55631,2,0,83029
55632,1,0,83030
55633,1,0,83031
55634,1,0,83032
55635,1,0,83033
55636,1,0,83034
55637,2,0,83036
55638,1,0,83037
55639,1,0,83038
55640,2,0,83040
55641,1,0,83041
55642,1,0,83042
55643,1,0,83043
55644,1,0,83044
55645,1,0,83045
55646,2,0,83047
55647,1,0,83048
55648,1,0,83049
55649,2,0,83051
55650,2,0,83053
55651,1,0,83054
55652,1,0,83055
55653,3,0,83058
55654,2,0,83060
55655,1,0,83061
55656,2,0,83063
55657,1,0,83064
55658,1,0,83065
55659,1,0,83066
55660,1,0,83067
55661,4,0,83071
55662,2,0,83073
55663,1,0,83074
55664,1,0,83075
55665,2,0,83077
55666,1,0,83078
55667,1,0,83079
55668,1,0,83080
55669,1,0,83081
55670,1,0,83082
55671,1,0,83083
55672,3,0,83086
55673,1,0,83087
55674,2,0,83089
55675,1,0,83090
55676,1,0,83091
55677,3,0,83094
55678,2,0,83096
55679,1,0,83097
55680,1,0,83098
55681,2,0,83100
55682,1,0,83101
55683,1,0,83102
55684,1,0,83103
55685,1,0,83104
55686,2,0,83106
55687,1,0,83107
55688,1,0,83108
55689,1,0,83109
55690,2,0,83111
55691,1,0,83112
55692,1,0,83113
55693,1,0,83114
55694,1,0,83115
55695,2,0,83117
55696,1,0,83118
55697,1,0,83119
55698,1,0,83120
55699,2,0,83122
55700,1,0,83123
55701,1,0,83124
55702,1,0,83125
55703,1,0,83126
55704,1,0,83127
55705,2,0,83129
55706,1,0,83130
55707,1,0,83131
55708,1,0,83132
55709,1,0,83133
55710,1,0,83134
55711,1,0,83135
55712,1,0,83136
55713,2,0,83138
55714,1,0,83139
55715,1,0,83140
55716,1,0,83141
55717,1,0,83142
55718,2,0,83144
55719,2,0,83146
55720,1,0,83147
55721,1,0,83148
55722,1,0,83149
55723,2,0,83151
55724,4,0,83155
55725,4,0,83159
55726,1,0,83160
55727,1,0,83161
55728,1,0,83162
55729,1,0,83163
55730,1,0,83164
55731,4,0,83168
55732,1,0,83169
55733,1,0,83170
55734,1,0,83171
55735,2,0,83173
55736,2,0,83175
55737,1,0,83176
55738,1,0,83177
55739,1,0,83178
55740,1,0,83179
55741,2,0,83181
55742,1,0,83182
55743,1,0,83183
55744,2,0,83185
55745,1,0,83186
55746,1,0,83187
55747,2,0,83189
55748,1,0,83190
55749,1,0,83191
55750,1,0,83192
55751,1,0,83193
55752,1,0,83194
55753,1,0,83195
55754,1,0,83196
55755,3,0,83199
55756,1,0,83200
55757,2,0,83202
55758,1,0,83203
55759,1,0,83204
55760,2,0,83206
55761,1,0,83207
55762,1,0,83208
55763,1,0,83209
55764,1,0,83210
55765,1,0,83211
55766,1,0,83212
55767,1,0,83213
55768,4,0,83217
55769,1,0,83218
55770,1,0,83219
55771,1,0,83220
55772,1,0,83221
55773,2,0,83223
55774,1,0,83224
55775,1,0,83225
55776,1,0,83226
55777,1,0,83227
55778,2,0,83229
55779,1,0,83230
55780,2,0,83232
55781,1,0,83233
55782,1,0,83234
55783,1,0,83235
55784,1,0,83236
55785,1,0,83237
55786,2,0,83239
55787,1,0,83240
55788,1,0,83241
55789,3,0,83244
55790,1,0,83245
55791,1,0,83246
55792,1,0,83247
55793,1,0,83248
55794,1,0,83249
55795,1,0,83250
55796,5,0,83255
55797,1,0,83256
55798,2,0,83258
55799,1,0,83259
55800,1,0,83260
55801,1,0,83261
55802,2,0,83263
55803,1,0,83264
55804,2,0,83266
55805,1,0,83267
55806,1,0,83268
55807,1,0,83269
55808,4,0,83273
55809,1,0,83274
55810,1,0,83275
55811,2,0,83277
55812,2,0,83279
55813,1,0,83280
55814,1,0,83281
55815,2,0,83283
55816,2,0,83285
55817,1,0,83286
55818,5,0,83291
55819,1,0,83292
55820,2,0,83294
55821,1,0,83295
55822,1,0,83296
55823,1,0,83297
55824,1,0,83298
55825,1,0,83299
55826,1,0,83300
55827,1,0,83301
55828,2,0,83303
55829,1,0,83304
55830,2,0,83306
55831,1,0,83307
55832,1,0,83308
55833,1,0,83309
55834,2,0,83311
55835,1,0,83312
55836,1,0,83313
55837,1,0,83314
55838,1,0,83315
55839,1,0,83316
55840,1,0,83317
55841,1,0,83318
55842,1,0,83319
55843,1,0,83320
55844,2,0,83322
55845,1,0,83323
55846,1,0,83324
55847,1,0,83325
55848,1,0,83326
55849,1,0,83327
55850,1,0,83328
55851,1,0,83329
55852,2,0,83331
55853,1,0,83332
55854,2,0,83334
55855,2,0,83336
55856,3,0,83339
55857,3,0,83342
55858,1,0,83343
55859,1,0,83344
55860,1,0,83345
55861,1,0,83346
55862,1,0,83347
55863,1,0,83348
55864,1,0,83349
55865,1,0,83350
55866,1,0,83351
55867,1,0,83352
55868,1,0,83353
55869,2,0,83355
55870,1,0,83356
55871,2,0,83358
55872,1,0,83359
55873,2,0,83361
55874,2,0,83363
55875,1,0,83364
55876,2,0,83366
55877,1,0,83367
55878,1,0,83368
55879,2,0,83370
55880,1,0,83371
55881,2,0,83373
55882,2,0,83375
55883,1,0,83376
55884,2,0,83378
55885,1,0,83379
55886,1,0,83380
55887,1,0,83381
55888,1,0,83382
55889,1,0,83383
55890,1,0,83384
55891,2,0,83386
55892,1,0,83387
55893,1,0,83388
55894,1,0,83389
55895,2,0,83391
55896,1,0,83392
55897,4,0,83396
55898,1,0,83397
55899,1,0,83398
55900,2,0,83400
55901,1,0,83401
55902,1,0,83402
55903,3,0,83405
55904,1,0,83406
55905,1,0,83407
55906,3,0,83410
55907,2,0,83412
55908,1,0,83413
55909,2,0,83415
55910,1,0,83416
55911,2,0,83418
55912,1,0,83419
55913,1,0,83420
55914,2,0,83422
55915,1,0,83423
55916,1,0,83424
55917,1,0,83425
55918,1,0,83426
55919,2,0,83428
55920,1,0,83429
55921,1,0,83430
55922,2,0,83432
55923,1,0,83433
55924,1,0,83434
55925,1,0,83435
55926,1,0,83436
55927,1,0,83437
55928,1,0,83438
55929,3,0,83441
55930,1,0,83442
55931,1,0,83443
55932,1,0,83444
55933,1,0,83445
55934,3,0,83448
55935,1,0,83449
55936,1,0,83450
55937,1,0,83451
55938,1,0,83452
55939,2,0,83454
55940,1,0,83455
55941,2,0,83457
55942,1,0,83458
55943,2,0,83460
55944,1,0,83461
55945,1,0,83462
55946,1,0,83463
55947,1,0,83464
55948,3,0,83467
55949,1,0,83468
55950,2,0,83470
55951,3,0,83473
55952,4,0,83477
55953,1,0,83478
55954,1,0,83479
55955,1,0,83480
55956,1,0,83481
55957,1,0,83482
55958,1,0,83483
55959,2,0,83485
55960,1,0,83486
55961,1,0,83487
55962,3,0,83490
55963,1,0,83491
55964,1,0,83492
55965,1,0,83493
55966,1,0,83494
55967,1,0,83495
55968,1,0,83496
55969,2,0,83498
55970,1,0,83499
55971,1,0,83500
55972,1,0,83501
55973,1,0,83502
55974,1,0,83503
55975,2,0,83505
55976,1,0,83506
55977,2,0,83508
55978,1,0,83509
55979,3,0,83512
55980,1,0,83513
55981,1,0,83514
55982,1,0,83515
55983,1,0,83516
55984,1,0,83517
55985,1,0,83518
55986,3,0,83521
55987,1,0,83522
55988,1,0,83523
55989,1,0,83524
55990,1,0,83525
55991,4,0,83529
55992,2,0,83531
55993,1,0,83532
55994,1,0,83533
55995,2,0,83535
55996,2,0,83537
55997,2,0,83539
55998,3,0,83542
55999,1,0,83543
56000,1,0,83544
56001,1,0,83545
56002,2,0,83547
56003,1,0,83548
56004,1,0,83549
56005,2,0,83551
56006,1,0,83552
56007,1,0,83553
56008,2,0,83555
56009,1,0,83556
56010,1,0,83557
56011,2,0,83559
56012,1,0,83560
56013,1,0,83561
56014,3,0,83564
56015,1,0,83565
56016,2,0,83567
56017,1,0,83568
56018,1,0,83569
56019,2,0,83571
56020,1,0,83572
56021,1,0,83573
56022,1,0,83574
56023,1,0,83575
56024,2,0,83577
56025,3,0,83580
56026,1,0,83581
56027,1,0,83582
56028,1,0,83583
56029,1,0,83584
56030,1,0,83585
56031,1,0,83586
56032,1,0,83587
56033,1,0,83588
56034,1,0,83589
56035,3,0,83592
56036,1,0,83593
56037,1,0,83594
56038,1,0,83595
56039,1,0,83596
56040,1,0,83597
56041,1,0,83598
56042,1,0,83599
56043,1,0,83600
56044,1,0,83601
56045,1,0,83602
56046,1,0,83603
56047,1,0,83604
56048,1,0,83605
56049,1,0,83606
56050,1,0,83607
56051,1,0,83608
56052,1,0,83609
56053,1,0,83610
56054,1,0,83611
56055,2,0,83613
56056,1,0,83614
56057,1,0,83615
56058,1,0,83616
56059,3,0,83619
56060,1,0,83620
56061,3,0,83623
56062,1,0,83624
56063,1,0,83625
56064,1,0,83626
56065,1,0,83627
56066,1,0,83628
56067,1,0,83629
56068,1,0,83630
56069,1,0,83631
56070,1,0,83632
56071,1,0,83633
56072,1,0,83634
56073,1,0,83635
56074,1,0,83636
56075,1,0,83637
56076,2,0,83639
56077,1,0,83640
56078,1,0,83641
56079,2,0,83643
56080,1,0,83644
56081,1,0,83645
56082,1,0,83646
56083,1,0,83647
56084,2,0,83649
56085,1,0,83650
56086,1,0,83651
56087,1,0,83652
56088,2,0,83654
56089,1,0,83655
56090,1,0,83656
56091,2,0,83658
56092,1,0,83659
56093,1,0,83660
56094,2,0,83662
56095,1,0,83663
56096,1,0,83664
56097,1,0,83665
56098,4,0,83669
56099,1,0,83670
56100,2,0,83672
56101,1,0,83673
56102,3,0,83676
56103,2,0,83678
56104,1,0,83679
56105,1,0,83680
56106,1,0,83681
56107,1,0,83682
56108,1,0,83683
56109,2,0,83685
56110,3,0,83688
56111,1,0,83689
56112,4,0,83693
56113,1,0,83694
56114,1,0,83695
56115,1,0,83696
56116,1,0,83697
56117,2,0,83699
56118,3,0,83702
56119,2,0,83704
56120,1,0,83705
56121,1,0,83706
56122,2,0,83708
56123,1,0,83709
56124,3,0,83712
56125,1,0,83713
56126,1,0,83714
56127,1,0,83715
56128,1,0,83716
56129,2,0,83718
56130,1,0,83719
56131,2,0,83721
56132,1,0,83722
56133,2,0,83724
56134,2,0,83726
56135,1,0,83727
56136,2,0,83729
56137,3,0,83732
56138,1,0,83733
56139,1,0,83734
56140,3,0,83737
56141,1,0,83738
56142,2,0,83740
56143,1,0,83741
56144,3,0,83744
56145,2,0,83746
56146,1,0,83747
56147,1,0,83748
56148,3,0,83751
56149,1,0,83752
56150,2,0,83754
56151,2,0,83756
56152,1,0,83757
56153,2,0,83759
56154,1,0,83760
56155,1,0,83761
56156,1,0,83762
56157,1,0,83763
56158,3,0,83766
56159,1,0,83767
56160,1,0,83768
56161,1,0,83769
56162,1,0,83770
56163,1,0,83771
56164,1,0,83772
56165,1,0,83773
56166,1,0,83774
56167,2,0,83776
56168,1,0,83777
56169,1,0,83778
56170,1,0,83779
56171,1,0,83780
56172,2,0,83782
56173,1,0,83783
56174,4,0,83787
56175,4,0,83791
56176,1,0,83792
56177,2,0,83794
56178,3,0,83797
56179,1,0,83798
56180,4,0,83802
56181,1,0,83803
56182,1,0,83804
56183,1,0,83805
56184,2,0,83807
56185,1,0,83808
56186,1,0,83809
56187,1,0,83810
56188,1,0,83811
56189,1,0,83812
56190,1,0,83813
56191,1,0,83814
56192,1,0,83815
56193,2,0,83817
56194,1,0,83818
56195,1,0,83819
56196,1,0,83820
56197,2,0,83822
56198,1,0,83823
56199,1,0,83824
56200,2,0,83826
56201,1,0,83827
56202,1,0,83828
56203,1,0,83829
56204,1,0,83830
56205,1,0,83831
56206,4,0,83835
56207,1,0,83836
56208,1,0,83837
56209,1,0,83838
56210,1,0,83839
56211,1,0,83840
56212,1,0,83841
56213,1,0,83842
56214,1,0,83843
56215,1,0,83844
56216,1,0,83845
56217,2,0,83847
56218,5,0,83852
56219,1,0,83853
56220,1,0,83854
56221,1,0,83855
56222,1,0,83856
56223,1,0,83857
56224,1,0,83858
56225,1,0,83859
56226,1,0,83860
56227,1,0,83861
56228,1,0,83862
56229,1,0,83863
56230,3,0,83866
56231,1,0,83867
56232,1,0,83868
56233,3,0,83871
56234,2,0,83873
56235,3,0,83876
56236,1,0,83877
56237,1,0,83878
56238,1,0,83879
56239,2,0,83881
56240,1,0,83882
56241,1,0,83883
56242,1,0,83884
56243,1,0,83885
56244,1,0,83886
56245,1,0,83887
56246,2,0,83889
56247,1,0,83890
56248,1,0,83891
56249,1,0,83892
56250,1,0,83893
56251,1,0,83894
56252,3,0,83897
56253,1,0,83898
56254,1,0,83899
56255,1,0,83900
56256,1,0,83901
56257,1,0,83902
56258,1,0,83903
56259,1,0,83904
56260,1,0,83905
56261,1,0,83906
56262,2,0,83908
56263,3,0,83911
56264,1,0,83912
56265,1,0,83913
56266,1,0,83914
56267,1,0,83915
56268,3,0,83918
56269,2,0,83920
56270,1,0,83921
56271,2,0,83923
56272,1,0,83924
56273,1,0,83925
56274,1,0,83926
56275,2,0,83928
56276,1,0,83929
56277,1,0,83930
56278,1,0,83931
56279,1,0,83932
56280,1,0,83933
56281,1,0,83934
56282,1,0,83935
56283,1,0,83936
56284,1,0,83937
56285,1,0,83938
56286,2,0,83940
56287,2,0,83942
56288,1,0,83943
56289,2,0,83945
56290,1,0,83946
56291,2,0,83948
56292,2,0,83950
56293,2,0,83952
56294,1,0,83953
56295,3,0,83956
56296,4,0,83960
56297,3,0,83963
56298,1,0,83964
56299,2,0,83966
56300,1,0,83967
56301,1,0,83968
56302,1,0,83969
56303,1,0,83970
56304,2,0,83972
56305,1,0,83973
56306,2,0,83975
56307,1,0,83976
56308,2,0,83978
56309,1,0,83979
56310,1,0,83980
56311,1,0,83981
56312,1,0,83982
56313,2,0,83984
56314,1,0,83985
56315,1,0,83986
56316,1,0,83987
56317,1,0,83988
56318,1,0,83989
56319,1,0,83990
56320,1,0,83991
56321,6,0,83997
56322,1,0,83998
56323,1,0,83999
56324,1,0,84000
56325,1,0,84001
56326,1,0,84002
56327,4,0,84006
56328,1,0,84007
56329,3,0,84010
56330,1,0,84011
56331,2,0,84013
56332,2,0,84015
56333,1,0,84016
56334,2,0,84018
56335,1,0,84019
56336,2,0,84021
56337,3,0,84024
56338,1,0,84025
56339,1,0,84026
56340,1,0,84027
56341,1,0,84028
56342,2,0,84030
56343,2,0,84032
56344,1,0,84033
56345,2,0,84035
56346,1,0,84036
56347,1,0,84037
56348,1,0,84038
56349,2,0,84040
56350,1,0,84041
56351,2,0,84043
56352,1,0,84044
56353,1,0,84045
56354,1,0,84046
56355,1,0,84047
56356,2,0,84049
56357,1,0,84050
56358,1,0,84051
56359,1,0,84052
56360,1,0,84053
56361,3,0,84056
56362,2,0,84058
56363,1,0,84059
56364,1,0,84060
56365,1,0,84061
56366,1,0,84062
56367,1,0,84063
56368,1,0,84064
56369,2,0,84066
56370,1,0,84067
56371,1,0,84068
56372,2,0,84070
56373,1,0,84071
56374,1,0,84072
56375,1,0,84073
56376,1,0,84074
56377,2,0,84076
56378,1,0,84077
56379,2,0,84079
56380,1,0,84080
56381,1,0,84081
56382,1,0,84082
56383,3,0,84085
56384,1,0,84086
56385,1,0,84087
56386,2,0,84089
56387,1,0,84090
56388,1,0,84091
56389,1,0,84092
56390,1,0,84093
56391,1,0,84094
56392,1,0,84095
56393,2,0,84097
56394,3,0,84100
56395,1,0,84101
56396,1,0,84102
56397,1,0,84103
56398,1,0,84104
56399,1,0,84105
56400,2,0,84107
56401,1,0,84108
56402,1,0,84109
56403,1,0,84110
56404,1,0,84111
56405,1,0,84112
56406,1,0,84113
56407,1,0,84114
56408,1,0,84115
56409,1,0,84116
56410,1,0,84117
56411,1,0,84118
56412,2,0,84120
56413,2,0,84122
56414,1,0,84123
56415,1,0,84124
56416,1,0,84125
56417,1,0,84126
56418,1,0,84127
56419,1,0,84128
56420,1,0,84129
56421,1,0,84130
56422,1,0,84131
56423,1,0,84132
56424,1,0,84133
56425,1,0,84134
56426,1,0,84135
56427,1,0,84136
56428,1,0,84137
56429,3,0,84140
56430,1,0,84141
56431,2,0,84143
56432,1,0,84144
56433,1,0,84145
56434,1,0,84146
56435,1,0,84147
56436,1,0,84148
56437,2,0,84150
56438,1,0,84151
56439,1,0,84152
56440,1,0,84153
56441,2,0,84155
56442,1,0,84156
56443,1,0,84157
56444,1,0,84158
56445,1,0,84159
56446,1,0,84160
56447,1,0,84161
56448,1,0,84162
56449,1,0,84163
56450,1,0,84164
56451,1,0,84165
56452,2,0,84167
56453,1,0,84168
56454,1,0,84169
56455,1,0,84170
56456,2,0,84172
56457,2,0,84174
56458,1,0,84175
56459,1,0,84176
56460,1,0,84177
56461,1,0,84178
56462,1,0,84179
56463,1,0,84180
56464,1,0,84181
56465,1,0,84182
56466,2,0,84184
56467,1,0,84185
56468,1,0,84186
56469,1,0,84187
56470,1,0,84188
56471,1,0,84189
56472,2,0,84191
56473,1,0,84192
56474,1,0,84193
56475,1,0,84194
56476,1,0,84195
56477,1,0,84196
56478,3,0,84199
56479,2,0,84201
56480,1,0,84202
56481,1,0,84203
56482,3,0,84206
56483,2,0,84208
56484,2,0,84210
56485,1,0,84211
56486,1,0,84212
56487,1,0,84213
56488,1,0,84214
56489,1,0,84215
56490,1,0,84216
56491,2,0,84218
56492,1,0,84219
56493,1,0,84220
56494,1,0,84221
56495,1,0,84222
56496,1,0,84223
56497,1,0,84224
56498,1,0,84225
56499,2,0,84227
56500,1,0,84228
56501,1,0,84229
56502,2,0,84231
56503,2,0,84233
56504,1,0,84234
56505,1,0,84235
56506,1,0,84236
56507,2,0,84238
56508,1,0,84239
56509,2,0,84241
56510,1,0,84242
56511,1,0,84243
56512,1,0,84244
56513,1,0,84245
56514,3,0,84248
56515,1,0,84249
56516,1,0,84250
56517,1,0,84251
56518,1,0,84252
56519,1,0,84253
56520,2,0,84255
56521,1,0,84256
56522,1,0,84257
56523,1,0,84258
56524,1,0,84259
56525,1,0,84260
56526,1,0,84261
56527,1,0,84262
56528,1,0,84263
56529,1,0,84264
56530,3,0,84267
56531,1,0,84268
56532,1,0,84269
56533,1,0,84270
56534,1,0,84271
56535,1,0,84272
56536,2,0,84274
56537,1,0,84275
56538,2,0,84277
56539,1,0,84278
56540,1,0,84279
56541,2,0,84281
56542,1,0,84282
56543,1,0,84283
56544,1,0,84284
56545,1,0,84285
56546,1,0,84286
56547,5,0,84291
56548,3,0,84294
56549,2,0,84296
56550,2,0,84298
56551,1,0,84299
56552,2,0,84301
56553,1,0,84302
56554,1,0,84303
56555,1,0,84304
56556,3,0,84307
56557,4,0,84311
56558,1,0,84312
56559,1,0,84313
56560,1,0,84314
56561,1,0,84315
56562,1,0,84316
56563,1,0,84317
56564,1,0,84318
56565,1,0,84319
56566,4,0,84323
56567,1,0,84324
56568,1,0,84325
56569,1,0,84326
56570,1,0,84327
56571,1,0,84328
56572,1,0,84329
56573,1,0,84330
56574,1,0,84331
56575,1,0,84332
56576,2,0,84334
56577,2,0,84336
56578,1,0,84337
56579,1,0,84338
56580,2,0,84340
56581,1,0,84341
56582,1,0,84342
56583,1,0,84343
56584,1,0,84344
56585,1,0,84345
56586,1,0,84346
56587,1,0,84347
56588,2,0,84349
56589,2,0,84351
56590,2,0,84353
56591,2,0,84355
56592,1,0,84356
56593,2,0,84358
56594,1,0,84359
56595,1,0,84360
56596,2,0,84362
56597,1,0,84363
56598,1,0,84364
56599,2,0,84366
56600,4,0,84370
56601,2,0,84372
56602,3,0,84375
56603,1,0,84376
56604,2,0,84378
56605,2,0,84380
56606,2,0,84382
56607,1,0,84383
56608,1,0,84384
56609,1,0,84385
56610,1,0,84386
56611,1,0,84387
56612,1,0,84388
56613,2,0,84390
56614,2,0,84392
56615,1,0,84393
56616,1,0,84394
56617,1,0,84395
56618,1,0,84396
56619,1,0,84397
56620,1,0,84398
56621,2,0,84400
56622,1,0,84401
56623,1,0,84402
56624,1,0,84403
56625,1,0,84404
56626,1,0,84405
56627,3,0,84408
56628,1,0,84409
56629,1,0,84410
56630,2,0,84412
56631,1,0,84413
56632,3,0,84416
56633,1,0,84417
56634,1,0,84418
56635,1,0,84419
56636,4,0,84423
56637,1,0,84424
56638,1,0,84425
56639,1,0,84426
56640,1,0,84427
56641,1,0,84428
56642,1,0,84429
56643,1,0,84430
56644,2,0,84432
56645,2,0,84434
56646,3,0,84437
56647,3,0,84440
56648,1,0,84441
56649,1,0,84442
56650,2,0,84444
56651,1,0,84445
56652,1,0,84446
56653,1,0,84447
56654,1,0,84448
56655,1,0,84449
56656,1,0,84450
56657,1,0,84451
56658,1,0,84452
56659,2,0,84454
56660,1,0,84455
56661,1,0,84456
56662,1,0,84457
56663,2,0,84459
56664,1,0,84460
56665,2,0,84462
56666,1,0,84463
56667,1,0,84464
56668,3,0,84467
56669,1,0,84468
56670,2,0,84470
56671,1,0,84471
56672,1,0,84472
56673,1,0,84473
56674,1,0,84474
56675,1,0,84475
56676,2,0,84477
56677,1,0,84478
56678,1,0,84479
56679,1,0,84480
56680,2,0,84482
56681,1,0,84483
56682,1,0,84484
56683,1,0,84485
56684,1,0,84486
56685,2,0,84488
56686,1,0,84489
56687,2,0,84491
56688,1,0,84492
56689,1,0,84493
56690,1,0,84494
56691,1,0,84495
56692,1,0,84496
56693,3,0,84499
56694,5,0,84504
56695,3,0,84507
56696,2,0,84509
56697,2,0,84511
56698,3,0,84514
56699,1,0,84515
56700,1,0,84516
56701,1,0,84517
56702,1,0,84518
56703,1,0,84519
56704,2,0,84521
56705,1,0,84522
56706,1,0,84523
56707,1,0,84524
56708,1,0,84525
56709,1,0,84526
56710,1,0,84527
56711,1,0,84528
56712,2,0,84530
56713,1,0,84531
56714,1,0,84532
56715,1,0,84533
56716,1,0,84534
56717,1,0,84535
56718,1,0,84536
56719,1,0,84537
56720,1,0,84538
56721,2,0,84540
56722,2,0,84542
56723,1,0,84543
56724,3,0,84546
56725,1,0,84547
56726,1,0,84548
56727,1,0,84549
56728,1,0,84550
56729,1,0,84551
56730,1,0,84552
56731,1,0,84553
56732,1,0,84554
56733,1,0,84555
56734,3,0,84558
56735,2,0,84560
56736,1,0,84561
56737,1,0,84562
56738,2,0,84564
56739,1,0,84565
56740,1,0,84566
56741,1,0,84567
56742,2,0,84569
56743,1,0,84570
56744,2,0,84572
56745,1,0,84573
56746,1,0,84574
56747,1,0,84575
56748,2,0,84577
56749,1,0,84578
56750,1,0,84579
56751,1,0,84580
56752,2,0,84582
56753,1,0,84583
56754,2,0,84585
56755,1,0,84586
56756,1,0,84587
56757,1,0,84588
56758,1,0,84589
56759,1,0,84590
56760,1,0,84591
56761,1,0,84592
56762,3,0,84595
56763,2,0,84597
56764,5,0,84602
56765,4,0,84606
56766,2,0,84608
56767,3,0,84611
56768,1,0,84612
56769,2,0,84614
56770,2,0,84616
56771,1,0,84617
56772,1,0,84618
56773,2,0,84620
56774,1,0,84621
56775,1,0,84622
56776,1,0,84623
56777,2,0,84625
56778,1,0,84626
56779,1,0,84627
56780,1,0,84628
56781,1,0,84629
56782,1,0,84630
56783,1,0,84631
56784,1,0,84632
56785,1,0,84633
56786,1,0,84634
56787,1,0,84635
56788,1,0,84636
56789,1,0,84637
56790,2,0,84639
56791,1,0,84640
56792,1,0,84641
56793,1,0,84642
56794,1,0,84643
56795,3,0,84646
56796,1,0,84647
56797,1,0,84648
56798,1,0,84649
56799,1,0,84650
56800,1,0,84651
56801,1,0,84652
56802,2,0,84654
56803,1,0,84655
56804,2,0,84657
56805,1,0,84658
56806,2,0,84660
56807,1,0,84661
56808,3,0,84664
56809,3,0,84667
56810,1,0,84668
56811,1,0,84669
56812,1,0,84670
56813,2,0,84672
56814,3,0,84675
56815,1,0,84676
56816,1,0,84677
56817,2,0,84679
56818,2,0,84681
56819,1,0,84682
56820,2,0,84684
56821,2,0,84686
56822,1,0,84687
56823,1,0,84688
56824,2,0,84690
56825,1,0,84691
56826,1,0,84692
56827,1,0,84693
56828,2,0,84695
56829,2,0,84697
56830,2,0,84699
56831,1,0,84700
56832,1,0,84701
56833,1,0,84702
56834,1,0,84703
56835,1,0,84704
56836,2,0,84706
56837,2,0,84708
56838,3,0,84711
56839,1,0,84712
56840,2,0,84714
56841,1,0,84715
56842,1,0,84716
56843,1,0,84717
56844,2,0,84719
56845,2,0,84721
56846,1,0,84722
56847,2,0,84724
56848,1,0,84725
56849,1,0,84726
56850,1,0,84727
56851,1,0,84728
56852,1,0,84729
56853,2,0,84731
56854,1,0,84732
56855,4,0,84736
56856,1,0,84737
56857,1,0,84738
56858,1,0,84739
56859,2,0,84741
56860,1,0,84742
56861,1,0,84743
56862,1,0,84744
56863,2,0,84746
56864,1,0,84747
56865,1,0,84748
56866,4,0,84752
56867,1,0,84753
56868,1,0,84754
56869,1,0,84755
56870,1,0,84756
56871,1,0,84757
56872,2,0,84759
56873,1,0,84760
56874,1,0,84761
56875,1,0,84762
56876,3,0,84765
56877,2,0,84767
56878,1,0,84768
56879,1,0,84769
56880,1,0,84770
56881,1,0,84771
56882,1,0,84772
56883,1,0,84773
56884,1,0,84774
56885,4,0,84778
56886,2,0,84780
56887,1,0,84781
56888,1,0,84782
56889,1,0,84783
56890,1,0,84784
56891,1,0,84785
56892,1,0,84786
56893,1,0,84787
56894,1,0,84788
56895,1,0,84789
56896,1,0,84790
56897,1,0,84791
56898,1,0,84792
56899,1,0,84793
56900,1,0,84794
56901,1,0,84795
56902,4,0,84799
56903,2,0,84801
56904,1,0,84802
56905,2,0,84804
56906,2,0,84806
56907,1,0,84807
56908,1,0,84808
56909,3,0,84811
56910,2,0,84813
56911,3,0,84816
56912,1,0,84817
56913,1,0,84818
56914,1,0,84819
56915,1,0,84820
56916,3,0,84823
56917,1,0,84824
56918,1,0,84825
56919,2,0,84827
56920,3,0,84830
56921,1,0,84831
56922,1,0,84832
56923,5,0,84837
56924,2,0,84839
56925,1,0,84840
56926,2,0,84842
56927,1,0,84843
56928,3,0,84846
56929,1,0,84847
56930,2,0,84849
56931,1,0,84850
56932,1,0,84851
56933,1,0,84852
56934,1,0,84853
56935,3,0,84856
56936,1,0,84857
56937,1,0,84858
56938,1,0,84859
56939,2,0,84861
56940,1,0,84862
56941,1,0,84863
56942,1,0,84864
56943,1,0,84865
56944,1,0,84866
56945,2,0,84868
56946,2,0,84870
56947,1,0,84871
56948,1,0,84872
56949,1,0,84873
56950,1,0,84874
56951,1,0,84875
56952,2,0,84877
56953,1,0,84878
56954,1,0,84879
56955,1,0,84880
56956,1,0,84881
56957,1,0,84882
56958,1,0,84883
56959,2,0,84885
56960,1,0,84886
56961,1,0,84887
56962,1,0,84888
56963,2,0,84890
56964,1,0,84891
56965,1,0,84892
56966,1,0,84893
56967,1,0,84894
56968,1,0,84895
56969,3,0,84898
56970,1,0,84899
56971,1,0,84900
56972,2,0,84902
56973,1,0,84903
56974,2,0,84905
56975,3,0,84908
56976,1,0,84909
56977,2,0,84911
56978,1,0,84912
56979,2,0,84914
56980,3,0,84917
56981,2,0,84919
56982,1,0,84920
56983,2,0,84922
56984,2,0,84924
56985,3,0,84927
56986,3,0,84930
56987,1,0,84931
56988,4,0,84935
56989,1,0,84936
56990,1,0,84937
56991,2,0,84939
56992,1,0,84940
56993,3,0,84943
56994,1,0,84944
56995,1,0,84945
56996,1,0,84946
56997,1,0,84947
56998,2,0,84949
56999,1,0,84950
57000,2,0,84952
57001,2,0,84954
57002,1,0,84955
57003,1,0,84956
57004,4,0,84960
57005,1,0,84961
57006,1,0,84962
57007,1,0,84963
57008,1,0,84964
57009,2,0,84966
57010,1,0,84967
57011,1,0,84968
57012,2,0,84970
57013,1,0,84971
57014,1,0,84972
57015,1,0,84973
57016,1,0,84974
57017,2,0,84976
57018,3,0,84979
57019,1,0,84980
57020,1,0,84981
57021,1,0,84982
57022,1,0,84983
57023,1,0,84984
57024,1,0,84985
57025,1,0,84986
57026,1,0,84987
57027,1,0,84988
57028,4,0,84992
57029,1,0,84993
57030,1,0,84994
57031,1,0,84995
57032,1,0,84996
57033,2,0,84998
57034,2,0,85000
57035,1,0,85001
57036,1,0,85002
57037,1,0,85003
57038,1,0,85004
57039,1,0,85005
57040,2,0,85007
57041,1,0,85008
57042,2,0,85010
57043,1,0,85011
57044,1,0,85012
57045,1,0,85013
57046,1,0,85014
57047,3,0,85017
57048,3,0,85020
57049,1,0,85021
57050,1,0,85022
57051,2,0,85024
57052,1,0,85025
57053,1,0,85026
57054,1,0,85027
57055,3,0,85030
57056,1,0,85031
57057,2,0,85033
57058,1,0,85034
57059,1,0,85035
57060,2,0,85037
57061,1,0,85038
57062,1,0,85039
57063,1,0,85040
57064,1,0,85041
57065,1,0,85042
57066,1,0,85043
57067,3,0,85046
57068,3,0,85049
57069,1,0,85050
57070,2,0,85052
57071,1,0,85053
57072,1,0,85054
57073,1,0,85055
57074,1,0,85056
57075,1,0,85057
57076,2,0,85059
57077,1,0,85060
57078,1,0,85061
57079,1,0,85062
57080,2,0,85064
57081,1,0,85065
57082,1,0,85066
57083,1,0,85067
57084,1,0,85068
57085,1,0,85069
57086,2,0,85071
57087,1,0,85072
57088,1,0,85073
57089,1,0,85074
57090,1,0,85075
57091,1,0,85076
57092,1,0,85077
57093,2,0,85079
57094,1,0,85080
57095,1,0,85081
57096,1,0,85082
57097,5,0,85087
57098,2,0,85089
57099,1,0,85090
57100,2,0,85092
57101,2,0,85094
57102,3,0,85097
57103,1,0,85098
57104,1,0,85099
57105,1,0,85100
57106,1,0,85101
57107,1,0,85102
57108,1,0,85103
57109,5,0,85108
57110,1,0,85109
57111,2,0,85111
57112,1,0,85112
57113,1,0,85113
57114,1,0,85114
57115,1,0,85115
57116,1,0,85116
57117,1,0,85117
57118,1,0,85118
57119,2,0,85120
57120,1,0,85121
57121,1,0,85122
57122,1,0,85123
57123,1,0,85124
57124,2,0,85126
57125,2,0,85128
57126,1,0,85129
57127,1,0,85130
57128,1,0,85131
57129,2,0,85133
57130,3,0,85136
57131,2,0,85138
57132,2,0,85140
57133,1,0,85141
57134,1,0,85142
57135,1,0,85143
57136,1,0,85144
57137,2,0,85146
57138,1,0,85147
57139,1,0,85148
57140,2,0,85150
57141,1,0,85151
57142,1,0,85152
57143,1,0,85153
57144,3,0,85156
57145,1,0,85157
57146,1,0,85158
57147,2,0,85160
57148,1,0,85161
57149,1,0,85162
57150,1,0,85163
57151,2,0,85165
57152,1,0,85166
57153,1,0,85167
57154,1,0,85168
57155,1,0,85169
57156,1,0,85170
57157,1,0,85171
57158,1,0,85172
57159,1,0,85173
57160,1,0,85174
57161,1,0,85175
57162,1,0,85176
57163,2,0,85178
57164,2,0,85180
57165,1,0,85181
57166,1,0,85182
57167,1,0,85183
57168,1,0,85184
57169,1,0,85185
57170,1,0,85186
57171,3,0,85189
57172,1,0,85190
57173,2,0,85192
57174,3,0,85195
57175,1,0,85196
57176,1,0,85197
57177,1,0,85198
57178,1,0,85199
57179,2,0,85201
57180,1,0,85202
57181,2,0,85204
57182,2,0,85206
57183,1,0,85207
57184,1,0,85208
57185,1,0,85209
57186,1,0,85210
57187,1,0,85211
57188,1,0,85212
57189,3,0,85215
57190,1,0,85216
57191,5,0,85221
57192,3,0,85224
57193,4,0,85228
57194,1,0,85229
57195,1,0,85230
57196,1,0,85231
57197,1,0,85232
57198,1,0,85233
57199,1,0,85234
57200,1,0,85235
57201,2,0,85237
57202,2,0,85239
57203,1,0,85240
57204,1,0,85241
57205,1,0,85242
57206,1,0,85243
57207,1,0,85244
57208,1,0,85245
57209,1,0,85246
57210,1,0,85247
57211,1,0,85248
57212,1,0,85249
57213,1,0,85250
57214,2,0,85252
57215,1,0,85253
57216,1,0,85254
57217,1,0,85255
57218,1,0,85256
57219,2,0,85258
57220,2,0,85260
57221,1,0,85261
57222,3,0,85264
57223,1,0,85265
57224,1,0,85266
57225,1,0,85267
57226,1,0,85268
57227,1,0,85269
57228,2,0,85271
57229,1,0,85272
57230,1,0,85273
57231,3,0,85276
57232,1,0,85277
57233,1,0,85278
57234,3,0,85281
57235,1,0,85282
57236,5,0,85287
57237,2,0,85289
57238,1,0,85290
57239,2,0,85292
57240,1,0,85293
57241,1,0,85294
57242,1,0,85295
57243,1,0,85296
57244,1,0,85297
57245,1,0,85298
57246,2,0,85300
57247,1,0,85301
57248,1,0,85302
57249,1,0,85303
57250,1,0,85304
57251,1,0,85305
57252,1,0,85306
57253,2,0,85308
57254,1,0,85309
57255,1,0,85310
57256,1,0,85311
57257,1,0,85312
57258,1,0,85313
57259,1,0,85314
57260,3,0,85317
57261,1,0,85318
57262,1,0,85319
57263,1,0,85320
57264,3,0,85323
57265,1,0,85324
57266,1,0,85325
57267,1,0,85326
57268,2,0,85328
57269,2,0,85330
57270,3,0,85333
57271,2,0,85335
57272,1,0,85336
57273,1,0,85337
57274,1,0,85338
57275,1,0,85339
57276,1,0,85340
57277,1,0,85341
57278,1,0,85342
57279,1,0,85343
57280,2,0,85345
57281,1,0,85346
57282,2,0,85348
57283,1,0,85349
57284,2,0,85351
57285,1,0,85352
57286,2,0,85354
57287,1,0,85355
57288,3,0,85358
57289,3,0,85361
57290,1,0,85362
57291,1,0,85363
57292,1,0,85364
57293,1,0,85365
57294,1,0,85366
57295,1,0,85367
57296,3,0,85370
57297,1,0,85371
57298,1,0,85372
57299,3,0,85375
57300,1,0,85376
57301,1,0,85377
57302,1,0,85378
57303,1,0,85379
57304,3,0,85382
57305,1,0,85383
57306,1,0,85384
57307,1,0,85385
57308,2,0,85387
57309,2,0,85389
57310,2,0,85391
57311,1,0,85392
57312,1,0,85393
57313,1,0,85394
57314,1,0,85395
57315,2,0,85397
57316,1,0,85398
57317,1,0,85399
57318,1,0,85400
57319,1,0,85401
57320,3,0,85404
57321,1,0,85405
57322,1,0,85406
57323,2,0,85408
57324,1,0,85409
57325,1,0,85410
57326,1,0,85411
57327,2,0,85413
57328,1,0,85414
57329,1,0,85415
57330,1,0,85416
57331,1,0,85417
57332,1,0,85418
57333,1,0,85419
57334,1,0,85420
57335,1,0,85421
57336,1,0,85422
57337,1,0,85423
57338,1,0,85424
57339,1,0,85425
57340,2,0,85427
57341,1,0,85428
57342,1,0,85429
57343,1,0,85430
57344,1,0,85431
57345,2,0,85433
57346,1,0,85434
57347,2,0,85436
57348,1,0,85437
57349,1,0,85438
57350,1,0,85439
57351,3,0,85442
57352,1,0,85443
57353,1,0,85444
57354,2,0,85446
57355,1,0,85447
57356,2,0,85449
57357,2,0,85451
57358,1,0,85452
57359,1,0,85453
57360,1,0,85454
57361,3,0,85457
57362,1,0,85458
57363,1,0,85459
57364,1,0,85460
57365,1,0,85461
57366,1,0,85462
57367,1,0,85463
57368,1,0,85464
57369,1,0,85465
57370,1,0,85466
57371,1,0,85467
57372,1,0,85468
57373,1,0,85469
57374,2,0,85471
57375,2,0,85473
57376,1,0,85474
57377,1,0,85475
57378,1,0,85476
57379,1,0,85477
57380,1,0,85478
57381,4,0,85482
57382,1,0,85483
57383,4,0,85487
57384,3,0,85490
57385,1,0,85491
57386,1,0,85492
57387,1,0,85493
57388,2,0,85495
57389,1,0,85496
57390,1,0,85497
57391,1,0,85498
57392,1,0,85499
57393,1,0,85500
57394,1,0,85501
57395,1,0,85502
57396,1,0,85503
57397,1,0,85504
57398,1,0,85505
57399,1,0,85506
57400,1,0,85507
57401,2,0,85509
57402,3,0,85512
57403,1,0,85513
57404,1,0,85514
57405,1,0,85515
57406,1,0,85516
57407,1,0,85517
57408,1,0,85518
57409,1,0,85519
57410,3,0,85522
57411,1,0,85523
57412,1,0,85524
57413,2,0,85526
57414,1,0,85527
57415,3,0,85530
57416,3,0,85533
57417,1,0,85534
57418,1,0,85535
57419,1,0,85536
57420,2,0,85538
57421,1,0,85539
57422,2,0,85541
57423,1,0,85542
57424,1,0,85543
57425,2,0,85545
57426,2,0,85547
57427,1,0,85548
57428,1,0,85549
57429,1,0,85550
57430,1,0,85551
57431,1,0,85552
57432,1,0,85553
57433,1,0,85554
57434,2,0,85556
57435,1,0,85557
57436,1,0,85558
57437,1,0,85559
57438,1,0,85560
57439,1,0,85561
57440,1,0,85562
57441,2,0,85564
57442,2,0,85566
57443,1,0,85567
57444,1,0,85568
57445,1,0,85569
57446,2,0,85571
57447,2,0,85573
57448,1,0,85574
57449,1,0,85575
57450,1,0,85576
57451,4,0,85580
57452,1,0,85581
57453,2,0,85583
57454,1,0,85584
57455,1,0,85585
57456,1,0,85586
57457,1,0,85587
57458,1,0,85588
57459,1,0,85589
57460,1,0,85590
57461,1,0,85591
57462,1,0,85592
57463,2,0,85594
57464,1,0,85595
57465,1,0,85596
57466,2,0,85598
57467,2,0,85600
57468,1,0,85601
57469,1,0,85602
57470,2,0,85604
57471,1,0,85605
57472,1,0,85606
57473,2,0,85608
57474,2,0,85610
57475,1,0,85611
57476,1,0,85612
57477,1,0,85613
57478,1,0,85614
57479,3,0,85617
57480,1,0,85618
57481,1,0,85619
57482,1,0,85620
57483,1,0,85621
57484,1,0,85622
57485,2,0,85624
57486,3,0,85627
57487,1,0,85628
57488,1,0,85629
57489,2,0,85631
57490,1,0,85632
57491,1,0,85633
57492,1,0,85634
57493,1,0,85635
57494,1,0,85636
57495,4,0,85640
57496,1,0,85641
57497,1,0,85642
57498,1,0,85643
57499,1,0,85644
57500,3,0,85647
57501,1,0,85648
57502,1,0,85649
57503,2,0,85651
57504,1,0,85652
57505,1,0,85653
57506,2,0,85655
57507,1,0,85656
57508,1,0,85657
57509,1,0,85658
57510,1,0,85659
57511,1,0,85660
57512,2,0,85662
57513,1,0,85663
57514,2,0,85665
57515,1,0,85666
57516,2,0,85668
57517,1,0,85669
57518,1,0,85670
57519,2,0,85672
57520,1,0,85673
57521,1,0,85674
57522,2,0,85676
57523,1,0,85677
57524,1,0,85678
57525,1,0,85679
57526,1,0,85680
57527,1,0,85681
57528,1,0,85682
57529,1,0,85683
57530,1,0,85684
57531,1,0,85685
57532,1,0,85686
57533,3,0,85689
57534,2,0,85691
57535,1,0,85692
57536,2,0,85694
57537,1,0,85695
57538,1,0,85696
57539,1,0,85697
57540,1,0,85698
57541,1,0,85699
57542,1,0,85700
57543,1,0,85701
57544,1,0,85702
57545,1,0,85703
57546,1,0,85704
57547,3,0,85707
57548,1,0,85708
57549,1,0,85709
57550,1,0,85710
57551,1,0,85711
57552,1,0,85712
57553,3,0,85715
57554,1,0,85716
57555,2,0,85718
57556,1,0,85719
57557,1,0,85720
57558,1,0,85721
57559,2,0,85723
57560,1,0,85724
57561,1,0,85725
57562,1,0,85726
57563,2,0,85728
57564,1,0,85729
57565,1,0,85730
57566,1,0,85731
57567,1,0,85732
57568,1,0,85733
57569,1,0,85734
57570,1,0,85735
57571,1,0,85736
57572,2,0,85738
57573,1,0,85739
57574,1,0,85740
57575,1,0,85741
57576,1,0,85742
57577,1,0,85743
57578,2,0,85745
57579,1,0,85746
57580,1,0,85747
57581,4,0,85751
57582,1,0,85752
57583,1,0,85753
57584,1,0,85754
57585,2,0,85756
57586,1,0,85757
57587,1,0,85758
57588,1,0,85759
57589,1,0,85760
57590,2,0,85762
57591,1,0,85763
57592,1,0,85764
57593,3,0,85767
57594,1,0,85768
57595,2,0,85770
57596,1,0,85771
57597,1,0,85772
57598,1,0,85773
57599,1,0,85774
57600,1,0,85775
57601,1,0,85776
57602,1,0,85777
57603,2,0,85779
57604,1,0,85780
57605,1,0,85781
57606,2,0,85783
57607,1,0,85784
57608,2,0,85786
57609,1,0,85787
57610,1,0,85788
57611,1,0,85789
57612,1,0,85790
57613,2,0,85792
57614,1,0,85793
57615,2,0,85795
57616,2,0,85797
57617,1,0,85798
57618,1,0,85799
57619,1,0,85800
57620,1,0,85801
57621,1,0,85802
57622,1,0,85803
57623,1,0,85804
57624,1,0,85805
57625,2,0,85807
57626,1,0,85808
57627,1,0,85809
57628,2,0,85811
57629,1,0,85812
57630,1,0,85813
57631,1,0,85814
57632,2,0,85816
57633,1,0,85817
57634,1,0,85818
57635,2,0,85820
57636,1,0,85821
57637,1,0,85822
57638,2,0,85824
57639,1,0,85825
57640,3,0,85828
57641,1,0,85829
57642,2,0,85831
57643,3,0,85834
57644,2,0,85836
57645,1,0,85837
57646,1,0,85838
57647,1,0,85839
57648,2,0,85841
57649,1,0,85842
57650,3,0,85845
57651,1,0,85846
57652,1,0,85847
57653,3,0,85850
57654,1,0,85851
57655,1,0,85852
57656,4,0,85856
57657,1,0,85857
57658,1,0,85858
57659,4,0,85862
57660,1,0,85863
57661,3,0,85866
57662,1,0,85867
57663,1,0,85868
57664,3,0,85871
57665,1,0,85872
57666,1,0,85873
57667,1,0,85874
57668,2,0,85876
57669,2,0,85878
57670,3,0,85881
57671,2,0,85883
57672,2,0,85885
57673,2,0,85887
57674,2,0,85889
57675,1,0,85890
57676,1,0,85891
57677,1,0,85892
57678,1,0,85893
57679,1,0,85894
57680,1,0,85895
57681,1,0,85896
57682,1,0,85897
57683,2,0,85899
57684,1,0,85900
57685,2,0,85902
57686,2,0,85904
57687,1,0,85905
57688,1,0,85906
57689,2,0,85908
57690,1,0,85909
57691,1,0,85910
57692,1,0,85911
57693,1,0,85912
57694,1,0,85913
57695,4,0,85917
57696,1,0,85918
57697,1,0,85919
57698,1,0,85920
57699,1,0,85921
57700,1,0,85922
57701,1,0,85923
57702,1,0,85924
57703,2,0,85926
57704,2,0,85928
57705,1,0,85929
57706,1,0,85930
57707,1,0,85931
57708,3,0,85934
57709,1,0,85935
57710,1,0,85936
57711,1,0,85937
57712,1,0,85938
57713,2,0,85940
57714,1,0,85941
57715,1,0,85942
57716,1,0,85943
57717,2,0,85945
57718,1,0,85946
57719,1,0,85947
57720,1,0,85948
57721,3,0,85951
57722,4,0,85955
57723,1,0,85956
57724,1,0,85957
57725,1,0,85958
57726,1,0,85959
57727,2,0,85961
57728,1,0,85962
57729,1,0,85963
57730,1,0,85964
57731,3,0,85967
57732,1,0,85968
57733,1,0,85969
57734,1,0,85970
57735,1,0,85971
57736,1,0,85972
57737,3,0,85975
57738,1,0,85976
57739,1,0,85977
57740,1,0,85978
57741,1,0,85979
57742,2,0,85981
57743,2,0,85983
57744,1,0,85984
57745,1,0,85985
57746,1,0,85986
57747,1,0,85987
57748,2,0,85989
57749,1,0,85990
57750,3,0,85993
57751,2,0,85995
57752,1,0,85996
57753,2,0,85998
57754,1,0,85999
57755,2,0,86001
57756,1,0,86002
57757,2,0,86004
57758,2,0,86006
57759,3,0,86009
57760,1,0,86010
57761,1,0,86011
57762,2,0,86013
57763,2,0,86015
57764,1,0,86016
57765,3,0,86019
57766,1,0,86020
57767,1,0,86021
57768,3,0,86024
57769,1,0,86025
57770,1,0,86026
57771,1,0,86027
57772,1,0,86028
57773,2,0,86030
57774,1,0,86031
57775,1,0,86032
57776,1,0,86033
57777,2,0,86035
57778,1,0,86036
57779,1,0,86037
57780,1,0,86038
57781,1,0,86039
57782,1,0,86040
57783,1,0,86041
57784,1,0,86042
57785,2,0,86044
57786,1,0,86045
57787,3,0,86048
57788,2,0,86050
57789,1,0,86051
57790,3,0,86054
57791,2,0,86056
57792,1,0,86057
57793,1,0,86058
57794,1,0,86059
57795,1,0,86060
57796,2,0,86062
57797,1,0,86063
57798,2,0,86065
57799,1,0,86066
57800,1,0,86067
57801,1,0,86068
57802,1,0,86069
57803,2,0,86071
57804,1,0,86072
57805,1,0,86073
57806,1,0,86074
57807,1,0,86075
57808,4,0,86079
57809,1,0,86080
57810,2,0,86082
57811,2,0,86084
57812,1,0,86085
57813,1,0,86086
57814,1,0,86087
57815,2,0,86089
57816,1,0,86090
57817,2,0,86092
57818,1,0,86093
57819,4,0,86097
57820,1,0,86098
57821,2,0,86100
57822,1,0,86101
57823,1,0,86102
57824,1,0,86103
57825,2,0,86105
57826,1,0,86106
57827,1,0,86107
57828,1,0,86108
57829,1,0,86109
57830,2,0,86111
57831,4,0,86115
57832,2,0,86117
57833,1,0,86118
57834,1,0,86119
57835,1,0,86120
57836,3,0,86123
57837,1,0,86124
57838,2,0,86126
57839,1,0,86127
57840,3,0,86130
57841,2,0,86132
57842,1,0,86133
57843,1,0,86134
57844,1,0,86135
57845,2,0,86137
57846,3,0,86140
57847,2,0,86142
57848,1,0,86143
57849,1,0,86144
57850,1,0,86145
57851,1,0,86146
57852,1,0,86147
57853,1,0,86148
57854,1,0,86149
57855,1,0,86150
57856,1,0,86151
57857,2,0,86153
57858,1,0,86154
57859,2,0,86156
57860,1,0,86157
57861,2,0,86159
57862,1,0,86160
57863,2,0,86162
57864,1,0,86163
57865,2,0,86165
57866,1,0,86166
57867,1,0,86167
57868,1,0,86168
57869,1,0,86169
57870,1,0,86170
57871,1,0,86171
57872,1,0,86172
57873,1,0,86173
57874,2,0,86175
57875,4,0,86179
57876,3,0,86182
57877,4,0,86186
57878,1,0,86187
57879,2,0,86189
57880,2,0,86191
57881,1,0,86192
57882,2,0,86194
57883,1,0,86195
57884,1,0,86196
57885,1,0,86197
57886,2,0,86199
57887,1,0,86200
57888,1,0,86201
57889,2,0,86203
57890,1,0,86204
57891,1,0,86205
57892,1,0,86206
57893,1,0,86207
57894,2,0,86209
57895,1,0,86210
57896,1,0,86211
57897,2,0,86213
57898,1,0,86214
57899,1,0,86215
57900,2,0,86217
57901,1,0,86218
57902,3,0,86221
57903,3,0,86224
57904,1,0,86225
57905,1,0,86226
57906,1,0,86227
57907,2,0,86229
57908,4,0,86233
57909,3,0,86236
57910,1,0,86237
57911,1,0,86238
57912,1,0,86239
57913,1,0,86240
57914,1,0,86241
57915,1,0,86242
57916,3,0,86245
57917,1,0,86246
57918,1,0,86247
57919,2,0,86249
57920,1,0,86250
57921,1,0,86251
57922,1,0,86252
57923,2,0,86254
57924,1,0,86255
57925,1,0,86256
57926,1,0,86257
57927,3,0,86260
57928,1,0,86261
57929,1,0,86262
57930,2,0,86264
57931,1,0,86265
57932,1,0,86266
57933,1,0,86267
57934,1,0,86268
57935,4,0,86272
57936,1,0,86273
57937,2,0,86275
57938,1,0,86276
57939,4,0,86280
57940,1,0,86281
57941,1,0,86282
57942,1,0,86283
57943,5,0,86288
57944,1,0,86289
57945,1,0,86290
57946,2,0,86292
57947,2,0,86294
57948,1,0,86295
57949,2,0,86297
57950,1,0,86298
57951,1,0,86299
57952,1,0,86300
57953,2,0,86302
57954,1,0,86303
57955,1,0,86304
57956,1,0,86305
57957,1,0,86306
57958,1,0,86307
57959,1,0,86308
57960,1,0,86309
57961,1,0,86310
57962,1,0,86311
57963,5,0,86316
57964,2,0,86318
57965,1,0,86319
57966,1,0,86320
57967,3,0,86323
57968,1,0,86324
57969,1,0,86325
57970,1,0,86326
57971,2,0,86328
57972,2,0,86330
57973,1,0,86331
57974,2,0,86333
57975,3,0,86336
57976,1,0,86337
57977,1,0,86338
57978,2,0,86340
57979,2,0,86342
57980,2,0,86344
57981,1,0,86345
57982,1,0,86346
57983,1,0,86347
57984,2,0,86349
57985,1,0,86350
57986,1,0,86351
57987,1,0,86352
57988,1,0,86353
57989,1,0,86354
57990,1,0,86355
57991,3,0,86358
57992,1,0,86359
57993,1,0,86360
57994,1,0,86361
57995,1,0,86362
57996,1,0,86363
57997,1,0,86364
57998,1,0,86365
57999,3,0,86368
58000,2,0,86370
58001,2,0,86372
58002,1,0,86373
58003,1,0,86374
58004,1,0,86375
58005,2,0,86377
58006,1,0,86378
58007,1,0,86379
58008,1,0,86380
58009,2,0,86382
58010,1,0,86383
58011,1,0,86384
58012,1,0,86385
58013,1,0,86386
58014,1,0,86387
58015,1,0,86388
58016,3,0,86391
58017,1,0,86392
58018,1,0,86393
58019,1,0,86394
58020,1,0,86395
58021,1,0,86396
58022,1,0,86397
58023,1,0,86398
58024,1,0,86399
58025,1,0,86400
58026,1,0,86401
58027,2,0,86403
58028,1,0,86404
58029,1,0,86405
58030,3,0,86408
58031,2,0,86410
58032,1,0,86411
58033,2,0,86413
58034,1,0,86414
58035,1,0,86415
58036,1,0,86416
58037,1,0,86417
58038,1,0,86418
58039,1,0,86419
58040,1,0,86420
58041,1,0,86421
58042,2,0,86423
58043,1,0,86424
58044,2,0,86426
58045,1,0,86427
58046,2,0,86429
58047,1,0,86430
58048,2,0,86432
58049,2,0,86434
58050,1,0,86435
58051,1,0,86436
58052,1,0,86437
58053,1,0,86438
58054,1,0,86439
58055,2,0,86441
58056,1,0,86442
58057,2,0,86444
58058,2,0,86446
58059,1,0,86447
58060,1,0,86448
58061,1,0,86449
58062,1,0,86450
58063,3,0,86453
58064,1,0,86454
58065,1,0,86455
58066,1,0,86456
58067,1,0,86457
58068,1,0,86458
58069,1,0,86459
58070,1,0,86460
58071,1,0,86461
58072,1,0,86462
58073,1,0,86463
58074,3,0,86466
58075,1,0,86467
58076,2,0,86469
58077,1,0,86470
58078,1,0,86471
58079,2,0,86473
58080,2,0,86475
58081,1,0,86476
58082,1,0,86477
58083,1,0,86478
58084,2,0,86480
58085,1,0,86481
58086,3,0,86484
58087,1,0,86485
58088,1,0,86486
58089,3,0,86489
58090,1,0,86490
58091,2,0,86492
58092,1,0,86493
58093,1,0,86494
58094,1,0,86495
58095,3,0,86498
58096,1,0,86499
58097,1,0,86500
58098,1,0,86501
58099,1,0,86502
58100,1,0,86503
58101,2,0,86505
58102,1,0,86506
58103,1,0,86507
58104,1,0,86508
58105,1,0,86509
58106,1,0,86510
58107,1,0,86511
58108,1,0,86512
58109,1,0,86513
58110,2,0,86515
58111,1,0,86516
58112,1,0,86517
58113,2,0,86519
58114,2,0,86521
58115,1,0,86522
58116,1,0,86523
58117,2,0,86525
58118,1,0,86526
58119,1,0,86527
58120,1,0,86528
58121,1,0,86529
58122,1,0,86530
58123,1,0,86531
58124,1,0,86532
58125,2,0,86534
58126,2,0,86536
58127,1,0,86537
58128,1,0,86538
58129,1,0,86539
58130,1,0,86540
58131,1,0,86541
58132,1,0,86542
58133,2,0,86544
58134,1,0,86545
58135,1,0,86546
58136,1,0,86547
58137,1,0,86548
58138,2,0,86550
58139,3,0,86553
58140,2,0,86555
58141,1,0,86556
58142,1,0,86557
58143,1,0,86558
58144,1,0,86559
58145,1,0,86560
58146,1,0,86561
58147,1,0,86562
58148,1,0,86563
58149,3,0,86566
58150,1,0,86567
58151,1,0,86568
58152,1,0,86569
58153,1,0,86570
58154,1,0,86571
58155,1,0,86572
58156,1,0,86573
58157,1,0,86574
58158,1,0,86575
58159,1,0,86576
58160,1,0,86577
58161,2,0,86579
58162,1,0,86580
58163,1,0,86581
58164,1,0,86582
58165,1,0,86583
58166,1,0,86584
58167,1,0,86585
58168,1,0,86586
58169,2,0,86588
58170,1,0,86589
58171,2,0,86591
58172,2,0,86593
58173,1,0,86594
58174,2,0,86596
58175,1,0,86597
58176,1,0,86598
58177,1,0,86599
58178,1,0,86600
58179,1,0,86601
58180,1,0,86602
58181,1,0,86603
58182,1,0,86604
58183,1,0,86605
58184,2,0,86607
58185,1,0,86608
58186,1,0,86609
58187,3,0,86612
58188,1,0,86613
58189,2,0,86615
58190,1,0,86616
58191,1,0,86617
58192,4,0,86621
58193,3,0,86624
58194,3,0,86627
58195,2,0,86629
58196,1,0,86630
58197,1,0,86631
58198,2,0,86633
58199,4,0,86637
58200,2,0,86639
58201,1,0,86640
58202,1,0,86641
58203,1,0,86642
58204,2,0,86644
58205,1,0,86645
58206,1,0,86646
58207,1,0,86647
58208,1,0,86648
58209,1,0,86649
58210,3,0,86652
58211,1,0,86653
58212,2,0,86655
58213,1,0,86656
58214,3,0,86659
58215,1,0,86660
58216,1,0,86661
58217,1,0,86662
58218,1,0,86663
58219,2,0,86665
58220,2,0,86667
58221,1,0,86668
58222,3,0,86671
58223,2,0,86673
58224,1,0,86674
58225,4,0,86678
58226,2,0,86680
58227,1,0,86681
58228,5,0,86686
58229,1,0,86687
58230,1,0,86688
58231,3,0,86691
58232,1,0,86692
58233,1,0,86693
58234,2,0,86695
58235,1,0,86696
58236,1,0,86697
58237,1,0,86698
58238,2,0,86700
58239,1,0,86701
58240,4,0,86705
58241,1,0,86706
58242,4,0,86710
58243,1,0,86711
58244,2,0,86713
58245,1,0,86714
58246,1,0,86715
58247,1,0,86716
58248,1,0,86717
58249,1,0,86718
58250,1,0,86719
58251,1,0,86720
58252,1,0,86721
58253,1,0,86722
58254,1,0,86723
58255,2,0,86725
58256,2,0,86727
58257,1,0,86728
58258,1,0,86729
58259,1,0,86730
58260,1,0,86731
58261,1,0,86732
58262,5,0,86737
58263,1,0,86738
58264,3,0,86741
58265,1,0,86742
58266,1,0,86743
58267,1,0,86744
58268,1,0,86745
58269,1,0,86746
58270,1,0,86747
58271,1,0,86748
58272,1,0,86749
58273,1,0,86750
58274,1,0,86751
58275,1,0,86752
58276,1,0,86753
58277,1,0,86754
58278,1,0,86755
58279,1,0,86756
58280,1,0,86757
58281,2,0,86759
58282,2,0,86761
58283,1,0,86762
58284,1,0,86763
58285,1,0,86764
58286,1,0,86765
58287,1,0,86766
58288,1,0,86767
58289,1,0,86768
58290,3,0,86771
58291,2,0,86773
58292,1,0,86774
58293,1,0,86775
58294,1,0,86776
58295,1,0,86777
58296,2,0,86779
58297,2,0,86781
58298,1,0,86782
58299,1,0,86783
58300,2,0,86785
58301,1,0,86786
58302,1,0,86787
58303,1,0,86788
58304,1,0,86789
58305,1,0,86790
58306,2,0,86792
58307,1,0,86793
58308,1,0,86794
58309,1,0,86795
58310,1,0,86796
58311,2,0,86798
58312,2,0,86800
58313,1,0,86801
58314,1,0,86802
58315,3,0,86805
58316,1,0,86806
58317,1,0,86807
58318,1,0,86808
58319,3,0,86811
58320,1,0,86812
58321,1,0,86813
58322,1,0,86814
58323,1,0,86815
58324,1,0,86816
58325,1,0,86817
58326,2,0,86819
58327,1,0,86820
58328,1,0,86821
58329,1,0,86822
58330,2,0,86824
58331,1,0,86825
58332,1,0,86826
58333,1,0,86827
58334,2,0,86829
58335,1,0,86830
58336,1,0,86831
58337,1,0,86832
58338,2,0,86834
58339,1,0,86835
58340,1,0,86836
58341,1,0,86837
58342,1,0,86838
58343,1,0,86839
58344,1,0,86840
58345,1,0,86841
58346,1,0,86842
58347,1,0,86843
58348,1,0,86844
58349,1,0,86845
58350,2,0,86847
58351,1,0,86848
58352,2,0,86850
58353,2,0,86852
58354,2,0,86854
58355,1,0,86855
58356,2,0,86857
58357,1,0,86858
58358,2,0,86860
58359,1,0,86861
58360,1,0,86862
58361,1,0,86863
58362,5,0,86868
58363,1,0,86869
58364,1,0,86870
58365,1,0,86871
58366,1,0,86872
58367,1,0,86873
58368,1,0,86874
58369,1,0,86875
58370,1,0,86876
58371,2,0,86878
58372,1,0,86879
58373,1,0,86880
58374,2,0,86882
58375,1,0,86883
58376,1,0,86884
58377,2,0,86886
58378,1,0,86887
58379,1,0,86888
58380,1,0,86889
58381,1,0,86890
58382,1,0,86891
58383,2,0,86893
58384,3,0,86896
58385,1,0,86897
58386,2,0,86899
58387,1,0,86900
58388,1,0,86901
58389,1,0,86902
58390,1,0,86903
58391,2,0,86905
58392,2,0,86907
58393,1,0,86908
58394,1,0,86909
58395,1,0,86910
58396,2,0,86912
58397,1,0,86913
58398,1,0,86914
58399,2,0,86916
58400,2,0,86918
58401,1,0,86919
58402,2,0,86921
58403,3,0,86924
58404,1,0,86925
58405,4,0,86929
58406,1,0,86930
58407,1,0,86931
58408,2,0,86933
58409,1,0,86934
58410,1,0,86935
58411,1,0,86936
58412,3,0,86939
58413,3,0,86942
58414,2,0,86944
58415,1,0,86945
58416,2,0,86947
58417,1,0,86948
58418,1,0,86949
58419,2,0,86951
58420,1,0,86952
58421,1,0,86953
58422,3,0,86956
58423,4,0,86960
58424,2,0,86962
58425,1,0,86963
58426,1,0,86964
58427,1,0,86965
58428,1,0,86966
58429,1,0,86967
58430,2,0,86969
58431,2,0,86971
58432,1,0,86972
58433,2,0,86974
58434,2,0,86976
58435,1,0,86977
58436,1,0,86978
58437,2,0,86980
58438,1,0,86981
58439,1,0,86982
58440,1,0,86983
58441,1,0,86984
58442,1,0,86985
58443,3,0,86988
58444,1,0,86989
58445,2,0,86991
58446,1,0,86992
58447,2,0,86994
58448,1,0,86995
58449,1,0,86996
58450,1,0,86997
58451,1,0,86998
58452,1,0,86999
58453,1,0,87000
58454,1,0,87001
58455,1,0,87002
58456,2,0,87004
58457,2,0,87006
58458,1,0,87007
58459,1,0,87008
58460,2,0,87010
58461,2,0,87012
58462,3,0,87015
58463,2,0,87017
58464,1,0,87018
58465,2,0,87020
58466,4,0,87024
58467,1,0,87025
58468,1,0,87026
58469,1,0,87027
58470,3,0,87030
58471,1,0,87031
58472,1,0,87032
58473,1,0,87033
58474,1,0,87034
58475,1,0,87035
58476,1,0,87036
58477,1,0,87037
58478,1,0,87038
58479,2,0,87040
58480,1,0,87041
58481,1,0,87042
58482,2,0,87044
58483,1,0,87045
58484,1,0,87046
58485,3,0,87049
58486,1,0,87050
58487,2,0,87052
58488,1,0,87053
58489,1,0,87054
58490,1,0,87055
58491,1,0,87056
58492,1,0,87057
58493,1,0,87058
58494,4,0,87062
58495,1,0,87063
58496,1,0,87064
58497,2,0,87066
58498,1,0,87067
58499,1,0,87068
58500,1,0,87069
58501,1,0,87070
58502,1,0,87071
58503,1,0,87072
58504,1,0,87073
58505,1,0,87074
58506,2,0,87076
58507,1,0,87077
58508,1,0,87078
58509,1,0,87079
58510,2,0,87081
58511,1,0,87082
58512,3,0,87085
58513,1,0,87086
58514,1,0,87087
58515,1,0,87088
58516,1,0,87089
58517,1,0,87090
58518,2,0,87092
58519,1,0,87093
58520,1,0,87094
58521,1,0,87095
58522,1,0,87096
58523,1,0,87097
58524,2,0,87099
58525,2,0,87101
58526,3,0,87104
58527,1,0,87105
58528,1,0,87106
58529,2,0,87108
58530,1,0,87109
58531,3,0,87112
58532,1,0,87113
58533,2,0,87115
58534,1,0,87116
58535,1,0,87117
58536,1,0,87118
58537,1,0,87119
58538,2,0,87121
58539,1,0,87122
58540,1,0,87123
58541,1,0,87124
58542,1,0,87125
58543,2,0,87127
58544,1,0,87128
58545,1,0,87129
58546,1,0,87130
58547,2,0,87132
58548,1,0,87133
58549,1,0,87134
58550,1,0,87135
58551,1,0,87136
58552,1,0,87137
58553,1,0,87138
58554,2,0,87140
58555,2,0,87142
58556,2,0,87144
58557,5,0,87149
58558,1,0,87150
58559,1,0,87151
58560,1,0,87152
58561,2,0,87154
58562,2,0,87156
58563,1,0,87157
58564,1,0,87158
58565,1,0,87159
58566,1,0,87160
58567,2,0,87162
58568,1,0,87163
58569,2,0,87165
58570,1,0,87166
58571,1,0,87167
58572,1,0,87168
58573,2,0,87170
58574,2,0,87172
58575,1,0,87173
58576,1,0,87174
58577,1,0,87175
58578,1,0,87176
58579,3,0,87179
58580,1,0,87180
58581,2,0,87182
58582,2,0,87184
58583,1,0,87185
58584,1,0,87186
58585,1,0,87187
58586,1,0,87188
58587,1,0,87189
58588,1,0,87190
58589,1,0,87191
58590,1,0,87192
58591,1,0,87193
58592,1,0,87194
58593,2,0,87196
58594,1,0,87197
58595,1,0,87198
58596,1,0,87199
58597,1,0,87200
58598,1,0,87201
58599,1,0,87202
58600,3,0,87205
58601,1,0,87206
58602,2,0,87208
58603,1,0,87209
58604,2,0,87211
58605,3,0,87214
58606,2,0,87216
58607,1,0,87217
58608,1,0,87218
58609,1,0,87219
58610,1,0,87220
58611,1,0,87221
58612,1,0,87222
58613,2,0,87224
58614,2,0,87226
58615,1,0,87227
58616,1,0,87228
58617,2,0,87230
58618,2,0,87232
58619,1,0,87233
58620,2,0,87235
58621,2,0,87237
58622,1,0,87238
58623,2,0,87240
58624,1,0,87241
58625,1,0,87242
58626,1,0,87243
58627,1,0,87244
58628,1,0,87245
58629,1,0,87246
58630,1,0,87247
58631,2,0,87249
58632,1,0,87250
58633,1,0,87251
58634,2,0,87253
58635,1,0,87254
58636,1,0,87255
58637,1,0,87256
58638,1,0,87257
58639,1,0,87258
58640,1,0,87259
58641,1,0,87260
58642,1,0,87261
58643,2,0,87263
58644,1,0,87264
58645,1,0,87265
58646,2,0,87267
58647,1,0,87268
58648,2,0,87270
58649,2,0,87272
58650,1,0,87273
58651,2,0,87275
58652,3,0,87278
58653,2,0,87280
58654,1,0,87281
58655,1,0,87282
58656,1,0,87283
58657,1,0,87284
58658,2,0,87286
58659,2,0,87288
58660,1,0,87289
58661,2,0,87291
58662,1,0,87292
58663,2,0,87294
58664,1,0,87295
58665,1,0,87296
58666,1,0,87297
58667,1,0,87298
58668,3,0,87301
58669,1,0,87302
58670,1,0,87303
58671,1,0,87304
58672,2,0,87306
58673,1,0,87307
58674,1,0,87308
58675,2,0,87310
58676,1,0,87311
58677,1,0,87312
58678,3,0,87315
58679,1,0,87316
58680,1,0,87317
58681,1,0,87318
58682,2,0,87320
58683,1,0,87321
58684,1,0,87322
58685,3,0,87325
58686,2,0,87327
58687,1,0,87328
58688,2,0,87330
58689,1,0,87331
58690,2,0,87333
58691,2,0,87335
58692,1,0,87336
58693,1,0,87337
58694,1,0,87338
58695,1,0,87339
58696,2,0,87341
58697,3,0,87344
58698,2,0,87346
58699,1,0,87347
58700,1,0,87348
58701,1,0,87349
58702,1,0,87350
58703,1,0,87351
58704,1,0,87352
58705,1,0,87353
58706,1,0,87354
58707,1,0,87355
58708,1,0,87356
58709,1,0,87357
58710,2,0,87359
58711,2,0,87361
58712,1,0,87362
58713,1,0,87363
58714,1,0,87364
58715,2,0,87366
58716,1,0,87367
58717,1,0,87368
58718,1,0,87369
58719,1,0,87370
58720,2,0,87372
58721,1,0,87373
58722,2,0,87375
58723,1,0,87376
58724,3,0,87379
58725,1,0,87380
58726,2,0,87382
58727,4,0,87386
58728,6,0,87392
58729,1,0,87393
58730,1,0,87394
58731,2,0,87396
58732,2,0,87398
58733,3,0,87401
58734,1,0,87402
58735,3,0,87405
58736,1,0,87406
58737,1,0,87407
58738,1,0,87408
58739,1,0,87409
58740,1,0,87410
58741,1,0,87411
58742,1,0,87412
58743,1,0,87413
58744,1,0,87414
58745,2,0,87416
58746,1,0,87417
58747,2,0,87419
58748,1,0,87420
58749,2,0,87422
58750,2,0,87424
58751,6,0,87430
58752,6,0,87436
58753,1,0,87437
58754,1,0,87438
58755,2,0,87440
58756,1,0,87441
58757,1,0,87442
58758,1,0,87443
58759,3,0,87446
58760,1,0,87447
58761,1,0,87448
58762,1,0,87449
58763,1,0,87450
58764,1,0,87451
58765,2,0,87453
58766,1,0,87454
58767,1,0,87455
58768,1,0,87456
58769,1,0,87457
58770,1,0,87458
58771,2,0,87460
58772,1,0,87461
58773,1,0,87462
58774,2,0,87464
58775,1,0,87465
58776,1,0,87466
58777,1,0,87467
58778,2,0,87469
58779,1,0,87470
58780,1,0,87471
58781,1,0,87472
58782,1,0,87473
58783,1,0,87474
58784,1,0,87475
58785,1,0,87476
58786,2,0,87478
58787,4,0,87482
58788,1,0,87483
58789,1,0,87484
58790,1,0,87485
58791,4,0,87489
58792,1,0,87490
58793,3,0,87493
58794,1,0,87494
58795,1,0,87495
58796,1,0,87496
58797,1,0,87497
58798,2,0,87499
58799,1,0,87500
58800,1,0,87501
58801,1,0,87502
58802,1,0,87503
58803,2,0,87505
58804,1,0,87506
58805,1,0,87507
58806,1,0,87508
58807,1,0,87509
58808,3,0,87512
58809,1,0,87513
58810,2,0,87515
58811,1,0,87516
58812,2,0,87518
58813,1,0,87519
58814,1,0,87520
58815,1,0,87521
58816,1,0,87522
58817,2,0,87524
58818,1,0,87525
58819,1,0,87526
58820,1,0,87527
58821,2,0,87529
58822,1,0,87530
58823,1,0,87531
58824,1,0,87532
58825,2,0,87534
58826,1,0,87535
58827,2,0,87537
58828,3,0,87540
58829,1,0,87541
58830,1,0,87542
58831,1,0,87543
58832,1,0,87544
58833,1,0,87545
58834,1,0,87546
58835,1,0,87547
58836,1,0,87548
58837,1,0,87549
58838,1,0,87550
58839,1,0,87551
58840,1,0,87552
58841,1,0,87553
58842,2,0,87555
58843,1,0,87556
58844,1,0,87557
58845,1,0,87558
58846,1,0,87559
58847,2,0,87561
58848,1,0,87562
58849,1,0,87563
58850,1,0,87564
58851,1,0,87565
58852,1,0,87566
58853,1,0,87567
58854,2,0,87569
58855,1,0,87570
58856,2,0,87572
58857,2,0,87574
58858,3,0,87577
58859,2,0,87579
58860,1,0,87580
58861,3,0,87583
58862,1,0,87584
58863,1,0,87585
58864,1,0,87586
58865,1,0,87587
58866,1,0,87588
58867,1,0,87589
58868,1,0,87590
58869,1,0,87591
58870,1,0,87592
58871,1,0,87593
58872,3,0,87596
58873,2,0,87598
58874,1,0,87599
58875,1,0,87600
58876,1,0,87601
58877,2,0,87603
58878,1,0,87604
58879,1,0,87605
58880,2,0,87607
58881,1,0,87608
58882,1,0,87609
58883,1,0,87610
58884,2,0,87612
58885,2,0,87614
58886,1,0,87615
58887,3,0,87618
58888,1,0,87619
58889,1,0,87620
58890,1,0,87621
58891,1,0,87622
58892,2,0,87624
58893,3,0,87627
58894,1,0,87628
58895,2,0,87630
58896,1,0,87631
58897,2,0,87633
58898,1,0,87634
58899,1,0,87635
58900,1,0,87636
58901,2,0,87638
58902,1,0,87639
58903,3,0,87642
58904,1,0,87643
58905,3,0,87646
58906,2,0,87648
58907,1,0,87649
58908,2,0,87651
58909,2,0,87653
58910,1,0,87654
58911,1,0,87655
58912,1,0,87656
58913,1,0,87657
58914,1,0,87658
58915,1,0,87659
58916,1,0,87660
58917,1,0,87661
58918,2,0,87663
58919,3,0,87666
58920,1,0,87667
58921,1,0,87668
58922,1,0,87669
58923,2,0,87671
58924,1,0,87672
58925,1,0,87673
58926,1,0,87674
58927,3,0,87677
58928,1,0,87678
58929,1,0,87679
58930,1,0,87680
58931,3,0,87683
58932,2,0,87685
58933,1,0,87686
58934,1,0,87687
58935,1,0,87688
58936,1,0,87689
58937,1,0,87690
58938,1,0,87691
58939,1,0,87692
58940,1,0,87693
58941,1,0,87694
58942,2,0,87696
58943,1,0,87697
58944,2,0,87699
58945,1,0,87700
58946,1,0,87701
58947,3,0,87704
58948,1,0,87705
58949,1,0,87706
58950,1,0,87707
58951,3,0,87710
58952,1,0,87711
58953,1,0,87712
58954,1,0,87713
58955,2,0,87715
58956,1,0,87716
58957,1,0,87717
58958,1,0,87718
58959,1,0,87719
58960,1,0,87720
58961,1,0,87721
58962,1,0,87722
58963,1,0,87723
58964,1,0,87724
58965,1,0,87725
58966,3,0,87728
58967,1,0,87729
58968,1,0,87730
58969,1,0,87731
58970,1,0,87732
58971,1,0,87733
58972,1,0,87734
58973,1,0,87735
58974,1,0,87736
58975,1,0,87737
58976,1,0,87738
58977,1,0,87739
58978,2,0,87741
58979,1,0,87742
58980,1,0,87743
58981,1,0,87744
58982,1,0,87745
58983,1,0,87746
58984,1,0,87747
58985,1,0,87748
58986,2,0,87750
58987,1,0,87751
58988,1,0,87752
58989,1,0,87753
58990,1,0,87754
58991,1,0,87755
58992,1,0,87756
58993,1,0,87757
58994,1,0,87758
58995,3,0,87761
58996,1,0,87762
58997,1,0,87763
58998,2,0,87765
58999,1,0,87766
59000,1,0,87767
59001,1,0,87768
59002,3,0,87771
59003,1,0,87772
59004,1,0,87773
59005,1,0,87774
59006,1,0,87775
59007,2,0,87777
59008,1,0,87778
59009,1,0,87779
59010,1,0,87780
59011,2,0,87782
59012,2,0,87784
59013,1,0,87785
59014,1,0,87786
59015,1,0,87787
59016,1,0,87788
59017,1,0,87789
59018,2,0,87791
59019,2,0,87793
59020,1,0,87794
59021,1,0,87795
59022,2,0,87797
59023,2,0,87799
59024,3,0,87802
59025,1,0,87803
59026,1,0,87804
59027,2,0,87806
59028,1,0,87807
59029,1,0,87808
59030,4,0,87812
59031,1,0,87813
59032,1,0,87814
59033,2,0,87816
59034,1,0,87817
59035,1,0,87818
59036,2,0,87820
59037,1,0,87821
59038,1,0,87822
59039,2,0,87824
59040,1,0,87825
59041,2,0,87827
59042,2,0,87829
59043,1,0,87830
59044,2,0,87832
59045,1,0,87833
59046,2,0,87835
59047,1,0,87836
59048,1,0,87837
59049,1,0,87838
59050,1,0,87839
59051,1,0,87840
59052,2,0,87842
59053,1,0,87843
59054,1,0,87844
59055,2,0,87846
59056,2,0,87848
59057,4,0,87852
59058,1,0,87853
59059,1,0,87854
59060,1,0,87855
59061,1,0,87856
59062,1,0,87857
59063,1,0,87858
59064,1,0,87859
59065,1,0,87860
59066,2,0,87862
59067,1,0,87863
59068,2,0,87865
59069,3,0,87868
59070,1,0,87869
59071,1,0,87870
59072,1,0,87871
59073,1,0,87872
59074,2,0,87874
59075,1,0,87875
59076,3,0,87878
59077,1,0,87879
59078,1,0,87880
59079,3,0,87883
59080,1,0,87884
59081,3,0,87887
59082,2,0,87889
59083,1,0,87890
59084,1,0,87891
59085,2,0,87893
59086,1,0,87894
59087,1,0,87895
59088,1,0,87896
59089,1,0,87897
59090,1,0,87898
59091,1,0,87899
59092,1,0,87900
59093,1,0,87901
59094,1,0,87902
59095,1,0,87903
59096,1,0,87904
59097,1,0,87905
59098,1,0,87906
59099,1,0,87907
59100,1,0,87908
59101,1,0,87909
59102,2,0,87911
59103,2,0,87913
59104,1,0,87914
59105,2,0,87916
59106,1,0,87917
59107,2,0,87919
59108,1,0,87920
59109,1,0,87921
59110,1,0,87922
59111,1,0,87923
59112,1,0,87924
59113,1,0,87925
59114,1,0,87926
59115,1,0,87927
59116,1,0,87928
59117,1,0,87929
59118,1,0,87930
59119,2,0,87932
59120,2,0,87934
59121,1,0,87935
59122,3,0,87938
59123,1,0,87939
59124,1,0,87940
59125,1,0,87941
59126,1,0,87942
59127,1,0,87943
59128,1,0,87944
59129,2,0,87946
59130,1,0,87947
59131,1,0,87948
59132,2,0,87950
59133,1,0,87951
59134,1,0,87952
59135,1,0,87953
59136,1,0,87954
59137,2,0,87956
59138,1,0,87957
59139,1,0,87958
59140,1,0,87959
59141,2,0,87961
59142,1,0,87962
59143,1,0,87963
59144,1,0,87964
59145,1,0,87965
59146,1,0,87966
59147,2,0,87968
59148,1,0,87969
59149,3,0,87972
59150,1,0,87973
59151,1,0,87974
59152,2,0,87976
59153,2,0,87978
59154,3,0,87981
59155,1,0,87982
59156,1,0,87983
59157,2,0,87985
59158,1,0,87986
59159,1,0,87987
59160,1,0,87988
59161,1,0,87989
59162,1,0,87990
59163,1,0,87991
59164,1,0,87992
59165,1,0,87993
59166,2,0,87995
59167,1,0,87996
59168,1,0,87997
59169,2,0,87999
59170,1,0,88000
59171,1,0,88001
59172,1,0,88002
59173,1,0,88003
59174,1,0,88004
59175,1,0,88005
59176,1,0,88006
59177,1,0,88007
59178,1,0,88008
59179,1,0,88009
59180,1,0,88010
59181,2,0,88012
59182,3,0,88015
59183,3,0,88018
59184,1,0,88019
59185,1,0,88020
59186,1,0,88021
59187,1,0,88022
59188,1,0,88023
59189,1,0,88024
59190,1,0,88025
59191,1,0,88026
59192,1,0,88027
59193,1,0,88028
59194,1,0,88029
59195,1,0,88030
59196,2,0,88032
59197,1,0,88033
59198,2,0,88035
59199,1,0,88036
59200,2,0,88038
59201,1,0,88039
59202,1,0,88040
59203,1,0,88041
59204,2,0,88043
59205,1,0,88044
59206,1,0,88045
59207,1,0,88046
59208,2,0,88048
59209,1,0,88049
59210,1,0,88050
59211,1,0,88051
59212,1,0,88052
59213,1,0,88053
59214,1,0,88054
59215,2,0,88056
59216,2,0,88058
59217,1,0,88059
59218,1,0,88060
59219,1,0,88061
59220,1,0,88062
59221,1,0,88063
59222,2,0,88065
59223,1,0,88066
59224,1,0,88067
59225,1,0,88068
59226,2,0,88070
59227,1,0,88071
59228,2,0,88073
59229,1,0,88074
59230,1,0,88075
59231,1,0,88076
59232,1,0,88077
59233,1,0,88078
59234,1,0,88079
59235,1,0,88080
59236,1,0,88081
59237,2,0,88083
59238,1,0,88084
59239,1,0,88085
59240,1,0,88086
59241,1,0,88087
59242,1,0,88088
59243,2,0,88090
59244,1,0,88091
59245,1,0,88092
59246,1,0,88093
59247,1,0,88094
59248,1,0,88095
59249,1,0,88096
59250,1,0,88097
59251,1,0,88098
59252,2,0,88100
59253,1,0,88101
59254,1,0,88102
59255,1,0,88103
59256,1,0,88104
59257,1,0,88105
59258,3,0,88108
59259,2,0,88110
59260,1,0,88111
59261,1,0,88112
59262,1,0,88113
59263,1,0,88114
59264,2,0,88116
59265,1,0,88117
59266,1,0,88118
59267,1,0,88119
59268,1,0,88120
59269,1,0,88121
59270,1,0,88122
59271,1,0,88123
59272,1,0,88124
59273,1,0,88125
59274,1,0,88126
59275,2,0,88128
59276,1,0,88129
59277,1,0,88130
59278,1,0,88131
59279,2,0,88133
59280,1,0,88134
59281,1,0,88135
59282,1,0,88136
59283,1,0,88137
59284,1,0,88138
59285,3,0,88141
59286,1,0,88142
59287,1,0,88143
59288,1,0,88144
59289,1,0,88145
59290,1,0,88146
59291,1,0,88147
59292,1,0,88148
59293,1,0,88149
59294,1,0,88150
59295,3,0,88153
59296,1,0,88154
59297,1,0,88155
59298,2,0,88157
59299,1,0,88158
59300,1,0,88159
59301,1,0,88160
59302,1,0,88161
59303,3,0,88164
59304,1,0,88165
59305,1,0,88166
59306,2,0,88168
59307,1,0,88169
59308,1,0,88170
59309,1,0,88171
59310,2,0,88173
59311,1,0,88174
59312,2,0,88176
59313,2,0,88178
59314,2,0,88180
59315,1,0,88181
59316,2,0,88183
59317,1,0,88184
59318,2,0,88186
59319,1,0,88187
59320,2,0,88189
59321,1,0,88190
59322,2,0,88192
59323,1,0,88193
59324,2,0,88195
59325,2,0,88197
59326,1,0,88198
59327,4,0,88202
59328,1,0,88203
59329,2,0,88205
59330,3,0,88208
59331,2,0,88210
59332,2,0,88212
59333,2,0,88214
59334,1,0,88215
59335,2,0,88217
59336,1,0,88218
59337,1,0,88219
59338,1,0,88220
59339,2,0,88222
59340,1,0,88223
59341,1,0,88224
59342,1,0,88225
59343,2,0,88227
59344,2,0,88229
59345,1,0,88230
59346,1,0,88231
59347,1,0,88232
59348,2,0,88234
59349,1,0,88235
59350,2,0,88237
59351,1,0,88238
59352,3,0,88241
59353,2,0,88243
59354,1,0,88244
59355,4,0,88248
59356,1,0,88249
59357,1,0,88250
59358,1,0,88251
59359,1,0,88252
59360,1,0,88253
59361,1,0,88254
59362,1,0,88255
59363,1,0,88256
59364,1,0,88257
59365,1,0,88258
59366,1,0,88259
59367,1,0,88260
59368,1,0,88261
59369,2,0,88263
59370,1,0,88264
59371,1,0,88265
59372,1,0,88266
59373,1,0,88267
59374,1,0,88268
59375,1,0,88269
59376,1,0,88270
59377,1,0,88271
59378,1,0,88272
59379,2,0,88274
59380,1,0,88275
59381,1,0,88276
59382,3,0,88279
59383,1,0,88280
59384,1,0,88281
59385,1,0,88282
59386,1,0,88283
59387,1,0,88284
59388,1,0,88285
59389,1,0,88286
59390,5,0,88291
59391,1,0,88292
59392,1,0,88293
59393,1,0,88294
59394,1,0,88295
59395,2,0,88297
59396,1,0,88298
59397,2,0,88300
59398,2,0,88302
59399,2,0,88304
59400,2,0,88306
59401,1,0,88307
59402,2,0,88309
59403,1,0,88310
59404,1,0,88311
59405,2,0,88313
59406,2,0,88315
59407,1,0,88316
59408,1,0,88317
59409,3,0,88320
59410,1,0,88321
59411,1,0,88322
59412,2,0,88324
59413,1,0,88325
59414,1,0,88326
59415,1,0,88327
59416,1,0,88328
59417,1,0,88329
59418,1,0,88330
59419,2,0,88332
59420,1,0,88333
59421,2,0,88335
59422,1,0,88336
59423,1,0,88337
59424,1,0,88338
59425,3,0,88341
59426,1,0,88342
59427,1,0,88343
59428,1,0,88344
59429,1,0,88345
59430,1,0,88346
59431,1,0,88347
59432,1,0,88348
59433,1,0,88349
59434,1,0,88350
59435,1,0,88351
59436,1,0,88352
59437,1,0,88353
59438,1,0,88354
59439,1,0,88355
59440,1,0,88356
59441,3,0,88359
59442,1,0,88360
59443,1,0,88361
59444,1,0,88362
59445,3,0,88365
59446,2,0,88367
59447,1,0,88368
59448,1,0,88369
59449,2,0,88371
59450,2,0,88373
59451,2,0,88375
59452,1,0,88376
59453,2,0,88378
59454,1,0,88379
59455,1,0,88380
59456,1,0,88381
59457,1,0,88382
59458,1,0,88383
59459,2,0,88385
59460,1,0,88386
59461,1,0,88387
59462,1,0,88388
59463,1,0,88389
59464,2,0,88391
59465,2,0,88393
59466,1,0,88394
59467,2,0,88396
59468,1,0,88397
59469,2,0,88399
59470,1,0,88400
59471,3,0,88403
59472,2,0,88405
59473,1,0,88406
59474,2,0,88408
59475,1,0,88409
59476,1,0,88410
59477,1,0,88411
59478,3,0,88414
59479,2,0,88416
59480,2,0,88418
59481,1,0,88419
59482,1,0,88420
59483,1,0,88421
59484,2,0,88423
59485,1,0,88424
59486,1,0,88425
59487,1,0,88426
59488,1,0,88427
59489,1,0,88428
59490,1,0,88429
59491,1,0,88430
59492,1,0,88431
59493,2,0,88433
59494,2,0,88435
59495,1,0,88436
59496,1,0,88437
59497,1,0,88438
59498,1,0,88439
59499,4,0,88443
59500,1,0,88444
59501,1,0,88445
59502,1,0,88446
59503,1,0,88447
59504,3,0,88450
59505,1,0,88451
59506,3,0,88454
59507,1,0,88455
59508,1,0,88456
59509,1,0,88457
59510,1,0,88458
59511,1,0,88459
59512,3,0,88462
59513,1,0,88463
59514,2,0,88465
59515,2,0,88467
59516,1,0,88468
59517,3,0,88471
59518,1,0,88472
59519,1,0,88473
59520,1,0,88474
59521,1,0,88475
59522,1,0,88476
59523,1,0,88477
59524,1,0,88478
59525,1,0,88479
59526,1,0,88480
59527,1,0,88481
59528,2,0,88483
59529,1,0,88484
59530,1,0,88485
59531,1,0,88486
59532,1,0,88487
59533,1,0,88488
59534,1,0,88489
59535,1,0,88490
59536,1,0,88491
59537,2,0,88493
59538,1,0,88494
59539,1,0,88495
59540,1,0,88496
59541,1,0,88497
59542,2,0,88499
59543,1,0,88500
59544,1,0,88501
59545,1,0,88502
59546,2,0,88504
59547,1,0,88505
59548,1,0,88506
59549,1,0,88507
59550,1,0,88508
59551,2,0,88510
59552,2,0,88512
59553,3,0,88515
59554,1,0,88516
59555,2,0,88518
59556,3,0,88521
59557,1,0,88522
59558,2,0,88524
59559,1,0,88525
59560,1,0,88526
59561,1,0,88527
59562,1,0,88528
59563,2,0,88530
59564,1,0,88531
59565,1,0,88532
59566,1,0,88533
59567,1,0,88534
59568,1,0,88535
59569,1,0,88536
59570,2,0,88538
59571,1,0,88539
59572,1,0,88540
59573,1,0,88541
59574,1,0,88542
59575,1,0,88543
59576,2,0,88545
59577,1,0,88546
59578,2,0,88548
59579,1,0,88549
59580,1,0,88550
59581,1,0,88551
59582,2,0,88553
59583,1,0,88554
59584,1,0,88555
59585,1,0,88556
59586,2,0,88558
59587,2,0,88560
59588,1,0,88561
59589,1,0,88562
59590,1,0,88563
59591,2,0,88565
59592,1,0,88566
59593,2,0,88568
59594,1,0,88569
59595,1,0,88570
59596,1,0,88571
59597,1,0,88572
59598,1,0,88573
59599,1,0,88574
59600,1,0,88575
59601,1,0,88576
59602,1,0,88577
59603,3,0,88580
59604,1,0,88581
59605,1,0,88582
59606,1,0,88583
59607,1,0,88584
59608,1,0,88585
59609,1,0,88586
59610,1,0,88587
59611,1,0,88588
59612,1,0,88589
59613,1,0,88590
59614,1,0,88591
59615,1,0,88592
59616,2,0,88594
59617,1,0,88595
59618,1,0,88596
59619,1,0,88597
59620,1,0,88598
59621,1,0,88599
59622,1,0,88600
59623,2,0,88602
59624,1,0,88603
59625,1,0,88604
59626,1,0,88605
59627,4,0,88609
59628,1,0,88610
59629,1,0,88611
59630,1,0,88612
59631,1,0,88613
59632,2,0,88615
59633,1,0,88616
59634,2,0,88618
59635,1,0,88619
59636,1,0,88620
59637,1,0,88621
59638,1,0,88622
59639,1,0,88623
59640,3,0,88626
59641,1,0,88627
59642,1,0,88628
59643,2,0,88630
59644,1,0,88631
59645,1,0,88632
59646,1,0,88633
59647,1,0,88634
59648,1,0,88635
59649,1,0,88636
59650,2,0,88638
59651,1,0,88639
59652,2,0,88641
59653,1,0,88642
59654,5,0,88647
59655,1,0,88648
59656,1,0,88649
59657,2,0,88651
59658,1,0,88652
59659,1,0,88653
59660,1,0,88654
59661,2,0,88656
59662,4,0,88660
59663,1,0,88661
59664,1,0,88662
59665,1,0,88663
59666,1,0,88664
59667,1,0,88665
59668,1,0,88666
59669,1,0,88667
59670,1,0,88668
59671,1,0,88669
59672,1,0,88670
59673,1,0,88671
59674,1,0,88672
59675,2,0,88674
59676,1,0,88675
59677,1,0,88676
59678,1,0,88677
59679,1,0,88678
59680,1,0,88679
59681,2,0,88681
59682,1,0,88682
59683,1,0,88683
59684,1,0,88684
59685,1,0,88685
59686,1,0,88686
59687,4,0,88690
59688,1,0,88691
59689,1,0,88692
59690,3,0,88695
59691,1,0,88696
59692,1,0,88697
59693,1,0,88698
59694,1,0,88699
59695,1,0,88700
59696,1,0,88701
59697,1,0,88702
59698,2,0,88704
59699,1,0,88705
59700,1,0,88706
59701,2,0,88708
59702,1,0,88709
59703,1,0,88710
59704,1,0,88711
59705,1,0,88712
59706,1,0,88713
59707,2,0,88715
59708,2,0,88717
59709,1,0,88718
59710,1,0,88719
59711,1,0,88720
59712,1,0,88721
59713,1,0,88722
59714,1,0,88723
59715,1,0,88724
59716,3,0,88727
59717,1,0,88728
59718,1,0,88729
59719,3,0,88732
59720,1,0,88733
59721,2,0,88735
59722,3,0,88738
59723,1,0,88739
59724,1,0,88740
59725,2,0,88742
59726,1,0,88743
59727,3,0,88746
59728,1,0,88747
59729,1,0,88748
59730,1,0,88749
59731,1,0,88750
59732,1,0,88751
59733,1,0,88752
59734,1,0,88753
59735,1,0,88754
59736,1,0,88755
59737,1,0,88756
59738,2,0,88758
59739,3,0,88761
59740,1,0,88762
59741,1,0,88763
59742,2,0,88765
59743,1,0,88766
59744,1,0,88767
59745,1,0,88768
59746,2,0,88770
59747,1,0,88771
59748,1,0,88772
59749,2,0,88774
59750,1,0,88775
59751,2,0,88777
59752,1,0,88778
59753,2,0,88780
59754,1,0,88781
59755,1,0,88782
59756,1,0,88783
59757,2,0,88785
59758,1,0,88786
59759,1,0,88787
59760,1,0,88788
59761,1,0,88789
59762,3,0,88792
59763,2,0,88794
59764,1,0,88795
59765,1,0,88796
59766,1,0,88797
59767,3,0,88800
59768,1,0,88801
59769,2,0,88803
59770,1,0,88804
59771,3,0,88807
59772,1,0,88808
59773,3,0,88811
59774,2,0,88813
59775,1,0,88814
59776,1,0,88815
59777,1,0,88816
59778,1,0,88817
59779,1,0,88818
59780,1,0,88819
59781,1,0,88820
59782,1,0,88821
59783,1,0,88822
59784,1,0,88823
59785,1,0,88824
59786,1,0,88825
59787,1,0,88826
59788,1,0,88827
59789,1,0,88828
59790,1,0,88829
59791,3,0,88832
59792,1,0,88833
59793,1,0,88834
59794,1,0,88835
59795,1,0,88836
59796,1,0,88837
59797,1,0,88838
59798,1,0,88839
59799,1,0,88840
59800,1,0,88841
59801,1,0,88842
59802,1,0,88843
59803,1,0,88844
59804,3,0,88847
59805,1,0,88848
59806,1,0,88849
59807,1,0,88850
59808,4,0,88854
59809,3,0,88857
59810,2,0,88859
59811,2,0,88861
59812,2,0,88863
59813,1,0,88864
59814,1,0,88865
59815,1,0,88866
59816,1,0,88867
59817,2,0,88869
59818,2,0,88871
59819,2,0,88873
59820,2,0,88875
59821,1,0,88876
59822,1,0,88877
59823,1,0,88878
59824,2,0,88880
59825,1,0,88881
59826,1,0,88882
59827,1,0,88883
59828,1,0,88884
59829,2,0,88886
59830,1,0,88887
59831,2,0,88889
59832,2,0,88891
59833,1,0,88892
59834,3,0,88895
59835,1,0,88896
59836,1,0,88897
59837,1,0,88898
59838,1,0,88899
59839,1,0,88900
59840,2,0,88902
59841,1,0,88903
59842,1,0,88904
59843,1,0,88905
59844,1,0,88906
59845,1,0,88907
59846,1,0,88908
59847,1,0,88909
59848,1,0,88910
59849,1,0,88911
59850,2,0,88913
59851,1,0,88914
59852,1,0,88915
59853,1,0,88916
59854,3,0,88919
59855,1,0,88920
59856,1,0,88921
59857,1,0,88922
59858,1,0,88923
59859,2,0,88925
59860,3,0,88928
59861,1,0,88929
59862,1,0,88930
59863,2,0,88932
59864,2,0,88934
59865,1,0,88935
59866,1,0,88936
59867,1,0,88937
59868,1,0,88938
59869,1,0,88939
59870,1,0,88940
59871,1,0,88941
59872,1,0,88942
59873,1,0,88943
59874,1,0,88944
59875,1,0,88945
59876,1,0,88946
59877,2,0,88948
59878,1,0,88949
59879,1,0,88950
59880,1,0,88951
59881,2,0,88953
59882,1,0,88954
59883,1,0,88955
59884,1,0,88956
59885,1,0,88957
59886,1,0,88958
59887,1,0,88959
59888,1,0,88960
59889,3,0,88963
59890,1,0,88964
59891,1,0,88965
59892,1,0,88966
59893,1,0,88967
59894,2,0,88969
59895,2,0,88971
59896,1,0,88972
59897,5,0,88977
59898,1,0,88978
59899,1,0,88979
59900,3,0,88982
59901,1,0,88983
59902,1,0,88984
59903,1,0,88985
59904,1,0,88986
59905,1,0,88987
59906,2,0,88989
59907,1,0,88990
59908,1,0,88991
59909,3,0,88994
59910,1,0,88995
59911,4,0,88999
59912,2,0,89001
59913,1,0,89002
59914,1,0,89003
59915,1,0,89004
59916,1,0,89005
59917,2,0,89007
59918,1,0,89008
59919,1,0,89009
59920,5,0,89014
59921,1,0,89015
59922,1,0,89016
59923,1,0,89017
59924,2,0,89019
59925,1,0,89020
59926,1,0,89021
59927,1,0,89022
59928,1,0,89023
59929,1,0,89024
59930,2,0,89026
59931,1,0,89027
59932,1,0,89028
59933,1,0,89029
59934,1,0,89030
59935,2,0,89032
59936,1,0,89033
59937,1,0,89034
59938,1,0,89035
59939,2,0,89037
59940,2,0,89039
59941,2,0,89041
59942,1,0,89042
59943,1,0,89043
59944,1,0,89044
59945,4,0,89048
59946,1,0,89049
59947,1,0,89050
59948,2,0,89052
59949,1,0,89053
59950,3,0,89056
59951,1,0,89057
59952,1,0,89058
59953,1,0,89059
59954,1,0,89060
59955,1,0,89061
59956,1,0,89062
59957,1,0,89063
59958,1,0,89064
59959,1,0,89065
59960,1,0,89066
59961,1,0,89067
59962,2,0,89069
59963,1,0,89070
59964,1,0,89071
59965,1,0,89072
59966,1,0,89073
59967,1,0,89074
59968,1,0,89075
59969,1,0,89076
59970,1,0,89077
59971,1,0,89078
59972,2,0,89080
59973,1,0,89081
59974,1,0,89082
59975,1,0,89083
59976,1,0,89084
59977,1,0,89085
59978,2,0,89087
59979,2,0,89089
59980,2,0,89091
59981,1,0,89092
59982,2,0,89094
59983,1,0,89095
59984,2,0,89097
59985,1,0,89098
59986,3,0,89101
59987,1,0,89102
59988,1,0,89103
59989,1,0,89104
59990,2,0,89106
59991,1,0,89107
59992,1,0,89108
59993,1,0,89109
59994,1,0,89110
59995,1,0,89111
59996,1,0,89112
59997,1,0,89113
59998,1,0,89114
59999,2,0,89116
60000,1,0,89117
60001,1,0,89118
60002,1,0,89119
60003,2,0,89121
60004,2,0,89123
60005,1,0,89124
60006,1,0,89125
60007,1,0,89126
60008,2,0,89128
60009,1,0,89129
60010,1,0,89130
60011,1,0,89131
60012,1,0,89132
60013,1,0,89133
60014,2,0,89135
60015,1,0,89136
60016,1,0,89137
60017,1,0,89138
60018,1,0,89139
60019,2,0,89141
60020,1,0,89142
60021,1,0,89143
60022,1,0,89144
60023,2,0,89146
60024,1,0,89147
60025,1,0,89148
60026,1,0,89149
60027,1,0,89150
60028,2,0,89152
60029,1,0,89153
60030,1,0,89154
60031,2,0,89156
60032,1,0,89157
60033,1,0,89158
60034,3,0,89161
60035,2,0,89163
60036,1,0,89164
60037,1,0,89165
60038,2,0,89167
60039,1,0,89168
60040,1,0,89169
60041,1,0,89170
60042,1,0,89171
60043,1,0,89172
60044,1,0,89173
60045,1,0,89174
60046,1,0,89175
60047,2,0,89177
60048,1,0,89178
60049,1,0,89179
60050,1,0,89180
60051,1,0,89181
60052,1,0,89182
60053,1,0,89183
60054,1,0,89184
60055,1,0,89185
60056,1,0,89186
60057,1,0,89187
60058,1,0,89188
60059,1,0,89189
60060,2,0,89191
60061,1,0,89192
60062,3,0,89195
60063,2,0,89197
60064,1,0,89198
60065,2,0,89200
60066,2,0,89202
60067,1,0,89203
60068,1,0,89204
60069,1,0,89205
60070,2,0,89207
60071,1,0,89208
60072,1,0,89209
60073,1,0,89210
60074,2,0,89212
60075,2,0,89214
60076,1,0,89215
60077,1,0,89216
60078,1,0,89217
60079,2,0,89219
60080,1,0,89220
60081,1,0,89221
60082,1,0,89222
60083,1,0,89223
60084,1,0,89224
60085,1,0,89225
60086,1,0,89226
60087,1,0,89227
60088,1,0,89228
60089,2,0,89230
60090,1,0,89231
60091,1,0,89232
60092,1,0,89233
60093,1,0,89234
60094,1,0,89235
60095,1,0,89236
60096,1,0,89237
60097,1,0,89238
60098,1,0,89239
60099,1,0,89240
60100,2,0,89242
60101,1,0,89243
60102,4,0,89247
60103,1,0,89248
60104,1,0,89249
60105,3,0,89252
60106,2,0,89254
60107,2,0,89256
60108,1,0,89257
60109,1,0,89258
60110,1,0,89259
60111,1,0,89260
60112,1,0,89261
60113,3,0,89264
60114,2,0,89266
60115,2,0,89268
60116,1,0,89269
60117,1,0,89270
60118,1,0,89271
60119,1,0,89272
60120,2,0,89274
60121,2,0,89276
60122,1,0,89277
60123,1,0,89278
60124,1,0,89279
60125,1,0,89280
60126,1,0,89281
60127,1,0,89282
60128,1,0,89283
60129,1,0,89284
60130,4,0,89288
60131,1,0,89289
60132,1,0,89290
60133,1,0,89291
60134,1,0,89292
60135,1,0,89293
60136,1,0,89294
60137,1,0,89295
60138,1,0,89296
60139,1,0,89297
60140,1,0,89298
60141,2,0,89300
60142,1,0,89301
60143,1,0,89302
60144,1,0,89303
60145,1,0,89304
60146,1,0,89305
60147,1,0,89306
60148,6,0,89312
60149,1,0,89313
60150,1,0,89314
60151,2,0,89316
60152,2,0,89318
60153,1,0,89319
60154,1,0,89320
60155,2,0,89322
60156,1,0,89323
60157,1,0,89324
60158,1,0,89325
60159,1,0,89326
60160,1,0,89327
60161,2,0,89329
60162,3,0,89332
60163,1,0,89333
60164,1,0,89334
60165,2,0,89336
60166,1,0,89337
60167,1,0,89338
60168,1,0,89339
60169,1,0,89340
60170,1,0,89341
60171,1,0,89342
60172,1,0,89343
60173,1,0,89344
60174,2,0,89346
60175,1,0,89347
60176,1,0,89348
60177,1,0,89349
60178,2,0,89351
60179,1,0,89352
60180,1,0,89353
60181,2,0,89355
60182,1,0,89356
60183,1,0,89357
60184,2,0,89359
60185,3,0,89362
60186,1,0,89363
60187,2,0,89365
60188,2,0,89367
60189,1,0,89368
60190,1,0,89369
60191,1,0,89370
60192,1,0,89371
60193,1,0,89372
60194,1,0,89373
60195,1,0,89374
60196,1,0,89375
60197,1,0,89376
60198,1,0,89377
60199,2,0,89379
60200,4,0,89383
60201,2,0,89385
60202,1,0,89386
60203,1,0,89387
60204,3,0,89390
60205,1,0,89391
60206,1,0,89392
60207,1,0,89393
60208,1,0,89394
60209,1,0,89395
60210,1,0,89396
60211,1,0,89397
60212,3,0,89400
60213,1,0,89401
60214,1,0,89402
60215,1,0,89403
60216,1,0,89404
60217,3,0,89407
60218,1,0,89408
60219,2,0,89410
60220,1,0,89411
60221,2,0,89413
60222,1,0,89414
60223,3,0,89417
60224,1,0,89418
60225,1,0,89419
60226,1,0,89420
60227,2,0,89422
60228,4,0,89426
60229,1,0,89427
60230,2,0,89429
60231,1,0,89430
60232,2,0,89432
60233,1,0,89433
60234,2,0,89435
60235,2,0,89437
60236,1,0,89438
60237,1,0,89439
60238,1,0,89440
60239,1,0,89441
60240,1,0,89442
60241,2,0,89444
60242,1,0,89445
60243,3,0,89448
60244,1,0,89449
60245,1,0,89450
60246,2,0,89452
60247,1,0,89453
60248,1,0,89454
60249,3,0,89457
60250,1,0,89458
60251,4,0,89462
60252,1,0,89463
60253,1,0,89464
60254,1,0,89465
60255,1,0,89466
60256,2,0,89468
60257,1,0,89469
60258,1,0,89470
60259,1,0,89471
60260,2,0,89473
60261,6,0,89479
60262,1,0,89480
60263,1,0,89481
60264,1,0,89482
60265,1,0,89483
60266,1,0,89484
60267,1,0,89485
60268,1,0,89486
60269,3,0,89489
60270,1,0,89490
60271,1,0,89491
60272,2,0,89493
60273,1,0,89494
60274,2,0,89496
60275,1,0,89497
60276,2,0,89499
60277,1,0,89500
60278,1,0,89501
60279,1,0,89502
60280,1,0,89503
60281,2,0,89505
60282,2,0,89507
60283,2,0,89509
60284,1,0,89510
60285,1,0,89511
60286,1,0,89512
60287,1,0,89513
60288,6,0,89519
60289,1,0,89520
60290,3,0,89523
60291,2,0,89525
60292,3,0,89528
60293,6,0,89534
60294,1,0,89535
60295,1,0,89536
60296,1,0,89537
60297,4,0,89541
60298,1,0,89542
60299,1,0,89543
60300,1,0,89544
60301,1,0,89545
60302,1,0,89546
60303,2,0,89548
60304,1,0,89549
60305,1,0,89550
60306,1,0,89551
60307,1,0,89552
60308,1,0,89553
60309,2,0,89555
60310,1,0,89556
60311,1,0,89557
60312,3,0,89560
60313,1,0,89561
60314,1,0,89562
60315,2,0,89564
60316,1,0,89565
60317,1,0,89566
60318,1,0,89567
60319,4,0,89571
60320,2,0,89573
60321,1,0,89574
60322,1,0,89575
60323,1,0,89576
60324,1,0,89577
60325,1,0,89578
60326,2,0,89580
60327,2,0,89582
60328,1,0,89583
60329,2,0,89585
60330,1,0,89586
60331,1,0,89587
60332,1,0,89588
60333,1,0,89589
60334,2,0,89591
60335,1,0,89592
60336,1,0,89593
60337,2,0,89595
60338,1,0,89596
60339,2,0,89598
60340,1,0,89599
60341,1,0,89600
60342,1,0,89601
60343,1,0,89602
60344,1,0,89603
60345,1,0,89604
60346,1,0,89605
60347,1,0,89606
60348,3,0,89609
60349,1,0,89610
60350,1,0,89611
60351,1,0,89612
60352,1,0,89613
60353,2,0,89615
60354,2,0,89617
60355,1,0,89618
60356,1,0,89619
60357,1,0,89620
60358,1,0,89621
60359,1,0,89622
60360,2,0,89624
60361,1,0,89625
60362,1,0,89626
60363,1,0,89627
60364,1,0,89628
60365,1,0,89629
60366,2,0,89631
60367,1,0,89632
60368,1,0,89633
60369,4,0,89637
60370,2,0,89639
60371,1,0,89640
60372,1,0,89641
60373,1,0,89642
60374,2,0,89644
60375,2,0,89646
60376,2,0,89648
60377,1,0,89649
60378,1,0,89650
60379,1,0,89651
60380,1,0,89652
60381,2,0,89654
60382,1,0,89655
60383,1,0,89656
60384,1,0,89657
60385,1,0,89658
60386,2,0,89660
60387,1,0,89661
60388,1,0,89662
60389,1,0,89663
60390,1,0,89664
60391,1,0,89665
60392,1,0,89666
60393,2,0,89668
60394,3,0,89671
60395,2,0,89673
60396,1,0,89674
60397,1,0,89675
60398,1,0,89676
60399,1,0,89677
60400,1,0,89678
60401,1,0,89679
60402,1,0,89680
60403,1,0,89681
60404,1,0,89682
60405,1,0,89683
60406,1,0,89684
60407,1,0,89685
60408,1,0,89686
60409,3,0,89689
60410,1,0,89690
60411,2,0,89692
60412,1,0,89693
60413,2,0,89695
60414,1,0,89696
60415,1,0,89697
60416,1,0,89698
60417,1,0,89699
60418,1,0,89700
60419,2,0,89702
60420,1,0,89703
60421,1,0,89704
60422,1,0,89705
60423,1,0,89706
60424,1,0,89707
60425,1,0,89708
60426,2,0,89710
60427,1,0,89711
60428,1,0,89712
60429,1,0,89713
60430,1,0,89714
60431,1,0,89715
60432,1,0,89716
60433,1,0,89717
60434,1,0,89718
60435,1,0,89719
60436,2,0,89721
60437,1,0,89722
60438,4,0,89726
60439,3,0,89729
60440,2,0,89731
60441,1,0,89732
60442,2,0,89734
60443,1,0,89735
60444,1,0,89736
60445,1,0,89737
60446,1,0,89738
60447,1,0,89739
60448,2,0,89741
60449,1,0,89742
60450,1,0,89743
60451,2,0,89745
60452,1,0,89746
60453,3,0,89749
60454,3,0,89752
60455,3,0,89755
60456,1,0,89756
60457,1,0,89757
60458,1,0,89758
60459,3,0,89761
60460,3,0,89764
60461,1,0,89765
60462,1,0,89766
60463,1,0,89767
60464,1,0,89768
60465,1,0,89769
60466,1,0,89770
60467,1,0,89771
60468,3,0,89774
60469,1,0,89775
60470,1,0,89776
60471,1,0,89777
60472,1,0,89778
60473,2,0,89780
60474,2,0,89782
60475,1,0,89783
60476,1,0,89784
60477,1,0,89785
60478,1,0,89786
60479,3,0,89789
60480,1,0,89790
60481,2,0,89792
60482,4,0,89796
60483,1,0,89797
60484,1,0,89798
60485,1,0,89799
60486,1,0,89800
60487,3,0,89803
60488,3,0,89806
60489,1,0,89807
60490,1,0,89808
60491,2,0,89810
60492,2,0,89812
60493,1,0,89813
60494,1,0,89814
60495,1,0,89815
60496,2,0,89817
60497,3,0,89820
60498,1,0,89821
60499,1,0,89822
60500,1,0,89823
60501,1,0,89824
60502,1,0,89825
60503,1,0,89826
60504,1,0,89827
60505,1,0,89828
60506,2,0,89830
60507,1,0,89831
60508,1,0,89832
60509,1,0,89833
60510,1,0,89834
60511,1,0,89835
60512,1,0,89836
60513,2,0,89838
60514,3,0,89841
60515,1,0,89842
60516,1,0,89843
60517,1,0,89844
60518,1,0,89845
60519,3,0,89848
60520,1,0,89849
60521,1,0,89850
60522,1,0,89851
60523,1,0,89852
60524,1,0,89853
60525,2,0,89855
60526,1,0,89856
60527,1,0,89857
60528,1,0,89858
60529,2,0,89860
60530,1,0,89861
60531,1,0,89862
60532,1,0,89863
60533,1,0,89864
60534,1,0,89865
60535,2,0,89867
60536,1,0,89868
60537,1,0,89869
60538,1,0,89870
60539,1,0,89871
60540,1,0,89872
60541,3,0,89875
60542,1,0,89876
60543,1,0,89877
60544,1,0,89878
60545,1,0,89879
60546,1,0,89880
60547,2,0,89882
60548,1,0,89883
60549,1,0,89884
60550,1,0,89885
60551,1,0,89886
60552,1,0,89887
60553,1,0,89888
60554,2,0,89890
60555,1,0,89891
60556,1,0,89892
60557,1,0,89893
60558,2,0,89895
60559,1,0,89896
60560,1,0,89897
60561,2,0,89899
60562,1,0,89900
60563,1,0,89901
60564,1,0,89902
60565,1,0,89903
60566,1,0,89904
60567,1,0,89905
60568,1,0,89906
60569,2,0,89908
60570,1,0,89909
60571,1,0,89910
60572,1,0,89911
60573,1,0,89912
60574,2,0,89914
60575,2,0,89916
60576,1,0,89917
60577,1,0,89918
60578,2,0,89920
60579,2,0,89922
60580,3,0,89925
60581,1,0,89926
60582,1,0,89927
60583,1,0,89928
60584,1,0,89929
60585,1,0,89930
60586,1,0,89931
60587,1,0,89932
60588,1,0,89933
60589,2,0,89935
60590,1,0,89936
60591,1,0,89937
60592,2,0,89939
60593,1,0,89940
60594,1,0,89941
60595,2,0,89943
60596,1,0,89944
60597,2,0,89946
60598,1,0,89947
60599,2,0,89949
60600,1,0,89950
60601,1,0,89951
60602,2,0,89953
60603,1,0,89954
60604,1,0,89955
60605,2,0,89957
60606,1,0,89958
60607,1,0,89959
60608,1,0,89960
60609,1,0,89961
60610,1,0,89962
60611,1,0,89963
60612,2,0,89965
60613,1,0,89966
60614,4,0,89970
60615,1,0,89971
60616,2,0,89973
60617,1,0,89974
60618,1,0,89975
60619,1,0,89976
60620,1,0,89977
60621,1,0,89978
60622,2,0,89980
60623,1,0,89981
60624,1,0,89982
60625,1,0,89983
60626,1,0,89984
60627,2,0,89986
60628,2,0,89988
60629,2,0,89990
60630,2,0,89992
60631,1,0,89993
60632,1,0,89994
60633,1,0,89995
60634,1,0,89996
60635,1,0,89997
60636,1,0,89998
60637,1,0,89999
60638,1,0,90000
60639,1,0,90001
60640,1,0,90002
60641,1,0,90003
60642,1,0,90004
60643,1,0,90005
60644,1,0,90006
60645,1,0,90007
60646,2,0,90009
60647,1,0,90010
60648,2,0,90012
60649,1,0,90013
60650,2,0,90015
60651,2,0,90017
60652,1,0,90018
60653,2,0,90020
60654,1,0,90021
60655,1,0,90022
60656,1,0,90023
60657,2,0,90025
60658,1,0,90026
60659,1,0,90027
60660,2,0,90029
60661,1,0,90030
60662,1,0,90031
60663,1,0,90032
60664,1,0,90033
60665,4,0,90037
60666,1,0,90038
60667,1,0,90039
60668,1,0,90040
60669,1,0,90041
60670,4,0,90045
60671,2,0,90047
60672,1,0,90048
60673,1,0,90049
60674,3,0,90052
60675,2,0,90054
60676,2,0,90056
60677,2,0,90058
60678,1,0,90059
60679,1,0,90060
60680,1,0,90061
60681,3,0,90064
60682,1,0,90065
60683,2,0,90067
60684,1,0,90068
60685,1,0,90069
60686,3,0,90072
60687,1,0,90073
60688,1,0,90074
60689,2,0,90076
60690,1,0,90077
60691,1,0,90078
60692,1,0,90079
60693,2,0,90081
60694,1,0,90082
60695,1,0,90083
60696,1,0,90084
60697,1,0,90085
60698,1,0,90086
60699,1,0,90087
60700,2,0,90089
60701,1,0,90090
60702,2,0,90092
60703,1,0,90093
60704,1,0,90094
60705,1,0,90095
60706,3,0,90098
60707,2,0,90100
60708,2,0,90102
60709,1,0,90103
60710,1,0,90104
60711,2,0,90106
60712,1,0,90107
60713,1,0,90108
60714,1,0,90109
60715,1,0,90110
60716,2,0,90112
60717,1,0,90113
60718,2,0,90115
60719,1,0,90116
60720,1,0,90117
60721,1,0,90118
60722,1,0,90119
60723,1,0,90120
60724,3,0,90123
60725,1,0,90124
60726,2,0,90126
60727,1,0,90127
60728,1,0,90128
60729,1,0,90129
60730,1,0,90130
60731,1,0,90131
60732,1,0,90132
60733,1,0,90133
60734,1,0,90134
60735,1,0,90135
60736,1,0,90136
60737,1,0,90137
60738,1,0,90138
60739,1,0,90139
60740,1,0,90140
60741,3,0,90143
60742,2,0,90145
60743,1,0,90146
60744,1,0,90147
60745,1,0,90148
60746,2,0,90150
60747,2,0,90152
60748,1,0,90153
60749,1,0,90154
60750,2,0,90156
60751,3,0,90159
60752,1,0,90160
60753,1,0,90161
60754,2,0,90163
60755,3,0,90166
60756,1,0,90167
60757,1,0,90168
60758,1,0,90169
60759,3,0,90172
60760,2,0,90174
60761,1,0,90175
60762,1,0,90176
60763,1,0,90177
60764,3,0,90180
60765,2,0,90182
60766,1,0,90183
60767,1,0,90184
60768,1,0,90185
60769,1,0,90186
60770,1,0,90187
60771,2,0,90189
60772,1,0,90190
60773,2,0,90192
60774,3,0,90195
60775,1,0,90196
60776,1,0,90197
60777,1,0,90198
60778,1,0,90199
60779,1,0,90200
60780,1,0,90201
60781,1,0,90202
60782,1,0,90203
60783,1,0,90204
60784,2,0,90206
60785,1,0,90207
60786,1,0,90208
60787,2,0,90210
60788,1,0,90211
60789,1,0,90212
60790,1,0,90213
60791,1,0,90214
60792,1,0,90215
60793,1,0,90216
60794,4,0,90220
60795,1,0,90221
60796,2,0,90223
60797,1,0,90224
60798,1,0,90225
60799,2,0,90227
60800,1,0,90228
60801,1,0,90229
60802,2,0,90231
60803,1,0,90232
60804,2,0,90234
60805,1,0,90235
60806,2,0,90237
60807,3,0,90240
60808,1,0,90241
60809,2,0,90243
60810,3,0,90246
60811,1,0,90247
60812,1,0,90248
60813,2,0,90250
60814,1,0,90251
60815,1,0,90252
60816,1,0,90253
60817,2,0,90255
60818,2,0,90257
60819,1,0,90258
60820,2,0,90260
60821,1,0,90261
60822,1,0,90262
60823,1,0,90263
60824,1,0,90264
60825,1,0,90265
60826,1,0,90266
60827,1,0,90267
60828,2,0,90269
60829,1,0,90270
60830,2,0,90272
60831,1,0,90273
60832,2,0,90275
60833,1,0,90276
60834,2,0,90278
60835,1,0,90279
60836,1,0,90280
60837,1,0,90281
60838,1,0,90282
60839,1,0,90283
60840,1,0,90284
60841,1,0,90285
60842,1,0,90286
60843,1,0,90287
60844,1,0,90288
60845,1,0,90289
60846,1,0,90290
60847,3,0,90293
60848,2,0,90295
60849,1,0,90296
60850,1,0,90297
60851,1,0,90298
60852,1,0,90299
60853,1,0,90300
60854,1,0,90301
60855,3,0,90304
60856,1,0,90305
60857,2,0,90307
60858,1,0,90308
60859,2,0,90310
60860,1,0,90311
60861,1,0,90312
60862,1,0,90313
60863,1,0,90314
60864,1,0,90315
60865,2,0,90317
60866,1,0,90318
60867,1,0,90319
60868,2,0,90321
60869,1,0,90322
60870,1,0,90323
60871,1,0,90324
60872,1,0,90325
60873,1,0,90326
60874,2,0,90328
60875,1,0,90329
60876,2,0,90331
60877,3,0,90334
60878,3,0,90337
60879,1,0,90338
60880,1,0,90339
60881,1,0,90340
60882,1,0,90341
60883,1,0,90342
60884,2,0,90344
60885,4,0,90348
60886,1,0,90349
60887,2,0,90351
60888,1,0,90352
60889,1,0,90353
60890,3,0,90356
60891,2,0,90358
60892,1,0,90359
60893,1,0,90360
60894,1,0,90361
60895,1,0,90362
60896,3,0,90365
60897,1,0,90366
60898,2,0,90368
60899,2,0,90370
60900,1,0,90371
60901,1,0,90372
60902,2,0,90374
60903,2,0,90376
60904,2,0,90378
60905,1,0,90379
60906,1,0,90380
60907,1,0,90381
60908,1,0,90382
60909,1,0,90383
60910,1,0,90384
60911,3,0,90387
60912,1,0,90388
60913,1,0,90389
60914,2,0,90391
60915,1,0,90392
60916,1,0,90393
60917,3,0,90396
60918,1,0,90397
60919,1,0,90398
60920,3,0,90401
60921,1,0,90402
60922,1,0,90403
60923,2,0,90405
60924,1,0,90406
60925,1,0,90407
60926,1,0,90408
60927,1,0,90409
60928,1,0,90410
60929,4,0,90414
60930,1,0,90415
60931,2,0,90417
60932,1,0,90418
60933,1,0,90419
60934,4,0,90423
60935,1,0,90424
60936,1,0,90425
60937,1,0,90426
60938,1,0,90427
60939,1,0,90428
60940,1,0,90429
60941,1,0,90430
60942,1,0,90431
60943,1,0,90432
60944,1,0,90433
60945,1,0,90434
60946,2,0,90436
60947,1,0,90437
60948,1,0,90438
60949,1,0,90439
60950,4,0,90443
60951,1,0,90444
60952,3,0,90447
60953,2,0,90449
60954,3,0,90452
60955,1,0,90453
60956,1,0,90454
60957,2,0,90456
60958,1,0,90457
60959,1,0,90458
60960,4,0,90462
60961,1,0,90463
60962,1,0,90464
60963,1,0,90465
60964,2,0,90467
60965,1,0,90468
60966,1,0,90469
60967,1,0,90470
60968,1,0,90471
60969,1,0,90472
60970,2,0,90474
60971,1,0,90475
60972,3,0,90478
60973,1,0,90479
60974,1,0,90480
60975,1,0,90481
60976,2,0,90483
60977,1,0,90484
60978,2,0,90486
60979,1,0,90487
60980,1,0,90488
60981,1,0,90489
60982,1,0,90490
60983,1,0,90491
60984,2,0,90493
60985,2,0,90495
60986,1,0,90496
60987,1,0,90497
60988,1,0,90498
60989,1,0,90499
60990,1,0,90500
60991,1,0,90501
60992,1,0,90502
60993,1,0,90503
60994,2,0,90505
60995,1,0,90506
60996,1,0,90507
60997,2,0,90509
60998,4,0,90513
60999,1,0,90514
61000,1,0,90515
61001,3,0,90518
61002,4,0,90522
61003,1,0,90523
61004,1,0,90524
61005,1,0,90525
61006,2,0,90527
61007,1,0,90528
61008,1,0,90529
61009,1,0,90530
61010,3,0,90533
61011,3,0,90536
61012,1,0,90537
61013,1,0,90538
61014,1,0,90539
61015,3,0,90542
61016,2,0,90544
61017,3,0,90547
61018,1,0,90548
61019,1,0,90549
61020,2,0,90551
61021,1,0,90552
61022,2,0,90554
61023,1,0,90555
61024,1,0,90556
61025,1,0,90557
61026,1,0,90558
61027,1,0,90559
61028,1,0,90560
61029,1,0,90561
61030,1,0,90562
61031,4,0,90566
61032,1,0,90567
61033,1,0,90568
61034,1,0,90569
61035,1,0,90570
61036,3,0,90573
61037,1,0,90574
61038,1,0,90575
61039,1,0,90576
61040,1,0,90577
61041,1,0,90578
61042,1,0,90579
61043,1,0,90580
61044,1,0,90581
61045,1,0,90582
61046,2,0,90584
61047,1,0,90585
61048,1,0,90586
61049,3,0,90589
61050,3,0,90592
61051,1,0,90593
61052,2,0,90595
61053,2,0,90597
61054,1,0,90598
61055,1,0,90599
61056,1,0,90600
61057,1,0,90601
61058,1,0,90602
61059,1,0,90603
61060,1,0,90604
61061,2,0,90606
61062,4,0,90610
61063,1,0,90611
61064,1,0,90612
61065,1,0,90613
61066,1,0,90614
61067,2,0,90616
61068,2,0,90618
61069,1,0,90619
61070,2,0,90621
61071,1,0,90622
61072,3,0,90625
61073,1,0,90626
61074,2,0,90628
61075,1,0,90629
61076,1,0,90630
61077,1,0,90631
61078,1,0,90632
61079,5,0,90637
61080,1,0,90638
61081,1,0,90639
61082,4,0,90643
61083,1,0,90644
61084,1,0,90645
61085,1,0,90646
61086,2,0,90648
61087,1,0,90649
61088,1,0,90650
61089,1,0,90651
61090,2,0,90653
61091,3,0,90656
61092,1,0,90657
61093,3,0,90660
61094,1,0,90661
61095,1,0,90662
61096,1,0,90663
61097,1,0,90664
61098,1,0,90665
61099,2,0,90667
61100,2,0,90669
61101,2,0,90671
61102,2,0,90673
61103,2,0,90675
61104,1,0,90676
61105,1,0,90677
61106,3,0,90680
61107,1,0,90681
61108,1,0,90682
61109,1,0,90683
61110,1,0,90684
61111,1,0,90685
61112,1,0,90686
61113,1,0,90687
61114,3,0,90690
61115,1,0,90691
61116,1,0,90692
61117,1,0,90693
61118,3,0,90696
61119,1,0,90697
61120,1,0,90698
61121,3,0,90701
61122,1,0,90702
61123,1,0,90703
61124,1,0,90704
61125,1,0,90705
61126,1,0,90706
61127,1,0,90707
61128,1,0,90708
61129,1,0,90709
61130,2,0,90711
61131,1,0,90712
61132,6,0,90718
61133,1,0,90719
61134,4,0,90723
61135,2,0,90725
61136,1,0,90726
61137,1,0,90727
61138,4,0,90731
61139,1,0,90732
61140,1,0,90733
61141,2,0,90735
61142,2,0,90737
61143,3,0,90740
61144,2,0,90742
61145,1,0,90743
61146,2,0,90745
61147,1,0,90746
61148,1,0,90747
61149,2,0,90749
61150,1,0,90750
61151,1,0,90751
61152,2,0,90753
61153,1,0,90754
61154,3,0,90757
61155,3,0,90760
61156,1,0,90761
61157,4,0,90765
61158,2,0,90767
61159,1,0,90768
61160,2,0,90770
61161,3,0,90773
61162,1,0,90774
61163,1,0,90775
61164,1,0,90776
61165,1,0,90777
61166,2,0,90779
61167,3,0,90782
61168,1,0,90783
61169,1,0,90784
61170,1,0,90785
61171,2,0,90787
61172,1,0,90788
61173,1,0,90789
61174,1,0,90790
61175,1,0,90791
61176,1,0,90792
61177,1,0,90793
61178,2,0,90795
61179,2,0,90797
61180,1,0,90798
61181,1,0,90799
61182,2,0,90801
61183,1,0,90802
61184,1,0,90803
61185,2,0,90805
61186,1,0,90806
61187,1,0,90807
61188,1,0,90808
61189,1,0,90809
61190,1,0,90810
61191,2,0,90812
61192,3,0,90815
61193,4,0,90819
61194,4,0,90823
61195,1,0,90824
61196,1,0,90825
61197,2,0,90827
61198,1,0,90828
61199,1,0,90829
61200,1,0,90830
61201,3,0,90833
61202,1,0,90834
61203,2,0,90836
61204,1,0,90837
61205,3,0,90840
61206,2,0,90842
61207,1,0,90843
61208,2,0,90845
61209,1,0,90846
61210,5,0,90851
61211,1,0,90852
61212,1,0,90853
61213,2,0,90855
61214,1,0,90856
61215,1,0,90857
61216,1,0,90858
61217,1,0,90859
61218,1,0,90860
61219,1,0,90861
61220,1,0,90862
61221,1,0,90863
61222,1,0,90864
61223,4,0,90868
61224,1,0,90869
61225,3,0,90872
61226,1,0,90873
61227,1,0,90874
61228,3,0,90877
61229,2,0,90879
61230,1,0,90880
61231,6,0,90886
61232,1,0,90887
61233,1,0,90888
61234,1,0,90889
61235,3,0,90892
61236,1,0,90893
61237,2,0,90895
61238,1,0,90896
61239,1,0,90897
61240,1,0,90898
61241,1,0,90899
61242,1,0,90900
61243,1,0,90901
61244,1,0,90902
61245,1,0,90903
61246,1,0,90904
61247,1,0,90905
61248,1,0,90906
61249,1,0,90907
61250,1,0,90908
61251,1,0,90909
61252,1,0,90910
61253,1,0,90911
61254,1,0,90912
61255,3,0,90915
61256,1,0,90916
61257,1,0,90917
61258,4,0,90921
61259,1,0,90922
61260,1,0,90923
61261,1,0,90924
61262,3,0,90927
61263,2,0,90929
61264,2,0,90931
61265,1,0,90932
61266,1,0,90933
61267,1,0,90934
61268,2,0,90936
61269,1,0,90937
61270,1,0,90938
61271,1,0,90939
61272,1,0,90940
61273,5,0,90945
61274,2,0,90947
61275,1,0,90948
61276,1,0,90949
61277,3,0,90952
61278,1,0,90953
61279,1,0,90954
61280,1,0,90955
61281,1,0,90956
61282,1,0,90957
61283,1,0,90958
61284,1,0,90959
61285,1,0,90960
61286,1,0,90961
61287,3,0,90964
61288,3,0,90967
61289,1,0,90968
61290,1,0,90969
61291,1,0,90970
61292,1,0,90971
61293,1,0,90972
61294,1,0,90973
61295,8,0,90981
61296,1,0,90982
61297,2,0,90984
61298,1,0,90985
61299,1,0,90986
61300,2,0,90988
61301,1,0,90989
61302,1,0,90990
61303,2,0,90992
61304,1,0,90993
61305,1,0,90994
61306,1,0,90995
61307,1,0,90996
61308,2,0,90998
61309,2,0,91000
61310,2,0,91002
61311,1,0,91003
61312,1,0,91004
61313,1,0,91005
61314,3,0,91008
61315,1,0,91009
61316,1,0,91010
61317,1,0,91011
61318,2,0,91013
61319,1,0,91014
61320,2,0,91016
61321,1,0,91017
61322,1,0,91018
61323,1,0,91019
61324,1,0,91020
61325,3,0,91023
61326,2,0,91025
61327,1,0,91026
61328,1,0,91027
61329,1,0,91028
61330,1,0,91029
61331,2,0,91031
61332,1,0,91032
61333,1,0,91033
61334,1,0,91034
61335,3,0,91037
61336,1,0,91038
61337,2,0,91040
61338,1,0,91041
61339,2,0,91043
61340,1,0,91044
61341,1,0,91045
61342,1,0,91046
61343,1,0,91047
61344,1,0,91048
61345,2,0,91050
61346,1,0,91051
61347,3,0,91054
61348,2,0,91056
61349,2,0,91058
61350,3,0,91061
61351,1,0,91062
61352,2,0,91064
61353,2,0,91066
61354,3,0,91069
61355,1,0,91070
61356,1,0,91071
61357,1,0,91072
61358,2,0,91074
61359,2,0,91076
61360,1,0,91077
61361,2,0,91079
61362,1,0,91080
61363,3,0,91083
61364,4,0,91087
61365,1,0,91088
61366,1,0,91089
61367,1,0,91090
61368,2,0,91092
61369,3,0,91095
61370,1,0,91096
61371,4,0,91100
61372,3,0,91103
61373,1,0,91104
61374,1,0,91105
61375,3,0,91108
61376,2,0,91110
61377,1,0,91111
61378,1,0,91112
61379,1,0,91113
61380,3,0,91116
61381,1,0,91117
61382,1,0,91118
61383,3,0,91121
61384,1,0,91122
61385,1,0,91123
61386,1,0,91124
61387,1,0,91125
61388,1,0,91126
61389,2,0,91128
61390,1,0,91129
61391,1,0,91130
61392,1,0,91131
61393,2,0,91133
61394,2,0,91135
61395,3,0,91138
61396,1,0,91139
61397,1,0,91140
61398,1,0,91141
61399,1,0,91142
61400,1,0,91143
61401,2,0,91145
61402,1,0,91146
61403,1,0,91147
61404,2,0,91149
61405,2,0,91151
61406,1,0,91152
61407,1,0,91153
61408,1,0,91154
61409,1,0,91155
61410,1,0,91156
61411,1,0,91157
61412,1,0,91158
61413,1,0,91159
61414,1,0,91160
61415,1,0,91161
61416,4,0,91165
61417,1,0,91166
61418,2,0,91168
61419,1,0,91169
61420,1,0,91170
61421,2,0,91172
61422,2,0,91174
61423,3,0,91177
61424,2,0,91179
61425,1,0,91180
61426,1,0,91181
61427,2,0,91183
61428,1,0,91184
61429,2,0,91186
61430,5,0,91191
61431,1,0,91192
61432,2,0,91194
61433,1,0,91195
61434,1,0,91196
61435,1,0,91197
61436,2,0,91199
61437,1,0,91200
61438,1,0,91201
61439,1,0,91202
61440,1,0,91203
61441,5,0,91208
61442,2,0,91210
61443,1,0,91211
61444,1,0,91212
61445,1,0,91213
61446,1,0,91214
61447,1,0,91215
61448,1,0,91216
61449,1,0,91217
61450,1,0,91218
61451,2,0,91220
61452,1,0,91221
61453,1,0,91222
61454,1,0,91223
61455,1,0,91224
61456,1,0,91225
61457,4,0,91229
61458,2,0,91231
61459,1,0,91232
61460,1,0,91233
61461,1,0,91234
61462,3,0,91237
61463,1,0,91238
61464,1,0,91239
61465,1,0,91240
61466,1,0,91241
61467,1,0,91242
61468,1,0,91243
61469,1,0,91244
61470,1,0,91245
61471,1,0,91246
61472,1,0,91247
61473,1,0,91248
61474,1,0,91249
61475,2,0,91251
61476,1,0,91252
61477,3,0,91255
61478,1,0,91256
61479,2,0,91258
61480,1,0,91259
61481,1,0,91260
61482,1,0,91261
61483,1,0,91262
61484,1,0,91263
61485,1,0,91264
61486,2,0,91266
61487,1,0,91267
61488,1,0,91268
61489,1,0,91269
61490,1,0,91270
61491,1,0,91271
61492,1,0,91272
61493,2,0,91274
61494,1,0,91275
61495,2,0,91277
61496,1,0,91278
61497,1,0,91279
61498,5,0,91284
61499,1,0,91285
61500,1,0,91286
61501,1,0,91287
61502,1,0,91288
61503,2,0,91290
61504,1,0,91291
61505,2,0,91293
61506,2,0,91295
61507,1,0,91296
61508,2,0,91298
61509,1,0,91299
61510,1,0,91300
61511,4,0,91304
61512,1,0,91305
61513,2,0,91307
61514,2,0,91309
61515,1,0,91310
61516,3,0,91313
61517,1,0,91314
61518,3,0,91317
61519,1,0,91318
61520,1,0,91319
61521,1,0,91320
61522,2,0,91322
61523,1,0,91323
61524,1,0,91324
61525,1,0,91325
61526,1,0,91326
61527,1,0,91327
61528,5,0,91332
61529,1,0,91333
61530,2,0,91335
61531,3,0,91338
61532,2,0,91340
61533,2,0,91342
61534,1,0,91343
61535,1,0,91344
61536,1,0,91345
61537,2,0,91347
61538,4,0,91351
61539,2,0,91353
61540,1,0,91354
61541,1,0,91355
61542,1,0,91356
61543,1,0,91357
61544,1,0,91358
61545,1,0,91359
61546,2,0,91361
61547,2,0,91363
61548,2,0,91365
61549,1,0,91366
61550,1,0,91367
61551,1,0,91368
61552,1,0,91369
61553,2,0,91371
61554,1,0,91372
61555,1,0,91373
61556,2,0,91375
61557,1,0,91376
61558,1,0,91377
61559,1,0,91378
61560,1,0,91379
61561,1,0,91380
61562,2,0,91382
61563,2,0,91384
61564,1,0,91385
61565,2,0,91387
61566,1,0,91388
61567,1,0,91389
61568,4,0,91393
61569,1,0,91394
61570,1,0,91395
61571,1,0,91396
61572,1,0,91397
61573,1,0,91398
61574,1,0,91399
61575,1,0,91400
61576,3,0,91403
61577,1,0,91404
61578,1,0,91405
61579,1,0,91406
61580,1,0,91407
61581,1,0,91408
61582,1,0,91409
61583,1,0,91410
61584,1,0,91411
61585,1,0,91412
61586,1,0,91413
61587,1,0,91414
61588,2,0,91416
61589,1,0,91417
61590,1,0,91418
61591,2,0,91420
61592,1,0,91421
61593,1,0,91422
61594,1,0,91423
61595,2,0,91425
61596,1,0,91426
61597,3,0,91429
61598,2,0,91431
61599,1,0,91432
61600,1,0,91433
61601,1,0,91434
61602,1,0,91435
61603,1,0,91436
61604,1,0,91437
61605,1,0,91438
61606,1,0,91439
61607,1,0,91440
61608,2,0,91442
61609,1,0,91443
61610,2,0,91445
61611,2,0,91447
61612,1,0,91448
61613,2,0,91450
61614,3,0,91453
61615,1,0,91454
61616,1,0,91455
61617,1,0,91456
61618,1,0,91457
61619,2,0,91459
61620,1,0,91460
61621,1,0,91461
61622,2,0,91463
61623,2,0,91465
61624,1,0,91466
61625,1,0,91467
61626,3,0,91470
61627,3,0,91473
61628,1,0,91474
61629,1,0,91475
61630,2,0,91477
61631,1,0,91478
61632,1,0,91479
61633,3,0,91482
61634,1,0,91483
61635,1,0,91484
61636,1,0,91485
61637,1,0,91486
61638,1,0,91487
61639,3,0,91490
61640,1,0,91491
61641,2,0,91493
61642,2,0,91495
61643,2,0,91497
61644,1,0,91498
61645,1,0,91499
61646,1,0,91500
61647,2,0,91502
61648,2,0,91504
61649,1,0,91505
61650,2,0,91507
61651,1,0,91508
61652,2,0,91510
61653,1,0,91511
61654,1,0,91512
61655,1,0,91513
61656,4,0,91517
61657,1,0,91518
61658,1,0,91519
61659,2,0,91521
61660,1,0,91522
61661,1,0,91523
61662,4,0,91527
61663,2,0,91529
61664,2,0,91531
61665,1,0,91532
61666,1,0,91533
61667,1,0,91534
61668,2,0,91536
61669,2,0,91538
61670,4,0,91542
61671,2,0,91544
61672,1,0,91545
61673,1,0,91546
61674,3,0,91549
61675,1,0,91550
61676,4,0,91554
61677,2,0,91556
61678,2,0,91558
61679,1,0,91559
61680,1,0,91560
61681,5,0,91565
61682,1,0,91566
61683,1,0,91567
61684,1,0,91568
61685,2,0,91570
61686,1,0,91571
61687,1,0,91572
61688,1,0,91573
61689,1,0,91574
61690,3,0,91577
61691,1,0,91578
61692,1,0,91579
61693,2,0,91581
61694,2,0,91583
61695,1,0,91584
61696,1,0,91585
61697,2,0,91587
61698,2,0,91589
61699,1,0,91590
61700,1,0,91591
61701,2,0,91593
61702,1,0,91594
61703,2,0,91596
61704,1,0,91597
61705,5,0,91602
61706,2,0,91604
61707,1,0,91605
61708,4,0,91609
61709,1,0,91610
61710,4,0,91614
61711,4,0,91618
61712,1,0,91619
61713,1,0,91620
61714,1,0,91621
61715,1,0,91622
61716,1,0,91623
61717,2,0,91625
61718,1,0,91626
61719,2,0,91628
61720,2,0,91630
61721,1,0,91631
61722,1,0,91632
61723,1,0,91633
61724,1,0,91634
61725,1,0,91635
61726,1,0,91636
61727,2,0,91638
61728,1,0,91639
61729,2,0,91641
61730,1,0,91642
61731,1,0,91643
61732,3,0,91646
61733,1,0,91647
61734,1,0,91648
61735,1,0,91649
61736,1,0,91650
61737,3,0,91653
61738,1,0,91654
61739,1,0,91655
61740,1,0,91656
61741,3,0,91659
61742,1,0,91660
61743,1,0,91661
61744,4,0,91665
61745,1,0,91666
61746,1,0,91667
61747,1,0,91668
61748,1,0,91669
61749,1,0,91670
61750,2,0,91672
61751,2,0,91674
61752,1,0,91675
61753,1,0,91676
61754,1,0,91677
61755,1,0,91678
61756,1,0,91679
61757,1,0,91680
61758,1,0,91681
61759,2,0,91683
61760,2,0,91685
61761,1,0,91686
61762,1,0,91687
61763,1,0,91688
61764,1,0,91689
61765,1,0,91690
61766,1,0,91691
61767,1,0,91692
61768,1,0,91693
61769,1,0,91694
61770,1,0,91695
61771,1,0,91696
61772,3,0,91699
61773,1,0,91700
61774,1,0,91701
61775,1,0,91702
61776,2,0,91704
61777,3,0,91707
61778,1,0,91708
61779,1,0,91709
61780,1,0,91710
61781,1,0,91711
61782,2,0,91713
61783,2,0,91715
61784,1,0,91716
61785,2,0,91718
61786,1,0,91719
61787,1,0,91720
61788,1,0,91721
61789,1,0,91722
61790,1,0,91723
61791,2,0,91725
61792,1,0,91726
61793,1,0,91727
61794,4,0,91731
61795,1,0,91732
61796,3,0,91735
61797,1,0,91736
61798,1,0,91737
61799,2,0,91739
61800,1,0,91740
61801,2,0,91742
61802,3,0,91745
61803,1,0,91746
61804,3,0,91749
61805,1,0,91750
61806,2,0,91752
61807,2,0,91754
61808,2,0,91756
61809,1,0,91757
61810,2,0,91759
61811,3,0,91762
61812,1,0,91763
61813,2,0,91765
61814,1,0,91766
61815,1,0,91767
61816,6,0,91773
61817,2,0,91775
61818,1,0,91776
61819,1,0,91777
61820,1,0,91778
61821,2,0,91780
61822,2,0,91782
61823,1,0,91783
61824,2,0,91785
61825,3,0,91788
61826,1,0,91789
61827,1,0,91790
61828,1,0,91791
61829,2,0,91793
61830,1,0,91794
61831,1,0,91795
61832,1,0,91796
61833,1,0,91797
61834,1,0,91798
61835,1,0,91799
61836,1,0,91800
61837,1,0,91801
61838,1,0,91802
61839,1,0,91803
61840,1,0,91804
61841,1,0,91805
61842,1,0,91806
61843,4,0,91810
61844,5,0,91815
61845,1,0,91816
61846,1,0,91817
61847,2,0,91819
61848,6,0,91825
61849,1,0,91826
61850,1,0,91827
61851,2,0,91829
61852,2,0,91831
61853,2,0,91833
61854,1,0,91834
61855,1,0,91835
61856,1,0,91836
61857,1,0,91837
61858,2,0,91839
61859,2,0,91841
61860,3,0,91844
61861,2,0,91846
61862,3,0,91849
61863,1,0,91850
61864,1,0,91851
61865,3,0,91854
61866,1,0,91855
61867,1,0,91856
61868,4,0,91860
61869,1,0,91861
61870,3,0,91864
61871,2,0,91866
61872,1,0,91867
61873,1,0,91868
61874,1,0,91869
61875,2,0,91871
61876,1,0,91872
61877,1,0,91873
61878,1,0,91874
61879,1,0,91875
61880,1,0,91876
61881,1,0,91877
61882,1,0,91878
61883,2,0,91880
61884,2,0,91882
61885,1,0,91883
61886,1,0,91884
61887,1,0,91885
61888,1,0,91886
61889,2,0,91888
61890,1,0,91889
61891,1,0,91890
61892,6,0,91896
61893,1,0,91897
61894,3,0,91900
61895,1,0,91901
61896,1,0,91902
61897,1,0,91903
61898,1,0,91904
61899,5,0,91909
61900,1,0,91910
61901,2,0,91912
61902,1,0,91913
61903,1,0,91914
61904,1,0,91915
61905,1,0,91916
61906,2,0,91918
61907,3,0,91921
61908,2,0,91923
61909,1,0,91924
61910,1,0,91925
61911,2,0,91927
61912,1,0,91928
61913,1,0,91929
61914,1,0,91930
61915,1,0,91931
61916,2,0,91933
61917,2,0,91935
61918,1,0,91936
61919,3,0,91939
61920,2,0,91941
61921,1,0,91942
61922,2,0,91944
61923,3,0,91947
61924,1,0,91948
61925,2,0,91950
61926,1,0,91951
61927,2,0,91953
61928,2,0,91955
61929,2,0,91957
61930,3,0,91960
61931,2,0,91962
61932,1,0,91963
61933,1,0,91964
61934,3,0,91967
61935,1,0,91968
61936,2,0,91970
61937,1,0,91971
61938,1,0,91972
61939,1,0,91973
61940,2,0,91975
61941,2,0,91977
61942,1,0,91978
61943,1,0,91979
61944,4,0,91983
61945,1,0,91984
61946,3,0,91987
61947,2,0,91989
61948,1,0,91990
61949,1,0,91991
61950,1,0,91992
61951,1,0,91993
61952,1,0,91994
61953,1,0,91995
61954,1,0,91996
61955,1,0,91997
61956,1,0,91998
61957,1,0,91999
61958,2,0,92001
61959,1,0,92002
61960,1,0,92003
61961,1,0,92004
61962,1,0,92005
61963,2,0,92007
61964,1,0,92008
61965,2,0,92010
61966,2,0,92012
61967,1,0,92013
61968,1,0,92014
61969,1,0,92015
61970,1,0,92016
61971,1,0,92017
61972,1,0,92018
61973,1,0,92019
61974,1,0,92020
61975,2,0,92022
61976,1,0,92023
61977,1,0,92024
61978,1,0,92025
61979,1,0,92026
61980,1,0,92027
61981,2,0,92029
61982,1,0,92030
61983,1,0,92031
61984,1,0,92032
61985,1,0,92033
61986,1,0,92034
61987,1,0,92035
61988,2,0,92037
61989,1,0,92038
61990,2,0,92040
61991,1,0,92041
61992,1,0,92042
61993,1,0,92043
61994,2,0,92045
61995,1,0,92046
61996,2,0,92048
61997,1,0,92049
61998,2,0,92051
61999,1,0,92052
62000,1,0,92053
62001,1,0,92054
62002,2,0,92056
62003,1,0,92057
62004,3,0,92060
62005,1,0,92061
62006,1,0,92062
62007,2,0,92064
62008,2,0,92066
62009,1,0,92067
62010,1,0,92068
62011,3,0,92071
62012,1,0,92072
62013,1,0,92073
62014,3,0,92076
62015,1,0,92077
62016,1,0,92078
62017,1,0,92079
62018,6,0,92085
62019,1,0,92086
62020,1,0,92087
62021,1,0,92088
62022,2,0,92090
62023,1,0,92091
62024,3,0,92094
62025,1,0,92095
62026,1,0,92096
62027,2,0,92098
62028,1,0,92099
62029,4,0,92103
62030,1,0,92104
62031,1,0,92105
62032,1,0,92106
62033,1,0,92107
62034,1,0,92108
62035,1,0,92109
62036,1,0,92110
62037,3,0,92113
62038,3,0,92116
62039,1,0,92117
62040,2,0,92119
62041,2,0,92121
62042,1,0,92122
62043,1,0,92123
62044,1,0,92124
62045,1,0,92125
62046,1,0,92126
62047,2,0,92128
62048,2,0,92130
62049,1,0,92131
62050,1,0,92132
62051,2,0,92134
62052,1,0,92135
62053,2,0,92137
62054,1,0,92138
62055,1,0,92139
62056,1,0,92140
62057,1,0,92141
62058,1,0,92142
62059,4,0,92146
62060,1,0,92147
62061,1,0,92148
62062,3,0,92151
62063,1,0,92152
62064,3,0,92155
62065,1,0,92156
62066,2,0,92158
62067,2,0,92160
62068,1,0,92161
62069,1,0,92162
62070,1,0,92163
62071,1,0,92164
62072,2,0,92166
62073,1,0,92167
62074,1,0,92168
62075,1,0,92169
62076,2,0,92171
62077,1,0,92172
62078,1,0,92173
62079,2,0,92175
62080,1,0,92176
62081,1,0,92177
62082,3,0,92180
62083,1,0,92181
62084,1,0,92182
62085,2,0,92184
62086,2,0,92186
62087,1,0,92187
62088,1,0,92188
62089,1,0,92189
62090,1,0,92190
62091,3,0,92193
62092,4,0,92197
62093,1,0,92198
62094,2,0,92200
62095,1,0,92201
62096,2,0,92203
62097,1,0,92204
62098,1,0,92205
62099,4,0,92209
62100,1,0,92210
62101,3,0,92213
62102,2,0,92215
62103,1,0,92216
62104,2,0,92218
62105,1,0,92219
62106,1,0,92220
62107,1,0,92221
62108,3,0,92224
62109,1,0,92225
62110,2,0,92227
62111,1,0,92228
62112,2,0,92230
62113,1,0,92231
62114,1,0,92232
62115,1,0,92233
62116,1,0,92234
62117,1,0,92235
62118,1,0,92236
62119,3,0,92239
62120,1,0,92240
62121,2,0,92242
62122,1,0,92243
62123,2,0,92245
62124,1,0,92246
62125,1,0,92247
62126,1,0,92248
62127,1,0,92249
62128,3,0,92252
62129,1,0,92253
62130,1,0,92254
62131,1,0,92255
62132,1,0,92256
62133,2,0,92258
62134,5,0,92263
62135,1,0,92264
62136,2,0,92266
62137,1,0,92267
62138,1,0,92268
62139,3,0,92271
62140,2,0,92273
62141,2,0,92275
62142,1,0,92276
62143,1,0,92277
62144,2,0,92279
62145,1,0,92280
62146,1,0,92281
62147,1,0,92282
62148,3,0,92285
62149,1,0,92286
62150,1,0,92287
62151,1,0,92288
62152,1,0,92289
62153,1,0,92290
62154,1,0,92291
62155,1,0,92292
62156,3,0,92295
62157,1,0,92296
62158,1,0,92297
62159,1,0,92298
62160,1,0,92299
62161,2,0,92301
62162,2,0,92303
62163,1,0,92304
62164,1,0,92305
62165,1,0,92306
62166,1,0,92307
62167,1,0,92308
62168,2,0,92310
62169,1,0,92311
62170,1,0,92312
62171,1,0,92313
62172,1,0,92314
62173,1,0,92315
62174,3,0,92318
62175,1,0,92319
62176,1,0,92320
62177,4,0,92324
62178,2,0,92326
62179,1,0,92327
62180,1,0,92328
62181,2,0,92330
62182,1,0,92331
62183,2,0,92333
62184,3,0,92336
62185,3,0,92339
62186,1,0,92340
62187,1,0,92341
62188,1,0,92342
62189,1,0,92343
62190,3,0,92346
62191,4,0,92350
62192,1,0,92351
62193,4,0,92355
62194,1,0,92356
62195,4,0,92360
62196,1,0,92361
62197,2,0,92363
62198,1,0,92364
62199,2,0,92366
62200,1,0,92367
62201,1,0,92368
62202,1,0,92369
62203,1,0,92370
62204,2,0,92372
62205,4,0,92376
62206,1,0,92377
62207,1,0,92378
62208,1,0,92379
62209,1,0,92380
62210,3,0,92383
62211,1,0,92384
62212,1,0,92385
62213,2,0,92387
62214,1,0,92388
62215,1,0,92389
62216,1,0,92390
62217,1,0,92391
62218,1,0,92392
62219,3,0,92395
62220,1,0,92396
62221,1,0,92397
62222,1,0,92398
62223,1,0,92399
62224,4,0,92403
62225,2,0,92405
62226,1,0,92406
62227,2,0,92408
62228,1,0,92409
62229,2,0,92411
62230,1,0,92412
62231,1,0,92413
62232,2,0,92415
62233,1,0,92416
62234,1,0,92417
62235,1,0,92418
62236,1,0,92419
62237,1,0,92420
62238,1,0,92421
62239,1,0,92422
62240,2,0,92424
62241,1,0,92425
62242,1,0,92426
62243,1,0,92427
62244,1,0,92428
62245,1,0,92429
62246,1,0,92430
62247,2,0,92432
62248,1,0,92433
62249,1,0,92434
62250,1,0,92435
62251,1,0,92436
62252,2,0,92438
62253,2,0,92440
62254,1,0,92441
62255,2,0,92443
62256,1,0,92444
62257,1,0,92445
62258,1,0,92446
62259,2,0,92448
62260,2,0,92450
62261,2,0,92452
62262,1,0,92453
62263,2,0,92455
62264,1,0,92456
62265,2,0,92458
62266,1,0,92459
62267,6,0,92465
62268,1,0,92466
62269,2,0,92468
62270,1,0,92469
62271,3,0,92472
62272,3,0,92475
62273,1,0,92476
62274,1,0,92477
62275,1,0,92478
62276,3,0,92481
62277,1,0,92482
62278,1,0,92483
62279,1,0,92484
62280,1,0,92485
62281,1,0,92486
62282,1,0,92487
62283,4,0,92491
62284,1,0,92492
62285,2,0,92494
62286,3,0,92497
62287,1,0,92498
62288,1,0,92499
62289,1,0,92500
62290,1,0,92501
62291,2,0,92503
62292,1,0,92504
62293,2,0,92506
62294,3,0,92509
62295,1,0,92510
62296,1,0,92511
62297,4,0,92515
62298,2,0,92517
62299,1,0,92518
62300,1,0,92519
62301,1,0,92520
62302,2,0,92522
62303,1,0,92523
62304,1,0,92524
62305,3,0,92527
62306,1,0,92528
62307,1,0,92529
62308,1,0,92530
62309,2,0,92532
62310,2,0,92534
62311,1,0,92535
62312,2,0,92537
62313,3,0,92540
62314,1,0,92541
62315,2,0,92543
62316,1,0,92544
62317,1,0,92545
62318,1,0,92546
62319,3,0,92549
62320,3,0,92552
62321,3,0,92555
62322,3,0,92558
62323,1,0,92559
62324,1,0,92560
62325,2,0,92562
62326,1,0,92563
62327,2,0,92565
62328,4,0,92569
62329,4,0,92573
62330,2,0,92575
62331,1,0,92576
62332,1,0,92577
62333,1,0,92578
62334,1,0,92579
62335,1,0,92580
62336,1,0,92581
62337,1,0,92582
62338,1,0,92583
62339,1,0,92584
62340,3,0,92587
62341,1,0,92588
62342,1,0,92589
62343,1,0,92590
62344,3,0,92593
62345,1,0,92594
62346,1,0,92595
62347,1,0,92596
62348,1,0,92597
62349,1,0,92598
62350,1,0,92599
62351,1,0,92600
62352,1,0,92601
62353,1,0,92602
62354,1,0,92603
62355,1,0,92604
62356,2,0,92606
62357,2,0,92608
62358,3,0,92611
62359,3,0,92614
62360,2,0,92616
62361,1,0,92617
62362,2,0,92619
62363,2,0,92621
62364,1,0,92622
62365,1,0,92623
62366,2,0,92625
62367,1,0,92626
62368,1,0,92627
62369,2,0,92629
62370,3,0,92632
62371,1,0,92633
62372,1,0,92634
62373,3,0,92637
62374,3,0,92640
62375,1,0,92641
62376,1,0,92642
62377,1,0,92643
62378,1,0,92644
62379,2,0,92646
62380,1,0,92647
62381,1,0,92648
62382,1,0,92649
62383,2,0,92651
62384,1,0,92652
62385,1,0,92653
62386,1,0,92654
62387,1,0,92655
62388,1,0,92656
62389,1,0,92657
62390,2,0,92659
62391,2,0,92661
62392,2,0,92663
62393,3,0,92666
62394,1,0,92667
62395,1,0,92668
62396,1,0,92669
62397,1,0,92670
62398,1,0,92671
62399,1,0,92672
62400,1,0,92673
62401,1,0,92674
62402,1,0,92675
62403,4,0,92679
62404,1,0,92680
62405,1,0,92681
62406,1,0,92682
62407,1,0,92683
62408,1,0,92684
62409,1,0,92685
62410,2,0,92687
62411,1,0,92688
62412,1,0,92689
62413,1,0,92690
62414,1,0,92691
62415,1,0,92692
62416,3,0,92695
62417,2,0,92697
62418,1,0,92698
62419,3,0,92701
62420,1,0,92702
62421,1,0,92703
62422,1,0,92704
62423,1,0,92705
62424,1,0,92706
62425,1,0,92707
62426,3,0,92710
62427,1,0,92711
62428,3,0,92714
62429,1,0,92715
62430,2,0,92717
62431,1,0,92718
62432,1,0,92719
62433,1,0,92720
62434,1,0,92721
62435,1,0,92722
62436,1,0,92723
62437,1,0,92724
62438,3,0,92727
62439,1,0,92728
62440,1,0,92729
62441,2,0,92731
62442,1,0,92732
62443,1,0,92733
62444,1,0,92734
62445,1,0,92735
62446,1,0,92736
62447,2,0,92738
62448,1,0,92739
62449,1,0,92740
62450,3,0,92743
62451,2,0,92745
62452,1,0,92746
62453,1,0,92747
62454,2,0,92749
62455,1,0,92750
62456,1,0,92751
62457,1,0,92752
62458,1,0,92753
62459,2,0,92755
62460,1,0,92756
62461,1,0,92757
62462,1,0,92758
62463,1,0,92759
62464,2,0,92761
62465,1,0,92762
62466,1,0,92763
62467,1,0,92764
62468,1,0,92765
62469,1,0,92766
62470,2,0,92768
62471,1,0,92769
62472,2,0,92771
62473,1,0,92772
62474,1,0,92773
62475,1,0,92774
62476,1,0,92775
62477,2,0,92777
62478,2,0,92779
62479,1,0,92780
62480,1,0,92781
62481,4,0,92785
62482,2,0,92787
62483,2,0,92789
62484,4,0,92793
62485,1,0,92794
62486,1,0,92795
62487,1,0,92796
62488,1,0,92797
62489,2,0,92799
62490,1,0,92800
62491,1,0,92801
62492,1,0,92802
62493,1,0,92803
62494,1,0,92804
62495,1,0,92805
62496,1,0,92806
62497,2,0,92808
62498,1,0,92809
62499,1,0,92810
62500,1,0,92811
62501,1,0,92812
62502,1,0,92813
62503,1,0,92814
62504,1,0,92815
62505,1,0,92816
62506,1,0,92817
62507,1,0,92818
62508,2,0,92820
62509,1,0,92821
62510,1,0,92822
62511,1,0,92823
62512,1,0,92824
62513,1,0,92825
62514,1,0,92826
62515,1,0,92827
62516,1,0,92828
62517,2,0,92830
62518,1,0,92831
62519,1,0,92832
62520,1,0,92833
62521,1,0,92834
62522,1,0,92835
62523,1,0,92836
62524,1,0,92837
62525,1,0,92838
62526,2,0,92840
62527,1,0,92841
62528,1,0,92842
62529,1,0,92843
62530,1,0,92844
62531,1,0,92845
62532,2,0,92847
62533,1,0,92848
62534,1,0,92849
62535,2,0,92851
62536,1,0,92852
62537,1,0,92853
62538,2,0,92855
62539,2,0,92857
62540,1,0,92858
62541,1,0,92859
62542,1,0,92860
62543,2,0,92862
62544,1,0,92863
62545,1,0,92864
62546,1,0,92865
62547,1,0,92866
62548,1,0,92867
62549,1,0,92868
62550,1,0,92869
62551,1,0,92870
62552,2,0,92872
62553,1,0,92873
62554,1,0,92874
62555,3,0,92877
62556,3,0,92880
62557,2,0,92882
62558,1,0,92883
62559,1,0,92884
62560,1,0,92885
62561,1,0,92886
62562,1,0,92887
62563,2,0,92889
62564,1,0,92890
62565,1,0,92891
62566,1,0,92892
62567,1,0,92893
62568,1,0,92894
62569,1,0,92895
62570,1,0,92896
62571,1,0,92897
62572,1,0,92898
62573,1,0,92899
62574,1,0,92900
62575,1,0,92901
62576,1,0,92902
62577,2,0,92904
62578,1,0,92905
62579,1,0,92906
62580,1,0,92907
62581,1,0,92908
62582,1,0,92909
62583,4,0,92913
62584,5,0,92918
62585,1,0,92919
62586,1,0,92920
62587,1,0,92921
62588,1,0,92922
62589,1,0,92923
62590,1,0,92924
62591,2,0,92926
62592,1,0,92927
62593,1,0,92928
62594,1,0,92929
62595,1,0,92930
62596,1,0,92931
62597,1,0,92932
62598,1,0,92933
62599,2,0,92935
62600,1,0,92936
62601,1,0,92937
62602,1,0,92938
62603,1,0,92939
62604,6,0,92945
62605,1,0,92946
62606,1,0,92947
62607,1,0,92948
62608,1,0,92949
62609,1,0,92950
62610,1,0,92951
62611,1,0,92952
62612,1,0,92953
62613,2,0,92955
62614,1,0,92956
62615,1,0,92957
62616,1,0,92958
62617,1,0,92959
62618,1,0,92960
62619,3,0,92963
62620,1,0,92964
62621,1,0,92965
62622,1,0,92966
62623,2,0,92968
62624,3,0,92971
62625,1,0,92972
62626,1,0,92973
62627,1,0,92974
62628,1,0,92975
62629,2,0,92977
62630,3,0,92980
62631,2,0,92982
62632,2,0,92984
62633,2,0,92986
62634,2,0,92988
62635,1,0,92989
62636,1,0,92990
62637,2,0,92992
62638,1,0,92993
62639,1,0,92994
62640,1,0,92995
62641,1,0,92996
62642,1,0,92997
62643,3,0,93000
62644,1,0,93001
62645,2,0,93003
62646,1,0,93004
62647,1,0,93005
62648,1,0,93006
62649,1,0,93007
62650,1,0,93008
62651,1,0,93009
62652,1,0,93010
62653,3,0,93013
62654,2,0,93015
62655,1,0,93016
62656,1,0,93017
62657,2,0,93019
62658,1,0,93020
62659,1,0,93021
62660,2,0,93023
62661,1,0,93024
62662,3,0,93027
62663,1,0,93028
62664,1,0,93029
62665,2,0,93031
62666,1,0,93032
62667,1,0,93033
62668,1,0,93034
62669,1,0,93035
62670,1,0,93036
62671,1,0,93037
62672,1,0,93038
62673,3,0,93041
62674,1,0,93042
62675,2,0,93044
62676,1,0,93045
62677,1,0,93046
62678,1,0,93047
62679,1,0,93048
62680,1,0,93049
62681,1,0,93050
62682,1,0,93051
62683,1,0,93052
62684,1,0,93053
62685,1,0,93054
62686,1,0,93055
62687,1,0,93056
62688,2,0,93058
62689,2,0,93060
62690,1,0,93061
62691,1,0,93062
62692,5,0,93067
62693,1,0,93068
62694,1,0,93069
62695,2,0,93071
62696,1,0,93072
62697,4,0,93076
62698,1,0,93077
62699,2,0,93079
62700,4,0,93083
62701,1,0,93084
62702,1,0,93085
62703,1,0,93086
62704,1,0,93087
62705,2,0,93089
62706,1,0,93090
62707,1,0,93091
62708,1,0,93092
62709,1,0,93093
62710,1,0,93094
62711,1,0,93095
62712,1,0,93096
62713,1,0,93097
62714,2,0,93099
62715,3,0,93102
62716,1,0,93103
62717,2,0,93105
62718,1,0,93106
62719,1,0,93107
62720,2,0,93109
62721,1,0,93110
62722,1,0,93111
62723,1,0,93112
62724,2,0,93114
62725,1,0,93115
62726,1,0,93116
62727,1,0,93117
62728,1,0,93118
62729,2,0,93120
62730,1,0,93121
62731,1,0,93122
62732,1,0,93123
62733,1,0,93124
62734,1,0,93125
62735,2,0,93127
62736,1,0,93128
62737,1,0,93129
62738,2,0,93131
62739,1,0,93132
62740,1,0,93133
62741,1,0,93134
62742,2,0,93136
62743,1,0,93137
62744,1,0,93138
62745,1,0,93139
62746,1,0,93140
62747,1,0,93141
62748,1,0,93142
62749,1,0,93143
62750,1,0,93144
62751,2,0,93146
62752,1,0,93147
62753,3,0,93150
62754,1,0,93151
62755,1,0,93152
62756,1,0,93153
62757,1,0,93154
62758,1,0,93155
62759,1,0,93156
62760,1,0,93157
62761,1,0,93158
62762,1,0,93159
62763,1,0,93160
62764,1,0,93161
62765,2,0,93163
62766,2,0,93165
62767,2,0,93167
62768,2,0,93169
62769,1,0,93170
62770,1,0,93171
62771,1,0,93172
62772,1,0,93173
62773,1,0,93174
62774,1,0,93175
62775,1,0,93176
62776,1,0,93177
62777,1,0,93178
62778,1,0,93179
62779,1,0,93180
62780,1,0,93181
62781,1,0,93182
62782,1,0,93183
62783,2,0,93185
62784,1,0,93186
62785,2,0,93188
62786,1,0,93189
62787,1,0,93190
62788,1,0,93191
62789,1,0,93192
62790,1,0,93193
62791,2,0,93195
62792,1,0,93196
62793,1,0,93197
62794,1,0,93198
62795,1,0,93199
62796,1,0,93200
62797,2,0,93202
62798,2,0,93204
62799,1,0,93205
62800,1,0,93206
62801,1,0,93207
62802,1,0,93208
62803,1,0,93209
62804,1,0,93210
62805,1,0,93211
62806,1,0,93212
62807,3,0,93215
62808,3,0,93218
62809,3,0,93221
62810,1,0,93222
62811,1,0,93223
62812,1,0,93224
62813,1,0,93225
62814,1,0,93226
62815,1,0,93227
62816,1,0,93228
62817,4,0,93232
62818,1,0,93233
62819,1,0,93234
62820,1,0,93235
62821,2,0,93237
62822,2,0,93239
62823,1,0,93240
62824,1,0,93241
62825,1,0,93242
62826,1,0,93243
62827,1,0,93244
62828,1,0,93245
62829,1,0,93246
62830,1,0,93247
62831,1,0,93248
62832,1,0,93249
62833,1,0,93250
62834,1,0,93251
62835,3,0,93254
62836,1,0,93255
62837,1,0,93256
62838,1,0,93257
62839,2,0,93259
62840,1,0,93260
62841,1,0,93261
62842,1,0,93262
62843,1,0,93263
62844,1,0,93264
62845,1,0,93265
62846,1,0,93266
62847,1,0,93267
62848,1,0,93268
62849,3,0,93271
62850,3,0,93274
62851,1,0,93275
62852,2,0,93277
62853,1,0,93278
62854,2,0,93280
62855,2,0,93282
62856,1,0,93283
62857,2,0,93285
62858,1,0,93286
62859,4,0,93290
62860,1,0,93291
62861,2,0,93293
62862,1,0,93294
62863,3,0,93297
62864,1,0,93298
62865,1,0,93299
62866,3,0,93302
62867,1,0,93303
62868,1,0,93304
62869,1,0,93305
62870,1,0,93306
62871,1,0,93307
62872,2,0,93309
62873,2,0,93311
62874,1,0,93312
62875,1,0,93313
62876,2,0,93315
62877,1,0,93316
62878,1,0,93317
62879,1,0,93318
62880,1,0,93319
62881,1,0,93320
62882,1,0,93321
62883,1,0,93322
62884,1,0,93323
62885,1,0,93324
62886,1,0,93325
62887,3,0,93328
62888,1,0,93329
62889,1,0,93330
62890,1,0,93331
62891,2,0,93333
62892,1,0,93334
62893,1,0,93335
62894,4,0,93339
62895,1,0,93340
62896,1,0,93341
62897,1,0,93342
62898,5,0,93347
62899,3,0,93350
62900,1,0,93351
62901,2,0,93353
62902,1,0,93354
62903,1,0,93355
62904,1,0,93356
62905,1,0,93357
62906,1,0,93358
62907,1,0,93359
62908,5,0,93364
62909,2,0,93366
62910,1,0,93367
62911,1,0,93368
62912,1,0,93369
62913,1,0,93370
62914,1,0,93371
62915,1,0,93372
62916,2,0,93374
62917,2,0,93376
62918,1,0,93377
62919,1,0,93378
62920,1,0,93379
62921,1,0,93380
62922,1,0,93381
62923,1,0,93382
62924,2,0,93384
62925,2,0,93386
62926,1,0,93387
62927,1,0,93388
62928,1,0,93389
62929,1,0,93390
62930,1,0,93391
62931,1,0,93392
62932,1,0,93393
62933,1,0,93394
62934,1,0,93395
62935,1,0,93396
62936,2,0,93398
62937,2,0,93400
62938,2,0,93402
62939,3,0,93405
62940,4,0,93409
62941,1,0,93410
62942,1,0,93411
62943,1,0,93412
62944,2,0,93414
62945,1,0,93415
62946,1,0,93416
62947,1,0,93417
62948,1,0,93418
62949,1,0,93419
62950,1,0,93420
62951,2,0,93422
62952,3,0,93425
62953,1,0,93426
62954,1,0,93427
62955,1,0,93428
62956,1,0,93429
62957,1,0,93430
62958,1,0,93431
62959,2,0,93433
62960,1,0,93434
62961,1,0,93435
62962,1,0,93436
62963,1,0,93437
62964,1,0,93438
62965,1,0,93439
62966,1,0,93440
62967,2,0,93442
62968,2,0,93444
62969,1,0,93445
62970,1,0,93446
62971,1,0,93447
62972,1,0,93448
62973,1,0,93449
62974,1,0,93450
62975,2,0,93452
62976,1,0,93453
62977,2,0,93455
62978,1,0,93456
62979,1,0,93457
62980,1,0,93458
62981,1,0,93459
62982,3,0,93462
62983,1,0,93463
62984,1,0,93464
62985,2,0,93466
62986,1,0,93467
62987,2,0,93469
62988,2,0,93471
62989,1,0,93472
62990,1,0,93473
62991,1,0,93474
62992,1,0,93475
62993,2,0,93477
62994,1,0,93478
62995,3,0,93481
62996,2,0,93483
62997,1,0,93484
62998,1,0,93485
62999,1,0,93486
63000,1,0,93487
63001,2,0,93489
63002,1,0,93490
63003,1,0,93491
63004,1,0,93492
63005,1,0,93493
63006,2,0,93495
63007,2,0,93497
63008,1,0,93498
63009,1,0,93499
63010,2,0,93501
63011,1,0,93502
63012,1,0,93503
63013,1,0,93504
63014,2,0,93506
63015,3,0,93509
63016,3,0,93512
63017,2,0,93514
63018,1,0,93515
63019,3,0,93518
63020,1,0,93519
63021,4,0,93523
63022,1,0,93524
63023,1,0,93525
63024,1,0,93526
63025,1,0,93527
63026,1,0,93528
63027,1,0,93529
63028,1,0,93530
63029,1,0,93531
63030,1,0,93532
63031,2,0,93534
63032,1,0,93535
63033,1,0,93536
63034,1,0,93537
63035,1,0,93538
63036,2,0,93540
63037,3,0,93543
63038,2,0,93545
63039,1,0,93546
63040,1,0,93547
63041,1,0,93548
63042,1,0,93549
63043,1,0,93550
63044,1,0,93551
63045,1,0,93552
63046,1,0,93553
63047,1,0,93554
63048,1,0,93555
63049,1,0,93556
63050,1,0,93557
63051,1,0,93558
63052,2,0,93560
63053,2,0,93562
63054,2,0,93564
63055,1,0,93565
63056,1,0,93566
63057,3,0,93569
63058,2,0,93571
63059,3,0,93574
63060,3,0,93577
63061,1,0,93578
63062,1,0,93579
63063,1,0,93580
63064,3,0,93583
63065,1,0,93584
63066,1,0,93585
63067,1,0,93586
63068,2,0,93588
63069,2,0,93590
63070,1,0,93591
63071,1,0,93592
63072,2,0,93594
63073,1,0,93595
63074,1,0,93596
63075,1,0,93597
63076,1,0,93598
63077,1,0,93599
63078,1,0,93600
63079,1,0,93601
63080,1,0,93602
63081,1,0,93603
63082,1,0,93604
63083,1,0,93605
63084,2,0,93607
63085,1,0,93608
63086,1,0,93609
63087,2,0,93611
63088,1,0,93612
63089,1,0,93613
63090,2,0,93615
63091,2,0,93617
63092,1,0,93618
63093,2,0,93620
63094,2,0,93622
63095,1,0,93623
63096,1,0,93624
63097,1,0,93625
63098,2,0,93627
63099,1,0,93628
63100,1,0,93629
63101,2,0,93631
63102,2,0,93633
63103,1,0,93634
63104,2,0,93636
63105,1,0,93637
63106,1,0,93638
63107,1,0,93639
63108,1,0,93640
63109,3,0,93643
63110,1,0,93644
63111,1,0,93645
63112,1,0,93646
63113,1,0,93647
63114,1,0,93648
63115,1,0,93649
63116,1,0,93650
63117,3,0,93653
63118,1,0,93654
63119,1,0,93655
63120,1,0,93656
63121,1,0,93657
63122,1,0,93658
63123,1,0,93659
63124,1,0,93660
63125,2,0,93662
63126,1,0,93663
63127,1,0,93664
63128,2,0,93666
63129,1,0,93667
63130,1,0,93668
63131,1,0,93669
63132,2,0,93671
63133,1,0,93672
63134,1,0,93673
63135,1,0,93674
63136,1,0,93675
63137,1,0,93676
63138,1,0,93677
63139,2,0,93679
63140,1,0,93680
63141,1,0,93681
63142,2,0,93683
63143,2,0,93685
63144,1,0,93686
63145,1,0,93687
63146,2,0,93689
63147,1,0,93690
63148,3,0,93693
63149,4,0,93697
63150,1,0,93698
63151,1,0,93699
63152,1,0,93700
63153,1,0,93701
63154,2,0,93703
63155,1,0,93704
63156,1,0,93705
63157,1,0,93706
63158,1,0,93707
63159,1,0,93708
63160,1,0,93709
63161,1,0,93710
63162,1,0,93711
63163,1,0,93712
63164,3,0,93715
63165,1,0,93716
63166,1,0,93717
63167,1,0,93718
63168,1,0,93719
63169,2,0,93721
63170,1,0,93722
63171,1,0,93723
63172,1,0,93724
63173,1,0,93725
63174,1,0,93726
63175,1,0,93727
63176,1,0,93728
63177,1,0,93729
63178,1,0,93730
63179,1,0,93731
63180,1,0,93732
63181,4,0,93736
63182,1,0,93737
63183,2,0,93739
63184,1,0,93740
63185,1,0,93741
63186,1,0,93742
63187,1,0,93743
63188,1,0,93744
63189,1,0,93745
63190,1,0,93746
63191,1,0,93747
63192,3,0,93750
63193,1,0,93751
63194,2,0,93753
63195,1,0,93754
63196,2,0,93756
63197,2,0,93758
63198,1,0,93759
63199,1,0,93760
63200,2,0,93762
63201,1,0,93763
63202,3,0,93766
63203,1,0,93767
63204,2,0,93769
63205,1,0,93770
63206,2,0,93772
63207,1,0,93773
63208,2,0,93775
63209,1,0,93776
63210,1,0,93777
63211,1,0,93778
63212,1,0,93779
63213,1,0,93780
63214,2,0,93782
63215,2,0,93784
63216,1,0,93785
63217,1,0,93786
63218,1,0,93787
63219,2,0,93789
63220,1,0,93790
63221,1,0,93791
63222,1,0,93792
63223,1,0,93793
63224,5,0,93798
63225,1,0,93799
63226,1,0,93800
63227,2,0,93802
63228,2,0,93804
63229,1,0,93805
63230,1,0,93806
63231,2,0,93808
63232,1,0,93809
63233,2,0,93811
63234,1,0,93812
63235,2,0,93814
63236,1,0,93815
63237,2,0,93817
63238,1,0,93818
63239,2,0,93820
63240,2,0,93822
63241,1,0,93823
63242,1,0,93824
63243,1,0,93825
63244,1,0,93826
63245,1,0,93827
63246,1,0,93828
63247,1,0,93829
63248,2,0,93831
63249,1,0,93832
63250,2,0,93834
63251,1,0,93835
63252,1,0,93836
63253,1,0,93837
63254,1,0,93838
63255,1,0,93839
63256,1,0,93840
63257,1,0,93841
63258,1,0,93842
63259,1,0,93843
63260,1,0,93844
63261,1,0,93845
63262,1,0,93846
63263,1,0,93847
63264,2,0,93849
63265,1,0,93850
63266,2,0,93852
63267,1,0,93853
63268,2,0,93855
63269,1,0,93856
63270,1,0,93857
63271,2,0,93859
63272,1,0,93860
63273,1,0,93861
63274,2,0,93863
63275,1,0,93864
63276,1,0,93865
63277,2,0,93867
63278,2,0,93869
63279,1,0,93870
63280,1,0,93871
63281,2,0,93873
63282,2,0,93875
63283,1,0,93876
63284,1,0,93877
63285,1,0,93878
63286,1,0,93879
63287,2,0,93881
63288,1,0,93882
63289,1,0,93883
63290,1,0,93884
63291,1,0,93885
63292,1,0,93886
63293,1,0,93887
63294,3,0,93890
63295,2,0,93892
63296,1,0,93893
63297,2,0,93895
63298,1,0,93896
63299,1,0,93897
63300,1,0,93898
63301,1,0,93899
63302,2,0,93901
63303,1,0,93902
63304,4,0,93906
63305,1,0,93907
63306,1,0,93908
63307,2,0,93910
63308,1,0,93911
63309,2,0,93913
63310,1,0,93914
63311,2,0,93916
63312,2,0,93918
63313,1,0,93919
63314,1,0,93920
63315,2,0,93922
63316,1,0,93923
63317,1,0,93924
63318,1,0,93925
63319,1,0,93926
63320,1,0,93927
63321,2,0,93929
63322,1,0,93930
63323,1,0,93931
63324,1,0,93932
63325,1,0,93933
63326,1,0,93934
63327,1,0,93935
63328,1,0,93936
63329,1,0,93937
63330,4,0,93941
63331,1,0,93942
63332,1,0,93943
63333,1,0,93944
63334,1,0,93945
63335,1,0,93946
63336,1,0,93947
63337,1,0,93948
63338,2,0,93950
63339,1,0,93951
63340,1,0,93952
63341,1,0,93953
63342,1,0,93954
63343,1,0,93955
63344,1,0,93956
63345,1,0,93957
63346,1,0,93958
63347,1,0,93959
63348,3,0,93962
63349,1,0,93963
63350,1,0,93964
63351,1,0,93965
63352,1,0,93966
63353,1,0,93967
63354,1,0,93968
63355,4,0,93972
63356,1,0,93973
63357,1,0,93974
63358,2,0,93976
63359,1,0,93977
63360,1,0,93978
63361,1,0,93979
63362,1,0,93980
63363,1,0,93981
63364,2,0,93983
63365,1,0,93984
63366,1,0,93985
63367,2,0,93987
63368,1,0,93988
63369,1,0,93989
63370,1,0,93990
63371,1,0,93991
63372,1,0,93992
63373,1,0,93993
63374,1,0,93994
63375,2,0,93996
63376,2,0,93998
63377,1,0,93999
63378,1,0,94000
63379,1,0,94001
63380,2,0,94003
63381,1,0,94004
63382,1,0,94005
63383,1,0,94006
63384,1,0,94007
63385,1,0,94008
63386,1,0,94009
63387,1,0,94010
63388,3,0,94013
63389,2,0,94015
63390,1,0,94016
63391,1,0,94017
63392,1,0,94018
63393,1,0,94019
63394,1,0,94020
63395,1,0,94021
63396,2,0,94023
63397,1,0,94024
63398,1,0,94025
63399,1,0,94026
63400,1,0,94027
63401,1,0,94028
63402,1,0,94029
63403,4,0,94033
63404,1,0,94034
63405,1,0,94035
63406,1,0,94036
63407,1,0,94037
63408,1,0,94038
63409,2,0,94040
63410,2,0,94042
63411,1,0,94043
63412,1,0,94044
63413,2,0,94046
63414,3,0,94049
63415,1,0,94050
63416,2,0,94052
63417,1,0,94053
63418,1,0,94054
63419,1,0,94055
63420,1,0,94056
63421,1,0,94057
63422,1,0,94058
63423,1,0,94059
63424,1,0,94060
63425,1,0,94061
63426,1,0,94062
63427,1,0,94063
63428,1,0,94064
63429,1,0,94065
63430,1,0,94066
63431,3,0,94069
63432,1,0,94070
63433,1,0,94071
63434,1,0,94072
63435,1,0,94073
63436,1,0,94074
63437,4,0,94078
63438,1,0,94079
63439,1,0,94080
63440,2,0,94082
63441,1,0,94083
63442,2,0,94085
63443,3,0,94088
63444,1,0,94089
63445,1,0,94090
63446,2,0,94092
63447,1,0,94093
63448,1,0,94094
63449,1,0,94095
63450,1,0,94096
63451,1,0,94097
63452,1,0,94098
63453,1,0,94099
63454,1,0,94100
63455,2,0,94102
63456,1,0,94103
63457,2,0,94105
63458,1,0,94106
63459,1,0,94107
63460,1,0,94108
63461,1,0,94109
63462,1,0,94110
63463,1,0,94111
63464,4,0,94115
63465,2,0,94117
63466,7,0,94124
63467,7,0,94131
63468,1,0,94132
63469,1,0,94133
63470,1,0,94134
63471,1,0,94135
63472,2,0,94137
63473,1,0,94138
63474,2,0,94140
63475,2,0,94142
63476,1,0,94143
63477,1,0,94144
63478,3,0,94147
63479,1,0,94148
63480,1,0,94149
63481,1,0,94150
63482,3,0,94153
63483,2,0,94155
63484,1,0,94156
63485,1,0,94157
63486,1,0,94158
63487,1,0,94159
63488,1,0,94160
63489,1,0,94161
63490,1,0,94162
63491,1,0,94163
63492,1,0,94164
63493,2,0,94166
63494,1,0,94167
63495,1,0,94168
63496,2,0,94170
63497,4,0,94174
63498,1,0,94175
63499,1,0,94176
63500,1,0,94177
63501,1,0,94178
63502,1,0,94179
63503,1,0,94180
63504,1,0,94181
63505,1,0,94182
63506,2,0,94184
63507,1,0,94185
63508,3,0,94188
63509,1,0,94189
63510,1,0,94190
63511,1,0,94191
63512,2,0,94193
63513,2,0,94195
63514,1,0,94196
63515,1,0,94197
63516,3,0,94200
63517,2,0,94202
63518,2,0,94204
63519,1,0,94205
63520,2,0,94207
63521,1,0,94208
63522,1,0,94209
63523,1,0,94210
63524,1,0,94211
63525,1,0,94212
63526,3,0,94215
63527,2,0,94217
63528,1,0,94218
63529,1,0,94219
63530,1,0,94220
63531,1,0,94221
63532,1,0,94222
63533,1,0,94223
63534,1,0,94224
63535,2,0,94226
63536,1,0,94227
63537,1,0,94228
63538,1,0,94229
63539,1,0,94230
63540,1,0,94231
63541,1,0,94232
63542,1,0,94233
63543,1,0,94234
63544,1,0,94235
63545,3,0,94238
63546,3,0,94241
63547,2,0,94243
63548,1,0,94244
63549,1,0,94245
63550,1,0,94246
63551,3,0,94249
63552,1,0,94250
63553,1,0,94251
63554,1,0,94252
63555,1,0,94253
63556,1,0,94254
63557,3,0,94257
63558,1,0,94258
63559,1,0,94259
63560,1,0,94260
63561,1,0,94261
63562,1,0,94262
63563,1,0,94263
63564,1,0,94264
63565,1,0,94265
63566,1,0,94266
63567,1,0,94267
63568,2,0,94269
63569,1,0,94270
63570,1,0,94271
63571,1,0,94272
63572,2,0,94274
63573,1,0,94275
63574,1,0,94276
63575,1,0,94277
63576,1,0,94278
63577,2,0,94280
63578,1,0,94281
63579,1,0,94282
63580,1,0,94283
63581,1,0,94284
63582,1,0,94285
63583,1,0,94286
63584,1,0,94287
63585,1,0,94288
63586,2,0,94290
63587,1,0,94291
63588,1,0,94292
63589,2,0,94294
63590,1,0,94295
63591,1,0,94296
63592,1,0,94297
63593,1,0,94298
63594,3,0,94301
63595,3,0,94304
63596,1,0,94305
63597,1,0,94306
63598,2,0,94308
63599,1,0,94309
63600,1,0,94310
63601,1,0,94311
63602,1,0,94312
63603,1,0,94313
63604,1,0,94314
63605,1,0,94315
63606,1,0,94316
63607,1,0,94317
63608,1,0,94318
63609,1,0,94319
63610,3,0,94322
63611,1,0,94323
63612,1,0,94324
63613,1,0,94325
63614,2,0,94327
63615,3,0,94330
63616,1,0,94331
63617,1,0,94332
63618,2,0,94334
63619,1,0,94335
63620,2,0,94337
63621,1,0,94338
63622,1,0,94339
63623,1,0,94340
63624,1,0,94341
63625,1,0,94342
63626,3,0,94345
63627,1,0,94346
63628,1,0,94347
63629,1,0,94348
63630,1,0,94349
63631,2,0,94351
63632,1,0,94352
63633,1,0,94353
63634,1,0,94354
63635,1,0,94355
63636,1,0,94356
63637,1,0,94357
63638,1,0,94358
63639,1,0,94359
63640,1,0,94360
63641,4,0,94364
63642,1,0,94365
63643,2,0,94367
63644,6,0,94373
63645,1,0,94374
63646,1,0,94375
63647,1,0,94376
63648,2,0,94378
63649,1,0,94379
63650,1,0,94380
63651,2,0,94382
63652,2,0,94384
63653,1,0,94385
63654,1,0,94386
63655,3,0,94389
63656,4,0,94393
63657,1,0,94394
63658,1,0,94395
63659,1,0,94396
63660,1,0,94397
63661,1,0,94398
63662,2,0,94400
63663,3,0,94403
63664,1,0,94404
63665,1,0,94405
63666,2,0,94407
63667,1,0,94408
63668,1,0,94409
63669,5,0,94414
63670,1,0,94415
63671,2,0,94417
63672,2,0,94419
63673,1,0,94420
63674,1,0,94421
63675,1,0,94422
63676,9,0,94431
63677,1,0,94432
63678,3,0,94435
63679,1,0,94436
63680,1,0,94437
63681,1,0,94438
63682,1,0,94439
63683,1,0,94440
63684,1,0,94441
63685,2,0,94443
63686,1,0,94444
63687,1,0,94445
63688,2,0,94447
63689,1,0,94448
63690,1,0,94449
63691,1,0,94450
63692,1,0,94451
63693,1,0,94452
63694,3,0,94455
63695,2,0,94457
63696,1,0,94458
63697,2,0,94460
63698,3,0,94463
63699,1,0,94464
63700,4,0,94468
63701,1,0,94469
63702,1,0,94470
63703,1,0,94471
63704,5,0,94476
63705,1,0,94477
63706,1,0,94478
63707,2,0,94480
63708,1,0,94481
63709,1,0,94482
63710,1,0,94483
63711,1,0,94484
63712,1,0,94485
63713,3,0,94488
63714,2,0,94490
63715,5,0,94495
63716,1,0,94496
63717,3,0,94499
63718,1,0,94500
63719,1,0,94501
63720,2,0,94503
63721,1,0,94504
63722,2,0,94506
63723,1,0,94507
63724,2,0,94509
63725,1,0,94510
63726,3,0,94513
63727,1,0,94514
63728,1,0,94515
63729,1,0,94516
63730,2,0,94518
63731,1,0,94519
63732,2,0,94521
63733,1,0,94522
63734,1,0,94523
63735,3,0,94526
63736,1,0,94527
63737,2,0,94529
63738,2,0,94531
63739,2,0,94533
63740,1,0,94534
63741,1,0,94535
63742,1,0,94536
63743,1,0,94537
63744,1,0,94538
63745,2,0,94540
63746,1,0,94541
63747,1,0,94542
63748,3,0,94545
63749,1,0,94546
63750,3,0,94549
63751,2,0,94551
63752,1,0,94552
63753,1,0,94553
63754,1,0,94554
63755,1,0,94555
63756,1,0,94556
63757,1,0,94557
63758,1,0,94558
63759,3,0,94561
63760,1,0,94562
63761,1,0,94563
63762,1,0,94564
63763,2,0,94566
63764,2,0,94568
63765,2,0,94570
63766,1,0,94571
63767,5,0,94576
63768,1,0,94577
63769,1,0,94578
63770,1,0,94579
63771,2,0,94581
63772,1,0,94582
63773,1,0,94583
63774,1,0,94584
63775,1,0,94585
63776,3,0,94588
63777,1,0,94589
63778,1,0,94590
63779,1,0,94591
63780,3,0,94594
63781,2,0,94596
63782,1,0,94597
63783,2,0,94599
63784,1,0,94600
63785,2,0,94602
63786,1,0,94603
63787,1,0,94604
63788,1,0,94605
63789,1,0,94606
63790,1,0,94607
63791,1,0,94608
63792,3,0,94611
63793,1,0,94612
63794,2,0,94614
63795,1,0,94615
63796,1,0,94616
63797,1,0,94617
63798,1,0,94618
63799,1,0,94619
63800,1,0,94620
63801,1,0,94621
63802,1,0,94622
63803,1,0,94623
63804,1,0,94624
63805,1,0,94625
63806,1,0,94626
63807,1,0,94627
63808,1,0,94628
63809,1,0,94629
63810,2,0,94631
63811,1,0,94632
63812,1,0,94633
63813,1,0,94634
63814,1,0,94635
63815,1,0,94636
63816,1,0,94637
63817,1,0,94638
63818,1,0,94639
63819,1,0,94640
63820,1,0,94641
63821,2,0,94643
63822,1,0,94644
63823,1,0,94645
63824,1,0,94646
63825,1,0,94647
63826,4,0,94651
63827,1,0,94652
63828,1,0,94653
63829,1,0,94654
63830,1,0,94655
63831,1,0,94656
63832,1,0,94657
63833,1,0,94658
63834,2,0,94660
63835,2,0,94662
63836,1,0,94663
63837,1,0,94664
63838,2,0,94666
63839,1,0,94667
63840,1,0,94668
63841,1,0,94669
63842,1,0,94670
63843,1,0,94671
63844,1,0,94672
63845,1,0,94673
63846,1,0,94674
63847,1,0,94675
63848,2,0,94677
63849,1,0,94678
63850,1,0,94679
63851,1,0,94680
63852,1,0,94681
63853,1,0,94682
63854,5,0,94687
63855,1,0,94688
63856,2,0,94690
63857,1,0,94691
63858,3,0,94694
63859,1,0,94695
63860,2,0,94697
63861,5,0,94702
63862,1,0,94703
63863,3,0,94706
63864,1,0,94707
63865,1,0,94708
63866,1,0,94709
63867,2,0,94711
63868,1,0,94712
63869,4,0,94716
63870,1,0,94717
63871,3,0,94720
63872,3,0,94723
63873,1,0,94724
63874,1,0,94725
63875,1,0,94726
63876,1,0,94727
63877,1,0,94728
63878,1,0,94729
63879,2,0,94731
63880,1,0,94732
63881,1,0,94733
63882,1,0,94734
63883,1,0,94735
63884,1,0,94736
63885,1,0,94737
63886,1,0,94738
63887,1,0,94739
63888,2,0,94741
63889,1,0,94742
63890,2,0,94744
63891,2,0,94746
63892,2,0,94748
63893,2,0,94750
63894,5,0,94755
63895,2,0,94757
63896,1,0,94758
63897,1,0,94759
63898,2,0,94761
63899,2,0,94763
63900,2,0,94765
63901,1,0,94766
63902,1,0,94767
63903,1,0,94768
63904,1,0,94769
63905,1,0,94770
63906,2,0,94772
63907,1,0,94773
63908,1,0,94774
63909,1,0,94775
63910,1,0,94776
63911,3,0,94779
63912,1,0,94780
63913,1,0,94781
63914,2,0,94783
63915,1,0,94784
63916,1,0,94785
63917,1,0,94786
63918,1,0,94787
63919,2,0,94789
63920,2,0,94791
63921,1,0,94792
63922,1,0,94793
63923,2,0,94795
63924,1,0,94796
63925,2,0,94798
63926,1,0,94799
63927,2,0,94801
63928,1,0,94802
63929,3,0,94805
63930,1,0,94806
63931,1,0,94807
63932,1,0,94808
63933,1,0,94809
63934,1,0,94810
63935,1,0,94811
63936,3,0,94814
63937,2,0,94816
63938,1,0,94817
63939,1,0,94818
63940,1,0,94819
63941,1,0,94820
63942,2,0,94822
63943,1,0,94823
63944,1,0,94824
63945,1,0,94825
63946,1,0,94826
63947,1,0,94827
63948,1,0,94828
63949,1,0,94829
63950,2,0,94831
63951,1,0,94832
63952,1,0,94833
63953,1,0,94834
63954,1,0,94835
63955,1,0,94836
63956,2,0,94838
63957,1,0,94839
63958,4,0,94843
63959,1,0,94844
63960,2,0,94846
63961,2,0,94848
63962,1,0,94849
63963,1,0,94850
63964,1,0,94851
63965,1,0,94852
63966,1,0,94853
63967,1,0,94854
63968,2,0,94856
63969,3,0,94859
63970,1,0,94860
63971,1,0,94861
63972,1,0,94862
63973,2,0,94864
63974,1,0,94865
63975,2,0,94867
63976,1,0,94868
63977,1,0,94869
63978,1,0,94870
63979,2,0,94872
63980,1,0,94873
63981,1,0,94874
63982,1,0,94875
63983,1,0,94876
63984,1,0,94877
63985,1,0,94878
63986,1,0,94879
63987,1,0,94880
63988,3,0,94883
63989,2,0,94885
63990,1,0,94886
63991,1,0,94887
63992,1,0,94888
63993,1,0,94889
63994,1,0,94890
63995,1,0,94891
63996,2,0,94893
63997,1,0,94894
63998,1,0,94895
63999,2,0,94897
64000,1,0,94898
64001,1,0,94899
64002,1,0,94900
64003,1,0,94901
64004,1,0,94902
64005,1,0,94903
64006,1,0,94904
64007,1,0,94905
64008,3,0,94908
64009,1,0,94909
64010,1,0,94910
64011,1,0,94911
64012,1,0,94912
64013,2,0,94914
64014,1,0,94915
64015,7,0,94922
64016,1,0,94923
64017,1,0,94924
64018,1,0,94925
64019,1,0,94926
64020,1,0,94927
64021,1,0,94928
64022,3,0,94931
64023,1,0,94932
64024,1,0,94933
64025,1,0,94934
64026,1,0,94935
64027,1,0,94936
64028,1,0,94937
64029,1,0,94938
64030,1,0,94939
64031,1,0,94940
64032,2,0,94942
64033,1,0,94943
64034,1,0,94944
64035,1,0,94945
64036,2,0,94947
64037,1,0,94948
64038,3,0,94951
64039,2,0,94953
64040,2,0,94955
64041,1,0,94956
64042,1,0,94957
64043,1,0,94958
64044,1,0,94959
64045,1,0,94960
64046,2,0,94962
64047,1,0,94963
64048,1,0,94964
64049,1,0,94965
64050,1,0,94966
64051,1,0,94967
64052,1,0,94968
64053,1,0,94969
64054,1,0,94970
64055,1,0,94971
64056,1,0,94972
64057,2,0,94974
64058,3,0,94977
64059,1,0,94978
64060,1,0,94979
64061,1,0,94980
64062,1,0,94981
64063,1,0,94982
64064,1,0,94983
64065,2,0,94985
64066,1,0,94986
64067,1,0,94987
64068,1,0,94988
64069,1,0,94989
64070,3,0,94992
64071,1,0,94993
64072,2,0,94995
64073,2,0,94997
64074,1,0,94998
64075,5,0,95003
64076,1,0,95004
64077,1,0,95005
64078,1,0,95006
64079,2,0,95008
64080,2,0,95010
64081,1,0,95011
64082,1,0,95012
64083,2,0,95014
64084,2,0,95016
64085,1,0,95017
64086,2,0,95019
64087,2,0,95021
64088,1,0,95022
64089,1,0,95023
64090,1,0,95024
64091,2,0,95026
64092,3,0,95029
64093,1,0,95030
64094,1,0,95031
64095,1,0,95032
64096,4,0,95036
64097,1,0,95037
64098,1,0,95038
64099,1,0,95039
64100,2,0,95041
64101,1,0,95042
64102,2,0,95044
64103,1,0,95045
64104,1,0,95046
64105,1,0,95047
64106,1,0,95048
64107,1,0,95049
64108,1,0,95050
64109,1,0,95051
64110,3,0,95054
64111,2,0,95056
64112,1,0,95057
64113,1,0,95058
64114,1,0,95059
64115,1,0,95060
64116,1,0,95061
64117,1,0,95062
64118,2,0,95064
64119,3,0,95067
64120,1,0,95068
64121,4,0,95072
64122,1,0,95073
64123,1,0,95074
64124,1,0,95075
64125,1,0,95076
64126,1,0,95077
64127,1,0,95078
64128,1,0,95079
64129,3,0,95082
64130,1,0,95083
64131,1,0,95084
64132,1,0,95085
64133,1,0,95086
64134,1,0,95087
64135,1,0,95088
64136,1,0,95089
64137,1,0,95090
64138,1,0,95091
64139,1,0,95092
64140,1,0,95093
64141,1,0,95094
64142,1,0,95095
64143,1,0,95096
64144,1,0,95097
64145,1,0,95098
64146,2,0,95100
64147,1,0,95101
64148,1,0,95102
64149,1,0,95103
64150,1,0,95104
64151,1,0,95105
64152,2,0,95107
64153,1,0,95108
64154,1,0,95109
64155,1,0,95110
64156,3,0,95113
64157,2,0,95115
64158,1,0,95116
64159,1,0,95117
64160,3,0,95120
64161,1,0,95121
64162,1,0,95122
64163,3,0,95125
64164,3,0,95128
64165,1,0,95129
64166,3,0,95132
64167,1,0,95133
64168,1,0,95134
64169,1,0,95135
64170,1,0,95136
64171,1,0,95137
64172,2,0,95139
64173,1,0,95140
64174,1,0,95141
64175,1,0,95142
64176,1,0,95143
64177,1,0,95144
64178,1,0,95145
64179,1,0,95146
64180,2,0,95148
64181,1,0,95149
64182,1,0,95150
64183,1,0,95151
64184,2,0,95153
64185,1,0,95154
64186,1,0,95155
64187,1,0,95156
64188,1,0,95157
64189,1,0,95158
64190,3,0,95161
64191,1,0,95162
64192,2,0,95164
64193,1,0,95165
64194,1,0,95166
64195,1,0,95167
64196,1,0,95168
64197,1,0,95169
64198,1,0,95170
64199,2,0,95172
64200,1,0,95173
64201,2,0,95175
64202,1,0,95176
64203,2,0,95178
64204,3,0,95181
64205,2,0,95183
64206,1,0,95184
64207,2,0,95186
64208,2,0,95188
64209,2,0,95190
64210,2,0,95192
64211,1,0,95193
64212,3,0,95196
64213,2,0,95198
64214,1,0,95199
64215,1,0,95200
64216,3,0,95203
64217,1,0,95204
64218,2,0,95206
64219,1,0,95207
64220,1,0,95208
64221,1,0,95209
64222,1,0,95210
64223,1,0,95211
64224,1,0,95212
64225,1,0,95213
64226,3,0,95216
64227,1,0,95217
64228,1,0,95218
64229,1,0,95219
64230,2,0,95221
64231,2,0,95223
64232,1,0,95224
64233,1,0,95225
64234,1,0,95226
64235,1,0,95227
64236,3,0,95230
64237,1,0,95231
64238,3,0,95234
64239,1,0,95235
64240,1,0,95236
64241,1,0,95237
64242,1,0,95238
64243,1,0,95239
64244,3,0,95242
64245,1,0,95243
64246,2,0,95245
64247,1,0,95246
64248,2,0,95248
64249,2,0,95250
64250,1,0,95251
64251,2,0,95253
64252,1,0,95254
64253,1,0,95255
64254,2,0,95257
64255,4,0,95261
64256,1,0,95262
64257,3,0,95265
64258,1,0,95266
64259,1,0,95267
64260,1,0,95268
64261,1,0,95269
64262,1,0,95270
64263,2,0,95272
64264,1,0,95273
64265,1,0,95274
64266,1,0,95275
64267,1,0,95276
64268,1,0,95277
64269,1,0,95278
64270,2,0,95280
64271,1,0,95281
64272,1,0,95282
64273,1,0,95283
64274,1,0,95284
64275,1,0,95285
64276,1,0,95286
64277,1,0,95287
64278,3,0,95290
64279,1,0,95291
64280,2,0,95293
64281,1,0,95294
64282,1,0,95295
64283,1,0,95296
64284,1,0,95297
64285,1,0,95298
64286,2,0,95300
64287,1,0,95301
64288,2,0,95303
64289,2,0,95305
64290,1,0,95306
64291,2,0,95308
64292,1,0,95309
64293,1,0,95310
64294,1,0,95311
64295,2,0,95313
64296,2,0,95315
64297,2,0,95317
64298,1,0,95318
64299,1,0,95319
64300,1,0,95320
64301,1,0,95321
64302,1,0,95322
64303,1,0,95323
64304,1,0,95324
64305,1,0,95325
64306,1,0,95326
64307,2,0,95328
64308,2,0,95330
64309,1,0,95331
64310,1,0,95332
64311,2,0,95334
64312,2,0,95336
64313,1,0,95337
64314,3,0,95340
64315,1,0,95341
64316,1,0,95342
64317,1,0,95343
64318,1,0,95344
64319,2,0,95346
64320,2,0,95348
64321,1,0,95349
64322,1,0,95350
64323,1,0,95351
64324,2,0,95353
64325,2,0,95355
64326,1,0,95356
64327,1,0,95357
64328,1,0,95358
64329,1,0,95359
64330,1,0,95360
64331,1,0,95361
64332,1,0,95362
64333,1,0,95363
64334,1,0,95364
64335,4,0,95368
64336,2,0,95370
64337,1,0,95371
64338,1,0,95372
64339,1,0,95373
64340,1,0,95374
64341,1,0,95375
64342,1,0,95376
64343,2,0,95378
64344,2,0,95380
64345,1,0,95381
64346,1,0,95382
64347,1,0,95383
64348,1,0,95384
64349,1,0,95385
64350,3,0,95388
64351,1,0,95389
64352,1,0,95390
64353,1,0,95391
64354,1,0,95392
64355,1,0,95393
64356,1,0,95394
64357,1,0,95395
64358,1,0,95396
64359,4,0,95400
64360,2,0,95402
64361,2,0,95404
64362,1,0,95405
64363,2,0,95407
64364,1,0,95408
64365,1,0,95409
64366,1,0,95410
64367,1,0,95411
64368,1,0,95412
64369,3,0,95415
64370,1,0,95416
64371,1,0,95417
64372,1,0,95418
64373,1,0,95419
64374,1,0,95420
64375,1,0,95421
64376,1,0,95422
64377,2,0,95424
64378,1,0,95425
64379,1,0,95426
64380,1,0,95427
64381,1,0,95428
64382,1,0,95429
64383,2,0,95431
64384,3,0,95434
64385,1,0,95435
64386,2,0,95437
64387,2,0,95439
64388,1,0,95440
64389,3,0,95443
64390,3,0,95446
64391,1,0,95447
64392,1,0,95448
64393,1,0,95449
64394,2,0,95451
64395,1,0,95452
64396,2,0,95454
64397,1,0,95455
64398,1,0,95456
64399,1,0,95457
64400,1,0,95458
64401,1,0,95459
64402,1,0,95460
64403,1,0,95461
64404,1,0,95462
64405,1,0,95463
64406,1,0,95464
64407,1,0,95465
64408,2,0,95467
64409,1,0,95468
64410,1,0,95469
64411,1,0,95470
64412,1,0,95471
64413,1,0,95472
64414,2,0,95474
64415,1,0,95475
64416,2,0,95477
64417,1,0,95478
64418,1,0,95479
64419,1,0,95480
64420,1,0,95481
64421,2,0,95483
64422,1,0,95484
64423,1,0,95485
64424,1,0,95486
64425,1,0,95487
64426,1,0,95488
64427,2,0,95490
64428,2,0,95492
64429,2,0,95494
64430,3,0,95497
64431,2,0,95499
64432,1,0,95500
64433,1,0,95501
64434,1,0,95502
64435,1,0,95503
64436,1,0,95504
64437,1,0,95505
64438,1,0,95506
64439,3,0,95509
64440,1,0,95510
64441,1,0,95511
64442,2,0,95513
64443,1,0,95514
64444,1,0,95515
64445,1,0,95516
64446,1,0,95517
64447,1,0,95518
64448,2,0,95520
64449,1,0,95521
64450,1,0,95522
64451,1,0,95523
64452,1,0,95524
64453,2,0,95526
64454,1,0,95527
64455,1,0,95528
64456,1,0,95529
64457,1,0,95530
64458,1,0,95531
64459,1,0,95532
64460,1,0,95533
64461,1,0,95534
64462,1,0,95535
64463,3,0,95538
64464,2,0,95540
64465,1,0,95541
64466,1,0,95542
64467,1,0,95543
64468,1,0,95544
64469,2,0,95546
64470,1,0,95547
64471,3,0,95550
64472,1,0,95551
64473,1,0,95552
64474,2,0,95554
64475,1,0,95555
64476,1,0,95556
64477,1,0,95557
64478,1,0,95558
64479,1,0,95559
64480,1,0,95560
64481,1,0,95561
64482,2,0,95563
64483,3,0,95566
64484,2,0,95568
64485,2,0,95570
64486,3,0,95573
64487,2,0,95575
64488,1,0,95576
64489,2,0,95578
64490,2,0,95580
64491,1,0,95581
64492,1,0,95582
64493,1,0,95583
64494,1,0,95584
64495,3,0,95587
64496,1,0,95588
64497,1,0,95589
64498,1,0,95590
64499,1,0,95591
64500,1,0,95592
64501,1,0,95593
64502,1,0,95594
64503,1,0,95595
64504,1,0,95596
64505,1,0,95597
64506,1,0,95598
64507,1,0,95599
64508,1,0,95600
64509,1,0,95601
64510,1,0,95602
64511,2,0,95604
64512,1,0,95605
64513,2,0,95607
64514,1,0,95608
64515,1,0,95609
64516,1,0,95610
64517,6,0,95616
64518,1,0,95617
64519,1,0,95618
64520,1,0,95619
64521,2,0,95621
64522,1,0,95622
64523,1,0,95623
64524,6,0,95629
64525,1,0,95630
64526,1,0,95631
64527,1,0,95632
64528,1,0,95633
64529,1,0,95634
64530,1,0,95635
64531,1,0,95636
64532,1,0,95637
64533,2,0,95639
64534,3,0,95642
64535,2,0,95644
64536,2,0,95646
64537,1,0,95647
64538,2,0,95649
64539,2,0,95651
64540,1,0,95652
64541,1,0,95653
64542,1,0,95654
64543,1,0,95655
64544,2,0,95657
64545,1,0,95658
64546,1,0,95659
64547,1,0,95660
64548,1,0,95661
64549,1,0,95662
64550,1,0,95663
64551,1,0,95664
64552,2,0,95666
64553,1,0,95667
64554,1,0,95668
64555,1,0,95669
64556,1,0,95670
64557,1,0,95671
64558,1,0,95672
64559,1,0,95673
64560,1,0,95674
64561,1,0,95675
64562,1,0,95676
64563,1,0,95677
64564,1,0,95678
64565,1,0,95679
64566,1,0,95680
64567,1,0,95681
64568,2,0,95683
64569,1,0,95684
64570,1,0,95685
64571,1,0,95686
64572,1,0,95687
64573,2,0,95689
64574,1,0,95690
64575,1,0,95691
64576,1,0,95692
64577,2,0,95694
64578,1,0,95695
64579,1,0,95696
64580,1,0,95697
64581,1,0,95698
64582,1,0,95699
64583,1,0,95700
64584,4,0,95704
64585,1,0,95705
64586,1,0,95706
64587,1,0,95707
64588,2,0,95709
64589,1,0,95710
64590,1,0,95711
64591,1,0,95712
64592,2,0,95714
64593,1,0,95715
64594,3,0,95718
64595,1,0,95719
64596,1,0,95720
64597,1,0,95721
64598,4,0,95725
64599,2,0,95727
64600,1,0,95728
64601,1,0,95729
64602,1,0,95730
64603,1,0,95731
64604,1,0,95732
64605,2,0,95734
64606,1,0,95735
64607,2,0,95737
64608,3,0,95740
64609,1,0,95741
64610,1,0,95742
64611,1,0,95743
64612,1,0,95744
64613,3,0,95747
64614,1,0,95748
64615,2,0,95750
64616,1,0,95751
64617,1,0,95752
64618,2,0,95754
64619,1,0,95755
64620,1,0,95756
64621,1,0,95757
64622,1,0,95758
64623,2,0,95760
64624,1,0,95761
64625,1,0,95762
64626,3,0,95765
64627,1,0,95766
64628,3,0,95769
64629,1,0,95770
64630,1,0,95771
64631,2,0,95773
64632,1,0,95774
64633,1,0,95775
64634,1,0,95776
64635,1,0,95777
64636,1,0,95778
64637,1,0,95779
64638,1,0,95780
64639,1,0,95781
64640,1,0,95782
64641,2,0,95784
64642,1,0,95785
64643,1,0,95786
64644,2,0,95788
64645,2,0,95790
64646,1,0,95791
64647,1,0,95792
64648,1,0,95793
64649,1,0,95794
64650,1,0,95795
64651,1,0,95796
64652,1,0,95797
64653,4,0,95801
64654,2,0,95803
64655,1,0,95804
64656,2,0,95806
64657,1,0,95807
64658,1,0,95808
64659,1,0,95809
64660,1,0,95810
64661,1,0,95811
64662,1,0,95812
64663,1,0,95813
64664,3,0,95816
64665,3,0,95819
64666,1,0,95820
64667,1,0,95821
64668,1,0,95822
64669,2,0,95824
64670,1,0,95825
64671,2,0,95827
64672,1,0,95828
64673,1,0,95829
64674,1,0,95830
64675,1,0,95831
64676,2,0,95833
64677,4,0,95837
64678,2,0,95839
64679,1,0,95840
64680,1,0,95841
64681,1,0,95842
64682,1,0,95843
64683,2,0,95845
64684,1,0,95846
64685,1,0,95847
64686,1,0,95848
64687,1,0,95849
64688,1,0,95850
64689,1,0,95851
64690,1,0,95852
64691,1,0,95853
64692,1,0,95854
64693,2,0,95856
64694,1,0,95857
64695,3,0,95860
64696,1,0,95861
64697,2,0,95863
64698,1,0,95864
64699,2,0,95866
64700,1,0,95867
64701,1,0,95868
64702,2,0,95870
64703,2,0,95872
64704,1,0,95873
64705,1,0,95874
64706,2,0,95876
64707,3,0,95879
64708,1,0,95880
64709,1,0,95881
64710,1,0,95882
64711,1,0,95883
64712,1,0,95884
64713,1,0,95885
64714,1,0,95886
64715,3,0,95889
64716,2,0,95891
64717,1,0,95892
64718,1,0,95893
64719,1,0,95894
64720,2,0,95896
64721,2,0,95898
64722,1,0,95899
64723,1,0,95900
64724,1,0,95901
64725,1,0,95902
64726,1,0,95903
64727,1,0,95904
64728,22,0,95926
64729,1,0,95927
64730,1,0,95928
64731,2,0,95930
64732,1,0,95931
64733,1,0,95932
64734,1,0,95933
64735,1,0,95934
64736,3,0,95937
64737,1,0,95938
64738,1,0,95939
64739,1,0,95940
64740,1,0,95941
64741,3,0,95944
64742,1,0,95945
64743,1,0,95946
64744,1,0,95947
64745,3,0,95950
64746,1,0,95951
64747,1,0,95952
64748,3,0,95955
64749,1,0,95956
64750,2,0,95958
64751,1,0,95959
64752,2,0,95961
64753,1,0,95962
64754,1,0,95963
64755,1,0,95964
64756,2,0,95966
64757,1,0,95967
64758,2,0,95969
64759,1,0,95970
64760,1,0,95971
64761,1,0,95972
64762,1,0,95973
64763,1,0,95974
64764,1,0,95975
64765,1,0,95976
64766,3,0,95979
64767,1,0,95980
64768,1,0,95981
64769,1,0,95982
64770,1,0,95983
64771,2,0,95985
64772,1,0,95986
64773,2,0,95988
64774,2,0,95990
64775,1,0,95991
64776,1,0,95992
64777,2,0,95994
64778,2,0,95996
64779,3,0,95999
64780,1,0,96000
64781,2,0,96002
64782,1,0,96003
64783,1,0,96004
64784,1,0,96005
64785,2,0,96007
64786,1,0,96008
64787,1,0,96009
64788,1,0,96010
64789,1,0,96011
64790,1,0,96012
64791,1,0,96013
64792,2,0,96015
64793,1,0,96016
64794,1,0,96017
64795,1,0,96018
64796,2,0,96020
64797,1,0,96021
64798,1,0,96022
64799,4,0,96026
64800,1,0,96027
64801,1,0,96028
64802,1,0,96029
64803,3,0,96032
64804,3,0,96035
64805,1,0,96036
64806,1,0,96037
64807,1,0,96038
64808,1,0,96039
64809,2,0,96041
64810,4,0,96045
64811,1,0,96046
64812,2,0,96048
64813,2,0,96050
64814,1,0,96051
64815,2,0,96053
64816,2,0,96055
64817,2,0,96057
64818,1,0,96058
64819,1,0,96059
64820,2,0,96061
64821,1,0,96062
64822,1,0,96063
64823,1,0,96064
64824,1,0,96065
64825,1,0,96066
64826,1,0,96067
64827,5,0,96072
64828,1,0,96073
64829,1,0,96074
64830,2,0,96076
64831,1,0,96077
64832,1,0,96078
64833,2,0,96080
64834,1,0,96081
64835,1,0,96082
64836,2,0,96084
64837,1,0,96085
64838,1,0,96086
64839,1,0,96087
64840,3,0,96090
64841,1,0,96091
64842,2,0,96093
64843,3,0,96096
64844,1,0,96097
64845,1,0,96098
64846,2,0,96100
64847,1,0,96101
64848,1,0,96102
64849,1,0,96103
64850,2,0,96105
64851,1,0,96106
64852,2,0,96108
64853,2,0,96110
64854,1,0,96111
64855,1,0,96112
64856,2,0,96114
64857,7,0,96121
64858,2,0,96123
64859,1,0,96124
64860,1,0,96125
64861,1,0,96126
64862,3,0,96129
64863,2,0,96131
64864,1,0,96132
64865,1,0,96133
64866,2,0,96135
64867,1,0,96136
64868,1,0,96137
64869,1,0,96138
64870,1,0,96139
64871,2,0,96141
64872,1,0,96142
64873,1,0,96143
64874,3,0,96146
64875,1,0,96147
64876,1,0,96148
64877,1,0,96149
64878,3,0,96152
64879,2,0,96154
64880,1,0,96155
64881,1,0,96156
64882,1,0,96157
64883,2,0,96159
64884,1,0,96160
64885,1,0,96161
64886,3,0,96164
64887,2,0,96166
64888,1,0,96167
64889,1,0,96168
64890,1,0,96169
64891,2,0,96171
64892,2,0,96173
64893,1,0,96174
64894,1,0,96175
64895,2,0,96177
64896,3,0,96180
64897,4,0,96184
64898,2,0,96186
64899,1,0,96187
64900,2,0,96189
64901,1,0,96190
64902,2,0,96192
64903,2,0,96194
64904,1,0,96195
64905,1,0,96196
64906,3,0,96199
64907,2,0,96201
64908,3,0,96204
64909,1,0,96205
64910,1,0,96206
64911,1,0,96207
64912,2,0,96209
64913,4,0,96213
64914,1,0,96214
64915,6,0,96220
64916,1,0,96221
64917,2,0,96223
64918,1,0,96224
64919,1,0,96225
64920,1,0,96226
64921,2,0,96228
64922,1,0,96229
64923,2,0,96231
64924,3,0,96234
64925,1,0,96235
64926,1,0,96236
64927,2,0,96238
64928,6,0,96244
64929,1,0,96245
64930,2,0,96247
64931,1,0,96248
64932,1,0,96249
64933,1,0,96250
64934,1,0,96251
64935,1,0,96252
64936,1,0,96253
64937,1,0,96254
64938,1,0,96255
64939,3,0,96258
64940,3,0,96261
64941,2,0,96263
64942,2,0,96265
64943,2,0,96267
64944,1,0,96268
64945,1,0,96269
64946,1,0,96270
64947,1,0,96271
64948,1,0,96272
64949,3,0,96275
64950,1,0,96276
64951,1,0,96277
64952,4,0,96281
64953,2,0,96283
64954,2,0,96285
64955,1,0,96286
64956,6,0,96292
64957,1,0,96293
64958,1,0,96294
64959,1,0,96295
64960,1,0,96296
64961,2,0,96298
64962,1,0,96299
64963,1,0,96300
64964,2,0,96302
64965,1,0,96303
64966,1,0,96304
64967,1,0,96305
64968,1,0,96306
64969,1,0,96307
64970,1,0,96308
64971,1,0,96309
64972,1,0,96310
64973,1,0,96311
64974,2,0,96313
64975,1,0,96314
64976,3,0,96317
64977,3,0,96320
64978,2,0,96322
64979,3,0,96325
64980,1,0,96326
64981,1,0,96327
64982,1,0,96328
64983,1,0,96329
64984,2,0,96331
64985,1,0,96332
64986,1,0,96333
64987,1,0,96334
64988,3,0,96337
64989,2,0,96339
64990,1,0,96340
64991,2,0,96342
64992,2,0,96344
64993,2,0,96346
64994,1,0,96347
64995,1,0,96348
64996,3,0,96351
64997,1,0,96352
64998,1,0,96353
64999,1,0,96354
65000,1,0,96355
65001,1,0,96356
65002,2,0,96358
65003,2,0,96360
65004,2,0,96362
65005,1,0,96363
65006,3,0,96366
65007,1,0,96367
65008,2,0,96369
65009,3,0,96372
65010,2,0,96374
65011,2,0,96376
65012,1,0,96377
65013,1,0,96378
65014,2,0,96380
65015,1,0,96381
65016,1,0,96382
65017,1,0,96383
65018,1,0,96384
65019,5,0,96389
65020,1,0,96390
65021,2,0,96392
65022,1,0,96393
65023,2,0,96395
65024,1,0,96396
65025,1,0,96397
65026,3,0,96400
65027,2,0,96402
65028,3,0,96405
65029,2,0,96407
65030,1,0,96408
65031,3,0,96411
65032,3,0,96414
65033,1,0,96415
65034,1,0,96416
65035,1,0,96417
65036,1,0,96418
65037,4,0,96422
65038,1,0,96423
65039,1,0,96424
65040,3,0,96427
65041,1,0,96428
65042,4,0,96432
65043,1,0,96433
65044,3,0,96436
65045,2,0,96438
65046,1,0,96439
65047,1,0,96440
65048,1,0,96441
65049,1,0,96442
65050,1,0,96443
65051,1,0,96444
65052,2,0,96446
65053,2,0,96448
65054,1,0,96449
65055,1,0,96450
65056,1,0,96451
65057,1,0,96452
65058,1,0,96453
65059,5,0,96458
65060,1,0,96459
65061,1,0,96460
65062,2,0,96462
65063,1,0,96463
65064,1,0,96464
65065,3,0,96467
65066,1,0,96468
65067,1,0,96469
65068,1,0,96470
65069,1,0,96471
65070,3,0,96474
65071,1,0,96475
65072,1,0,96476
65073,1,0,96477
65074,1,0,96478
65075,1,0,96479
65076,1,0,96480
65077,2,0,96482
65078,2,0,96484
65079,1,0,96485
65080,1,0,96486
65081,1,0,96487
65082,1,0,96488
65083,3,0,96491
65084,3,0,96494
65085,1,0,96495
65086,2,0,96497
65087,2,0,96499
65088,2,0,96501
65089,1,0,96502
65090,2,0,96504
65091,1,0,96505
65092,2,0,96507
65093,1,0,96508
65094,3,0,96511
65095,3,0,96514
65096,1,0,96515
65097,3,0,96518
65098,1,0,96519
65099,1,0,96520
65100,1,0,96521
65101,2,0,96523
65102,1,0,96524
65103,1,0,96525
65104,2,0,96527
65105,2,0,96529
65106,2,0,96531
65107,2,0,96533
65108,1,0,96534
65109,1,0,96535
65110,1,0,96536
65111,2,0,96538
65112,1,0,96539
65113,3,0,96542
65114,1,0,96543
65115,2,0,96545
65116,3,0,96548
65117,1,0,96549
65118,3,0,96552
65119,1,0,96553
65120,2,0,96555
65121,1,0,96556
65122,2,0,96558
65123,1,0,96559
65124,1,0,96560
65125,2,0,96562
65126,1,0,96563
65127,1,0,96564
65128,1,0,96565
65129,2,0,96567
65130,1,0,96568
65131,3,0,96571
65132,2,0,96573
65133,1,0,96574
65134,1,0,96575
65135,1,0,96576
65136,1,0,96577
65137,1,0,96578
65138,1,0,96579
65139,1,0,96580
65140,1,0,96581
65141,1,0,96582
65142,2,0,96584
65143,2,0,96586
65144,2,0,96588
65145,1,0,96589
65146,1,0,96590
65147,2,0,96592
65148,3,0,96595
65149,2,0,96597
65150,2,0,96599
65151,1,0,96600
65152,1,0,96601
65153,2,0,96603
65154,1,0,96604
65155,2,0,96606
65156,2,0,96608
65157,1,0,96609
65158,1,0,96610
65159,2,0,96612
65160,1,0,96613
65161,2,0,96615
65162,1,0,96616
65163,3,0,96619
65164,1,0,96620
65165,1,0,96621
65166,1,0,96622
65167,1,0,96623
65168,2,0,96625
65169,2,0,96627
65170,2,0,96629
65171,1,0,96630
65172,1,0,96631
65173,1,0,96632
65174,1,0,96633
65175,2,0,96635
65176,2,0,96637
65177,1,0,96638
65178,1,0,96639
65179,1,0,96640
65180,2,0,96642
65181,1,0,96643
65182,1,0,96644
65183,1,0,96645
65184,2,0,96647
65185,2,0,96649
65186,2,0,96651
65187,1,0,96652
65188,1,0,96653
65189,1,0,96654
65190,1,0,96655
65191,1,0,96656
65192,1,0,96657
65193,2,0,96659
65194,1,0,96660
65195,2,0,96662
65196,1,0,96663
65197,1,0,96664
65198,1,0,96665
65199,4,0,96669
65200,1,0,96670
65201,4,0,96674
65202,1,0,96675
65203,1,0,96676
65204,2,0,96678
65205,4,0,96682
65206,1,0,96683
65207,3,0,96686
65208,1,0,96687
65209,1,0,96688
65210,2,0,96690
65211,1,0,96691
65212,2,0,96693
65213,3,0,96696
65214,1,0,96697
65215,1,0,96698
65216,1,0,96699
65217,1,0,96700
65218,1,0,96701
65219,1,0,96702
65220,1,0,96703
65221,1,0,96704
65222,1,0,96705
65223,1,0,96706
65224,2,0,96708
65225,1,0,96709
65226,1,0,96710
65227,2,0,96712
65228,1,0,96713
65229,1,0,96714
65230,1,0,96715
65231,2,0,96717
65232,1,0,96718
65233,1,0,96719
65234,2,0,96721
65235,1,0,96722
65236,1,0,96723
65237,1,0,96724
65238,1,0,96725
65239,1,0,96726
65240,1,0,96727
65241,4,0,96731
65242,1,0,96732
65243,1,0,96733
65244,1,0,96734
65245,1,0,96735
65246,1,0,96736
65247,3,0,96739
65248,2,0,96741
65249,1,0,96742
65250,1,0,96743
65251,1,0,96744
65252,2,0,96746
65253,3,0,96749
65254,1,0,96750
65255,1,0,96751
65256,1,0,96752
65257,1,0,96753
65258,1,0,96754
65259,1,0,96755
65260,1,0,96756
65261,1,0,96757
65262,2,0,96759
65263,3,0,96762
65264,2,0,96764
65265,1,0,96765
65266,2,0,96767
65267,2,0,96769
65268,2,0,96771
65269,2,0,96773
65270,1,0,96774
65271,1,0,96775
65272,1,0,96776
65273,1,0,96777
65274,1,0,96778
65275,2,0,96780
65276,2,0,96782
65277,2,0,96784
65278,2,0,96786
65279,1,0,96787
65280,1,0,96788
65281,1,0,96789
65282,2,0,96791
65283,2,0,96793
65284,2,0,96795
65285,1,0,96796
65286,1,0,96797
65287,1,0,96798
65288,3,0,96801
65289,1,0,96802
65290,1,0,96803
65291,1,0,96804
65292,1,0,96805
65293,1,0,96806
65294,1,0,96807
65295,2,0,96809
65296,1,0,96810
65297,1,0,96811
65298,1,0,96812
65299,2,0,96814
65300,2,0,96816
65301,1,0,96817
65302,1,0,96818
65303,1,0,96819
65304,1,0,96820
65305,2,0,96822
65306,1,0,96823
65307,1,0,96824
65308,2,0,96826
65309,1,0,96827
65310,1,0,96828
65311,1,0,96829
65312,1,0,96830
65313,2,0,96832
65314,1,0,96833
65315,2,0,96835
65316,2,0,96837
65317,2,0,96839
65318,2,0,96841
65319,1,0,96842
65320,1,0,96843
65321,1,0,96844
65322,1,0,96845
65323,1,0,96846
65324,1,0,96847
65325,1,0,96848
65326,1,0,96849
65327,1,0,96850
65328,1,0,96851
65329,1,0,96852
65330,1,0,96853
65331,1,0,96854
65332,1,0,96855
65333,1,0,96856
65334,1,0,96857
65335,1,0,96858
65336,1,0,96859
65337,1,0,96860
65338,1,0,96861
65339,1,0,96862
65340,2,0,96864
65341,2,0,96866
65342,1,0,96867
65343,1,0,96868
65344,1,0,96869
65345,1,0,96870
65346,3,0,96873
65347,1,0,96874
65348,1,0,96875
65349,1,0,96876
65350,1,0,96877
65351,1,0,96878
65352,1,0,96879
65353,2,0,96881
65354,2,0,96883
65355,1,0,96884
65356,2,0,96886
65357,4,0,96890
65358,1,0,96891
65359,1,0,96892
65360,2,0,96894
65361,1,0,96895
65362,2,0,96897
65363,4,0,96901
65364,4,0,96905
65365,1,0,96906
65366,1,0,96907
65367,1,0,96908
65368,1,0,96909
65369,1,0,96910
65370,1,0,96911
65371,1,0,96912
65372,1,0,96913
65373,5,0,96918
65374,1,0,96919
65375,1,0,96920
65376,1,0,96921
65377,1,0,96922
65378,1,0,96923
65379,2,0,96925
65380,2,0,96927
65381,1,0,96928
65382,1,0,96929
65383,2,0,96931
65384,1,0,96932
65385,2,0,96934
65386,1,0,96935
65387,1,0,96936
65388,1,0,96937
65389,2,0,96939
65390,3,0,96942
65391,1,0,96943
65392,2,0,96945
65393,4,0,96949
65394,1,0,96950
65395,3,0,96953
65396,2,0,96955
65397,1,0,96956
65398,1,0,96957
65399,1,0,96958
65400,1,0,96959
65401,1,0,96960
65402,1,0,96961
65403,1,0,96962
65404,1,0,96963
65405,1,0,96964
65406,2,0,96966
65407,1,0,96967
65408,1,0,96968
65409,1,0,96969
65410,1,0,96970
65411,1,0,96971
65412,4,0,96975
65413,2,0,96977
65414,2,0,96979
65415,1,0,96980
65416,1,0,96981
65417,1,0,96982
65418,1,0,96983
65419,3,0,96986
65420,1,0,96987
65421,1,0,96988
65422,1,0,96989
65423,2,0,96991
65424,1,0,96992
65425,1,0,96993
65426,2,0,96995
65427,2,0,96997
65428,2,0,96999
65429,1,0,97000
65430,2,0,97002
65431,1,0,97003
65432,1,0,97004
65433,1,0,97005
65434,2,0,97007
65435,2,0,97009
65436,2,0,97011
65437,1,0,97012
65438,1,0,97013
65439,1,0,97014
65440,1,0,97015
65441,1,0,97016
65442,1,0,97017
65443,1,0,97018
65444,1,0,97019
65445,1,0,97020
65446,1,0,97021
65447,1,0,97022
65448,1,0,97023
65449,1,0,97024
65450,2,0,97026
65451,1,0,97027
65452,3,0,97030
65453,1,0,97031
65454,1,0,97032
65455,2,0,97034
65456,1,0,97035
65457,2,0,97037
65458,1,0,97038
65459,1,0,97039
65460,1,0,97040
65461,1,0,97041
65462,1,0,97042
65463,1,0,97043
65464,1,0,97044
65465,2,0,97046
65466,2,0,97048
65467,1,0,97049
65468,2,0,97051
65469,1,0,97052
65470,2,0,97054
65471,1,0,97055
65472,2,0,97057
65473,1,0,97058
65474,3,0,97061
65475,1,0,97062
65476,2,0,97064
65477,2,0,97066
65478,3,0,97069
65479,1,0,97070
65480,2,0,97072
65481,2,0,97074
65482,1,0,97075
65483,1,0,97076
65484,1,0,97077
65485,2,0,97079
65486,1,0,97080
65487,2,0,97082
65488,2,0,97084
65489,1,0,97085
65490,1,0,97086
65491,1,0,97087
65492,1,0,97088
65493,1,0,97089
65494,1,0,97090
65495,1,0,97091
65496,2,0,97093
65497,1,0,97094
65498,1,0,97095
65499,1,0,97096
65500,1,0,97097
65501,2,0,97099
65502,1,0,97100
65503,1,0,97101
65504,3,0,97104
65505,4,0,97108
65506,1,0,97109
65507,1,0,97110
65508,2,0,97112
65509,1,0,97113
65510,1,0,97114
65511,1,0,97115
65512,1,0,97116
65513,1,0,97117
65514,1,0,97118
65515,1,0,97119
65516,1,0,97120
65517,1,0,97121
65518,1,0,97122
65519,1,0,97123
65520,1,0,97124
65521,2,0,97126
65522,1,0,97127
65523,1,0,97128
65524,1,0,97129
65525,1,0,97130
65526,1,0,97131
65527,1,0,97132
65528,2,0,97134
65529,1,0,97135
65530,1,0,97136
65531,1,0,97137
65532,2,0,97139
65533,1,0,97140
65534,1,0,97141
65535,1,0,97142
65536,2,0,97144
65537,1,0,97145
65538,1,0,97146
65539,1,0,97147
65540,1,0,97148
65541,1,0,97149
65542,2,0,97151
65543,4,0,97155
65544,1,0,97156
65545,3,0,97159
65546,3,0,97162
65547,1,0,97163
65548,1,0,97164
65549,2,0,97166
65550,5,0,97171
65551,1,0,97172
65552,2,0,97174
65553,3,0,97177
65554,1,0,97178
65555,2,0,97180
65556,2,0,97182
65557,1,0,97183
65558,2,0,97185
65559,2,0,97187
65560,2,0,97189
65561,1,0,97190
65562,2,0,97192
65563,1,0,97193
65564,1,0,97194
65565,1,0,97195
65566,1,0,97196
65567,1,0,97197
65568,1,0,97198
65569,1,0,97199
65570,3,0,97202
65571,3,0,97205
65572,1,0,97206
65573,1,0,97207
65574,2,0,97209
65575,2,0,97211
65576,1,0,97212
65577,2,0,97214
65578,1,0,97215
65579,1,0,97216
65580,1,0,97217
65581,1,0,97218
65582,1,0,97219
65583,1,0,97220
65584,1,0,97221
65585,2,0,97223
65586,2,0,97225
65587,1,0,97226
65588,1,0,97227
65589,3,0,97230
65590,1,0,97231
65591,2,0,97233
65592,1,0,97234
65593,2,0,97236
65594,2,0,97238
65595,1,0,97239
65596,1,0,97240
65597,1,0,97241
65598,1,0,97242
65599,1,0,97243
65600,1,0,97244
65601,2,0,97246
65602,1,0,97247
65603,1,0,97248
65604,2,0,97250
65605,3,0,97253
65606,1,0,97254
65607,2,0,97256
65608,1,0,97257
65609,2,0,97259
65610,1,0,97260
65611,1,0,97261
65612,2,0,97263
65613,1,0,97264
65614,1,0,97265
65615,1,0,97266
65616,3,0,97269
65617,1,0,97270
65618,1,0,97271
65619,1,0,97272
65620,1,0,97273
65621,1,0,97274
65622,2,0,97276
65623,1,0,97277
65624,1,0,97278
65625,1,0,97279
65626,1,0,97280
65627,1,0,97281
65628,1,0,97282
65629,1,0,97283
65630,1,0,97284
65631,1,0,97285
65632,6,0,97291
65633,3,0,97294
65634,2,0,97296
65635,1,0,97297
65636,1,0,97298
65637,1,0,97299
65638,1,0,97300
65639,1,0,97301
65640,1,0,97302
65641,1,0,97303
65642,1,0,97304
65643,2,0,97306
65644,1,0,97307
65645,1,0,97308
65646,1,0,97309
65647,2,0,97311
65648,1,0,97312
65649,1,0,97313
65650,2,0,97315
65651,1,0,97316
65652,1,0,97317
65653,5,0,97322
65654,3,0,97325
65655,1,0,97326
65656,1,0,97327
65657,1,0,97328
65658,5,0,97333
65659,2,0,97335
65660,2,0,97337
65661,2,0,97339
65662,1,0,97340
65663,1,0,97341
65664,1,0,97342
65665,1,0,97343
65666,1,0,97344
65667,3,0,97347
65668,2,0,97349
65669,1,0,97350
65670,1,0,97351
65671,2,0,97353
65672,2,0,97355
65673,2,0,97357
65674,1,0,97358
65675,1,0,97359
65676,1,0,97360
65677,1,0,97361
65678,1,0,97362
65679,2,0,97364
65680,3,0,97367
65681,1,0,97368
65682,1,0,97369
65683,2,0,97371
65684,1,0,97372
65685,1,0,97373
65686,1,0,97374
65687,1,0,97375
65688,1,0,97376
65689,1,0,97377
65690,1,0,97378
65691,2,0,97380
65692,1,0,97381
65693,1,0,97382
65694,2,0,97384
65695,1,0,97385
65696,1,0,97386
65697,1,0,97387
65698,1,0,97388
65699,1,0,97389
65700,1,0,97390
65701,1,0,97391
65702,1,0,97392
65703,1,0,97393
65704,1,0,97394
65705,1,0,97395
65706,3,0,97398
65707,3,0,97401
65708,2,0,97403
65709,2,0,97405
65710,3,0,97408
65711,1,0,97409
65712,1,0,97410
65713,1,0,97411
65714,2,0,97413
65715,1,0,97414
65716,2,0,97416
65717,1,0,97417
65718,1,0,97418
65719,1,0,97419
65720,1,0,97420
65721,1,0,97421
65722,2,0,97423
65723,2,0,97425
65724,2,0,97427
65725,1,0,97428
65726,1,0,97429
65727,1,0,97430
65728,2,0,97432
65729,2,0,97434
65730,1,0,97435
65731,2,0,97437
65732,1,0,97438
65733,1,0,97439
65734,1,0,97440
65735,1,0,97441
65736,1,0,97442
65737,1,0,97443
65738,1,0,97444
65739,1,0,97445
65740,2,0,97447
65741,2,0,97449
65742,1,0,97450
65743,1,0,97451
65744,2,0,97453
65745,4,0,97457
65746,1,0,97458
65747,1,0,97459
65748,1,0,97460
65749,2,0,97462
65750,1,0,97463
65751,1,0,97464
65752,2,0,97466
65753,1,0,97467
65754,1,0,97468
65755,2,0,97470
65756,1,0,97471
65757,2,0,97473
65758,1,0,97474
65759,1,0,97475
65760,1,0,97476
65761,1,0,97477
65762,1,0,97478
65763,2,0,97480
65764,1,0,97481
65765,1,0,97482
65766,1,0,97483
65767,1,0,97484
65768,3,0,97487
65769,2,0,97489
65770,1,0,97490
65771,2,0,97492
65772,1,0,97493
65773,1,0,97494
65774,1,0,97495
65775,1,0,97496
65776,1,0,97497
65777,3,0,97500
65778,1,0,97501
65779,1,0,97502
65780,1,0,97503
65781,1,0,97504
65782,1,0,97505
65783,3,0,97508
65784,2,0,97510
65785,1,0,97511
65786,3,0,97514
65787,1,0,97515
65788,1,0,97516
65789,1,0,97517
65790,1,0,97518
65791,1,0,97519
65792,1,0,97520
65793,1,0,97521
65794,1,0,97522
65795,3,0,97525
65796,2,0,97527
65797,2,0,97529
65798,1,0,97530
65799,1,0,97531
65800,1,0,97532
65801,1,0,97533
65802,1,0,97534
65803,2,0,97536
65804,1,0,97537
65805,3,0,97540
65806,3,0,97543
65807,1,0,97544
65808,1,0,97545
65809,1,0,97546
65810,1,0,97547
65811,2,0,97549
65812,1,0,97550
65813,1,0,97551
65814,2,0,97553
65815,2,0,97555
65816,1,0,97556
65817,1,0,97557
65818,1,0,97558
65819,2,0,97560
65820,2,0,97562
65821,1,0,97563
65822,1,0,97564
65823,2,0,97566
65824,1,0,97567
65825,1,0,97568
65826,1,0,97569
65827,1,0,97570
65828,1,0,97571
65829,2,0,97573
65830,1,0,97574
65831,1,0,97575
65832,2,0,97577
65833,2,0,97579
65834,3,0,97582
65835,1,0,97583
65836,1,0,97584
65837,2,0,97586
65838,1,0,97587
65839,2,0,97589
65840,1,0,97590
65841,1,0,97591
65842,1,0,97592
65843,1,0,97593
65844,1,0,97594
65845,5,0,97599
65846,3,0,97602
65847,1,0,97603
65848,1,0,97604
65849,3,0,97607
65850,1,0,97608
65851,1,0,97609
65852,1,0,97610
65853,1,0,97611
65854,3,0,97614
65855,1,0,97615
65856,1,0,97616
65857,2,0,97618
65858,1,0,97619
65859,1,0,97620
65860,5,0,97625
65861,3,0,97628
65862,3,0,97631
65863,1,0,97632
65864,1,0,97633
65865,1,0,97634
65866,1,0,97635
65867,1,0,97636
65868,1,0,97637
65869,2,0,97639
65870,1,0,97640
65871,1,0,97641
65872,1,0,97642
65873,2,0,97644
65874,1,0,97645
65875,1,0,97646
65876,1,0,97647
65877,1,0,97648
65878,1,0,97649
65879,3,0,97652
65880,2,0,97654
65881,1,0,97655
65882,2,0,97657
65883,2,0,97659
65884,2,0,97661
65885,2,0,97663
65886,1,0,97664
65887,1,0,97665
65888,1,0,97666
65889,2,0,97668
65890,1,0,97669
65891,1,0,97670
65892,1,0,97671
65893,1,0,97672
65894,1,0,97673
65895,3,0,97676
65896,2,0,97678
65897,1,0,97679
65898,1,0,97680
65899,1,0,97681
65900,1,0,97682
65901,1,0,97683
65902,1,0,97684
65903,4,0,97688
65904,2,0,97690
65905,2,0,97692
65906,4,0,97696
65907,2,0,97698
65908,2,0,97700
65909,2,0,97702
65910,2,0,97704
65911,2,0,97706
65912,3,0,97709
65913,1,0,97710
65914,1,0,97711
65915,1,0,97712
65916,3,0,97715
65917,1,0,97716
65918,2,0,97718
65919,1,0,97719
65920,1,0,97720
65921,1,0,97721
65922,2,0,97723
65923,1,0,97724
65924,1,0,97725
65925,1,0,97726
65926,3,0,97729
65927,3,0,97732
65928,1,0,97733
65929,2,0,97735
65930,2,0,97737
65931,3,0,97740
65932,1,0,97741
65933,1,0,97742
65934,1,0,97743
65935,1,0,97744
65936,2,0,97746
65937,1,0,97747
65938,1,0,97748
65939,1,0,97749
65940,1,0,97750
65941,2,0,97752
65942,3,0,97755
65943,2,0,97757
65944,1,0,97758
65945,1,0,97759
65946,1,0,97760
65947,1,0,97761
65948,1,0,97762
65949,1,0,97763
65950,2,0,97765
65951,1,0,97766
65952,2,0,97768
65953,1,0,97769
65954,1,0,97770
65955,2,0,97772
65956,1,0,97773
65957,1,0,97774
65958,1,0,97775
65959,2,0,97777
65960,1,0,97778
65961,1,0,97779
65962,3,0,97782
65963,1,0,97783
65964,3,0,97786
65965,1,0,97787
65966,1,0,97788
65967,1,0,97789
65968,2,0,97791
65969,1,0,97792
65970,3,0,97795
65971,1,0,97796
65972,2,0,97798
65973,1,0,97799
65974,1,0,97800
65975,1,0,97801
65976,3,0,97804
65977,2,0,97806
65978,1,0,97807
65979,1,0,97808
65980,1,0,97809
65981,1,0,97810
65982,1,0,97811
65983,2,0,97813
65984,1,0,97814
65985,1,0,97815
65986,1,0,97816
65987,1,0,97817
65988,1,0,97818
65989,1,0,97819
65990,1,0,97820
65991,2,0,97822
65992,1,0,97823
65993,2,0,97825
65994,1,0,97826
65995,2,0,97828
65996,1,0,97829
65997,1,0,97830
65998,1,0,97831
65999,2,0,97833
66000,1,0,97834
66001,1,0,97835
66002,1,0,97836
66003,2,0,97838
66004,3,0,97841
66005,1,0,97842
66006,1,0,97843
66007,2,0,97845
66008,1,0,97846
66009,1,0,97847
66010,1,0,97848
66011,1,0,97849
66012,1,0,97850
66013,1,0,97851
66014,1,0,97852
66015,1,0,97853
66016,1,0,97854
66017,2,0,97856
66018,1,0,97857
66019,1,0,97858
66020,3,0,97861
66021,1,0,97862
66022,1,0,97863
66023,1,0,97864
66024,2,0,97866
66025,1,0,97867
66026,1,0,97868
66027,1,0,97869
66028,1,0,97870
66029,1,0,97871
66030,1,0,97872
66031,2,0,97874
66032,2,0,97876
66033,5,0,97881
66034,1,0,97882
66035,1,0,97883
66036,1,0,97884
66037,1,0,97885
66038,2,0,97887
66039,1,0,97888
66040,1,0,97889
66041,1,0,97890
66042,1,0,97891
66043,2,0,97893
66044,1,0,97894
66045,2,0,97896
66046,1,0,97897
66047,1,0,97898
66048,1,0,97899
66049,2,0,97901
66050,1,0,97902
66051,1,0,97903
66052,1,0,97904
66053,2,0,97906
66054,1,0,97907
66055,1,0,97908
66056,1,0,97909
66057,1,0,97910
66058,1,0,97911
66059,2,0,97913
66060,5,0,97918
66061,1,0,97919
66062,2,0,97921
66063,1,0,97922
66064,1,0,97923
66065,1,0,97924
66066,2,0,97926
66067,1,0,97927
66068,1,0,97928
66069,1,0,97929
66070,2,0,97931
66071,3,0,97934
66072,3,0,97937
66073,1,0,97938
66074,1,0,97939
66075,2,0,97941
66076,2,0,97943
66077,1,0,97944
66078,1,0,97945
66079,1,0,97946
66080,1,0,97947
66081,1,0,97948
66082,1,0,97949
66083,1,0,97950
66084,2,0,97952
66085,2,0,97954
66086,2,0,97956
66087,1,0,97957
66088,1,0,97958
66089,1,0,97959
66090,1,0,97960
66091,1,0,97961
66092,1,0,97962
66093,1,0,97963
66094,1,0,97964
66095,1,0,97965
66096,1,0,97966
66097,1,0,97967
66098,1,0,97968
66099,1,0,97969
66100,1,0,97970
66101,1,0,97971
66102,1,0,97972
66103,4,0,97976
66104,1,0,97977
66105,1,0,97978
66106,1,0,97979
66107,2,0,97981
66108,2,0,97983
66109,1,0,97984
66110,1,0,97985
66111,2,0,97987
66112,1,0,97988
66113,2,0,97990
66114,1,0,97991
66115,1,0,97992
66116,1,0,97993
66117,2,0,97995
66118,1,0,97996
66119,2,0,97998
66120,1,0,97999
66121,1,0,98000
66122,2,0,98002
66123,1,0,98003
66124,1,0,98004
66125,1,0,98005
66126,1,0,98006
66127,4,0,98010
66128,1,0,98011
66129,1,0,98012
66130,1,0,98013
66131,1,0,98014
66132,1,0,98015
66133,1,0,98016
66134,1,0,98017
66135,1,0,98018
66136,1,0,98019
66137,1,0,98020
66138,2,0,98022
66139,1,0,98023
66140,1,0,98024
66141,1,0,98025
66142,1,0,98026
66143,1,0,98027
66144,4,0,98031
66145,3,0,98034
66146,2,0,98036
66147,1,0,98037
66148,1,0,98038
66149,3,0,98041
66150,1,0,98042
66151,2,0,98044
66152,1,0,98045
66153,1,0,98046
66154,1,0,98047
66155,1,0,98048
66156,2,0,98050
66157,2,0,98052
66158,1,0,98053
66159,2,0,98055
66160,2,0,98057
66161,1,0,98058
66162,1,0,98059
66163,1,0,98060
66164,2,0,98062
66165,3,0,98065
66166,2,0,98067
66167,1,0,98068
66168,1,0,98069
66169,1,0,98070
66170,1,0,98071
66171,1,0,98072
66172,1,0,98073
66173,1,0,98074
66174,2,0,98076
66175,1,0,98077
66176,1,0,98078
66177,4,0,98082
66178,1,0,98083
66179,1,0,98084
66180,2,0,98086
66181,2,0,98088
66182,1,0,98089
66183,6,0,98095
66184,2,0,98097
66185,2,0,98099
66186,1,0,98100
66187,1,0,98101
66188,1,0,98102
66189,1,0,98103
66190,2,0,98105
66191,2,0,98107
66192,2,0,98109
66193,1,0,98110
66194,2,0,98112
66195,2,0,98114
66196,1,0,98115
66197,1,0,98116
66198,1,0,98117
66199,1,0,98118
66200,1,0,98119
66201,1,0,98120
66202,1,0,98121
66203,1,0,98122
66204,1,0,98123
66205,1,0,98124
66206,1,0,98125
66207,1,0,98126
66208,1,0,98127
66209,3,0,98130
66210,1,0,98131
66211,1,0,98132
66212,1,0,98133
66213,1,0,98134
66214,1,0,98135
66215,1,0,98136
66216,1,0,98137
66217,1,0,98138
66218,2,0,98140
66219,2,0,98142
66220,1,0,98143
66221,1,0,98144
66222,2,0,98146
66223,2,0,98148
66224,1,0,98149
66225,1,0,98150
66226,2,0,98152
66227,1,0,98153
66228,1,0,98154
66229,1,0,98155
66230,2,0,98157
66231,1,0,98158
66232,3,0,98161
66233,1,0,98162
66234,2,0,98164
66235,1,0,98165
66236,1,0,98166
66237,1,0,98167
66238,1,0,98168
66239,2,0,98170
66240,1,0,98171
66241,2,0,98173
66242,1,0,98174
66243,1,0,98175
66244,1,0,98176
66245,2,0,98178
66246,1,0,98179
66247,2,0,98181
66248,1,0,98182
66249,1,0,98183
66250,4,0,98187
66251,1,0,98188
66252,3,0,98191
66253,2,0,98193
66254,2,0,98195
66255,1,0,98196
66256,2,0,98198
66257,2,0,98200
66258,2,0,98202
66259,1,0,98203
66260,1,0,98204
66261,2,0,98206
66262,3,0,98209
66263,1,0,98210
66264,3,0,98213
66265,1,0,98214
66266,2,0,98216
66267,1,0,98217
66268,1,0,98218
66269,1,0,98219
66270,3,0,98222
66271,1,0,98223
66272,2,0,98225
66273,1,0,98226
66274,2,0,98228
66275,1,0,98229
66276,2,0,98231
66277,1,0,98232
66278,2,0,98234
66279,2,0,98236
66280,2,0,98238
66281,1,0,98239
66282,1,0,98240
66283,1,0,98241
66284,3,0,98244
66285,3,0,98247
66286,2,0,98249
66287,3,0,98252
66288,1,0,98253
66289,2,0,98255
66290,1,0,98256
66291,1,0,98257
66292,1,0,98258
66293,3,0,98261
66294,1,0,98262
66295,1,0,98263
66296,1,0,98264
66297,2,0,98266
66298,2,0,98268
66299,1,0,98269
66300,1,0,98270
66301,1,0,98271
66302,1,0,98272
66303,1,0,98273
66304,2,0,98275
66305,1,0,98276
66306,1,0,98277
66307,1,0,98278
66308,1,0,98279
66309,1,0,98280
66310,1,0,98281
66311,2,0,98283
66312,3,0,98286
66313,2,0,98288
66314,1,0,98289
66315,1,0,98290
66316,3,0,98293
66317,2,0,98295
66318,1,0,98296
66319,1,0,98297
66320,2,0,98299
66321,2,0,98301
66322,2,0,98303
66323,2,0,98305
66324,1,0,98306
66325,1,0,98307
66326,1,0,98308
66327,1,0,98309
66328,1,0,98310
66329,1,0,98311
66330,1,0,98312
66331,1,0,98313
66332,1,0,98314
66333,4,0,98318
66334,2,0,98320
66335,1,0,98321
66336,1,0,98322
66337,2,0,98324
66338,1,0,98325
66339,2,0,98327
66340,1,0,98328
66341,3,0,98331
66342,2,0,98333
66343,3,0,98336
66344,2,0,98338
66345,1,0,98339
66346,1,0,98340
66347,2,0,98342
66348,1,0,98343
66349,3,0,98346
66350,1,0,98347
66351,1,0,98348
66352,2,0,98350
66353,1,0,98351
66354,1,0,98352
66355,1,0,98353
66356,1,0,98354
66357,2,0,98356
66358,2,0,98358
66359,2,0,98360
66360,1,0,98361
66361,1,0,98362
66362,1,0,98363
66363,2,0,98365
66364,1,0,98366
66365,2,0,98368
66366,1,0,98369
66367,1,0,98370
66368,3,0,98373
66369,2,0,98375
66370,1,0,98376
66371,1,0,98377
66372,3,0,98380
66373,1,0,98381
66374,1,0,98382
66375,1,0,98383
66376,1,0,98384
66377,2,0,98386
66378,1,0,98387
66379,3,0,98390
66380,1,0,98391
66381,1,0,98392
66382,5,0,98397
66383,1,0,98398
66384,1,0,98399
66385,2,0,98401
66386,1,0,98402
66387,3,0,98405
66388,1,0,98406
66389,2,0,98408
66390,1,0,98409
66391,1,0,98410
66392,1,0,98411
66393,1,0,98412
66394,1,0,98413
66395,1,0,98414
66396,2,0,98416
66397,1,0,98417
66398,1,0,98418
66399,1,0,98419
66400,1,0,98420
66401,1,0,98421
66402,1,0,98422
66403,1,0,98423
66404,1,0,98424
66405,1,0,98425
66406,1,0,98426
66407,2,0,98428
66408,2,0,98430
66409,1,0,98431
66410,1,0,98432
66411,1,0,98433
66412,1,0,98434
66413,1,0,98435
66414,1,0,98436
66415,2,0,98438
66416,1,0,98439
66417,1,0,98440
66418,1,0,98441
66419,1,0,98442
66420,2,0,98444
66421,2,0,98446
66422,2,0,98448
66423,1,0,98449
66424,3,0,98452
66425,1,0,98453
66426,2,0,98455
66427,1,0,98456
66428,1,0,98457
66429,1,0,98458
66430,2,0,98460
66431,1,0,98461
66432,3,0,98464
66433,2,0,98466
66434,1,0,98467
66435,3,0,98470
66436,2,0,98472
66437,1,0,98473
66438,1,0,98474
66439,1,0,98475
66440,1,0,98476
66441,1,0,98477
66442,2,0,98479
66443,1,0,98480
66444,2,0,98482
66445,2,0,98484
66446,1,0,98485
66447,3,0,98488
66448,2,0,98490
66449,1,0,98491
66450,2,0,98493
66451,1,0,98494
66452,1,0,98495
66453,2,0,98497
66454,1,0,98498
66455,2,0,98500
66456,1,0,98501
66457,2,0,98503
66458,1,0,98504
66459,1,0,98505
66460,3,0,98508
66461,1,0,98509
66462,1,0,98510
66463,1,0,98511
66464,1,0,98512
66465,1,0,98513
66466,1,0,98514
66467,3,0,98517
66468,2,0,98519
66469,3,0,98522
66470,2,0,98524
66471,1,0,98525
66472,1,0,98526
66473,1,0,98527
66474,2,0,98529
66475,1,0,98530
66476,2,0,98532
66477,1,0,98533
66478,1,0,98534
66479,1,0,98535
66480,2,0,98537
66481,6,0,98543
66482,4,0,98547
66483,2,0,98549
66484,3,0,98552
66485,1,0,98553
66486,2,0,98555
66487,1,0,98556
66488,3,0,98559
66489,1,0,98560
66490,3,0,98563
66491,1,0,98564
66492,2,0,98566
66493,1,0,98567
66494,1,0,98568
66495,1,0,98569
66496,3,0,98572
66497,1,0,98573
66498,3,0,98576
66499,2,0,98578
66500,1,0,98579
66501,2,0,98581
66502,1,0,98582
66503,1,0,98583
66504,1,0,98584
66505,1,0,98585
66506,1,0,98586
66507,3,0,98589
66508,1,0,98590
66509,1,0,98591
66510,1,0,98592
66511,1,0,98593
66512,1,0,98594
66513,1,0,98595
66514,2,0,98597
66515,1,0,98598
66516,3,0,98601
66517,1,0,98602
66518,2,0,98604
66519,1,0,98605
66520,1,0,98606
66521,2,0,98608
66522,1,0,98609
66523,3,0,98612
66524,1,0,98613
66525,1,0,98614
66526,3,0,98617
66527,1,0,98618
66528,3,0,98621
66529,1,0,98622
66530,2,0,98624
66531,1,0,98625
66532,2,0,98627
66533,1,0,98628
66534,2,0,98630
66535,1,0,98631
66536,2,0,98633
66537,3,0,98636
66538,1,0,98637
66539,1,0,98638
66540,3,0,98641
66541,1,0,98642
66542,1,0,98643
66543,1,0,98644
66544,3,0,98647
66545,1,0,98648
66546,1,0,98649
66547,2,0,98651
66548,1,0,98652
66549,1,0,98653
66550,1,0,98654
66551,1,0,98655
66552,1,0,98656
66553,1,0,98657
66554,1,0,98658
66555,1,0,98659
66556,1,0,98660
66557,1,0,98661
66558,2,0,98663
66559,1,0,98664
66560,2,0,98666
66561,5,0,98671
66562,1,0,98672
66563,1,0,98673
66564,3,0,98676
66565,1,0,98677
66566,2,0,98679
66567,2,0,98681
66568,2,0,98683
66569,1,0,98684
66570,2,0,98686
66571,1,0,98687
66572,1,0,98688
66573,1,0,98689
66574,1,0,98690
66575,1,0,98691
66576,1,0,98692
66577,1,0,98693
66578,1,0,98694
66579,1,0,98695
66580,3,0,98698
66581,3,0,98701
66582,2,0,98703
66583,1,0,98704
66584,1,0,98705
66585,1,0,98706
66586,4,0,98710
66587,1,0,98711
66588,1,0,98712
66589,1,0,98713
66590,2,0,98715
66591,1,0,98716
66592,3,0,98719
66593,3,0,98722
66594,1,0,98723
66595,1,0,98724
66596,1,0,98725
66597,1,0,98726
66598,2,0,98728
66599,2,0,98730
66600,1,0,98731
66601,2,0,98733
66602,1,0,98734
66603,1,0,98735
66604,1,0,98736
66605,2,0,98738
66606,1,0,98739
66607,2,0,98741
66608,1,0,98742
66609,1,0,98743
66610,3,0,98746
66611,4,0,98750
66612,1,0,98751
66613,1,0,98752
66614,1,0,98753
66615,1,0,98754
66616,2,0,98756
66617,1,0,98757
66618,1,0,98758
66619,1,0,98759
66620,2,0,98761
66621,1,0,98762
66622,4,0,98766
66623,1,0,98767
66624,4,0,98771
66625,2,0,98773
66626,2,0,98775
66627,2,0,98777
66628,1,0,98778
66629,1,0,98779
66630,1,0,98780
66631,1,0,98781
66632,4,0,98785
66633,1,0,98786
66634,3,0,98789
66635,2,0,98791
66636,3,0,98794
66637,1,0,98795
66638,1,0,98796
66639,2,0,98798
66640,1,0,98799
66641,2,0,98801
66642,1,0,98802
66643,2,0,98804
66644,1,0,98805
66645,1,0,98806
66646,1,0,98807
66647,2,0,98809
66648,1,0,98810
66649,2,0,98812
66650,1,0,98813
66651,2,0,98815
66652,1,0,98816
66653,2,0,98818
66654,1,0,98819
66655,1,0,98820
66656,1,0,98821
66657,2,0,98823
66658,2,0,98825
66659,1,0,98826
66660,3,0,98829
66661,1,0,98830
66662,2,0,98832
66663,2,0,98834
66664,1,0,98835
66665,1,0,98836
66666,1,0,98837
66667,1,0,98838
66668,1,0,98839
66669,1,0,98840
66670,1,0,98841
66671,1,0,98842
66672,1,0,98843
66673,1,0,98844
66674,1,0,98845
66675,3,0,98848
66676,1,0,98849
66677,3,0,98852
66678,1,0,98853
66679,1,0,98854
66680,1,0,98855
66681,1,0,98856
66682,3,0,98859
66683,1,0,98860
66684,1,0,98861
66685,1,0,98862
66686,4,0,98866
66687,2,0,98868
66688,1,0,98869
66689,1,0,98870
66690,1,0,98871
66691,2,0,98873
66692,1,0,98874
66693,2,0,98876
66694,3,0,98879
66695,1,0,98880
66696,1,0,98881
66697,1,0,98882
66698,1,0,98883
66699,1,0,98884
66700,1,0,98885
66701,1,0,98886
66702,2,0,98888
66703,4,0,98892
66704,1,0,98893
66705,1,0,98894
66706,2,0,98896
66707,1,0,98897
66708,2,0,98899
66709,2,0,98901
66710,1,0,98902
66711,1,0,98903
66712,1,0,98904
66713,1,0,98905
66714,1,0,98906
66715,1,0,98907
66716,2,0,98909
66717,1,0,98910
66718,1,0,98911
66719,2,0,98913
66720,1,0,98914
66721,2,0,98916
66722,3,0,98919
66723,1,0,98920
66724,3,0,98923
66725,1,0,98924
66726,1,0,98925
66727,1,0,98926
66728,1,0,98927
66729,3,0,98930
66730,1,0,98931
66731,2,0,98933
66732,1,0,98934
66733,1,0,98935
66734,1,0,98936
66735,1,0,98937
66736,1,0,98938
66737,1,0,98939
66738,1,0,98940
66739,1,0,98941
66740,1,0,98942
66741,1,0,98943
66742,1,0,98944
66743,2,0,98946
66744,1,0,98947
66745,1,0,98948
66746,3,0,98951
66747,1,0,98952
66748,2,0,98954
66749,1,0,98955
66750,3,0,98958
66751,2,0,98960
66752,2,0,98962
66753,1,0,98963
66754,1,0,98964
66755,2,0,98966
66756,1,0,98967
66757,2,0,98969
66758,1,0,98970
66759,4,0,98974
66760,1,0,98975
66761,1,0,98976
66762,2,0,98978
66763,1,0,98979
66764,1,0,98980
66765,2,0,98982
66766,1,0,98983
66767,1,0,98984
66768,1,0,98985
66769,1,0,98986
66770,2,0,98988
66771,1,0,98989
66772,1,0,98990
66773,2,0,98992
66774,1,0,98993
66775,1,0,98994
66776,3,0,98997
66777,3,0,99000
66778,4,0,99004
66779,1,0,99005
66780,1,0,99006
66781,3,0,99009
66782,1,0,99010
66783,1,0,99011
66784,2,0,99013
66785,2,0,99015
66786,1,0,99016
66787,1,0,99017
66788,2,0,99019
66789,1,0,99020
66790,2,0,99022
66791,1,0,99023
66792,1,0,99024
66793,1,0,99025
66794,2,0,99027
66795,1,0,99028
66796,1,0,99029
66797,1,0,99030
66798,1,0,99031
66799,2,0,99033
66800,2,0,99035
66801,1,0,99036
66802,4,0,99040
66803,5,0,99045
66804,3,0,99048
66805,1,0,99049
66806,2,0,99051
66807,1,0,99052
66808,1,0,99053
66809,1,0,99054
66810,1,0,99055
66811,1,0,99056
66812,1,0,99057
66813,1,0,99058
66814,1,0,99059
66815,1,0,99060
66816,1,0,99061
66817,1,0,99062
66818,1,0,99063
66819,1,0,99064
66820,2,0,99066
66821,1,0,99067
66822,1,0,99068
66823,1,0,99069
66824,1,0,99070
66825,1,0,99071
66826,1,0,99072
66827,2,0,99074
66828,1,0,99075
66829,1,0,99076
66830,1,0,99077
66831,2,0,99079
66832,5,0,99084
66833,1,0,99085
66834,2,0,99087
66835,1,0,99088
66836,2,0,99090
66837,1,0,99091
66838,1,0,99092
66839,1,0,99093
66840,1,0,99094
66841,1,0,99095
66842,1,0,99096
66843,1,0,99097
66844,1,0,99098
66845,1,0,99099
66846,1,0,99100
66847,1,0,99101
66848,1,0,99102
66849,1,0,99103
66850,1,0,99104
66851,1,0,99105
66852,4,0,99109
66853,2,0,99111
66854,1,0,99112
66855,1,0,99113
66856,2,0,99115
66857,1,0,99116
66858,1,0,99117
66859,1,0,99118
66860,1,0,99119
66861,1,0,99120
66862,2,0,99122
66863,1,0,99123
66864,2,0,99125
66865,2,0,99127
66866,1,0,99128
66867,1,0,99129
66868,1,0,99130
66869,1,0,99131
66870,1,0,99132
66871,3,0,99135
66872,2,0,99137
66873,1,0,99138
66874,2,0,99140
66875,2,0,99142
66876,2,0,99144
66877,1,0,99145
66878,3,0,99148
66879,1,0,99149
66880,1,0,99150
66881,1,0,99151
66882,2,0,99153
66883,1,0,99154
66884,1,0,99155
66885,1,0,99156
66886,1,0,99157
66887,1,0,99158
66888,1,0,99159
66889,1,0,99160
66890,1,0,99161
66891,6,0,99167
66892,1,0,99168
66893,1,0,99169
66894,1,0,99170
66895,1,0,99171
66896,1,0,99172
66897,2,0,99174
66898,1,0,99175
66899,1,0,99176
66900,1,0,99177
66901,2,0,99179
66902,1,0,99180
66903,1,0,99181
66904,4,0,99185
66905,2,0,99187
66906,1,0,99188
66907,1,0,99189
66908,2,0,99191
66909,1,0,99192
66910,1,0,99193
66911,1,0,99194
66912,1,0,99195
66913,1,0,99196
66914,1,0,99197
66915,2,0,99199
66916,1,0,99200
66917,1,0,99201
66918,1,0,99202
66919,1,0,99203
66920,3,0,99206
66921,2,0,99208
66922,1,0,99209
66923,1,0,99210
66924,1,0,99211
66925,1,0,99212
66926,2,0,99214
66927,1,0,99215
66928,1,0,99216
66929,1,0,99217
66930,1,0,99218
66931,1,0,99219
66932,1,0,99220
66933,1,0,99221
66934,1,0,99222
66935,1,0,99223
66936,2,0,99225
66937,1,0,99226
66938,1,0,99227
66939,1,0,99228
66940,1,0,99229
66941,6,0,99235
66942,1,0,99236
66943,2,0,99238
66944,1,0,99239
66945,1,0,99240
66946,1,0,99241
66947,7,0,99248
66948,1,0,99249
66949,2,0,99251
66950,3,0,99254
66951,2,0,99256
66952,1,0,99257
66953,1,0,99258
66954,1,0,99259
66955,2,0,99261
66956,3,0,99264
66957,1,0,99265
66958,2,0,99267
66959,1,0,99268
66960,3,0,99271
66961,1,0,99272
66962,1,0,99273
66963,2,0,99275
66964,1,0,99276
66965,1,0,99277
66966,1,0,99278
66967,2,0,99280
66968,2,0,99282
66969,1,0,99283
66970,1,0,99284
66971,3,0,99287
66972,1,0,99288
66973,1,0,99289
66974,1,0,99290
66975,1,0,99291
66976,1,0,99292
66977,2,0,99294
66978,2,0,99296
66979,2,0,99298
66980,1,0,99299
66981,1,0,99300
66982,1,0,99301
66983,2,0,99303
66984,1,0,99304
66985,1,0,99305
66986,1,0,99306
66987,1,0,99307
66988,1,0,99308
66989,3,0,99311
66990,1,0,99312
66991,1,0,99313
66992,1,0,99314
66993,3,0,99317
66994,1,0,99318
66995,1,0,99319
66996,1,0,99320
66997,2,0,99322
66998,1,0,99323
66999,1,0,99324
67000,2,0,99326
67001,1,0,99327
67002,2,0,99329
67003,2,0,99331
67004,1,0,99332
67005,1,0,99333
67006,5,0,99338
67007,2,0,99340
67008,2,0,99342
67009,1,0,99343
67010,1,0,99344
67011,5,0,99349
67012,3,0,99352
67013,1,0,99353
67014,4,0,99357
67015,2,0,99359
67016,1,0,99360
67017,3,0,99363
67018,2,0,99365
67019,1,0,99366
67020,3,0,99369
67021,2,0,99371
67022,1,0,99372
67023,1,0,99373
67024,2,0,99375
67025,3,0,99378
67026,3,0,99381
67027,1,0,99382
67028,1,0,99383
67029,1,0,99384
67030,1,0,99385
67031,1,0,99386
67032,1,0,99387
67033,1,0,99388
67034,1,0,99389
67035,4,0,99393
67036,3,0,99396
67037,2,0,99398
67038,1,0,99399
67039,3,0,99402
67040,2,0,99404
67041,1,0,99405
67042,1,0,99406
67043,1,0,99407
67044,1,0,99408
67045,1,0,99409
67046,2,0,99411
67047,3,0,99414
67048,2,0,99416
67049,1,0,99417
67050,1,0,99418
67051,1,0,99419
67052,1,0,99420
67053,1,0,99421
67054,2,0,99423
67055,1,0,99424
67056,1,0,99425
67057,2,0,99427
67058,1,0,99428
67059,1,0,99429
67060,2,0,99431
67061,1,0,99432
67062,2,0,99434
67063,1,0,99435
67064,4,0,99439
67065,2,0,99441
67066,1,0,99442
67067,1,0,99443
67068,2,0,99445
67069,2,0,99447
67070,1,0,99448
67071,1,0,99449
67072,1,0,99450
67073,1,0,99451
67074,1,0,99452
67075,1,0,99453
67076,1,0,99454
67077,1,0,99455
67078,2,0,99457
67079,1,0,99458
67080,1,0,99459
67081,1,0,99460
67082,1,0,99461
67083,2,0,99463
67084,1,0,99464
67085,1,0,99465
67086,2,0,99467
67087,1,0,99468
67088,1,0,99469
67089,1,0,99470
67090,1,0,99471
67091,1,0,99472
67092,1,0,99473
67093,2,0,99475
67094,1,0,99476
67095,2,0,99478
67096,2,0,99480
67097,2,0,99482
67098,1,0,99483
67099,1,0,99484
67100,2,0,99486
67101,3,0,99489
67102,2,0,99491
67103,3,0,99494
67104,3,0,99497
67105,1,0,99498
67106,1,0,99499
67107,2,0,99501
67108,1,0,99502
67109,2,0,99504
67110,4,0,99508
67111,4,0,99512
67112,2,0,99514
67113,1,0,99515
67114,1,0,99516
67115,1,0,99517
67116,1,0,99518
67117,2,0,99520
67118,1,0,99521
67119,4,0,99525
67120,4,0,99529
67121,1,0,99530
67122,1,0,99531
67123,1,0,99532
67124,3,0,99535
67125,1,0,99536
67126,3,0,99539
67127,1,0,99540
67128,2,0,99542
67129,3,0,99545
67130,1,0,99546
67131,1,0,99547
67132,1,0,99548
67133,1,0,99549
67134,3,0,99552
67135,1,0,99553
67136,2,0,99555
67137,2,0,99557
67138,2,0,99559
67139,1,0,99560
67140,2,0,99562
67141,1,0,99563
67142,1,0,99564
67143,2,0,99566
67144,1,0,99567
67145,2,0,99569
67146,1,0,99570
67147,3,0,99573
67148,1,0,99574
67149,1,0,99575
67150,1,0,99576
67151,1,0,99577
67152,3,0,99580
67153,1,0,99581
67154,1,0,99582
67155,1,0,99583
67156,1,0,99584
67157,1,0,99585
67158,2,0,99587
67159,1,0,99588
67160,3,0,99591
67161,3,0,99594
67162,2,0,99596
67163,1,0,99597
67164,1,0,99598
67165,2,0,99600
67166,1,0,99601
67167,2,0,99603
67168,1,0,99604
67169,1,0,99605
67170,2,0,99607
67171,2,0,99609
67172,3,0,99612
67173,2,0,99614
67174,1,0,99615
67175,2,0,99617
67176,1,0,99618
67177,1,0,99619
67178,2,0,99621
67179,1,0,99622
67180,1,0,99623
67181,1,0,99624
67182,1,0,99625
67183,1,0,99626
67184,1,0,99627
67185,1,0,99628
67186,1,0,99629
67187,1,0,99630
67188,2,0,99632
67189,6,0,99638
67190,1,0,99639
67191,1,0,99640
67192,2,0,99642
67193,1,0,99643
67194,3,0,99646
67195,1,0,99647
67196,1,0,99648
67197,4,0,99652
67198,3,0,99655
67199,3,0,99658
67200,1,0,99659
67201,1,0,99660
67202,1,0,99661
67203,1,0,99662
67204,1,0,99663
67205,1,0,99664
67206,2,0,99666
67207,2,0,99668
67208,2,0,99670
67209,7,0,99677
67210,1,0,99678
67211,2,0,99680
67212,3,0,99683
67213,2,0,99685
67214,2,0,99687
67215,2,0,99689
67216,1,0,99690
67217,1,0,99691
67218,1,0,99692
67219,1,0,99693
67220,2,0,99695
67221,3,0,99698
67222,2,0,99700
67223,3,0,99703
67224,1,0,99704
67225,1,0,99705
67226,2,0,99707
67227,1,0,99708
67228,1,0,99709
67229,1,0,99710
67230,1,0,99711
67231,1,0,99712
67232,1,0,99713
67233,1,0,99714
67234,1,0,99715
67235,2,0,99717
67236,1,0,99718
67237,1,0,99719
67238,2,0,99721
67239,1,0,99722
67240,2,0,99724
67241,3,0,99727
67242,1,0,99728
67243,2,0,99730
67244,1,0,99731
67245,1,0,99732
67246,6,0,99738
67247,1,0,99739
67248,1,0,99740
67249,1,0,99741
67250,2,0,99743
67251,1,0,99744
67252,1,0,99745
67253,1,0,99746
67254,1,0,99747
67255,1,0,99748
67256,1,0,99749
67257,2,0,99751
67258,1,0,99752
67259,1,0,99753
67260,3,0,99756
67261,1,0,99757
67262,1,0,99758
67263,1,0,99759
67264,1,0,99760
67265,1,0,99761
67266,3,0,99764
67267,1,0,99765
67268,1,0,99766
67269,2,0,99768
67270,2,0,99770
67271,2,0,99772
67272,2,0,99774
67273,1,0,99775
67274,1,0,99776
67275,2,0,99778
67276,1,0,99779
67277,1,0,99780
67278,1,0,99781
67279,1,0,99782
67280,1,0,99783
67281,1,0,99784
67282,1,0,99785
67283,1,0,99786
67284,1,0,99787
67285,1,0,99788
67286,1,0,99789
67287,1,0,99790
67288,1,0,99791
67289,2,0,99793
67290,2,0,99795
67291,2,0,99797
67292,2,0,99799
67293,1,0,99800
67294,2,0,99802
67295,2,0,99804
67296,1,0,99805
67297,1,0,99806
67298,3,0,99809
67299,1,0,99810
67300,1,0,99811
67301,1,0,99812
67302,1,0,99813
67303,1,0,99814
67304,1,0,99815
67305,1,0,99816
67306,1,0,99817
67307,1,0,99818
67308,1,0,99819
67309,2,0,99821
67310,1,0,99822
67311,1,0,99823
67312,4,0,99827
67313,3,0,99830
67314,1,0,99831
67315,4,0,99835
67316,1,0,99836
67317,2,0,99838
67318,1,0,99839
67319,3,0,99842
67320,2,0,99844
67321,1,0,99845
67322,1,0,99846
67323,1,0,99847
67324,2,0,99849
67325,3,0,99852
67326,2,0,99854
67327,2,0,99856
67328,1,0,99857
67329,1,0,99858
67330,2,0,99860
67331,1,0,99861
67332,1,0,99862
67333,1,0,99863
67334,1,0,99864
67335,1,0,99865
67336,3,0,99868
67337,1,0,99869
67338,1,0,99870
67339,1,0,99871
67340,2,0,99873
67341,3,0,99876
67342,5,0,99881
67343,1,0,99882
67344,1,0,99883
67345,2,0,99885
67346,1,0,99886
67347,1,0,99887
67348,2,0,99889
67349,1,0,99890
67350,2,0,99892
67351,1,0,99893
67352,2,0,99895
67353,1,0,99896
67354,1,0,99897
67355,3,0,99900
67356,1,0,99901
67357,1,0,99902
67358,2,0,99904
67359,1,0,99905
67360,1,0,99906
67361,1,0,99907
67362,1,0,99908
67363,1,0,99909
67364,3,0,99912
67365,1,0,99913
67366,1,0,99914
67367,3,0,99917
67368,2,0,99919
67369,2,0,99921
67370,1,0,99922
67371,1,0,99923
67372,1,0,99924
67373,1,0,99925
67374,1,0,99926
67375,2,0,99928
67376,1,0,99929
67377,1,0,99930
67378,1,0,99931
67379,2,0,99933
67380,3,0,99936
67381,1,0,99937
67382,3,0,99940
67383,1,0,99941
67384,1,0,99942
67385,1,0,99943
67386,2,0,99945
67387,1,0,99946
67388,1,0,99947
67389,2,0,99949
67390,3,0,99952
67391,1,0,99953
67392,3,0,99956
67393,2,0,99958
67394,1,0,99959
67395,1,0,99960
67396,1,0,99961
67397,1,0,99962
67398,2,0,99964
67399,1,0,99965
67400,1,0,99966
67401,4,0,99970
67402,1,0,99971
67403,1,0,99972
67404,1,0,99973
67405,2,0,99975
67406,1,0,99976
67407,2,0,99978
67408,1,0,99979
67409,1,0,99980
67410,1,0,99981
67411,1,0,99982
67412,1,0,99983
67413,2,0,99985
67414,1,0,99986
67415,1,0,99987
67416,2,0,99989
67417,2,0,99991
67418,1,0,99992
67419,1,0,99993
67420,2,0,99995
67421,2,0,99997
67422,1,0,99998
67423,1,0,99999
67424,1,0,100000
67425,1,0,100001
67426,1,0,100002
67427,1,0,100003
67428,1,0,100004
67429,2,0,100006
67430,2,0,100008
67431,2,0,100010
67432,1,0,100011
67433,2,0,100013
67434,2,0,100015
67435,2,0,100017
67436,2,0,100019
67437,1,0,100020
67438,2,0,100022
67439,1,0,100023
67440,2,0,100025
67441,2,0,100027
67442,3,0,100030
67443,1,0,100031
67444,2,0,100033
67445,3,0,100036
67446,1,0,100037
67447,3,0,100040
67448,1,0,100041
67449,1,0,100042
67450,1,0,100043
67451,1,0,100044
67452,1,0,100045
67453,1,0,100046
67454,1,0,100047
67455,2,0,100049
67456,1,0,100050
67457,1,0,100051
67458,1,0,100052
67459,3,0,100055
67460,1,0,100056
67461,1,0,100057
67462,1,0,100058
67463,1,0,100059
67464,2,0,100061
67465,2,0,100063
67466,2,0,100065
67467,1,0,100066
67468,1,0,100067
67469,1,0,100068
67470,1,0,100069
67471,2,0,100071
67472,1,0,100072
67473,1,0,100073
67474,1,0,100074
67475,1,0,100075
67476,1,0,100076
67477,2,0,100078
67478,1,0,100079
67479,1,0,100080
67480,2,0,100082
67481,1,0,100083
67482,2,0,100085
67483,1,0,100086
67484,2,0,100088
67485,3,0,100091
67486,2,0,100093
67487,2,0,100095
67488,1,0,100096
67489,1,0,100097
67490,1,0,100098
67491,1,0,100099
67492,2,0,100101
67493,2,0,100103
67494,1,0,100104
67495,1,0,100105
67496,1,0,100106
67497,5,0,100111
67498,1,0,100112
67499,1,0,100113
67500,2,0,100115
67501,1,0,100116
67502,1,0,100117
67503,2,0,100119
67504,1,0,100120
67505,1,0,100121
67506,1,0,100122
67507,1,0,100123
67508,1,0,100124
67509,1,0,100125
67510,1,0,100126
67511,1,0,100127
67512,1,0,100128
67513,7,0,100135
67514,2,0,100137
67515,2,0,100139
67516,1,0,100140
67517,1,0,100141
67518,1,0,100142
67519,1,0,100143
67520,2,0,100145
67521,1,0,100146
67522,1,0,100147
67523,1,0,100148
67524,1,0,100149
67525,4,0,100153
67526,2,0,100155
67527,1,0,100156
67528,1,0,100157
67529,3,0,100160
67530,1,0,100161
67531,2,0,100163
67532,1,0,100164
67533,3,0,100167
67534,2,0,100169
67535,2,0,100171
67536,4,0,100175
67537,1,0,100176
67538,3,0,100179
67539,1,0,100180
67540,2,0,100182
67541,1,0,100183
67542,1,0,100184
67543,2,0,100186
67544,1,0,100187
67545,1,0,100188
67546,2,0,100190
67547,1,0,100191
67548,1,0,100192
67549,2,0,100194
67550,1,0,100195
67551,1,0,100196
67552,1,0,100197
67553,1,0,100198
67554,1,0,100199
67555,1,0,100200
67556,1,0,100201
67557,1,0,100202
67558,1,0,100203
67559,2,0,100205
67560,1,0,100206
67561,4,0,100210
67562,1,0,100211
67563,1,0,100212
67564,1,0,100213
67565,2,0,100215
67566,1,0,100216
67567,1,0,100217
67568,1,0,100218
67569,1,0,100219
67570,1,0,100220
67571,2,0,100222
67572,1,0,100223
67573,2,0,100225
67574,1,0,100226
67575,2,0,100228
67576,1,0,100229
67577,3,0,100232
67578,2,0,100234
67579,1,0,100235
67580,1,0,100236
67581,1,0,100237
67582,2,0,100239
67583,2,0,100241
67584,1,0,100242
67585,1,0,100243
67586,1,0,100244
67587,1,0,100245
67588,1,0,100246
67589,1,0,100247
67590,2,0,100249
67591,1,0,100250
67592,1,0,100251
67593,1,0,100252
67594,3,0,100255
67595,1,0,100256
67596,1,0,100257
67597,2,0,100259
67598,1,0,100260
67599,1,0,100261
67600,1,0,100262
67601,4,0,100266
67602,4,0,100270
67603,1,0,100271
67604,2,0,100273
67605,1,0,100274
67606,1,0,100275
67607,2,0,100277
67608,2,0,100279
67609,1,0,100280
67610,1,0,100281
67611,1,0,100282
67612,1,0,100283
67613,1,0,100284
67614,1,0,100285
67615,1,0,100286
67616,1,0,100287
67617,2,0,100289
67618,2,0,100291
67619,2,0,100293
67620,1,0,100294
67621,2,0,100296
67622,2,0,100298
67623,2,0,100300
67624,2,0,100302
67625,1,0,100303
67626,1,0,100304
67627,2,0,100306
67628,1,0,100307
67629,2,0,100309
67630,2,0,100311
67631,2,0,100313
67632,3,0,100316
67633,1,0,100317
67634,2,0,100319
67635,1,0,100320
67636,1,0,100321
67637,1,0,100322
67638,1,0,100323
67639,1,0,100324
67640,1,0,100325
67641,3,0,100328
67642,1,0,100329
67643,3,0,100332
67644,1,0,100333
67645,1,0,100334
67646,2,0,100336
67647,3,0,100339
67648,1,0,100340
67649,3,0,100343
67650,2,0,100345
67651,1,0,100346
67652,2,0,100348
67653,1,0,100349
67654,1,0,100350
67655,3,0,100353
67656,2,0,100355
67657,1,0,100356
67658,1,0,100357
67659,1,0,100358
67660,1,0,100359
67661,2,0,100361
67662,1,0,100362
67663,1,0,100363
67664,1,0,100364
67665,1,0,100365
67666,1,0,100366
67667,3,0,100369
67668,1,0,100370
67669,1,0,100371
67670,1,0,100372
67671,1,0,100373
67672,1,0,100374
67673,1,0,100375
67674,1,0,100376
67675,1,0,100377
67676,1,0,100378
67677,3,0,100381
67678,1,0,100382
67679,1,0,100383
67680,1,0,100384
67681,1,0,100385
67682,3,0,100388
67683,1,0,100389
67684,1,0,100390
67685,1,0,100391
67686,1,0,100392
67687,1,0,100393
67688,2,0,100395
67689,1,0,100396
67690,1,0,100397
67691,1,0,100398
67692,1,0,100399
67693,2,0,100401
67694,3,0,100404
67695,2,0,100406
67696,3,0,100409
67697,1,0,100410
67698,1,0,100411
67699,4,0,100415
67700,1,0,100416
67701,1,0,100417
67702,1,0,100418
67703,1,0,100419
67704,1,0,100420
67705,2,0,100422
67706,2,0,100424
67707,1,0,100425
67708,3,0,100428
67709,4,0,100432
67710,2,0,100434
67711,1,0,100435
67712,1,0,100436
67713,3,0,100439
67714,1,0,100440
67715,2,0,100442
67716,2,0,100444
67717,1,0,100445
67718,1,0,100446
67719,1,0,100447
67720,2,0,100449
67721,2,0,100451
67722,1,0,100452
67723,1,0,100453
67724,1,0,100454
67725,1,0,100455
67726,1,0,100456
67727,1,0,100457
67728,1,0,100458
67729,1,0,100459
67730,4,0,100463
67731,2,0,100465
67732,2,0,100467
67733,2,0,100469
67734,3,0,100472
67735,1,0,100473
67736,1,0,100474
67737,1,0,100475
67738,1,0,100476
67739,1,0,100477
67740,1,0,100478
67741,1,0,100479
67742,1,0,100480
67743,1,0,100481
67744,1,0,100482
67745,1,0,100483
67746,1,0,100484
67747,1,0,100485
67748,1,0,100486
67749,1,0,100487
67750,2,0,100489
67751,1,0,100490
67752,1,0,100491
67753,3,0,100494
67754,1,0,100495
67755,1,0,100496
67756,1,0,100497
67757,1,0,100498
67758,1,0,100499
67759,2,0,100501
67760,1,0,100502
67761,1,0,100503
67762,1,0,100504
67763,3,0,100507
67764,1,0,100508
67765,2,0,100510
67766,2,0,100512
67767,3,0,100515
67768,2,0,100517
67769,1,0,100518
67770,1,0,100519
67771,2,0,100521
67772,1,0,100522
67773,1,0,100523
67774,2,0,100525
67775,1,0,100526
67776,1,0,100527
67777,3,0,100530
67778,3,0,100533
67779,1,0,100534
67780,1,0,100535
67781,2,0,100537
67782,1,0,100538
67783,1,0,100539
67784,2,0,100541
67785,2,0,100543
67786,1,0,100544
67787,1,0,100545
67788,1,0,100546
67789,4,0,100550
67790,1,0,100551
67791,1,0,100552
67792,1,0,100553
67793,2,0,100555
67794,1,0,100556
67795,2,0,100558
67796,1,0,100559
67797,1,0,100560
67798,1,0,100561
67799,1,0,100562
67800,2,0,100564
67801,1,0,100565
67802,2,0,100567
67803,1,0,100568
67804,1,0,100569
67805,1,0,100570
67806,5,0,100575
67807,3,0,100578
67808,1,0,100579
67809,1,0,100580
67810,4,0,100584
67811,2,0,100586
67812,2,0,100588
67813,3,0,100591
67814,2,0,100593
67815,1,0,100594
67816,1,0,100595
67817,2,0,100597
67818,1,0,100598
67819,2,0,100600
67820,2,0,100602
67821,1,0,100603
67822,1,0,100604
67823,3,0,100607
67824,1,0,100608
67825,1,0,100609
67826,1,0,100610
67827,1,0,100611
67828,2,0,100613
67829,1,0,100614
67830,1,0,100615
67831,1,0,100616
67832,1,0,100617
67833,2,0,100619
67834,2,0,100621
67835,1,0,100622
67836,1,0,100623
67837,1,0,100624
67838,1,0,100625
67839,1,0,100626
67840,1,0,100627
67841,1,0,100628
67842,2,0,100630
67843,1,0,100631
67844,1,0,100632
67845,2,0,100634
67846,1,0,100635
67847,2,0,100637
67848,2,0,100639
67849,2,0,100641
67850,1,0,100642
67851,1,0,100643
67852,1,0,100644
67853,1,0,100645
67854,1,0,100646
67855,1,0,100647
67856,1,0,100648
67857,1,0,100649
67858,2,0,100651
67859,2,0,100653
67860,1,0,100654
67861,2,0,100656
67862,1,0,100657
67863,3,0,100660
67864,1,0,100661
67865,2,0,100663
67866,1,0,100664
67867,3,0,100667
67868,2,0,100669
67869,1,0,100670
67870,1,0,100671
67871,1,0,100672
67872,1,0,100673
67873,1,0,100674
67874,4,0,100678
67875,1,0,100679
67876,1,0,100680
67877,1,0,100681
67878,1,0,100682
67879,1,0,100683
67880,3,0,100686
67881,1,0,100687
67882,1,0,100688
67883,1,0,100689
67884,1,0,100690
67885,1,0,100691
67886,1,0,100692
67887,2,0,100694
67888,1,0,100695
67889,1,0,100696
67890,1,0,100697
67891,4,0,100701
67892,2,0,100703
67893,2,0,100705
67894,4,0,100709
67895,2,0,100711
67896,2,0,100713
67897,4,0,100717
67898,1,0,100718
67899,1,0,100719
67900,1,0,100720
67901,2,0,100722
67902,1,0,100723
67903,2,0,100725
67904,1,0,100726
67905,1,0,100727
67906,2,0,100729
67907,2,0,100731
67908,1,0,100732
67909,1,0,100733
67910,2,0,100735
67911,1,0,100736
67912,1,0,100737
67913,1,0,100738
67914,2,0,100740
67915,2,0,100742
67916,3,0,100745
67917,1,0,100746
67918,2,0,100748
67919,1,0,100749
67920,2,0,100751
67921,1,0,100752
67922,1,0,100753
67923,3,0,100756
67924,1,0,100757
67925,3,0,100760
67926,4,0,100764
67927,2,0,100766
67928,2,0,100768
67929,2,0,100770
67930,1,0,100771
67931,1,0,100772
67932,2,0,100774
67933,1,0,100775
67934,1,0,100776
67935,1,0,100777
67936,2,0,100779
67937,1,0,100780
67938,2,0,100782
67939,2,0,100784
67940,1,0,100785
67941,1,0,100786
67942,1,0,100787
67943,1,0,100788
67944,1,0,100789
67945,2,0,100791
67946,2,0,100793
67947,2,0,100795
67948,1,0,100796
67949,1,0,100797
67950,1,0,100798
67951,1,0,100799
67952,1,0,100800
67953,1,0,100801
67954,1,0,100802
67955,5,0,100807
67956,1,0,100808
67957,1,0,100809
67958,5,0,100814
67959,1,0,100815
67960,1,0,100816
67961,1,0,100817
67962,1,0,100818
67963,1,0,100819
67964,3,0,100822
67965,2,0,100824
67966,1,0,100825
67967,1,0,100826
67968,4,0,100830
67969,1,0,100831
67970,1,0,100832
67971,1,0,100833
67972,1,0,100834
67973,2,0,100836
67974,1,0,100837
67975,1,0,100838
67976,1,0,100839
67977,2,0,100841
67978,1,0,100842
67979,3,0,100845
67980,1,0,100846
67981,1,0,100847
67982,1,0,100848
67983,2,0,100850
67984,2,0,100852
67985,1,0,100853
67986,1,0,100854
67987,1,0,100855
67988,1,0,100856
67989,1,0,100857
67990,1,0,100858
67991,1,0,100859
67992,1,0,100860
67993,2,0,100862
67994,2,0,100864
67995,1,0,100865
67996,1,0,100866
67997,1,0,100867
67998,3,0,100870
67999,2,0,100872
68000,1,0,100873
68001,1,0,100874
68002,2,0,100876
68003,1,0,100877
68004,2,0,100879
68005,1,0,100880
68006,2,0,100882
68007,2,0,100884
68008,1,0,100885
68009,1,0,100886
68010,2,0,100888
68011,1,0,100889
68012,1,0,100890
68013,1,0,100891
68014,1,0,100892
68015,3,0,100895
68016,3,0,100898
68017,1,0,100899
68018,2,0,100901
68019,2,0,100903
68020,8,0,100911
68021,1,0,100912
68022,2,0,100914
68023,1,0,100915
68024,1,0,100916
68025,1,0,100917
68026,1,0,100918
68027,2,0,100920
68028,1,0,100921
68029,3,0,100924
68030,1,0,100925
68031,2,0,100927
68032,1,0,100928
68033,3,0,100931
68034,3,0,100934
68035,1,0,100935
68036,1,0,100936
68037,1,0,100937
68038,2,0,100939
68039,4,0,100943
68040,2,0,100945
68041,1,0,100946
68042,1,0,100947
68043,1,0,100948
68044,1,0,100949
68045,2,0,100951
68046,4,0,100955
68047,1,0,100956
68048,1,0,100957
68049,1,0,100958
68050,1,0,100959
68051,1,0,100960
68052,1,0,100961
68053,1,0,100962
68054,1,0,100963
68055,1,0,100964
68056,1,0,100965
68057,1,0,100966
68058,1,0,100967
68059,1,0,100968
68060,1,0,100969
68061,1,0,100970
68062,2,0,100972
68063,1,0,100973
68064,1,0,100974
68065,1,0,100975
68066,1,0,100976
68067,1,0,100977
68068,1,0,100978
68069,1,0,100979
68070,1,0,100980
68071,1,0,100981
68072,2,0,100983
68073,1,0,100984
68074,3,0,100987
68075,2,0,100989
68076,1,0,100990
68077,1,0,100991
68078,2,0,100993
68079,2,0,100995
68080,2,0,100997
68081,1,0,100998
68082,1,0,100999
68083,1,0,101000
68084,1,0,101001
68085,1,0,101002
68086,2,0,101004
68087,1,0,101005
68088,1,0,101006
68089,1,0,101007
68090,3,0,101010
68091,1,0,101011
68092,1,0,101012
68093,1,0,101013
68094,2,0,101015
68095,1,0,101016
68096,1,0,101017
68097,5,0,101022
68098,2,0,101024
68099,3,0,101027
68100,2,0,101029
68101,2,0,101031
68102,1,0,101032
68103,1,0,101033
68104,3,0,101036
68105,2,0,101038
68106,2,0,101040
68107,1,0,101041
68108,3,0,101044
68109,1,0,101045
68110,1,0,101046
68111,1,0,101047
68112,1,0,101048
68113,1,0,101049
68114,1,0,101050
68115,2,0,101052
68116,2,0,101054
68117,1,0,101055
68118,3,0,101058
68119,1,0,101059
68120,2,0,101061
68121,1,0,101062
68122,1,0,101063
68123,1,0,101064
68124,1,0,101065
68125,1,0,101066
68126,1,0,101067
68127,4,0,101071
68128,2,0,101073
68129,2,0,101075
68130,2,0,101077
68131,1,0,101078
68132,2,0,101080
68133,1,0,101081
68134,1,0,101082
68135,1,0,101083
68136,1,0,101084
68137,3,0,101087
68138,1,0,101088
68139,2,0,101090
68140,2,0,101092
68141,1,0,101093
68142,1,0,101094
68143,1,0,101095
68144,1,0,101096
68145,1,0,101097
68146,2,0,101099
68147,1,0,101100
68148,1,0,101101
68149,1,0,101102
68150,2,0,101104
68151,1,0,101105
68152,3,0,101108
68153,7,0,101115
68154,1,0,101116
68155,3,0,101119
68156,1,0,101120
68157,3,0,101123
68158,1,0,101124
68159,2,0,101126
68160,1,0,101127
68161,1,0,101128
68162,1,0,101129
68163,1,0,101130
68164,1,0,101131
68165,1,0,101132
68166,1,0,101133
68167,1,0,101134
68168,3,0,101137
68169,3,0,101140
68170,5,0,101145
68171,1,0,101146
68172,2,0,101148
68173,1,0,101149
68174,1,0,101150
68175,3,0,101153
68176,2,0,101155
68177,4,0,101159
68178,1,0,101160
68179,1,0,101161
68180,1,0,101162
68181,1,0,101163
68182,2,0,101165
68183,3,0,101168
68184,1,0,101169
68185,3,0,101172
68186,1,0,101173
68187,1,0,101174
68188,1,0,101175
68189,2,0,101177
68190,1,0,101178
68191,1,0,101179
68192,4,0,101183
68193,2,0,101185
68194,2,0,101187
68195,1,0,101188
68196,1,0,101189
68197,1,0,101190
68198,4,0,101194
68199,2,0,101196
68200,1,0,101197
68201,2,0,101199
68202,2,0,101201
68203,2,0,101203
68204,2,0,101205
68205,2,0,101207
68206,1,0,101208
68207,1,0,101209
68208,1,0,101210
68209,1,0,101211
68210,1,0,101212
68211,1,0,101213
68212,2,0,101215
68213,5,0,101220
68214,2,0,101222
68215,1,0,101223
68216,2,0,101225
68217,1,0,101226
68218,3,0,101229
68219,1,0,101230
68220,1,0,101231
68221,2,0,101233
68222,2,0,101235
68223,1,0,101236
68224,1,0,101237
68225,1,0,101238
68226,1,0,101239
68227,1,0,101240
68228,1,0,101241
68229,1,0,101242
68230,2,0,101244
68231,1,0,101245
68232,1,0,101246
68233,1,0,101247
68234,1,0,101248
68235,1,0,101249
68236,4,0,101253
68237,1,0,101254
68238,1,0,101255
68239,1,0,101256
68240,2,0,101258
68241,2,0,101260
68242,1,0,101261
68243,1,0,101262
68244,1,0,101263
68245,2,0,101265
68246,2,0,101267
68247,1,0,101268
68248,1,0,101269
68249,4,0,101273
68250,2,0,101275
68251,1,0,101276
68252,1,0,101277
68253,1,0,101278
68254,2,0,101280
68255,1,0,101281
68256,1,0,101282
68257,1,0,101283
68258,1,0,101284
68259,2,0,101286
68260,1,0,101287
68261,1,0,101288
68262,3,0,101291
68263,1,0,101292
68264,1,0,101293
68265,1,0,101294
68266,3,0,101297
68267,1,0,101298
68268,1,0,101299
68269,2,0,101301
68270,2,0,101303
68271,1,0,101304
68272,1,0,101305
68273,1,0,101306
68274,2,0,101308
68275,1,0,101309
68276,4,0,101313
68277,1,0,101314
68278,1,0,101315
68279,1,0,101316
68280,1,0,101317
68281,1,0,101318
68282,1,0,101319
68283,1,0,101320
68284,1,0,101321
68285,2,0,101323
68286,4,0,101327
68287,2,0,101329
68288,1,0,101330
68289,3,0,101333
68290,1,0,101334
68291,3,0,101337
68292,1,0,101338
68293,1,0,101339
68294,1,0,101340
68295,3,0,101343
68296,1,0,101344
68297,1,0,101345
68298,2,0,101347
68299,1,0,101348
68300,1,0,101349
68301,1,0,101350
68302,1,0,101351
68303,3,0,101354
68304,1,0,101355
68305,3,0,101358
68306,1,0,101359
68307,3,0,101362
68308,1,0,101363
68309,2,0,101365
68310,1,0,101366
68311,1,0,101367
68312,1,0,101368
68313,1,0,101369
68314,1,0,101370
68315,1,0,101371
68316,1,0,101372
68317,2,0,101374
68318,1,0,101375
68319,3,0,101378
68320,1,0,101379
68321,1,0,101380
68322,1,0,101381
68323,2,0,101383
68324,1,0,101384
68325,2,0,101386
68326,2,0,101388
68327,1,0,101389
68328,1,0,101390
68329,2,0,101392
68330,2,0,101394
68331,1,0,101395
68332,1,0,101396
68333,2,0,101398
68334,2,0,101400
68335,2,0,101402
68336,1,0,101403
68337,1,0,101404
68338,1,0,101405
68339,1,0,101406
68340,1,0,101407
68341,4,0,101411
68342,1,0,101412
68343,1,0,101413
68344,2,0,101415
68345,1,0,101416
68346,5,0,101421
68347,2,0,101423
68348,1,0,101424
68349,1,0,101425
68350,1,0,101426
68351,2,0,101428
68352,3,0,101431
68353,1,0,101432
68354,2,0,101434
68355,2,0,101436
68356,1,0,101437
68357,3,0,101440
68358,1,0,101441
68359,2,0,101443
68360,1,0,101444
68361,1,0,101445
68362,2,0,101447
68363,2,0,101449
68364,2,0,101451
68365,2,0,101453
68366,1,0,101454
68367,1,0,101455
68368,1,0,101456
68369,3,0,101459
68370,1,0,101460
68371,1,0,101461
68372,1,0,101462
68373,2,0,101464
68374,2,0,101466
68375,1,0,101467
68376,1,0,101468
68377,2,0,101470
68378,1,0,101471
68379,1,0,101472
68380,1,0,101473
68381,1,0,101474
68382,2,0,101476
68383,1,0,101477
68384,1,0,101478
68385,1,0,101479
68386,3,0,101482
68387,1,0,101483
68388,1,0,101484
68389,2,0,101486
68390,1,0,101487
68391,1,0,101488
68392,3,0,101491
68393,1,0,101492
68394,1,0,101493
68395,2,0,101495
68396,1,0,101496
68397,2,0,101498
68398,1,0,101499
68399,3,0,101502
68400,1,0,101503
68401,3,0,101506
68402,5,0,101511
68403,2,0,101513
68404,1,0,101514
68405,1,0,101515
68406,3,0,101518
68407,1,0,101519
68408,1,0,101520
68409,1,0,101521
68410,1,0,101522
68411,2,0,101524
68412,1,0,101525
68413,1,0,101526
68414,2,0,101528
68415,1,0,101529
68416,1,0,101530
68417,2,0,101532
68418,1,0,101533
68419,2,0,101535
68420,1,0,101536
68421,1,0,101537
68422,1,0,101538
68423,3,0,101541
68424,1,0,101542
68425,1,0,101543
68426,1,0,101544
68427,3,0,101547
68428,3,0,101550
68429,1,0,101551
68430,1,0,101552
68431,2,0,101554
68432,1,0,101555
68433,1,0,101556
68434,2,0,101558
68435,2,0,101560
68436,3,0,101563
68437,2,0,101565
68438,3,0,101568
68439,1,0,101569
68440,2,0,101571
68441,1,0,101572
68442,3,0,101575
68443,3,0,101578
68444,1,0,101579
68445,1,0,101580
68446,1,0,101581
68447,2,0,101583
68448,1,0,101584
68449,5,0,101589
68450,3,0,101592
68451,2,0,101594
68452,1,0,101595
68453,1,0,101596
68454,2,0,101598
68455,1,0,101599
68456,3,0,101602
68457,1,0,101603
68458,1,0,101604
68459,1,0,101605
68460,2,0,101607
68461,1,0,101608
68462,2,0,101610
68463,1,0,101611
68464,2,0,101613
68465,1,0,101614
68466,1,0,101615
68467,1,0,101616
68468,1,0,101617
68469,1,0,101618
68470,1,0,101619
68471,1,0,101620
68472,3,0,101623
68473,1,0,101624
68474,1,0,101625
68475,3,0,101628
68476,1,0,101629
68477,1,0,101630
68478,1,0,101631
68479,1,0,101632
68480,1,0,101633
68481,1,0,101634
68482,2,0,101636
68483,2,0,101638
68484,1,0,101639
68485,1,0,101640
68486,1,0,101641
68487,1,0,101642
68488,1,0,101643
68489,1,0,101644
68490,3,0,101647
68491,1,0,101648
68492,2,0,101650
68493,2,0,101652
68494,1,0,101653
68495,3,0,101656
68496,1,0,101657
68497,1,0,101658
68498,1,0,101659
68499,1,0,101660
68500,2,0,101662
68501,1,0,101663
68502,3,0,101666
68503,2,0,101668
68504,1,0,101669
68505,1,0,101670
68506,1,0,101671
68507,2,0,101673
68508,1,0,101674
68509,1,0,101675
68510,1,0,101676
68511,1,0,101677
68512,1,0,101678
68513,1,0,101679
68514,1,0,101680
68515,1,0,101681
68516,1,0,101682
68517,2,0,101684
68518,2,0,101686
68519,1,0,101687
68520,1,0,101688
68521,1,0,101689
68522,1,0,101690
68523,2,0,101692
68524,3,0,101695
68525,2,0,101697
68526,1,0,101698
68527,1,0,101699
68528,2,0,101701
68529,1,0,101702
68530,2,0,101704
68531,2,0,101706
68532,1,0,101707
68533,1,0,101708
68534,2,0,101710
68535,2,0,101712
68536,1,0,101713
68537,2,0,101715
68538,2,0,101717
68539,1,0,101718
68540,1,0,101719
68541,4,0,101723
68542,1,0,101724
68543,2,0,101726
68544,1,0,101727
68545,2,0,101729
68546,1,0,101730
68547,1,0,101731
68548,1,0,101732
68549,1,0,101733
68550,2,0,101735
68551,1,0,101736
68552,1,0,101737
68553,1,0,101738
68554,1,0,101739
68555,1,0,101740
68556,1,0,101741
68557,1,0,101742
68558,1,0,101743
68559,1,0,101744
68560,1,0,101745
68561,3,0,101748
68562,1,0,101749
68563,2,0,101751
68564,3,0,101754
68565,1,0,101755
68566,2,0,101757
68567,1,0,101758
68568,1,0,101759
68569,3,0,101762
68570,1,0,101763
68571,1,0,101764
68572,1,0,101765
68573,1,0,101766
68574,1,0,101767
68575,1,0,101768
68576,1,0,101769
68577,1,0,101770
68578,3,0,101773
68579,2,0,101775
68580,2,0,101777
68581,1,0,101778
68582,2,0,101780
68583,1,0,101781
68584,2,0,101783
68585,1,0,101784
68586,1,0,101785
68587,1,0,101786
68588,1,0,101787
68589,2,0,101789
68590,1,0,101790
68591,3,0,101793
68592,2,0,101795
68593,2,0,101797
68594,2,0,101799
68595,1,0,101800
68596,1,0,101801
68597,1,0,101802
68598,1,0,101803
68599,1,0,101804
68600,1,0,101805
68601,2,0,101807
68602,1,0,101808
68603,1,0,101809
68604,2,0,101811
68605,1,0,101812
68606,2,0,101814
68607,1,0,101815
68608,1,0,101816
68609,1,0,101817
68610,1,0,101818
68611,3,0,101821
68612,1,0,101822
68613,1,0,101823
68614,1,0,101824
68615,2,0,101826
68616,4,0,101830
68617,1,0,101831
68618,2,0,101833
68619,2,0,101835
68620,2,0,101837
68621,2,0,101839
68622,1,0,101840
68623,1,0,101841
68624,2,0,101843
68625,1,0,101844
68626,1,0,101845
68627,1,0,101846
68628,2,0,101848
68629,1,0,101849
68630,1,0,101850
68631,1,0,101851
68632,1,0,101852
68633,1,0,101853
68634,1,0,101854
68635,1,0,101855
68636,2,0,101857
68637,2,0,101859
68638,3,0,101862
68639,1,0,101863
68640,1,0,101864
68641,1,0,101865
68642,2,0,101867
68643,1,0,101868
68644,2,0,101870
68645,1,0,101871
68646,1,0,101872
68647,2,0,101874
68648,2,0,101876
68649,2,0,101878
68650,2,0,101880
68651,1,0,101881
68652,1,0,101882
68653,1,0,101883
68654,1,0,101884
68655,1,0,101885
68656,1,0,101886
68657,1,0,101887
68658,2,0,101889
68659,1,0,101890
68660,1,0,101891
68661,1,0,101892
68662,4,0,101896
68663,1,0,101897
68664,1,0,101898
68665,2,0,101900
68666,1,0,101901
68667,1,0,101902
68668,1,0,101903
68669,1,0,101904
68670,3,0,101907
68671,2,0,101909
68672,1,0,101910
68673,2,0,101912
68674,1,0,101913
68675,3,0,101916
68676,1,0,101917
68677,3,0,101920
68678,1,0,101921
68679,1,0,101922
68680,2,0,101924
68681,1,0,101925
68682,1,0,101926
68683,1,0,101927
68684,1,0,101928
68685,1,0,101929
68686,3,0,101932
68687,1,0,101933
68688,2,0,101935
68689,1,0,101936
68690,2,0,101938
68691,2,0,101940
68692,1,0,101941
68693,1,0,101942
68694,1,0,101943
68695,2,0,101945
68696,1,0,101946
68697,1,0,101947
68698,1,0,101948
68699,1,0,101949
68700,2,0,101951
68701,1,0,101952
68702,1,0,101953
68703,1,0,101954
68704,2,0,101956
68705,1,0,101957
68706,1,0,101958
68707,1,0,101959
68708,1,0,101960
68709,2,0,101962
68710,1,0,101963
68711,1,0,101964
68712,2,0,101966
68713,4,0,101970
68714,5,0,101975
68715,1,0,101976
68716,3,0,101979
68717,1,0,101980
68718,1,0,101981
68719,1,0,101982
68720,1,0,101983
68721,2,0,101985
68722,2,0,101987
68723,6,0,101993
68724,1,0,101994
68725,1,0,101995
68726,1,0,101996
68727,2,0,101998
68728,1,0,101999
68729,2,0,102001
68730,2,0,102003
68731,2,0,102005
68732,1,0,102006
68733,1,0,102007
68734,1,0,102008
68735,1,0,102009
68736,2,0,102011
68737,1,0,102012
68738,1,0,102013
68739,5,0,102018
68740,1,0,102019
68741,1,0,102020
68742,1,0,102021
68743,2,0,102023
68744,2,0,102025
68745,1,0,102026
68746,2,0,102028
68747,1,0,102029
68748,2,0,102031
68749,3,0,102034
68750,2,0,102036
68751,2,0,102038
68752,1,0,102039
68753,4,0,102043
68754,4,0,102047
68755,1,0,102048
68756,2,0,102050
68757,2,0,102052
68758,1,0,102053
68759,2,0,102055
68760,1,0,102056
68761,3,0,102059
68762,1,0,102060
68763,1,0,102061
68764,1,0,102062
68765,3,0,102065
68766,3,0,102068
68767,1,0,102069
68768,1,0,102070
68769,1,0,102071
68770,1,0,102072
68771,1,0,102073
68772,1,0,102074
68773,3,0,102077
68774,1,0,102078
68775,1,0,102079
68776,1,0,102080
68777,2,0,102082
68778,1,0,102083
68779,1,0,102084
68780,1,0,102085
68781,1,0,102086
68782,1,0,102087
68783,1,0,102088
68784,1,0,102089
68785,2,0,102091
68786,1,0,102092
68787,3,0,102095
68788,2,0,102097
68789,1,0,102098
68790,3,0,102101
68791,1,0,102102
68792,1,0,102103
68793,2,0,102105
68794,2,0,102107
68795,1,0,102108
68796,2,0,102110
68797,2,0,102112
68798,3,0,102115
68799,1,0,102116
68800,2,0,102118
68801,1,0,102119
68802,1,0,102120
68803,1,0,102121
68804,1,0,102122
68805,2,0,102124
68806,2,0,102126
68807,2,0,102128
68808,2,0,102130
68809,1,0,102131
68810,1,0,102132
68811,2,0,102134
68812,1,0,102135
68813,1,0,102136
68814,2,0,102138
68815,1,0,102139
68816,1,0,102140
68817,1,0,102141
68818,1,0,102142
68819,1,0,102143
68820,1,0,102144
68821,1,0,102145
68822,2,0,102147
68823,1,0,102148
68824,2,0,102150
68825,2,0,102152
68826,3,0,102155
68827,1,0,102156
68828,1,0,102157
68829,1,0,102158
68830,1,0,102159
68831,1,0,102160
68832,2,0,102162
68833,1,0,102163
68834,2,0,102165
68835,1,0,102166
68836,1,0,102167
68837,2,0,102169
68838,2,0,102171
68839,1,0,102172
68840,3,0,102175
68841,2,0,102177
68842,1,0,102178
68843,1,0,102179
68844,2,0,102181
68845,1,0,102182
68846,1,0,102183
68847,2,0,102185
68848,2,0,102187
68849,1,0,102188
68850,1,0,102189
68851,1,0,102190
68852,1,0,102191
68853,4,0,102195
68854,1,0,102196
68855,1,0,102197
68856,2,0,102199
68857,1,0,102200
68858,1,0,102201
68859,1,0,102202
68860,2,0,102204
68861,4,0,102208
68862,1,0,102209
68863,2,0,102211
68864,1,0,102212
68865,1,0,102213
68866,1,0,102214
68867,1,0,102215
68868,1,0,102216
68869,1,0,102217
68870,1,0,102218
68871,1,0,102219
68872,1,0,102220
68873,1,0,102221
68874,1,0,102222
68875,1,0,102223
68876,1,0,102224
68877,1,0,102225
68878,1,0,102226
68879,2,0,102228
68880,1,0,102229
68881,2,0,102231
68882,1,0,102232
68883,1,0,102233
68884,2,0,102235
68885,1,0,102236
68886,2,0,102238
68887,2,0,102240
68888,1,0,102241
68889,1,0,102242
68890,3,0,102245
68891,1,0,102246
68892,1,0,102247
68893,2,0,102249
68894,1,0,102250
68895,1,0,102251
68896,1,0,102252
68897,1,0,102253
68898,1,0,102254
68899,1,0,102255
68900,1,0,102256
68901,2,0,102258
68902,2,0,102260
68903,1,0,102261
68904,3,0,102264
68905,1,0,102265
68906,2,0,102267
68907,1,0,102268
68908,1,0,102269
68909,2,0,102271
68910,1,0,102272
68911,2,0,102274
68912,1,0,102275
68913,1,0,102276
68914,1,0,102277
68915,1,0,102278
68916,1,0,102279
68917,1,0,102280
68918,1,0,102281
68919,1,0,102282
68920,1,0,102283
68921,1,0,102284
68922,2,0,102286
68923,1,0,102287
68924,1,0,102288
68925,1,0,102289
68926,2,0,102291
68927,2,0,102293
68928,1,0,102294
68929,1,0,102295
68930,2,0,102297
68931,1,0,102298
68932,3,0,102301
68933,1,0,102302
68934,1,0,102303
68935,1,0,102304
68936,3,0,102307
68937,2,0,102309
68938,1,0,102310
68939,1,0,102311
68940,1,0,102312
68941,3,0,102315
68942,2,0,102317
68943,1,0,102318
68944,1,0,102319
68945,1,0,102320
68946,3,0,102323
68947,1,0,102324
68948,2,0,102326
68949,1,0,102327
68950,1,0,102328
68951,3,0,102331
68952,3,0,102334
68953,1,0,102335
68954,1,0,102336
68955,1,0,102337
68956,3,0,102340
68957,1,0,102341
68958,1,0,102342
68959,1,0,102343
68960,3,0,102346
68961,1,0,102347
68962,1,0,102348
68963,1,0,102349
68964,1,0,102350
68965,1,0,102351
68966,3,0,102354
68967,1,0,102355
68968,2,0,102357
68969,5,0,102362
68970,1,0,102363
68971,1,0,102364
68972,1,0,102365
68973,2,0,102367
68974,1,0,102368
68975,1,0,102369
68976,1,0,102370
68977,1,0,102371
68978,1,0,102372
68979,1,0,102373
68980,2,0,102375
68981,1,0,102376
68982,1,0,102377
68983,2,0,102379
68984,1,0,102380
68985,1,0,102381
68986,1,0,102382
68987,2,0,102384
68988,1,0,102385
68989,4,0,102389
68990,1,0,102390
68991,1,0,102391
68992,1,0,102392
68993,3,0,102395
68994,1,0,102396
68995,2,0,102398
68996,1,0,102399
68997,2,0,102401
68998,1,0,102402
68999,1,0,102403
69000,1,0,102404
69001,1,0,102405
69002,1,0,102406
69003,1,0,102407
69004,1,0,102408
69005,3,0,102411
69006,1,0,102412
69007,2,0,102414
69008,1,0,102415
69009,3,0,102418
69010,1,0,102419
69011,1,0,102420
69012,1,0,102421
69013,1,0,102422
69014,3,0,102425
69015,2,0,102427
69016,1,0,102428
69017,2,0,102430
69018,1,0,102431
69019,1,0,102432
69020,1,0,102433
69021,1,0,102434
69022,2,0,102436
69023,2,0,102438
69024,2,0,102440
69025,1,0,102441
69026,2,0,102443
69027,4,0,102447
69028,1,0,102448
69029,1,0,102449
69030,2,0,102451
69031,1,0,102452
69032,1,0,102453
69033,1,0,102454
69034,1,0,102455
69035,1,0,102456
69036,1,0,102457
69037,1,0,102458
69038,1,0,102459
69039,1,0,102460
69040,1,0,102461
69041,1,0,102462
69042,4,0,102466
69043,1,0,102467
69044,1,0,102468
69045,1,0,102469
69046,3,0,102472
69047,3,0,102475
69048,1,0,102476
69049,1,0,102477
69050,1,0,102478
69051,1,0,102479
69052,1,0,102480
69053,2,0,102482
69054,1,0,102483
69055,2,0,102485
69056,2,0,102487
69057,3,0,102490
69058,1,0,102491
69059,4,0,102495
69060,1,0,102496
69061,2,0,102498
69062,4,0,102502
69063,2,0,102504
69064,1,0,102505
69065,1,0,102506
69066,1,0,102507
69067,1,0,102508
69068,1,0,102509
69069,1,0,102510
69070,2,0,102512
69071,1,0,102513
69072,1,0,102514
69073,1,0,102515
69074,2,0,102517
69075,2,0,102519
69076,1,0,102520
69077,1,0,102521
69078,1,0,102522
69079,1,0,102523
69080,2,0,102525
69081,1,0,102526
69082,2,0,102528
69083,2,0,102530
69084,1,0,102531
69085,1,0,102532
69086,1,0,102533
69087,2,0,102535
69088,1,0,102536
69089,2,0,102538
69090,4,0,102542
69091,2,0,102544
69092,1,0,102545
69093,2,0,102547
69094,1,0,102548
69095,1,0,102549
69096,1,0,102550
69097,2,0,102552
69098,1,0,102553
69099,5,0,102558
69100,1,0,102559
69101,1,0,102560
69102,1,0,102561
69103,1,0,102562
69104,1,0,102563
69105,1,0,102564
69106,1,0,102565
69107,4,0,102569
69108,1,0,102570
69109,1,0,102571
69110,1,0,102572
69111,1,0,102573
69112,2,0,102575
69113,2,0,102577
69114,2,0,102579
69115,1,0,102580
69116,1,0,102581
69117,3,0,102584
69118,1,0,102585
69119,1,0,102586
69120,1,0,102587
69121,1,0,102588
69122,1,0,102589
69123,1,0,102590
69124,2,0,102592
69125,1,0,102593
69126,3,0,102596
69127,1,0,102597
69128,1,0,102598
69129,1,0,102599
69130,1,0,102600
69131,1,0,102601
69132,1,0,102602
69133,3,0,102605
69134,1,0,102606
69135,2,0,102608
69136,1,0,102609
69137,1,0,102610
69138,1,0,102611
69139,1,0,102612
69140,3,0,102615
69141,2,0,102617
69142,1,0,102618
69143,1,0,102619
69144,2,0,102621
69145,2,0,102623
69146,2,0,102625
69147,1,0,102626
69148,1,0,102627
69149,1,0,102628
69150,1,0,102629
69151,1,0,102630
69152,1,0,102631
69153,6,0,102637
69154,1,0,102638
69155,1,0,102639
69156,1,0,102640
69157,2,0,102642
69158,1,0,102643
69159,2,0,102645
69160,4,0,102649
69161,2,0,102651
69162,1,0,102652
69163,1,0,102653
69164,1,0,102654
69165,2,0,102656
69166,1,0,102657
69167,2,0,102659
69168,3,0,102662
69169,1,0,102663
69170,1,0,102664
69171,1,0,102665
69172,1,0,102666
69173,1,0,102667
69174,1,0,102668
69175,1,0,102669
69176,2,0,102671
69177,2,0,102673
69178,3,0,102676
69179,1,0,102677
69180,1,0,102678
69181,1,0,102679
69182,1,0,102680
69183,1,0,102681
69184,4,0,102685
69185,1,0,102686
69186,1,0,102687
69187,1,0,102688
69188,1,0,102689
69189,1,0,102690
69190,1,0,102691
69191,1,0,102692
69192,2,0,102694
69193,5,0,102699
69194,1,0,102700
69195,1,0,102701
69196,1,0,102702
69197,1,0,102703
69198,1,0,102704
69199,3,0,102707
69200,1,0,102708
69201,2,0,102710
69202,1,0,102711
69203,2,0,102713
69204,1,0,102714
69205,3,0,102717
69206,1,0,102718
69207,2,0,102720
69208,1,0,102721
69209,1,0,102722
69210,1,0,102723
69211,1,0,102724
69212,1,0,102725
69213,1,0,102726
69214,2,0,102728
69215,4,0,102732
69216,1,0,102733
69217,2,0,102735
69218,1,0,102736
69219,2,0,102738
69220,2,0,102740
69221,2,0,102742
69222,1,0,102743
69223,1,0,102744
69224,1,0,102745
69225,3,0,102748
69226,1,0,102749
69227,1,0,102750
69228,1,0,102751
69229,1,0,102752
69230,2,0,102754
69231,2,0,102756
69232,3,0,102759
69233,3,0,102762
69234,2,0,102764
69235,1,0,102765
69236,2,0,102767
69237,1,0,102768
69238,1,0,102769
69239,1,0,102770
69240,5,0,102775
69241,1,0,102776
69242,1,0,102777
69243,1,0,102778
69244,1,0,102779
69245,1,0,102780
69246,1,0,102781
69247,2,0,102783
69248,2,0,102785
69249,2,0,102787
69250,1,0,102788
69251,1,0,102789
69252,2,0,102791
69253,1,0,102792
69254,2,0,102794
69255,1,0,102795
69256,2,0,102797
69257,1,0,102798
69258,4,0,102802
69259,3,0,102805
69260,1,0,102806
69261,1,0,102807
69262,1,0,102808
69263,6,0,102814
69264,1,0,102815
69265,2,0,102817
69266,1,0,102818
69267,1,0,102819
69268,1,0,102820
69269,1,0,102821
69270,1,0,102822
69271,1,0,102823
69272,1,0,102824
69273,1,0,102825
69274,1,0,102826
69275,4,0,102830
69276,3,0,102833
69277,1,0,102834
69278,1,0,102835
69279,1,0,102836
69280,1,0,102837
69281,2,0,102839
69282,2,0,102841
69283,1,0,102842
69284,2,0,102844
69285,1,0,102845
69286,2,0,102847
69287,1,0,102848
69288,1,0,102849
69289,2,0,102851
69290,1,0,102852
69291,1,0,102853
69292,1,0,102854
69293,2,0,102856
69294,1,0,102857
69295,1,0,102858
69296,1,0,102859
69297,1,0,102860
69298,2,0,102862
69299,1,0,102863
69300,1,0,102864
69301,1,0,102865
69302,3,0,102868
69303,1,0,102869
69304,1,0,102870
69305,1,0,102871
69306,1,0,102872
69307,1,0,102873
69308,1,0,102874
69309,2,0,102876
69310,1,0,102877
69311,1,0,102878
69312,1,0,102879
69313,1,0,102880
69314,1,0,102881
69315,1,0,102882
69316,1,0,102883
69317,3,0,102886
69318,2,0,102888
69319,5,0,102893
69320,1,0,102894
69321,1,0,102895
69322,1,0,102896
69323,1,0,102897
69324,1,0,102898
69325,2,0,102900
69326,1,0,102901
69327,1,0,102902
69328,1,0,102903
69329,1,0,102904
69330,1,0,102905
69331,3,0,102908
69332,1,0,102909
69333,2,0,102911
69334,2,0,102913
69335,1,0,102914
69336,2,0,102916
69337,3,0,102919
69338,1,0,102920
69339,2,0,102922
69340,1,0,102923
69341,3,0,102926
69342,1,0,102927
69343,3,0,102930
69344,1,0,102931
69345,2,0,102933
69346,2,0,102935
69347,1,0,102936
69348,1,0,102937
69349,2,0,102939
69350,1,0,102940
69351,1,0,102941
69352,2,0,102943
69353,1,0,102944
69354,1,0,102945
69355,2,0,102947
69356,1,0,102948
69357,3,0,102951
69358,1,0,102952
69359,1,0,102953
69360,2,0,102955
69361,1,0,102956
69362,2,0,102958
69363,1,0,102959
69364,1,0,102960
69365,1,0,102961
69366,1,0,102962
69367,1,0,102963
69368,1,0,102964
69369,2,0,102966
69370,1,0,102967
69371,1,0,102968
69372,1,0,102969
69373,1,0,102970
69374,1,0,102971
69375,1,0,102972
69376,2,0,102974
69377,2,0,102976
69378,2,0,102978
69379,2,0,102980
69380,3,0,102983
69381,3,0,102986
69382,1,0,102987
69383,1,0,102988
69384,1,0,102989
69385,5,0,102994
69386,1,0,102995
69387,1,0,102996
69388,2,0,102998
69389,1,0,102999
69390,1,0,103000
69391,1,0,103001
69392,2,0,103003
69393,1,0,103004
69394,1,0,103005
69395,2,0,103007
69396,1,0,103008
69397,1,0,103009
69398,1,0,103010
69399,3,0,103013
69400,2,0,103015
69401,1,0,103016
69402,1,0,103017
69403,1,0,103018
69404,1,0,103019
69405,2,0,103021
69406,1,0,103022
69407,1,0,103023
69408,1,0,103024
69409,3,0,103027
69410,2,0,103029
69411,1,0,103030
69412,2,0,103032
69413,1,0,103033
69414,1,0,103034
69415,2,0,103036
69416,2,0,103038
69417,2,0,103040
69418,1,0,103041
69419,2,0,103043
69420,1,0,103044
69421,1,0,103045
69422,1,0,103046
69423,2,0,103048
69424,1,0,103049
69425,1,0,103050
69426,1,0,103051
69427,1,0,103052
69428,2,0,103054
69429,2,0,103056
69430,2,0,103058
69431,1,0,103059
69432,1,0,103060
69433,1,0,103061
69434,3,0,103064
69435,1,0,103065
69436,1,0,103066
69437,1,0,103067
69438,1,0,103068
69439,2,0,103070
69440,2,0,103072
69441,1,0,103073
69442,1,0,103074
69443,1,0,103075
69444,1,0,103076
69445,1,0,103077
69446,2,0,103079
69447,1,0,103080
69448,2,0,103082
69449,2,0,103084
69450,2,0,103086
69451,1,0,103087
69452,1,0,103088
69453,4,0,103092
69454,1,0,103093
69455,1,0,103094
69456,1,0,103095
69457,4,0,103099
69458,1,0,103100
69459,2,0,103102
69460,1,0,103103
69461,1,0,103104
69462,1,0,103105
69463,1,0,103106
69464,1,0,103107
69465,1,0,103108
69466,2,0,103110
69467,1,0,103111
69468,1,0,103112
69469,1,0,103113
69470,2,0,103115
69471,2,0,103117
69472,2,0,103119
69473,1,0,103120
69474,3,0,103123
69475,3,0,103126
69476,1,0,103127
69477,1,0,103128
69478,2,0,103130
69479,1,0,103131
69480,1,0,103132
69481,5,0,103137
69482,1,0,103138
69483,1,0,103139
69484,1,0,103140
69485,1,0,103141
69486,1,0,103142
69487,3,0,103145
69488,1,0,103146
69489,1,0,103147
69490,1,0,103148
69491,1,0,103149
69492,2,0,103151
69493,1,0,103152
69494,1,0,103153
69495,1,0,103154
69496,5,0,103159
69497,1,0,103160
69498,1,0,103161
69499,1,0,103162
69500,1,0,103163
69501,1,0,103164
69502,2,0,103166
69503,3,0,103169
69504,2,0,103171
69505,1,0,103172
69506,1,0,103173
69507,1,0,103174
69508,2,0,103176
69509,1,0,103177
69510,3,0,103180
69511,1,0,103181
69512,1,0,103182
69513,1,0,103183
69514,2,0,103185
69515,1,0,103186
69516,1,0,103187
69517,2,0,103189
69518,2,0,103191
69519,3,0,103194
69520,4,0,103198
69521,1,0,103199
69522,1,0,103200
69523,1,0,103201
69524,2,0,103203
69525,1,0,103204
69526,1,0,103205
69527,1,0,103206
69528,1,0,103207
69529,1,0,103208
69530,2,0,103210
69531,2,0,103212
69532,2,0,103214
69533,1,0,103215
69534,1,0,103216
69535,1,0,103217
69536,2,0,103219
69537,1,0,103220
69538,1,0,103221
69539,1,0,103222
69540,1,0,103223
69541,1,0,103224
69542,1,0,103225
69543,2,0,103227
69544,1,0,103228
69545,1,0,103229
69546,1,0,103230
69547,1,0,103231
69548,1,0,103232
69549,1,0,103233
69550,1,0,103234
69551,1,0,103235
69552,2,0,103237
69553,2,0,103239
69554,1,0,103240
69555,2,0,103242
69556,2,0,103244
69557,1,0,103245
69558,1,0,103246
69559,1,0,103247
69560,1,0,103248
69561,1,0,103249
69562,1,0,103250
69563,2,0,103252
69564,2,0,103254
69565,3,0,103257
69566,1,0,103258
69567,1,0,103259
69568,1,0,103260
69569,2,0,103262
69570,1,0,103263
69571,1,0,103264
69572,3,0,103267
69573,1,0,103268
69574,1,0,103269
69575,2,0,103271
69576,1,0,103272
69577,1,0,103273
69578,1,0,103274
69579,2,0,103276
69580,1,0,103277
69581,3,0,103280
69582,1,0,103281
69583,3,0,103284
69584,3,0,103287
69585,2,0,103289
69586,1,0,103290
69587,1,0,103291
69588,2,0,103293
69589,1,0,103294
69590,3,0,103297
69591,1,0,103298
69592,1,0,103299
69593,1,0,103300
69594,1,0,103301
69595,1,0,103302
69596,1,0,103303
69597,2,0,103305
69598,2,0,103307
69599,2,0,103309
69600,2,0,103311
69601,1,0,103312
69602,1,0,103313
69603,2,0,103315
69604,2,0,103317
69605,5,0,103322
69606,2,0,103324
69607,1,0,103325
69608,2,0,103327
69609,1,0,103328
69610,2,0,103330
69611,1,0,103331
69612,1,0,103332
69613,2,0,103334
69614,1,0,103335
69615,2,0,103337
69616,1,0,103338
69617,1,0,103339
69618,2,0,103341
69619,1,0,103342
69620,1,0,103343
69621,2,0,103345
69622,1,0,103346
69623,2,0,103348
69624,2,0,103350
69625,2,0,103352
69626,2,0,103354
69627,4,0,103358
69628,3,0,103361
69629,1,0,103362
69630,2,0,103364
69631,1,0,103365
69632,3,0,103368
69633,1,0,103369
69634,2,0,103371
69635,1,0,103372
69636,1,0,103373
69637,1,0,103374
69638,3,0,103377
69639,2,0,103379
69640,2,0,103381
69641,1,0,103382
69642,3,0,103385
69643,2,0,103387
69644,1,0,103388
69645,3,0,103391
69646,1,0,103392
69647,2,0,103394
69648,2,0,103396
69649,1,0,103397
69650,1,0,103398
69651,1,0,103399
69652,1,0,103400
69653,2,0,103402
69654,1,0,103403
69655,1,0,103404
69656,1,0,103405
69657,1,0,103406
69658,1,0,103407
69659,3,0,103410
69660,1,0,103411
69661,1,0,103412
69662,1,0,103413
69663,1,0,103414
69664,1,0,103415
69665,1,0,103416
69666,1,0,103417
69667,1,0,103418
69668,1,0,103419
69669,1,0,103420
69670,1,0,103421
69671,1,0,103422
69672,1,0,103423
69673,1,0,103424
69674,1,0,103425
69675,2,0,103427
69676,3,0,103430
69677,1,0,103431
69678,2,0,103433
69679,1,0,103434
69680,2,0,103436
69681,3,0,103439
69682,1,0,103440
69683,1,0,103441
69684,1,0,103442
69685,1,0,103443
69686,2,0,103445
69687,1,0,103446
69688,1,0,103447
69689,2,0,103449
69690,2,0,103451
69691,2,0,103453
69692,1,0,103454
69693,1,0,103455
69694,1,0,103456
69695,1,0,103457
69696,1,0,103458
69697,2,0,103460
69698,1,0,103461
69699,3,0,103464
69700,1,0,103465
69701,2,0,103467
69702,1,0,103468
69703,3,0,103471
69704,1,0,103472
69705,2,0,103474
69706,1,0,103475
69707,1,0,103476
69708,1,0,103477
69709,2,0,103479
69710,1,0,103480
69711,2,0,103482
69712,3,0,103485
69713,1,0,103486
69714,2,0,103488
69715,2,0,103490
69716,1,0,103491
69717,1,0,103492
69718,2,0,103494
69719,1,0,103495
69720,1,0,103496
69721,3,0,103499
69722,3,0,103502
69723,1,0,103503
69724,4,0,103507
69725,1,0,103508
69726,1,0,103509
69727,3,0,103512
69728,3,0,103515
69729,3,0,103518
69730,1,0,103519
69731,1,0,103520
69732,2,0,103522
69733,1,0,103523
69734,1,0,103524
69735,1,0,103525
69736,1,0,103526
69737,1,0,103527
69738,1,0,103528
69739,4,0,103532
69740,1,0,103533
69741,2,0,103535
69742,1,0,103536
69743,1,0,103537
69744,1,0,103538
69745,1,0,103539
69746,1,0,103540
69747,3,0,103543
69748,1,0,103544
69749,1,0,103545
69750,1,0,103546
69751,3,0,103549
69752,2,0,103551
69753,1,0,103552
69754,1,0,103553
69755,1,0,103554
69756,1,0,103555
69757,2,0,103557
69758,4,0,103561
69759,2,0,103563
69760,1,0,103564
69761,2,0,103566
69762,5,0,103571
69763,2,0,103573
69764,4,0,103577
69765,1,0,103578
69766,2,0,103580
69767,1,0,103581
69768,2,0,103583
69769,1,0,103584
69770,1,0,103585
69771,2,0,103587
69772,1,0,103588
69773,1,0,103589
69774,1,0,103590
69775,1,0,103591
69776,1,0,103592
69777,1,0,103593
69778,1,0,103594
69779,1,0,103595
69780,1,0,103596
69781,1,0,103597
69782,1,0,103598
69783,2,0,103600
69784,1,0,103601
69785,2,0,103603
69786,1,0,103604
69787,1,0,103605
69788,5,0,103610
69789,1,0,103611
69790,1,0,103612
69791,1,0,103613
69792,1,0,103614
69793,1,0,103615
69794,3,0,103618
69795,3,0,103621
69796,2,0,103623
69797,1,0,103624
69798,1,0,103625
69799,1,0,103626
69800,1,0,103627
69801,3,0,103630
69802,1,0,103631
69803,2,0,103633
69804,3,0,103636
69805,2,0,103638
69806,1,0,103639
69807,2,0,103641
69808,1,0,103642
69809,1,0,103643
69810,4,0,103647
69811,3,0,103650
69812,1,0,103651
69813,2,0,103653
69814,1,0,103654
69815,1,0,103655
69816,3,0,103658
69817,1,0,103659
69818,1,0,103660
69819,2,0,103662
69820,2,0,103664
69821,1,0,103665
69822,3,0,103668
69823,2,0,103670
69824,1,0,103671
69825,5,0,103676
69826,2,0,103678
69827,1,0,103679
69828,2,0,103681
69829,2,0,103683
69830,1,0,103684
69831,1,0,103685
69832,1,0,103686
69833,1,0,103687
69834,1,0,103688
69835,1,0,103689
69836,2,0,103691
69837,1,0,103692
69838,1,0,103693
69839,4,0,103697
69840,2,0,103699
69841,1,0,103700
69842,3,0,103703
69843,2,0,103705
69844,1,0,103706
69845,3,0,103709
69846,1,0,103710
69847,2,0,103712
69848,2,0,103714
69849,1,0,103715
69850,1,0,103716
69851,1,0,103717
69852,1,0,103718
69853,1,0,103719
69854,1,0,103720
69855,2,0,103722
69856,1,0,103723
69857,3,0,103726
69858,2,0,103728
69859,4,0,103732
69860,1,0,103733
69861,1,0,103734
69862,1,0,103735
69863,2,0,103737
69864,1,0,103738
69865,2,0,103740
69866,2,0,103742
69867,1,0,103743
69868,1,0,103744
69869,1,0,103745
69870,1,0,103746
69871,1,0,103747
69872,1,0,103748
69873,2,0,103750
69874,1,0,103751
69875,2,0,103753
69876,1,0,103754
69877,1,0,103755
69878,1,0,103756
69879,1,0,103757
69880,1,0,103758
69881,1,0,103759
69882,1,0,103760
69883,1,0,103761
69884,1,0,103762
69885,1,0,103763
69886,2,0,103765
69887,1,0,103766
69888,3,0,103769
69889,1,0,103770
69890,1,0,103771
69891,1,0,103772
69892,1,0,103773
69893,1,0,103774
69894,1,0,103775
69895,1,0,103776
69896,1,0,103777
69897,1,0,103778
69898,1,0,103779
69899,1,0,103780
69900,7,0,103787
69901,1,0,103788
69902,1,0,103789
69903,1,0,103790
69904,1,0,103791
69905,1,0,103792
69906,1,0,103793
69907,1,0,103794
69908,2,0,103796
69909,2,0,103798
69910,2,0,103800
69911,1,0,103801
69912,1,0,103802
69913,3,0,103805
69914,1,0,103806
69915,1,0,103807
69916,1,0,103808
69917,1,0,103809
69918,2,0,103811
69919,3,0,103814
69920,3,0,103817
69921,2,0,103819
69922,1,0,103820
69923,3,0,103823
69924,2,0,103825
69925,2,0,103827
69926,1,0,103828
69927,1,0,103829
69928,1,0,103830
69929,1,0,103831
69930,1,0,103832
69931,1,0,103833
69932,1,0,103834
69933,1,0,103835
69934,2,0,103837
69935,2,0,103839
69936,1,0,103840
69937,1,0,103841
69938,1,0,103842
69939,2,0,103844
69940,2,0,103846
69941,1,0,103847
69942,2,0,103849
69943,1,0,103850
69944,1,0,103851
69945,1,0,103852
69946,1,0,103853
69947,2,0,103855
69948,1,0,103856
69949,2,0,103858
69950,1,0,103859
69951,1,0,103860
69952,1,0,103861
69953,2,0,103863
69954,1,0,103864
69955,1,0,103865
69956,1,0,103866
69957,1,0,103867
69958,2,0,103869
69959,2,0,103871
69960,1,0,103872
69961,1,0,103873
69962,1,0,103874
69963,2,0,103876
69964,4,0,103880
69965,1,0,103881
69966,1,0,103882
69967,1,0,103883
69968,3,0,103886
69969,1,0,103887
69970,1,0,103888
69971,2,0,103890
69972,1,0,103891
69973,3,0,103894
69974,1,0,103895
69975,1,0,103896
69976,3,0,103899
69977,2,0,103901
69978,1,0,103902
69979,1,0,103903
69980,2,0,103905
69981,1,0,103906
69982,1,0,103907
69983,2,0,103909
69984,1,0,103910
69985,1,0,103911
69986,1,0,103912
69987,2,0,103914
69988,1,0,103915
69989,1,0,103916
69990,2,0,103918
69991,1,0,103919
69992,2,0,103921
69993,1,0,103922
69994,3,0,103925
69995,4,0,103929
69996,3,0,103932
69997,2,0,103934
69998,1,0,103935
69999,2,0,103937
70000,2,0,103939
70001,1,0,103940
70002,1,0,103941
70003,1,0,103942
70004,1,0,103943
70005,1,0,103944
70006,1,0,103945
70007,1,0,103946
70008,2,0,103948
70009,3,0,103951
70010,1,0,103952
70011,1,0,103953
70012,1,0,103954
70013,1,0,103955
70014,1,0,103956
70015,1,0,103957
70016,2,0,103959
70017,1,0,103960
70018,1,0,103961
70019,1,0,103962
70020,1,0,103963
70021,1,0,103964
70022,1,0,103965
70023,3,0,103968
70024,1,0,103969
70025,1,0,103970
70026,2,0,103972
70027,1,0,103973
70028,3,0,103976
70029,1,0,103977
70030,1,0,103978
70031,1,0,103979
70032,1,0,103980
70033,3,0,103983
70034,1,0,103984
70035,1,0,103985
70036,2,0,103987
70037,1,0,103988
70038,1,0,103989
70039,1,0,103990
70040,1,0,103991
70041,3,0,103994
70042,1,0,103995
70043,1,0,103996
70044,1,0,103997
70045,1,0,103998
70046,2,0,104000
70047,2,0,104002
70048,1,0,104003
70049,1,0,104004
70050,2,0,104006
70051,2,0,104008
70052,2,0,104010
70053,2,0,104012
70054,1,0,104013
70055,1,0,104014
70056,1,0,104015
70057,2,0,104017
70058,1,0,104018
70059,1,0,104019
70060,3,0,104022
70061,1,0,104023
70062,1,0,104024
70063,1,0,104025
70064,3,0,104028
70065,1,0,104029
70066,2,0,104031
70067,1,0,104032
70068,5,0,104037
70069,4,0,104041
70070,2,0,104043
70071,1,0,104044
70072,4,0,104048
70073,1,0,104049
70074,1,0,104050
70075,4,0,104054
70076,2,0,104056
70077,1,0,104057
70078,1,0,104058
70079,1,0,104059
70080,7,0,104066
70081,2,0,104068
70082,1,0,104069
70083,1,0,104070
70084,1,0,104071
70085,1,0,104072
70086,2,0,104074
70087,1,0,104075
70088,1,0,104076
70089,1,0,104077
70090,5,0,104082
70091,4,0,104086
70092,1,0,104087
70093,4,0,104091
70094,2,0,104093
70095,1,0,104094
70096,2,0,104096
70097,1,0,104097
70098,1,0,104098
70099,1,0,104099
70100,2,0,104101
70101,1,0,104102
70102,1,0,104103
70103,2,0,104105
70104,2,0,104107
70105,1,0,104108
70106,2,0,104110
70107,1,0,104111
70108,2,0,104113
70109,2,0,104115
70110,1,0,104116
70111,1,0,104117
70112,1,0,104118
70113,1,0,104119
70114,2,0,104121
70115,2,0,104123
70116,1,0,104124
70117,1,0,104125
70118,1,0,104126
70119,1,0,104127
70120,2,0,104129
70121,2,0,104131
70122,3,0,104134
70123,1,0,104135
70124,1,0,104136
70125,2,0,104138
70126,1,0,104139
70127,1,0,104140
70128,1,0,104141
70129,2,0,104143
70130,1,0,104144
70131,1,0,104145
70132,1,0,104146
70133,1,0,104147
70134,1,0,104148
70135,1,0,104149
70136,2,0,104151
70137,2,0,104153
70138,2,0,104155
70139,1,0,104156
70140,2,0,104158
70141,1,0,104159
70142,1,0,104160
70143,1,0,104161
70144,1,0,104162
70145,3,0,104165
70146,3,0,104168
70147,1,0,104169
70148,2,0,104171
70149,2,0,104173
70150,1,0,104174
70151,1,0,104175
70152,5,0,104180
70153,2,0,104182
70154,4,0,104186
70155,2,0,104188
70156,1,0,104189
70157,2,0,104191
70158,1,0,104192
70159,4,0,104196
70160,1,0,104197
70161,1,0,104198
70162,1,0,104199
70163,1,0,104200
70164,1,0,104201
70165,1,0,104202
70166,1,0,104203
70167,3,0,104206
70168,1,0,104207
70169,1,0,104208
70170,1,0,104209
70171,1,0,104210
70172,1,0,104211
70173,3,0,104214
70174,2,0,104216
70175,1,0,104217
70176,5,0,104222
70177,1,0,104223
70178,1,0,104224
70179,1,0,104225
70180,2,0,104227
70181,1,0,104228
70182,1,0,104229
70183,2,0,104231
70184,1,0,104232
70185,1,0,104233
70186,1,0,104234
70187,1,0,104235
70188,1,0,104236
70189,1,0,104237
70190,1,0,104238
70191,1,0,104239
70192,1,0,104240
70193,1,0,104241
70194,1,0,104242
70195,1,0,104243
70196,4,0,104247
70197,1,0,104248
70198,1,0,104249
70199,1,0,104250
70200,1,0,104251
70201,3,0,104254
70202,2,0,104256
70203,2,0,104258
70204,1,0,104259
70205,2,0,104261
70206,1,0,104262
70207,1,0,104263
70208,2,0,104265
70209,2,0,104267
70210,3,0,104270
70211,1,0,104271
70212,1,0,104272
70213,1,0,104273
70214,1,0,104274
70215,1,0,104275
70216,1,0,104276
70217,1,0,104277
70218,2,0,104279
70219,1,0,104280
70220,1,0,104281
70221,2,0,104283
70222,1,0,104284
70223,1,0,104285
70224,1,0,104286
70225,2,0,104288
70226,1,0,104289
70227,2,0,104291
70228,1,0,104292
70229,1,0,104293
70230,1,0,104294
70231,1,0,104295
70232,1,0,104296
70233,1,0,104297
70234,1,0,104298
70235,2,0,104300
70236,1,0,104301
70237,1,0,104302
70238,3,0,104305
70239,3,0,104308
70240,1,0,104309
70241,2,0,104311
70242,1,0,104312
70243,2,0,104314
70244,2,0,104316
70245,1,0,104317
70246,3,0,104320
70247,2,0,104322
70248,1,0,104323
70249,1,0,104324
70250,1,0,104325
70251,1,0,104326
70252,3,0,104329
70253,1,0,104330
70254,3,0,104333
70255,4,0,104337
70256,1,0,104338
70257,1,0,104339
70258,2,0,104341
70259,2,0,104343
70260,1,0,104344
70261,1,0,104345
70262,1,0,104346
70263,2,0,104348
70264,2,0,104350
70265,1,0,104351
70266,2,0,104353
70267,1,0,104354
70268,1,0,104355
70269,1,0,104356
70270,1,0,104357
70271,2,0,104359
70272,1,0,104360
70273,2,0,104362
70274,4,0,104366
70275,1,0,104367
70276,1,0,104368
70277,1,0,104369
70278,2,0,104371
70279,1,0,104372
70280,1,0,104373
70281,2,0,104375
70282,2,0,104377
70283,1,0,104378
70284,2,0,104380
70285,1,0,104381
70286,1,0,104382
70287,2,0,104384
70288,2,0,104386
70289,1,0,104387
70290,1,0,104388
70291,2,0,104390
70292,2,0,104392
70293,1,0,104393
70294,1,0,104394
70295,2,0,104396
70296,2,0,104398
70297,1,0,104399
70298,1,0,104400
70299,1,0,104401
70300,3,0,104404
70301,1,0,104405
70302,3,0,104408
70303,3,0,104411
70304,1,0,104412
70305,1,0,104413
70306,2,0,104415
70307,1,0,104416
70308,1,0,104417
70309,1,0,104418
70310,1,0,104419
70311,4,0,104423
70312,1,0,104424
70313,2,0,104426
70314,1,0,104427
70315,1,0,104428
70316,1,0,104429
70317,1,0,104430
70318,2,0,104432
70319,1,0,104433
70320,1,0,104434
70321,1,0,104435
70322,1,0,104436
70323,1,0,104437
70324,1,0,104438
70325,2,0,104440
70326,2,0,104442
70327,2,0,104444
70328,1,0,104445
70329,1,0,104446
70330,1,0,104447
70331,1,0,104448
70332,1,0,104449
70333,1,0,104450
70334,2,0,104452
70335,1,0,104453
70336,2,0,104455
70337,2,0,104457
70338,1,0,104458
70339,1,0,104459
70340,2,0,104461
70341,3,0,104464
70342,1,0,104465
70343,3,0,104468
70344,1,0,104469
70345,2,0,104471
70346,1,0,104472
70347,1,0,104473
70348,1,0,104474
70349,1,0,104475
70350,1,0,104476
70351,2,0,104478
70352,1,0,104479
70353,1,0,104480
70354,2,0,104482
70355,1,0,104483
70356,1,0,104484
70357,3,0,104487
70358,2,0,104489
70359,3,0,104492
70360,1,0,104493
70361,1,0,104494
70362,1,0,104495
70363,4,0,104499
70364,1,0,104500
70365,1,0,104501
70366,1,0,104502
70367,1,0,104503
70368,1,0,104504
70369,1,0,104505
70370,1,0,104506
70371,1,0,104507
70372,1,0,104508
70373,2,0,104510
70374,2,0,104512
70375,2,0,104514
70376,1,0,104515
70377,2,0,104517
70378,1,0,104518
70379,1,0,104519
70380,2,0,104521
70381,2,0,104523
70382,2,0,104525
70383,2,0,104527
70384,1,0,104528
70385,1,0,104529
70386,1,0,104530
70387,1,0,104531
70388,2,0,104533
70389,1,0,104534
70390,1,0,104535
70391,1,0,104536
70392,1,0,104537
70393,1,0,104538
70394,1,0,104539
70395,1,0,104540
70396,1,0,104541
70397,1,0,104542
70398,1,0,104543
70399,1,0,104544
70400,1,0,104545
70401,1,0,104546
70402,2,0,104548
70403,1,0,104549
70404,2,0,104551
70405,2,0,104553
70406,3,0,104556
70407,1,0,104557
70408,1,0,104558
70409,2,0,104560
70410,1,0,104561
70411,2,0,104563
70412,1,0,104564
70413,1,0,104565
70414,1,0,104566
70415,1,0,104567
70416,4,0,104571
70417,2,0,104573
70418,1,0,104574
70419,3,0,104577
70420,1,0,104578
70421,3,0,104581
70422,1,0,104582
70423,1,0,104583
70424,2,0,104585
70425,2,0,104587
70426,2,0,104589
70427,3,0,104592
70428,1,0,104593
70429,1,0,104594
70430,1,0,104595
70431,2,0,104597
70432,1,0,104598
70433,1,0,104599
70434,1,0,104600
70435,2,0,104602
70436,1,0,104603
70437,1,0,104604
70438,1,0,104605
70439,1,0,104606
70440,2,0,104608
70441,1,0,104609
70442,1,0,104610
70443,1,0,104611
70444,1,0,104612
70445,1,0,104613
70446,3,0,104616
70447,1,0,104617
70448,2,0,104619
70449,2,0,104621
70450,1,0,104622
70451,2,0,104624
70452,1,0,104625
70453,1,0,104626
70454,1,0,104627
70455,1,0,104628
70456,1,0,104629
70457,2,0,104631
70458,1,0,104632
70459,1,0,104633
70460,2,0,104635
70461,1,0,104636
70462,5,0,104641
70463,1,0,104642
70464,3,0,104645
70465,1,0,104646
70466,2,0,104648
70467,3,0,104651
70468,2,0,104653
70469,1,0,104654
70470,1,0,104655
70471,1,0,104656
70472,2,0,104658
70473,2,0,104660
70474,1,0,104661
70475,2,0,104663
70476,1,0,104664
70477,3,0,104667
70478,1,0,104668
70479,3,0,104671
70480,1,0,104672
70481,2,0,104674
70482,1,0,104675
70483,1,0,104676
70484,1,0,104677
70485,1,0,104678
70486,1,0,104679
70487,2,0,104681
70488,1,0,104682
70489,1,0,104683
70490,1,0,104684
70491,2,0,104686
70492,1,0,104687
70493,1,0,104688
70494,1,0,104689
70495,1,0,104690
70496,5,0,104695
70497,1,0,104696
70498,2,0,104698
70499,2,0,104700
70500,1,0,104701
70501,2,0,104703
70502,1,0,104704
70503,2,0,104706
70504,1,0,104707
70505,1,0,104708
70506,3,0,104711
70507,2,0,104713
70508,1,0,104714
70509,2,0,104716
70510,2,0,104718
70511,6,0,104724
70512,2,0,104726
70513,1,0,104727
70514,1,0,104728
70515,1,0,104729
70516,4,0,104733
70517,1,0,104734
70518,1,0,104735
70519,1,0,104736
70520,1,0,104737
70521,2,0,104739
70522,2,0,104741
70523,4,0,104745
70524,2,0,104747
70525,2,0,104749
70526,1,0,104750
70527,2,0,104752
70528,1,0,104753
70529,1,0,104754
70530,1,0,104755
70531,5,0,104760
70532,1,0,104761
70533,1,0,104762
70534,1,0,104763
70535,1,0,104764
70536,1,0,104765
70537,2,0,104767
70538,1,0,104768
70539,1,0,104769
70540,1,0,104770
70541,2,0,104772
70542,1,0,104773
70543,1,0,104774
70544,2,0,104776
70545,2,0,104778
70546,1,0,104779
70547,1,0,104780
70548,1,0,104781
70549,1,0,104782
70550,1,0,104783
70551,1,0,104784
70552,1,0,104785
70553,1,0,104786
70554,1,0,104787
70555,3,0,104790
70556,1,0,104791
70557,2,0,104793
70558,1,0,104794
70559,2,0,104796
70560,5,0,104801
70561,1,0,104802
70562,1,0,104803
70563,1,0,104804
70564,1,0,104805
70565,1,0,104806
70566,1,0,104807
70567,1,0,104808
70568,1,0,104809
70569,1,0,104810
70570,2,0,104812
70571,3,0,104815
70572,1,0,104816
70573,1,0,104817
70574,1,0,104818
70575,1,0,104819
70576,3,0,104822
70577,2,0,104824
70578,1,0,104825
70579,1,0,104826
70580,1,0,104827
70581,2,0,104829
70582,1,0,104830
70583,4,0,104834
70584,2,0,104836
70585,2,0,104838
70586,1,0,104839
70587,1,0,104840
70588,2,0,104842
70589,3,0,104845
70590,11,0,104856
70591,1,0,104857
70592,1,0,104858
70593,1,0,104859
70594,2,0,104861
70595,2,0,104863
70596,2,0,104865
70597,1,0,104866
70598,3,0,104869
70599,3,0,104872
70600,1,0,104873
70601,1,0,104874
70602,1,0,104875
70603,2,0,104877
70604,1,0,104878
70605,1,0,104879
70606,1,0,104880
70607,4,0,104884
70608,1,0,104885
70609,1,0,104886
70610,1,0,104887
70611,2,0,104889
70612,3,0,104892
70613,1,0,104893
70614,2,0,104895
70615,1,0,104896
70616,1,0,104897
70617,1,0,104898
70618,1,0,104899
70619,6,0,104905
70620,4,0,104909
70621,1,0,104910
70622,4,0,104914
70623,1,0,104915
70624,3,0,104918
70625,1,0,104919
70626,1,0,104920
70627,1,0,104921
70628,1,0,104922
70629,1,0,104923
70630,3,0,104926
70631,1,0,104927
70632,1,0,104928
70633,3,0,104931
70634,2,0,104933
70635,2,0,104935
70636,2,0,104937
70637,2,0,104939
70638,3,0,104942
70639,1,0,104943
70640,1,0,104944
70641,2,0,104946
70642,2,0,104948
70643,1,0,104949
70644,1,0,104950
70645,1,0,104951
70646,1,0,104952
70647,1,0,104953
70648,1,0,104954
70649,1,0,104955
70650,1,0,104956
70651,1,0,104957
70652,1,0,104958
70653,1,0,104959
70654,1,0,104960
70655,1,0,104961
70656,1,0,104962
70657,1,0,104963
70658,2,0,104965
70659,2,0,104967
70660,1,0,104968
70661,3,0,104971
70662,2,0,104973
70663,2,0,104975
70664,5,0,104980
70665,2,0,104982
70666,1,0,104983
70667,1,0,104984
70668,1,0,104985
70669,2,0,104987
70670,1,0,104988
70671,1,0,104989
70672,1,0,104990
70673,1,0,104991
70674,1,0,104992
70675,1,0,104993
70676,1,0,104994
70677,1,0,104995
70678,2,0,104997
70679,1,0,104998
70680,1,0,104999
70681,2,0,105001
70682,1,0,105002
70683,1,0,105003
70684,1,0,105004
70685,1,0,105005
70686,2,0,105007
70687,1,0,105008
70688,1,0,105009
70689,2,0,105011
70690,5,0,105016
70691,1,0,105017
70692,1,0,105018
70693,1,0,105019
70694,1,0,105020
70695,1,0,105021
70696,1,0,105022
70697,2,0,105024
70698,3,0,105027
70699,1,0,105028
70700,6,0,105034
70701,1,0,105035
70702,2,0,105037
70703,2,0,105039
70704,3,0,105042
70705,1,0,105043
70706,5,0,105048
70707,2,0,105050
70708,1,0,105051
70709,1,0,105052
70710,1,0,105053
70711,1,0,105054
70712,3,0,105057
70713,1,0,105058
70714,1,0,105059
70715,3,0,105062
70716,2,0,105064
70717,2,0,105066
70718,2,0,105068
70719,1,0,105069
70720,2,0,105071
70721,2,0,105073
70722,3,0,105076
70723,1,0,105077
70724,2,0,105079
70725,3,0,105082
70726,2,0,105084
70727,1,0,105085
70728,2,0,105087
70729,1,0,105088
70730,2,0,105090
70731,1,0,105091
70732,2,0,105093
70733,3,0,105096
70734,1,0,105097
70735,1,0,105098
70736,1,0,105099
70737,3,0,105102
70738,1,0,105103
70739,1,0,105104
70740,1,0,105105
70741,1,0,105106
70742,1,0,105107
70743,1,0,105108
70744,1,0,105109
70745,1,0,105110
70746,1,0,105111
70747,1,0,105112
70748,2,0,105114
70749,2,0,105116
70750,3,0,105119
70751,1,0,105120
70752,1,0,105121
70753,1,0,105122
70754,2,0,105124
70755,1,0,105125
70756,2,0,105127
70757,2,0,105129
70758,1,0,105130
70759,2,0,105132
70760,1,0,105133
70761,1,0,105134
70762,1,0,105135
70763,1,0,105136
70764,2,0,105138
70765,2,0,105140
70766,2,0,105142
70767,1,0,105143
70768,1,0,105144
70769,2,0,105146
70770,1,0,105147
70771,2,0,105149
70772,4,0,105153
70773,1,0,105154
70774,1,0,105155
70775,1,0,105156
70776,4,0,105160
70777,1,0,105161
70778,2,0,105163
70779,1,0,105164
70780,3,0,105167
70781,1,0,105168
70782,2,0,105170
70783,1,0,105171
70784,1,0,105172
70785,1,0,105173
70786,1,0,105174
70787,2,0,105176
70788,1,0,105177
70789,2,0,105179
70790,1,0,105180
70791,1,0,105181
70792,2,0,105183
70793,2,0,105185
70794,1,0,105186
70795,1,0,105187
70796,1,0,105188
70797,1,0,105189
70798,1,0,105190
70799,3,0,105193
70800,2,0,105195
70801,1,0,105196
70802,1,0,105197
70803,2,0,105199
70804,6,0,105205
70805,2,0,105207
70806,2,0,105209
70807,2,0,105211
70808,2,0,105213
70809,2,0,105215
70810,2,0,105217
70811,1,0,105218
70812,2,0,105220
70813,1,0,105221
70814,3,0,105224
70815,1,0,105225
70816,1,0,105226
70817,1,0,105227
70818,1,0,105228
70819,1,0,105229
70820,1,0,105230
70821,1,0,105231
70822,1,0,105232
70823,2,0,105234
70824,1,0,105235
70825,1,0,105236
70826,4,0,105240
70827,1,0,105241
70828,1,0,105242
70829,2,0,105244
70830,2,0,105246
70831,1,0,105247
70832,2,0,105249
70833,1,0,105250
70834,1,0,105251
70835,1,0,105252
70836,1,0,105253
70837,2,0,105255
70838,2,0,105257
70839,1,0,105258
70840,1,0,105259
70841,1,0,105260
70842,1,0,105261
70843,2,0,105263
70844,2,0,105265
70845,1,0,105266
70846,1,0,105267
70847,3,0,105270
70848,1,0,105271
70849,1,0,105272
70850,6,0,105278
70851,1,0,105279
70852,1,0,105280
70853,3,0,105283
70854,1,0,105284
70855,1,0,105285
70856,1,0,105286
70857,3,0,105289
70858,2,0,105291
70859,2,0,105293
70860,2,0,105295
70861,1,0,105296
70862,1,0,105297
70863,1,0,105298
70864,1,0,105299
70865,1,0,105300
70866,2,0,105302
70867,1,0,105303
70868,1,0,105304
70869,2,0,105306
70870,1,0,105307
70871,3,0,105310
70872,1,0,105311
70873,1,0,105312
70874,1,0,105313
70875,1,0,105314
70876,1,0,105315
70877,1,0,105316
70878,1,0,105317
70879,2,0,105319
70880,7,0,105326
70881,1,0,105327
70882,1,0,105328
70883,1,0,105329
70884,2,0,105331
70885,2,0,105333
70886,1,0,105334
70887,1,0,105335
70888,1,0,105336
70889,1,0,105337
70890,1,0,105338
70891,1,0,105339
70892,1,0,105340
70893,1,0,105341
70894,1,0,105342
70895,1,0,105343
70896,1,0,105344
70897,1,0,105345
70898,1,0,105346
70899,2,0,105348
70900,1,0,105349
70901,2,0,105351
70902,1,0,105352
70903,1,0,105353
70904,1,0,105354
70905,2,0,105356
70906,1,0,105357
70907,1,0,105358
70908,1,0,105359
70909,1,0,105360
70910,2,0,105362
70911,1,0,105363
70912,2,0,105365
70913,1,0,105366
70914,1,0,105367
70915,1,0,105368
70916,1,0,105369
70917,1,0,105370
70918,1,0,105371
70919,2,0,105373
70920,1,0,105374
70921,1,0,105375
70922,1,0,105376
70923,2,0,105378
70924,1,0,105379
70925,1,0,105380
70926,1,0,105381
70927,2,0,105383
70928,2,0,105385
70929,1,0,105386
70930,1,0,105387
70931,1,0,105388
70932,1,0,105389
70933,1,0,105390
70934,1,0,105391
70935,1,0,105392
70936,1,0,105393
70937,2,0,105395
70938,1,0,105396
70939,2,0,105398
70940,1,0,105399
70941,2,0,105401
70942,1,0,105402
70943,3,0,105405
70944,1,0,105406
70945,4,0,105410
70946,2,0,105412
70947,2,0,105414
70948,1,0,105415
70949,1,0,105416
70950,1,0,105417
70951,1,0,105418
70952,2,0,105420
70953,2,0,105422
70954,1,0,105423
70955,2,0,105425
70956,1,0,105426
70957,1,0,105427
70958,1,0,105428
70959,2,0,105430
70960,1,0,105431
70961,1,0,105432
70962,1,0,105433
70963,1,0,105434
70964,2,0,105436
70965,1,0,105437
70966,2,0,105439
70967,1,0,105440
70968,1,0,105441
70969,1,0,105442
70970,1,0,105443
70971,1,0,105444
70972,1,0,105445
70973,3,0,105448
70974,1,0,105449
70975,1,0,105450
70976,1,0,105451
70977,1,0,105452
70978,2,0,105454
70979,2,0,105456
70980,1,0,105457
70981,1,0,105458
70982,3,0,105461
70983,1,0,105462
70984,1,0,105463
70985,1,0,105464
70986,2,0,105466
70987,1,0,105467
70988,5,0,105472
70989,1,0,105473
70990,3,0,105476
70991,2,0,105478
70992,2,0,105480
70993,1,0,105481
70994,2,0,105483
70995,1,0,105484
70996,1,0,105485
70997,1,0,105486
70998,1,0,105487
70999,1,0,105488
71000,2,0,105490
71001,1,0,105491
71002,1,0,105492
71003,1,0,105493
71004,1,0,105494
71005,1,0,105495
71006,1,0,105496
71007,1,0,105497
71008,1,0,105498
71009,1,0,105499
71010,1,0,105500
71011,3,0,105503
71012,1,0,105504
71013,2,0,105506
71014,2,0,105508
71015,1,0,105509
71016,1,0,105510
71017,3,0,105513
71018,2,0,105515
71019,2,0,105517
71020,1,0,105518
71021,1,0,105519
71022,4,0,105523
71023,1,0,105524
71024,1,0,105525
71025,1,0,105526
71026,1,0,105527
71027,1,0,105528
71028,1,0,105529
71029,1,0,105530
71030,1,0,105531
71031,1,0,105532
71032,1,0,105533
71033,1,0,105534
71034,1,0,105535
71035,2,0,105537
71036,1,0,105538
71037,1,0,105539
71038,1,0,105540
71039,3,0,105543
71040,1,0,105544
71041,2,0,105546
71042,2,0,105548
71043,1,0,105549
71044,1,0,105550
71045,1,0,105551
71046,3,0,105554
71047,1,0,105555
71048,1,0,105556
71049,1,0,105557
71050,2,0,105559
71051,1,0,105560
71052,1,0,105561
71053,3,0,105564
71054,1,0,105565
71055,2,0,105567
71056,1,0,105568
71057,5,0,105573
71058,4,0,105577
71059,2,0,105579
71060,1,0,105580
71061,1,0,105581
71062,1,0,105582
71063,4,0,105586
71064,1,0,105587
71065,1,0,105588
71066,1,0,105589
71067,1,0,105590
71068,2,0,105592
71069,1,0,105593
71070,2,0,105595
71071,1,0,105596
71072,1,0,105597
71073,4,0,105601
71074,1,0,105602
71075,1,0,105603
71076,1,0,105604
71077,1,0,105605
71078,2,0,105607
71079,1,0,105608
71080,2,0,105610
71081,1,0,105611
71082,1,0,105612
71083,3,0,105615
71084,1,0,105616
71085,1,0,105617
71086,1,0,105618
71087,2,0,105620
71088,1,0,105621
71089,1,0,105622
71090,1,0,105623
71091,1,0,105624
71092,1,0,105625
71093,1,0,105626
71094,1,0,105627
71095,1,0,105628
71096,3,0,105631
71097,2,0,105633
71098,1,0,105634
71099,5,0,105639
71100,1,0,105640
71101,1,0,105641
71102,1,0,105642
71103,1,0,105643
71104,1,0,105644
71105,1,0,105645
71106,2,0,105647
71107,1,0,105648
71108,3,0,105651
71109,1,0,105652
71110,1,0,105653
71111,1,0,105654
71112,1,0,105655
71113,1,0,105656
71114,3,0,105659
71115,1,0,105660
71116,1,0,105661
71117,1,0,105662
71118,2,0,105664
71119,5,0,105669
71120,1,0,105670
71121,2,0,105672
71122,4,0,105676
71123,1,0,105677
71124,1,0,105678
71125,3,0,105681
71126,1,0,105682
71127,1,0,105683
71128,1,0,105684
71129,1,0,105685
71130,1,0,105686
71131,1,0,105687
71132,1,0,105688
71133,1,0,105689
71134,2,0,105691
71135,1,0,105692
71136,1,0,105693
71137,2,0,105695
71138,1,0,105696
71139,1,0,105697
71140,1,0,105698
71141,1,0,105699
71142,1,0,105700
71143,1,0,105701
71144,1,0,105702
71145,2,0,105704
71146,2,0,105706
71147,1,0,105707
71148,1,0,105708
71149,1,0,105709
71150,2,0,105711
71151,1,0,105712
71152,1,0,105713
71153,1,0,105714
71154,1,0,105715
71155,2,0,105717
71156,1,0,105718
71157,2,0,105720
71158,1,0,105721
71159,2,0,105723
71160,2,0,105725
71161,1,0,105726
71162,1,0,105727
71163,1,0,105728
71164,1,0,105729
71165,1,0,105730
71166,1,0,105731
71167,1,0,105732
71168,2,0,105734
71169,1,0,105735
71170,2,0,105737
71171,1,0,105738
71172,2,0,105740
71173,1,0,105741
71174,2,0,105743
71175,1,0,105744
71176,3,0,105747
71177,1,0,105748
71178,1,0,105749
71179,1,0,105750
71180,1,0,105751
71181,1,0,105752
71182,2,0,105754
71183,3,0,105757
71184,1,0,105758
71185,2,0,105760
71186,1,0,105761
71187,1,0,105762
71188,2,0,105764
71189,3,0,105767
71190,2,0,105769
71191,1,0,105770
71192,2,0,105772
71193,1,0,105773
71194,2,0,105775
71195,1,0,105776
71196,1,0,105777
71197,1,0,105778
71198,1,0,105779
71199,2,0,105781
71200,2,0,105783
71201,1,0,105784
71202,2,0,105786
71203,1,0,105787
71204,1,0,105788
71205,2,0,105790
71206,1,0,105791
71207,1,0,105792
71208,1,0,105793
71209,1,0,105794
71210,2,0,105796
71211,1,0,105797
71212,1,0,105798
71213,1,0,105799
71214,1,0,105800
71215,5,0,105805
71216,1,0,105806
71217,3,0,105809
71218,1,0,105810
71219,3,0,105813
71220,1,0,105814
71221,1,0,105815
71222,1,0,105816
71223,1,0,105817
71224,2,0,105819
71225,1,0,105820
71226,1,0,105821
71227,1,0,105822
71228,2,0,105824
71229,1,0,105825
71230,2,0,105827
71231,2,0,105829
71232,1,0,105830
71233,1,0,105831
71234,1,0,105832
71235,2,0,105834
71236,3,0,105837
71237,1,0,105838
71238,3,0,105841
71239,1,0,105842
71240,2,0,105844
71241,1,0,105845
71242,1,0,105846
71243,1,0,105847
71244,1,0,105848
71245,1,0,105849
71246,3,0,105852
71247,2,0,105854
71248,3,0,105857
71249,1,0,105858
71250,1,0,105859
71251,4,0,105863
71252,1,0,105864
71253,1,0,105865
71254,2,0,105867
71255,2,0,105869
71256,2,0,105871
71257,1,0,105872
71258,1,0,105873
71259,2,0,105875
71260,2,0,105877
71261,3,0,105880
71262,1,0,105881
71263,1,0,105882
71264,1,0,105883
71265,3,0,105886
71266,3,0,105889
71267,1,0,105890
71268,1,0,105891
71269,1,0,105892
71270,1,0,105893
71271,1,0,105894
71272,1,0,105895
71273,1,0,105896
71274,1,0,105897
71275,1,0,105898
71276,6,0,105904
71277,1,0,105905
71278,1,0,105906
71279,1,0,105907
71280,2,0,105909
71281,1,0,105910
71282,1,0,105911
71283,2,0,105913
71284,1,0,105914
71285,2,0,105916
71286,1,0,105917
71287,1,0,105918
71288,1,0,105919
71289,1,0,105920
71290,1,0,105921
71291,1,0,105922
71292,1,0,105923
71293,2,0,105925
71294,2,0,105927
71295,4,0,105931
71296,1,0,105932
71297,1,0,105933
71298,2,0,105935
71299,1,0,105936
71300,2,0,105938
71301,1,0,105939
71302,1,0,105940
71303,1,0,105941
71304,2,0,105943
71305,3,0,105946
71306,1,0,105947
71307,1,0,105948
71308,1,0,105949
71309,2,0,105951
71310,1,0,105952
71311,4,0,105956
71312,1,0,105957
71313,1,0,105958
71314,2,0,105960
71315,4,0,105964
71316,1,0,105965
71317,1,0,105966
71318,1,0,105967
71319,1,0,105968
71320,1,0,105969
71321,3,0,105972
71322,2,0,105974
71323,2,0,105976
71324,3,0,105979
71325,1,0,105980
71326,2,0,105982
71327,1,0,105983
71328,3,0,105986
71329,1,0,105987
71330,1,0,105988
71331,1,0,105989
71332,3,0,105992
71333,1,0,105993
71334,1,0,105994
71335,1,0,105995
71336,3,0,105998
71337,1,0,105999
71338,2,0,106001
71339,1,0,106002
71340,1,0,106003
71341,1,0,106004
71342,1,0,106005
71343,1,0,106006
71344,3,0,106009
71345,3,0,106012
71346,1,0,106013
71347,1,0,106014
71348,1,0,106015
71349,1,0,106016
71350,1,0,106017
71351,1,0,106018
71352,1,0,106019
71353,2,0,106021
71354,1,0,106022
71355,1,0,106023
71356,1,0,106024
71357,1,0,106025
71358,1,0,106026
71359,1,0,106027
71360,2,0,106029
71361,1,0,106030
71362,4,0,106034
71363,1,0,106035
71364,1,0,106036
71365,2,0,106038
71366,3,0,106041
71367,2,0,106043
71368,2,0,106045
71369,1,0,106046
71370,1,0,106047
71371,1,0,106048
71372,1,0,106049
71373,2,0,106051
71374,2,0,106053
71375,1,0,106054
71376,1,0,106055
71377,3,0,106058
71378,1,0,106059
71379,1,0,106060
71380,1,0,106061
71381,3,0,106064
71382,3,0,106067
71383,1,0,106068
71384,4,0,106072
71385,3,0,106075
71386,1,0,106076
71387,1,0,106077
71388,3,0,106080
71389,1,0,106081
71390,3,0,106084
71391,1,0,106085
71392,2,0,106087
71393,1,0,106088
71394,3,0,106091
71395,2,0,106093
71396,1,0,106094
71397,2,0,106096
71398,1,0,106097
71399,2,0,106099
71400,2,0,106101
71401,1,0,106102
71402,1,0,106103
71403,1,0,106104
71404,3,0,106107
71405,2,0,106109
71406,1,0,106110
71407,3,0,106113
71408,2,0,106115
71409,2,0,106117
71410,1,0,106118
71411,4,0,106122
71412,1,0,106123
71413,1,0,106124
71414,1,0,106125
71415,2,0,106127
71416,1,0,106128
71417,2,0,106130
71418,1,0,106131
71419,6,0,106137
71420,1,0,106138
71421,1,0,106139
71422,1,0,106140
71423,1,0,106141
71424,1,0,106142
71425,1,0,106143
71426,2,0,106145
71427,1,0,106146
71428,1,0,106147
71429,1,0,106148
71430,1,0,106149
71431,3,0,106152
71432,2,0,106154
71433,3,0,106157
71434,1,0,106158
71435,1,0,106159
71436,2,0,106161
71437,1,0,106162
71438,2,0,106164
71439,1,0,106165
71440,1,0,106166
71441,1,0,106167
71442,1,0,106168
71443,1,0,106169
71444,1,0,106170
71445,1,0,106171
71446,1,0,106172
71447,1,0,106173
71448,1,0,106174
71449,2,0,106176
71450,1,0,106177
71451,2,0,106179
71452,1,0,106180
71453,1,0,106181
71454,1,0,106182
71455,2,0,106184
71456,1,0,106185
71457,1,0,106186
71458,2,0,106188
71459,2,0,106190
71460,1,0,106191
71461,1,0,106192
71462,1,0,106193
71463,1,0,106194
71464,1,0,106195
71465,1,0,106196
71466,2,0,106198
71467,2,0,106200
71468,2,0,106202
71469,1,0,106203
71470,1,0,106204
71471,1,0,106205
71472,4,0,106209
71473,2,0,106211
71474,1,0,106212
71475,1,0,106213
71476,1,0,106214
71477,1,0,106215
71478,1,0,106216
71479,1,0,106217
71480,2,0,106219
71481,1,0,106220
71482,1,0,106221
71483,1,0,106222
71484,1,0,106223
71485,1,0,106224
71486,1,0,106225
71487,1,0,106226
71488,1,0,106227
71489,1,0,106228
71490,1,0,106229
71491,1,0,106230
71492,1,0,106231
71493,2,0,106233
71494,4,0,106237
71495,1,0,106238
71496,1,0,106239
71497,2,0,106241
71498,2,0,106243
71499,1,0,106244
71500,2,0,106246
71501,1,0,106247
71502,2,0,106249
71503,1,0,106250
71504,1,0,106251
71505,1,0,106252
71506,5,0,106257
71507,1,0,106258
71508,1,0,106259
71509,1,0,106260
71510,1,0,106261
71511,1,0,106262
71512,1,0,106263
71513,3,0,106266
71514,2,0,106268
71515,2,0,106270
71516,1,0,106271
71517,2,0,106273
71518,2,0,106275
71519,1,0,106276
71520,1,0,106277
71521,2,0,106279
71522,1,0,106280
71523,2,0,106282
71524,1,0,106283
71525,1,0,106284
71526,2,0,106286
71527,1,0,106287
71528,1,0,106288
71529,1,0,106289
71530,2,0,106291
71531,1,0,106292
71532,3,0,106295
71533,1,0,106296
71534,1,0,106297
71535,1,0,106298
71536,2,0,106300
71537,2,0,106302
71538,2,0,106304
71539,1,0,106305
71540,1,0,106306
71541,3,0,106309
71542,1,0,106310
71543,2,0,106312
71544,1,0,106313
71545,1,0,106314
71546,2,0,106316
71547,1,0,106317
71548,1,0,106318
71549,1,0,106319
71550,1,0,106320
71551,1,0,106321
71552,1,0,106322
71553,1,0,106323
71554,1,0,106324
71555,2,0,106326
71556,1,0,106327
71557,1,0,106328
71558,2,0,106330
71559,1,0,106331
71560,1,0,106332
71561,2,0,106334
71562,1,0,106335
71563,1,0,106336
71564,1,0,106337
71565,1,0,106338
71566,1,0,106339
71567,2,0,106341
71568,1,0,106342
71569,1,0,106343
71570,2,0,106345
71571,3,0,106348
71572,1,0,106349
71573,1,0,106350
71574,1,0,106351
71575,1,0,106352
71576,1,0,106353
71577,1,0,106354
71578,1,0,106355
71579,1,0,106356
71580,1,0,106357
71581,1,0,106358
71582,2,0,106360
71583,1,0,106361
71584,1,0,106362
71585,1,0,106363
71586,3,0,106366
71587,1,0,106367
71588,1,0,106368
71589,2,0,106370
71590,1,0,106371
71591,1,0,106372
71592,1,0,106373
71593,1,0,106374
71594,1,0,106375
71595,1,0,106376
71596,1,0,106377
71597,1,0,106378
71598,1,0,106379
71599,1,0,106380
71600,1,0,106381
71601,1,0,106382
71602,1,0,106383
71603,1,0,106384
71604,1,0,106385
71605,2,0,106387
71606,3,0,106390
71607,1,0,106391
71608,4,0,106395
71609,1,0,106396
71610,1,0,106397
71611,1,0,106398
71612,4,0,106402
71613,2,0,106404
71614,4,0,106408
71615,2,0,106410
71616,1,0,106411
71617,3,0,106414
71618,1,0,106415
71619,1,0,106416
71620,1,0,106417
71621,1,0,106418
71622,1,0,106419
71623,1,0,106420
71624,1,0,106421
71625,1,0,106422
71626,2,0,106424
71627,1,0,106425
71628,1,0,106426
71629,2,0,106428
71630,1,0,106429
71631,3,0,106432
71632,1,0,106433
71633,1,0,106434
71634,1,0,106435
71635,1,0,106436
71636,1,0,106437
71637,1,0,106438
71638,1,0,106439
71639,2,0,106441
71640,2,0,106443
71641,1,0,106444
71642,1,0,106445
71643,2,0,106447
71644,2,0,106449
71645,1,0,106450
71646,2,0,106452
71647,1,0,106453
71648,4,0,106457
71649,1,0,106458
71650,1,0,106459
71651,1,0,106460
71652,1,0,106461
71653,4,0,106465
71654,3,0,106468
71655,1,0,106469
71656,2,0,106471
71657,1,0,106472
71658,2,0,106474
71659,1,0,106475
71660,2,0,106477
71661,1,0,106478
71662,3,0,106481
71663,1,0,106482
71664,1,0,106483
71665,1,0,106484
71666,1,0,106485
71667,1,0,106486
71668,2,0,106488
71669,1,0,106489
71670,1,0,106490
71671,1,0,106491
71672,1,0,106492
71673,1,0,106493
71674,1,0,106494
71675,2,0,106496
71676,2,0,106498
71677,1,0,106499
71678,2,0,106501
71679,1,0,106502
71680,1,0,106503
71681,3,0,106506
71682,2,0,106508
71683,1,0,106509
71684,2,0,106511
71685,1,0,106512
71686,3,0,106515
71687,3,0,106518
71688,1,0,106519
71689,1,0,106520
71690,1,0,106521
71691,2,0,106523
71692,1,0,106524
71693,2,0,106526
71694,4,0,106530
71695,1,0,106531
71696,1,0,106532
71697,3,0,106535
71698,2,0,106537
71699,1,0,106538
71700,3,0,106541
71701,2,0,106543
71702,1,0,106544
71703,1,0,106545
71704,2,0,106547
71705,1,0,106548
71706,4,0,106552
71707,1,0,106553
71708,2,0,106555
71709,2,0,106557
71710,1,0,106558
71711,3,0,106561
71712,1,0,106562
71713,1,0,106563
71714,3,0,106566
71715,3,0,106569
71716,1,0,106570
71717,1,0,106571
71718,1,0,106572
71719,1,0,106573
71720,1,0,106574
71721,1,0,106575
71722,1,0,106576
71723,1,0,106577
71724,3,0,106580
71725,3,0,106583
71726,1,0,106584
71727,1,0,106585
71728,2,0,106587
71729,1,0,106588
71730,2,0,106590
71731,1,0,106591
71732,1,0,106592
71733,1,0,106593
71734,1,0,106594
71735,1,0,106595
71736,1,0,106596
71737,1,0,106597
71738,1,0,106598
71739,1,0,106599
71740,1,0,106600
71741,2,0,106602
71742,1,0,106603
71743,3,0,106606
71744,2,0,106608
71745,3,0,106611
71746,1,0,106612
71747,2,0,106614
71748,2,0,106616
71749,1,0,106617
71750,5,0,106622
71751,2,0,106624
71752,1,0,106625
71753,1,0,106626
71754,1,0,106627
71755,2,0,106629
71756,1,0,106630
71757,1,0,106631
71758,2,0,106633
71759,2,0,106635
71760,3,0,106638
71761,3,0,106641
71762,1,0,106642
71763,1,0,106643
71764,1,0,106644
71765,3,0,106647
71766,1,0,106648
71767,2,0,106650
71768,2,0,106652
71769,1,0,106653
71770,1,0,106654
71771,2,0,106656
71772,2,0,106658
71773,2,0,106660
71774,1,0,106661
71775,2,0,106663
71776,1,0,106664
71777,1,0,106665
71778,2,0,106667
71779,1,0,106668
71780,1,0,106669
71781,2,0,106671
71782,1,0,106672
71783,1,0,106673
71784,1,0,106674
71785,1,0,106675
71786,1,0,106676
71787,2,0,106678
71788,2,0,106680
71789,1,0,106681
71790,1,0,106682
71791,1,0,106683
71792,1,0,106684
71793,1,0,106685
71794,1,0,106686
71795,1,0,106687
71796,2,0,106689
71797,1,0,106690
71798,1,0,106691
71799,1,0,106692
71800,1,0,106693
71801,2,0,106695
71802,1,0,106696
71803,1,0,106697
71804,2,0,106699
71805,1,0,106700
71806,2,0,106702
71807,2,0,106704
71808,3,0,106707
71809,2,0,106709
71810,1,0,106710
71811,1,0,106711
71812,3,0,106714
71813,1,0,106715
71814,1,0,106716
71815,4,0,106720
71816,1,0,106721
71817,1,0,106722
71818,2,0,106724
71819,1,0,106725
71820,1,0,106726
71821,1,0,106727
71822,1,0,106728
71823,1,0,106729
71824,1,0,106730
71825,2,0,106732
71826,2,0,106734
71827,2,0,106736
71828,4,0,106740
71829,1,0,106741
71830,1,0,106742
71831,1,0,106743
71832,1,0,106744
71833,5,0,106749
71834,2,0,106751
71835,1,0,106752
71836,4,0,106756
71837,6,0,106762
71838,1,0,106763
71839,1,0,106764
71840,1,0,106765
71841,1,0,106766
71842,1,0,106767
71843,2,0,106769
71844,2,0,106771
71845,1,0,106772
71846,1,0,106773
71847,1,0,106774
71848,2,0,106776
71849,1,0,106777
71850,1,0,106778
71851,1,0,106779
71852,2,0,106781
71853,1,0,106782
71854,1,0,106783
71855,1,0,106784
71856,2,0,106786
71857,1,0,106787
71858,3,0,106790
71859,1,0,106791
71860,1,0,106792
71861,1,0,106793
71862,2,0,106795
71863,2,0,106797
71864,1,0,106798
71865,6,0,106804
71866,2,0,106806
71867,1,0,106807
71868,1,0,106808
71869,1,0,106809
71870,2,0,106811
71871,1,0,106812
71872,1,0,106813
71873,2,0,106815
71874,1,0,106816
71875,1,0,106817
71876,1,0,106818
71877,1,0,106819
71878,1,0,106820
71879,2,0,106822
71880,2,0,106824
71881,1,0,106825
71882,1,0,106826
71883,3,0,106829
71884,2,0,106831
71885,1,0,106832
71886,1,0,106833
71887,1,0,106834
71888,3,0,106837
71889,1,0,106838
71890,1,0,106839
71891,1,0,106840
71892,1,0,106841
71893,1,0,106842
71894,2,0,106844
71895,1,0,106845
71896,2,0,106847
71897,1,0,106848
71898,3,0,106851
71899,3,0,106854
71900,1,0,106855
71901,1,0,106856
71902,1,0,106857
71903,1,0,106858
71904,3,0,106861
71905,2,0,106863
71906,1,0,106864
71907,1,0,106865
71908,1,0,106866
71909,1,0,106867
71910,1,0,106868
71911,1,0,106869
71912,1,0,106870
71913,1,0,106871
71914,2,0,106873
71915,1,0,106874
71916,2,0,106876
71917,1,0,106877
71918,1,0,106878
71919,2,0,106880
71920,1,0,106881
71921,2,0,106883
71922,3,0,106886
71923,2,0,106888
71924,1,0,106889
71925,1,0,106890
71926,1,0,106891
71927,1,0,106892
71928,1,0,106893
71929,1,0,106894
71930,1,0,106895
71931,1,0,106896
71932,1,0,106897
71933,2,0,106899
71934,1,0,106900
71935,2,0,106902
71936,1,0,106903
71937,1,0,106904
71938,2,0,106906
71939,1,0,106907
71940,1,0,106908
71941,1,0,106909
71942,2,0,106911
71943,2,0,106913
71944,1,0,106914
71945,1,0,106915
71946,2,0,106917
71947,1,0,106918
71948,2,0,106920
71949,1,0,106921
71950,2,0,106923
71951,4,0,106927
71952,2,0,106929
71953,2,0,106931
71954,4,0,106935
71955,2,0,106937
71956,1,0,106938
71957,1,0,106939
71958,1,0,106940
71959,1,0,106941
71960,2,0,106943
71961,4,0,106947
71962,1,0,106948
71963,2,0,106950
71964,2,0,106952
71965,1,0,106953
71966,1,0,106954
71967,2,0,106956
71968,1,0,106957
71969,1,0,106958
71970,2,0,106960
71971,1,0,106961
71972,1,0,106962
71973,2,0,106964
71974,1,0,106965
71975,3,0,106968
71976,1,0,106969
71977,2,0,106971
71978,1,0,106972
71979,2,0,106974
71980,2,0,106976
71981,1,0,106977
71982,1,0,106978
71983,1,0,106979
71984,1,0,106980
71985,1,0,106981
71986,1,0,106982
71987,1,0,106983
71988,1,0,106984
71989,1,0,106985
71990,1,0,106986
71991,1,0,106987
71992,1,0,106988
71993,1,0,106989
71994,2,0,106991
71995,2,0,106993
71996,2,0,106995
71997,1,0,106996
71998,2,0,106998
71999,1,0,106999
72000,2,0,107001
72001,1,0,107002
72002,4,0,107006
72003,4,0,107010
72004,2,0,107012
72005,1,0,107013
72006,1,0,107014
72007,1,0,107015
72008,3,0,107018
72009,1,0,107019
72010,2,0,107021
72011,2,0,107023
72012,1,0,107024
72013,2,0,107026
72014,1,0,107027
72015,1,0,107028
72016,1,0,107029
72017,2,0,107031
72018,1,0,107032
72019,2,0,107034
72020,5,0,107039
72021,3,0,107042
72022,1,0,107043
72023,1,0,107044
72024,1,0,107045
72025,1,0,107046
72026,1,0,107047
72027,1,0,107048
72028,1,0,107049
72029,1,0,107050
72030,1,0,107051
72031,1,0,107052
72032,1,0,107053
72033,2,0,107055
72034,1,0,107056
72035,1,0,107057
72036,2,0,107059
72037,2,0,107061
72038,1,0,107062
72039,1,0,107063
72040,1,0,107064
72041,1,0,107065
72042,1,0,107066
72043,1,0,107067
72044,2,0,107069
72045,2,0,107071
72046,1,0,107072
72047,3,0,107075
72048,1,0,107076
72049,2,0,107078
72050,1,0,107079
72051,2,0,107081
72052,3,0,107084
72053,1,0,107085
72054,1,0,107086
72055,2,0,107088
72056,1,0,107089
72057,1,0,107090
72058,4,0,107094
72059,1,0,107095
72060,2,0,107097
72061,1,0,107098
72062,3,0,107101
72063,1,0,107102
72064,1,0,107103
72065,3,0,107106
72066,1,0,107107
72067,1,0,107108
72068,1,0,107109
72069,1,0,107110
72070,2,0,107112
72071,2,0,107114
72072,1,0,107115
72073,1,0,107116
72074,1,0,107117
72075,1,0,107118
72076,1,0,107119
72077,1,0,107120
72078,1,0,107121
72079,1,0,107122
72080,1,0,107123
72081,1,0,107124
72082,2,0,107126
72083,1,0,107127
72084,1,0,107128
72085,1,0,107129
72086,2,0,107131
72087,2,0,107133
72088,1,0,107134
72089,1,0,107135
72090,1,0,107136
72091,2,0,107138
72092,1,0,107139
72093,1,0,107140
72094,1,0,107141
72095,1,0,107142
72096,1,0,107143
72097,1,0,107144
72098,2,0,107146
72099,1,0,107147
72100,1,0,107148
72101,1,0,107149
72102,2,0,107151
72103,1,0,107152
72104,2,0,107154
72105,1,0,107155
72106,1,0,107156
72107,1,0,107157
72108,1,0,107158
72109,1,0,107159
72110,1,0,107160
72111,1,0,107161
72112,1,0,107162
72113,1,0,107163
72114,1,0,107164
72115,1,0,107165
72116,3,0,107168
72117,3,0,107171
72118,1,0,107172
72119,1,0,107173
72120,1,0,107174
72121,1,0,107175
72122,5,0,107180
72123,1,0,107181
72124,1,0,107182
72125,1,0,107183
72126,4,0,107187
72127,1,0,107188
72128,1,0,107189
72129,3,0,107192
72130,1,0,107193
72131,1,0,107194
72132,1,0,107195
72133,1,0,107196
72134,1,0,107197
72135,3,0,107200
72136,4,0,107204
72137,1,0,107205
72138,1,0,107206
72139,1,0,107207
72140,3,0,107210
72141,1,0,107211
72142,1,0,107212
72143,5,0,107217
72144,3,0,107220
72145,1,0,107221
72146,1,0,107222
72147,1,0,107223
72148,1,0,107224
72149,1,0,107225
72150,1,0,107226
72151,1,0,107227
72152,1,0,107228
72153,1,0,107229
72154,2,0,107231
72155,1,0,107232
72156,1,0,107233
72157,1,0,107234
72158,1,0,107235
72159,1,0,107236
72160,1,0,107237
72161,1,0,107238
72162,1,0,107239
72163,3,0,107242
72164,1,0,107243
72165,1,0,107244
72166,1,0,107245
72167,3,0,107248
72168,2,0,107250
72169,2,0,107252
72170,1,0,107253
72171,1,0,107254
72172,1,0,107255
72173,1,0,107256
72174,2,0,107258
72175,2,0,107260
72176,2,0,107262
72177,1,0,107263
72178,1,0,107264
72179,1,0,107265
72180,1,0,107266
72181,2,0,107268
72182,1,0,107269
72183,2,0,107271
72184,1,0,107272
72185,3,0,107275
72186,1,0,107276
72187,1,0,107277
72188,1,0,107278
72189,2,0,107280
72190,1,0,107281
72191,3,0,107284
72192,1,0,107285
72193,2,0,107287
72194,1,0,107288
72195,1,0,107289
72196,2,0,107291
72197,1,0,107292
72198,4,0,107296
72199,1,0,107297
72200,2,0,107299
72201,1,0,107300
72202,1,0,107301
72203,1,0,107302
72204,2,0,107304
72205,3,0,107307
72206,1,0,107308
72207,1,0,107309
72208,2,0,107311
72209,1,0,107312
72210,1,0,107313
72211,3,0,107316
72212,1,0,107317
72213,2,0,107319
72214,2,0,107321
72215,1,0,107322
72216,1,0,107323
72217,1,0,107324
72218,1,0,107325
72219,1,0,107326
72220,2,0,107328
72221,1,0,107329
72222,1,0,107330
72223,1,0,107331
72224,1,0,107332
72225,2,0,107334
72226,1,0,107335
72227,3,0,107338
72228,2,0,107340
72229,2,0,107342
72230,1,0,107343
72231,1,0,107344
72232,1,0,107345
72233,1,0,107346
72234,3,0,107349
72235,1,0,107350
72236,1,0,107351
72237,1,0,107352
72238,1,0,107353
72239,2,0,107355
72240,1,0,107356
72241,1,0,107357
72242,3,0,107360
72243,2,0,107362
72244,1,0,107363
72245,2,0,107365
72246,1,0,107366
72247,2,0,107368
72248,1,0,107369
72249,1,0,107370
72250,1,0,107371
72251,3,0,107374
72252,1,0,107375
72253,3,0,107378
72254,2,0,107380
72255,1,0,107381
72256,2,0,107383
72257,1,0,107384
72258,1,0,107385
72259,2,0,107387
72260,1,0,107388
72261,2,0,107390
72262,2,0,107392
72263,4,0,107396
72264,1,0,107397
72265,1,0,107398
72266,1,0,107399
72267,2,0,107401
72268,1,0,107402
72269,1,0,107403
72270,1,0,107404
72271,1,0,107405
72272,1,0,107406
72273,1,0,107407
72274,1,0,107408
72275,1,0,107409
72276,4,0,107413
72277,4,0,107417
72278,6,0,107423
72279,1,0,107424
72280,1,0,107425
72281,3,0,107428
72282,2,0,107430
72283,1,0,107431
72284,2,0,107433
72285,3,0,107436
72286,1,0,107437
72287,1,0,107438
72288,2,0,107440
72289,1,0,107441
72290,1,0,107442
72291,1,0,107443
72292,1,0,107444
72293,1,0,107445
72294,1,0,107446
72295,1,0,107447
72296,1,0,107448
72297,1,0,107449
72298,2,0,107451
72299,3,0,107454
72300,1,0,107455
72301,2,0,107457
72302,1,0,107458
72303,1,0,107459
72304,2,0,107461
72305,1,0,107462
72306,2,0,107464
72307,1,0,107465
72308,2,0,107467
72309,1,0,107468
72310,1,0,107469
72311,1,0,107470
72312,4,0,107474
72313,1,0,107475
72314,1,0,107476
72315,1,0,107477
72316,2,0,107479
72317,1,0,107480
72318,1,0,107481
72319,1,0,107482
72320,2,0,107484
72321,1,0,107485
72322,2,0,107487
72323,3,0,107490
72324,1,0,107491
72325,2,0,107493
72326,2,0,107495
72327,1,0,107496
72328,3,0,107499
72329,3,0,107502
72330,3,0,107505
72331,1,0,107506
72332,2,0,107508
72333,1,0,107509
72334,1,0,107510
72335,1,0,107511
72336,1,0,107512
72337,1,0,107513
72338,1,0,107514
72339,1,0,107515
72340,1,0,107516
72341,1,0,107517
72342,1,0,107518
72343,2,0,107520
72344,2,0,107522
72345,1,0,107523
72346,2,0,107525
72347,2,0,107527
72348,1,0,107528
72349,1,0,107529
72350,1,0,107530
72351,1,0,107531
72352,2,0,107533
72353,2,0,107535
72354,1,0,107536
72355,1,0,107537
72356,2,0,107539
72357,2,0,107541
72358,1,0,107542
72359,1,0,107543
72360,1,0,107544
72361,1,0,107545
72362,1,0,107546
72363,1,0,107547
72364,1,0,107548
72365,1,0,107549
72366,1,0,107550
72367,1,0,107551
72368,1,0,107552
72369,1,0,107553
72370,1,0,107554
72371,1,0,107555
72372,1,0,107556
72373,2,0,107558
72374,2,0,107560
72375,3,0,107563
72376,1,0,107564
72377,1,0,107565
72378,3,0,107568
72379,2,0,107570
72380,1,0,107571
72381,1,0,107572
72382,2,0,107574
72383,2,0,107576
72384,1,0,107577
72385,2,0,107579
72386,1,0,107580
72387,1,0,107581
72388,1,0,107582
72389,1,0,107583
72390,1,0,107584
72391,1,0,107585
72392,3,0,107588
72393,1,0,107589
72394,1,0,107590
72395,1,0,107591
72396,1,0,107592
72397,3,0,107595
72398,1,0,107596
72399,1,0,107597
72400,1,0,107598
72401,1,0,107599
72402,1,0,107600
72403,1,0,107601
72404,2,0,107603
72405,1,0,107604
72406,1,0,107605
72407,1,0,107606
72408,1,0,107607
72409,1,0,107608
72410,1,0,107609
72411,1,0,107610
72412,2,0,107612
72413,1,0,107613
72414,1,0,107614
72415,1,0,107615
72416,1,0,107616
72417,1,0,107617
72418,1,0,107618
72419,1,0,107619
72420,1,0,107620
72421,1,0,107621
72422,2,0,107623
72423,2,0,107625
72424,2,0,107627
72425,2,0,107629
72426,1,0,107630
72427,1,0,107631
72428,1,0,107632
72429,1,0,107633
72430,1,0,107634
72431,1,0,107635
72432,2,0,107637
72433,1,0,107638
72434,2,0,107640
72435,2,0,107642
72436,1,0,107643
72437,1,0,107644
72438,2,0,107646
72439,1,0,107647
72440,1,0,107648
72441,2,0,107650
72442,1,0,107651
72443,1,0,107652
72444,1,0,107653
72445,1,0,107654
72446,1,0,107655
72447,3,0,107658
72448,3,0,107661
72449,5,0,107666
72450,1,0,107667
72451,1,0,107668
72452,1,0,107669
72453,1,0,107670
72454,1,0,107671
72455,2,0,107673
72456,2,0,107675
72457,1,0,107676
72458,1,0,107677
72459,4,0,107681
72460,1,0,107682
72461,1,0,107683
72462,1,0,107684
72463,2,0,107686
72464,1,0,107687
72465,1,0,107688
72466,1,0,107689
72467,1,0,107690
72468,1,0,107691
72469,3,0,107694
72470,1,0,107695
72471,1,0,107696
72472,1,0,107697
72473,1,0,107698
72474,1,0,107699
72475,1,0,107700
72476,1,0,107701
72477,3,0,107704
72478,1,0,107705
72479,3,0,107708
72480,1,0,107709
72481,1,0,107710
72482,1,0,107711
72483,4,0,107715
72484,2,0,107717
72485,1,0,107718
72486,1,0,107719
72487,1,0,107720
72488,1,0,107721
72489,1,0,107722
72490,2,0,107724
72491,1,0,107725
72492,1,0,107726
72493,1,0,107727
72494,1,0,107728
72495,1,0,107729
72496,1,0,107730
72497,3,0,107733
72498,1,0,107734
72499,1,0,107735
72500,1,0,107736
72501,2,0,107738
72502,5,0,107743
72503,1,0,107744
72504,2,0,107746
72505,1,0,107747
72506,3,0,107750
72507,1,0,107751
72508,3,0,107754
72509,2,0,107756
72510,7,0,107763
72511,1,0,107764
72512,1,0,107765
72513,3,0,107768
72514,3,0,107771
72515,1,0,107772
72516,3,0,107775
72517,1,0,107776
72518,1,0,107777
72519,1,0,107778
72520,1,0,107779
72521,2,0,107781
72522,1,0,107782
72523,1,0,107783
72524,4,0,107787
72525,1,0,107788
72526,1,0,107789
72527,1,0,107790
72528,1,0,107791
72529,1,0,107792
72530,2,0,107794
72531,1,0,107795
72532,1,0,107796
72533,2,0,107798
72534,3,0,107801
72535,1,0,107802
72536,2,0,107804
72537,1,0,107805
72538,1,0,107806
72539,2,0,107808
72540,2,0,107810
72541,1,0,107811
72542,1,0,107812
72543,2,0,107814
72544,3,0,107817
72545,1,0,107818
72546,1,0,107819
72547,1,0,107820
72548,1,0,107821
72549,1,0,107822
72550,2,0,107824
72551,1,0,107825
72552,1,0,107826
72553,1,0,107827
72554,1,0,107828
72555,1,0,107829
72556,1,0,107830
72557,1,0,107831
72558,1,0,107832
72559,1,0,107833
72560,1,0,107834
72561,1,0,107835
72562,1,0,107836
72563,1,0,107837
72564,1,0,107838
72565,1,0,107839
72566,1,0,107840
72567,1,0,107841
72568,1,0,107842
72569,1,0,107843
72570,1,0,107844
72571,1,0,107845
72572,1,0,107846
72573,1,0,107847
72574,1,0,107848
72575,1,0,107849
72576,1,0,107850
72577,1,0,107851
72578,1,0,107852
72579,1,0,107853
72580,1,0,107854
72581,2,0,107856
72582,4,0,107860
72583,3,0,107863
72584,2,0,107865
72585,1,0,107866
72586,1,0,107867
72587,1,0,107868
72588,1,0,107869
72589,1,0,107870
72590,1,0,107871
72591,1,0,107872
72592,1,0,107873
72593,1,0,107874
72594,2,0,107876
72595,2,0,107878
72596,2,0,107880
72597,1,0,107881
72598,1,0,107882
72599,1,0,107883
72600,1,0,107884
72601,2,0,107886
72602,2,0,107888
72603,1,0,107889
72604,3,0,107892
72605,2,0,107894
72606,1,0,107895
72607,1,0,107896
72608,1,0,107897
72609,1,0,107898
72610,1,0,107899
72611,2,0,107901
72612,2,0,107903
72613,2,0,107905
72614,2,0,107907
72615,4,0,107911
72616,2,0,107913
72617,1,0,107914
72618,4,0,107918
72619,2,0,107920
72620,1,0,107921
72621,1,0,107922
72622,3,0,107925
72623,2,0,107927
72624,1,0,107928
72625,3,0,107931
72626,1,0,107932
72627,1,0,107933
72628,1,0,107934
72629,2,0,107936
72630,1,0,107937
72631,1,0,107938
72632,1,0,107939
72633,1,0,107940
72634,5,0,107945
72635,1,0,107946
72636,3,0,107949
72637,1,0,107950
72638,1,0,107951
72639,1,0,107952
72640,2,0,107954
72641,1,0,107955
72642,1,0,107956
72643,1,0,107957
72644,4,0,107961
72645,1,0,107962
72646,2,0,107964
72647,2,0,107966
72648,1,0,107967
72649,1,0,107968
72650,4,0,107972
72651,1,0,107973
72652,1,0,107974
72653,1,0,107975
72654,2,0,107977
72655,3,0,107980
72656,1,0,107981
72657,2,0,107983
72658,1,0,107984
72659,1,0,107985
72660,1,0,107986
72661,1,0,107987
72662,1,0,107988
72663,1,0,107989
72664,3,0,107992
72665,1,0,107993
72666,1,0,107994
72667,1,0,107995
72668,2,0,107997
72669,1,0,107998
72670,1,0,107999
72671,2,0,108001
72672,1,0,108002
72673,1,0,108003
72674,2,0,108005
72675,3,0,108008
72676,2,0,108010
72677,1,0,108011
72678,2,0,108013
72679,1,0,108014
72680,1,0,108015
72681,1,0,108016
72682,1,0,108017
72683,5,0,108022
72684,1,0,108023
72685,3,0,108026
72686,1,0,108027
72687,3,0,108030
72688,2,0,108032
72689,1,0,108033
72690,3,0,108036
72691,1,0,108037
72692,1,0,108038
72693,1,0,108039
72694,1,0,108040
72695,1,0,108041
72696,1,0,108042
72697,3,0,108045
72698,1,0,108046
72699,2,0,108048
72700,1,0,108049
72701,1,0,108050
72702,1,0,108051
72703,1,0,108052
72704,1,0,108053
72705,1,0,108054
72706,1,0,108055
72707,1,0,108056
72708,1,0,108057
72709,2,0,108059
72710,1,0,108060
72711,1,0,108061
72712,1,0,108062
72713,5,0,108067
72714,1,0,108068
72715,1,0,108069
72716,1,0,108070
72717,2,0,108072
72718,2,0,108074
72719,2,0,108076
72720,2,0,108078
72721,1,0,108079
72722,1,0,108080
72723,2,0,108082
72724,5,0,108087
72725,1,0,108088
72726,4,0,108092
72727,3,0,108095
72728,4,0,108099
72729,2,0,108101
72730,1,0,108102
72731,3,0,108105
72732,2,0,108107
72733,1,0,108108
72734,2,0,108110
72735,1,0,108111
72736,1,0,108112
72737,1,0,108113
72738,1,0,108114
72739,2,0,108116
72740,2,0,108118
72741,1,0,108119
72742,1,0,108120
72743,1,0,108121
72744,2,0,108123
72745,1,0,108124
72746,2,0,108126
72747,1,0,108127
72748,1,0,108128
72749,1,0,108129
72750,1,0,108130
72751,1,0,108131
72752,1,0,108132
72753,1,0,108133
72754,1,0,108134
72755,1,0,108135
72756,1,0,108136
72757,1,0,108137
72758,2,0,108139
72759,1,0,108140
72760,1,0,108141
72761,1,0,108142
72762,1,0,108143
72763,1,0,108144
72764,1,0,108145
72765,1,0,108146
72766,4,0,108150
72767,3,0,108153
72768,1,0,108154
72769,1,0,108155
72770,1,0,108156
72771,1,0,108157
72772,1,0,108158
72773,7,0,108165
72774,1,0,108166
72775,1,0,108167
72776,1,0,108168
72777,2,0,108170
72778,1,0,108171
72779,2,0,108173
72780,3,0,108176
72781,1,0,108177
72782,1,0,108178
72783,3,0,108181
72784,1,0,108182
72785,1,0,108183
72786,2,0,108185
72787,1,0,108186
72788,1,0,108187
72789,2,0,108189
72790,1,0,108190
72791,1,0,108191
72792,1,0,108192
72793,1,0,108193
72794,1,0,108194
72795,3,0,108197
72796,1,0,108198
72797,2,0,108200
72798,1,0,108201
72799,2,0,108203
72800,1,0,108204
72801,1,0,108205
72802,1,0,108206
72803,1,0,108207
72804,1,0,108208
72805,2,0,108210
72806,1,0,108211
72807,1,0,108212
72808,2,0,108214
72809,3,0,108217
72810,1,0,108218
72811,3,0,108221
72812,1,0,108222
72813,2,0,108224
72814,1,0,108225
72815,1,0,108226
72816,1,0,108227
72817,3,0,108230
72818,1,0,108231
72819,1,0,108232
72820,2,0,108234
72821,2,0,108236
72822,1,0,108237
72823,1,0,108238
72824,2,0,108240
72825,2,0,108242
72826,1,0,108243
72827,1,0,108244
72828,1,0,108245
72829,1,0,108246
72830,2,0,108248
72831,3,0,108251
72832,1,0,108252
72833,1,0,108253
72834,1,0,108254
72835,3,0,108257
72836,1,0,108258
72837,1,0,108259
72838,2,0,108261
72839,1,0,108262
72840,1,0,108263
72841,1,0,108264
72842,1,0,108265
72843,1,0,108266
72844,1,0,108267
72845,2,0,108269
72846,1,0,108270
72847,1,0,108271
72848,2,0,108273
72849,1,0,108274
72850,1,0,108275
72851,1,0,108276
72852,1,0,108277
72853,3,0,108280
72854,1,0,108281
72855,2,0,108283
72856,1,0,108284
72857,1,0,108285
72858,1,0,108286
72859,1,0,108287
72860,1,0,108288
72861,2,0,108290
72862,1,0,108291
72863,2,0,108293
72864,2,0,108295
72865,1,0,108296
72866,3,0,108299
72867,2,0,108301
72868,2,0,108303
72869,3,0,108306
72870,1,0,108307
72871,1,0,108308
72872,2,0,108310
72873,1,0,108311
72874,4,0,108315
72875,1,0,108316
72876,2,0,108318
72877,1,0,108319
72878,1,0,108320
72879,1,0,108321
72880,1,0,108322
72881,2,0,108324
72882,2,0,108326
72883,1,0,108327
72884,2,0,108329
72885,1,0,108330
72886,1,0,108331
72887,1,0,108332
72888,1,0,108333
72889,1,0,108334
72890,1,0,108335
72891,4,0,108339
72892,1,0,108340
72893,1,0,108341
72894,1,0,108342
72895,1,0,108343
72896,1,0,108344
72897,4,0,108348
72898,1,0,108349
72899,1,0,108350
72900,1,0,108351
72901,1,0,108352
72902,2,0,108354
72903,1,0,108355
72904,1,0,108356
72905,2,0,108358
72906,1,0,108359
72907,1,0,108360
72908,1,0,108361
72909,1,0,108362
72910,1,0,108363
72911,1,0,108364
72912,2,0,108366
72913,2,0,108368
72914,1,0,108369
72915,4,0,108373
72916,1,0,108374
72917,1,0,108375
72918,1,0,108376
72919,3,0,108379
72920,6,0,108385
72921,1,0,108386
72922,2,0,108388
72923,1,0,108389
72924,1,0,108390
72925,3,0,108393
72926,1,0,108394
72927,1,0,108395
72928,1,0,108396
72929,2,0,108398
72930,1,0,108399
72931,2,0,108401
72932,1,0,108402
72933,1,0,108403
72934,1,0,108404
72935,1,0,108405
72936,3,0,108408
72937,2,0,108410
72938,2,0,108412
72939,1,0,108413
72940,1,0,108414
72941,1,0,108415
72942,1,0,108416
72943,3,0,108419
72944,3,0,108422
72945,1,0,108423
72946,1,0,108424
72947,1,0,108425
72948,1,0,108426
72949,1,0,108427
72950,4,0,108431
72951,1,0,108432
72952,1,0,108433
72953,1,0,108434
72954,1,0,108435
72955,1,0,108436
72956,1,0,108437
72957,1,0,108438
72958,2,0,108440
72959,1,0,108441
72960,3,0,108444
72961,1,0,108445
72962,2,0,108447
72963,1,0,108448
72964,2,0,108450
72965,1,0,108451
72966,3,0,108454
72967,1,0,108455
72968,2,0,108457
72969,1,0,108458
72970,2,0,108460
72971,1,0,108461
72972,1,0,108462
72973,1,0,108463
72974,1,0,108464
72975,2,0,108466
72976,2,0,108468
72977,2,0,108470
72978,1,0,108471
72979,2,0,108473
72980,1,0,108474
72981,2,0,108476
72982,1,0,108477
72983,1,0,108478
72984,1,0,108479
72985,2,0,108481
72986,1,0,108482
72987,1,0,108483
72988,1,0,108484
72989,3,0,108487
72990,1,0,108488
72991,1,0,108489
72992,1,0,108490
72993,3,0,108493
72994,1,0,108494
72995,1,0,108495
72996,1,0,108496
72997,1,0,108497
72998,2,0,108499
72999,1,0,108500
73000,1,0,108501
73001,1,0,108502
73002,1,0,108503
73003,3,0,108506
73004,1,0,108507
73005,1,0,108508
73006,1,0,108509
73007,1,0,108510
73008,1,0,108511
73009,1,0,108512
73010,1,0,108513
73011,2,0,108515
73012,1,0,108516
73013,1,0,108517
73014,3,0,108520
73015,2,0,108522
73016,1,0,108523
73017,1,0,108524
73018,1,0,108525
73019,2,0,108527
73020,1,0,108528
73021,1,0,108529
73022,2,0,108531
73023,1,0,108532
73024,1,0,108533
73025,2,0,108535
73026,1,0,108536
73027,1,0,108537
73028,2,0,108539
73029,1,0,108540
73030,2,0,108542
73031,3,0,108545
73032,1,0,108546
73033,1,0,108547
73034,1,0,108548
73035,1,0,108549
73036,1,0,108550
73037,1,0,108551
73038,1,0,108552
73039,1,0,108553
73040,1,0,108554
73041,1,0,108555
73042,1,0,108556
73043,1,0,108557
73044,2,0,108559
73045,1,0,108560
73046,2,0,108562
73047,2,0,108564
73048,2,0,108566
73049,2,0,108568
73050,1,0,108569
73051,1,0,108570
73052,1,0,108571
73053,1,0,108572
73054,3,0,108575
73055,2,0,108577
73056,1,0,108578
73057,1,0,108579
73058,2,0,108581
73059,3,0,108584
73060,1,0,108585
73061,1,0,108586
73062,1,0,108587
73063,2,0,108589
73064,2,0,108591
73065,1,0,108592
73066,1,0,108593
73067,2,0,108595
73068,2,0,108597
73069,1,0,108598
73070,1,0,108599
73071,3,0,108602
73072,2,0,108604
73073,1,0,108605
73074,1,0,108606
73075,4,0,108610
73076,1,0,108611
73077,2,0,108613
73078,1,0,108614
73079,1,0,108615
73080,2,0,108617
73081,1,0,108618
73082,1,0,108619
73083,1,0,108620
73084,1,0,108621
73085,1,0,108622
73086,2,0,108624
73087,3,0,108627
73088,1,0,108628
73089,1,0,108629
73090,4,0,108633
73091,1,0,108634
73092,1,0,108635
73093,1,0,108636
73094,1,0,108637
73095,1,0,108638
73096,1,0,108639
73097,2,0,108641
73098,2,0,108643
73099,1,0,108644
73100,1,0,108645
73101,1,0,108646
73102,2,0,108648
73103,1,0,108649
73104,2,0,108651
73105,2,0,108653
73106,1,0,108654
73107,4,0,108658
73108,1,0,108659
73109,1,0,108660
73110,2,0,108662
73111,2,0,108664
73112,2,0,108666
73113,3,0,108669
73114,2,0,108671
73115,2,0,108673
73116,1,0,108674
73117,4,0,108678
73118,1,0,108679
73119,1,0,108680
73120,1,0,108681
73121,1,0,108682
73122,1,0,108683
73123,2,0,108685
73124,2,0,108687
73125,1,0,108688
73126,2,0,108690
73127,1,0,108691
73128,2,0,108693
73129,1,0,108694
73130,1,0,108695
73131,4,0,108699
73132,1,0,108700
73133,1,0,108701
73134,1,0,108702
73135,1,0,108703
73136,1,0,108704
73137,1,0,108705
73138,2,0,108707
73139,1,0,108708
73140,1,0,108709
73141,1,0,108710
73142,1,0,108711
73143,1,0,108712
73144,2,0,108714
73145,1,0,108715
73146,1,0,108716
73147,1,0,108717
73148,1,0,108718
73149,1,0,108719
73150,2,0,108721
73151,1,0,108722
73152,1,0,108723
73153,1,0,108724
73154,1,0,108725
73155,1,0,108726
73156,3,0,108729
73157,1,0,108730
73158,1,0,108731
73159,1,0,108732
73160,1,0,108733
73161,1,0,108734
73162,2,0,108736
73163,2,0,108738
73164,1,0,108739
73165,1,0,108740
73166,2,0,108742
73167,1,0,108743
73168,1,0,108744
73169,1,0,108745
73170,1,0,108746
73171,1,0,108747
73172,1,0,108748
73173,1,0,108749
73174,4,0,108753
73175,1,0,108754
73176,1,0,108755
73177,3,0,108758
73178,1,0,108759
73179,2,0,108761
73180,4,0,108765
73181,1,0,108766
73182,1,0,108767
73183,1,0,108768
73184,1,0,108769
73185,2,0,108771
73186,1,0,108772
73187,4,0,108776
73188,1,0,108777
73189,1,0,108778
73190,1,0,108779
73191,1,0,108780
73192,1,0,108781
73193,1,0,108782
73194,1,0,108783
73195,1,0,108784
73196,1,0,108785
73197,1,0,108786
73198,1,0,108787
73199,1,0,108788
73200,1,0,108789
73201,1,0,108790
73202,1,0,108791
73203,1,0,108792
73204,2,0,108794
73205,1,0,108795
73206,1,0,108796
73207,2,0,108798
73208,2,0,108800
73209,1,0,108801
73210,1,0,108802
73211,2,0,108804
73212,2,0,108806
73213,2,0,108808
73214,1,0,108809
73215,1,0,108810
73216,1,0,108811
73217,2,0,108813
73218,1,0,108814
73219,1,0,108815
73220,1,0,108816
73221,1,0,108817
73222,1,0,108818
73223,1,0,108819
73224,1,0,108820
73225,2,0,108822
73226,2,0,108824
73227,2,0,108826
73228,1,0,108827
73229,1,0,108828
73230,1,0,108829
73231,1,0,108830
73232,2,0,108832
73233,1,0,108833
73234,1,0,108834
73235,2,0,108836
73236,2,0,108838
73237,1,0,108839
73238,1,0,108840
73239,1,0,108841
73240,2,0,108843
73241,1,0,108844
73242,1,0,108845
73243,2,0,108847
73244,1,0,108848
73245,1,0,108849
73246,2,0,108851
73247,1,0,108852
73248,1,0,108853
73249,2,0,108855
73250,1,0,108856
73251,2,0,108858
73252,3,0,108861
73253,1,0,108862
73254,3,0,108865
73255,1,0,108866
73256,1,0,108867
73257,1,0,108868
73258,1,0,108869
73259,1,0,108870
73260,1,0,108871
73261,1,0,108872
73262,2,0,108874
73263,1,0,108875
73264,2,0,108877
73265,1,0,108878
73266,1,0,108879
73267,3,0,108882
73268,3,0,108885
73269,2,0,108887
73270,1,0,108888
73271,1,0,108889
73272,2,0,108891
73273,1,0,108892
73274,3,0,108895
73275,1,0,108896
73276,1,0,108897
73277,1,0,108898
73278,1,0,108899
73279,1,0,108900
73280,1,0,108901
73281,2,0,108903
73282,1,0,108904
73283,1,0,108905
73284,3,0,108908
73285,1,0,108909
73286,1,0,108910
73287,2,0,108912
73288,1,0,108913
73289,1,0,108914
73290,1,0,108915
73291,3,0,108918
73292,2,0,108920
73293,1,0,108921
73294,1,0,108922
73295,2,0,108924
73296,1,0,108925
73297,1,0,108926
73298,4,0,108930
73299,1,0,108931
73300,2,0,108933
73301,2,0,108935
73302,2,0,108937
73303,1,0,108938
73304,2,0,108940
73305,2,0,108942
73306,2,0,108944
73307,1,0,108945
73308,1,0,108946
73309,2,0,108948
73310,1,0,108949
73311,2,0,108951
73312,1,0,108952
73313,1,0,108953
73314,1,0,108954
73315,3,0,108957
73316,1,0,108958
73317,1,0,108959
73318,1,0,108960
73319,1,0,108961
73320,1,0,108962
73321,1,0,108963
73322,1,0,108964
73323,1,0,108965
73324,2,0,108967
73325,1,0,108968
73326,2,0,108970
73327,1,0,108971
73328,1,0,108972
73329,1,0,108973
73330,1,0,108974
73331,2,0,108976
73332,1,0,108977
73333,1,0,108978
73334,1,0,108979
73335,1,0,108980
73336,1,0,108981
73337,1,0,108982
73338,1,0,108983
73339,1,0,108984
73340,1,0,108985
73341,1,0,108986
73342,2,0,108988
73343,2,0,108990
73344,3,0,108993
73345,1,0,108994
73346,1,0,108995
73347,1,0,108996
73348,1,0,108997
73349,1,0,108998
73350,1,0,108999
73351,1,0,109000
73352,2,0,109002
73353,1,0,109003
73354,2,0,109005
73355,1,0,109006
73356,2,0,109008
73357,1,0,109009
73358,1,0,109010
73359,1,0,109011
73360,1,0,109012
73361,1,0,109013
73362,2,0,109015
73363,3,0,109018
73364,1,0,109019
73365,1,0,109020
73366,2,0,109022
73367,1,0,109023
73368,1,0,109024
73369,2,0,109026
73370,2,0,109028
73371,1,0,109029
73372,2,0,109031
73373,1,0,109032
73374,3,0,109035
73375,1,0,109036
73376,1,0,109037
73377,3,0,109040
73378,1,0,109041
73379,1,0,109042
73380,1,0,109043
73381,1,0,109044
73382,1,0,109045
73383,1,0,109046
73384,1,0,109047
73385,2,0,109049
73386,2,0,109051
73387,1,0,109052
73388,2,0,109054
73389,1,0,109055
73390,1,0,109056
73391,1,0,109057
73392,2,0,109059
73393,2,0,109061
73394,1,0,109062
73395,1,0,109063
73396,1,0,109064
73397,3,0,109067
73398,1,0,109068
73399,1,0,109069
73400,1,0,109070
73401,1,0,109071
73402,1,0,109072
73403,2,0,109074
73404,1,0,109075
73405,2,0,109077
73406,1,0,109078
73407,2,0,109080
73408,3,0,109083
73409,1,0,109084
73410,1,0,109085
73411,1,0,109086
73412,2,0,109088
73413,1,0,109089
73414,1,0,109090
73415,4,0,109094
73416,2,0,109096
73417,1,0,109097
73418,1,0,109098
73419,1,0,109099
73420,1,0,109100
73421,1,0,109101
73422,1,0,109102
73423,2,0,109104
73424,1,0,109105
73425,1,0,109106
73426,1,0,109107
73427,1,0,109108
73428,1,0,109109
73429,1,0,109110
73430,1,0,109111
73431,1,0,109112
73432,1,0,109113
73433,1,0,109114
73434,2,0,109116
73435,1,0,109117
73436,2,0,109119
73437,1,0,109120
73438,1,0,109121
73439,1,0,109122
73440,1,0,109123
73441,1,0,109124
73442,1,0,109125
73443,1,0,109126
73444,1,0,109127
73445,1,0,109128
73446,2,0,109130
73447,1,0,109131
73448,1,0,109132
73449,1,0,109133
73450,2,0,109135
73451,1,0,109136
73452,1,0,109137
73453,1,0,109138
73454,1,0,109139
73455,1,0,109140
73456,1,0,109141
73457,1,0,109142
73458,1,0,109143
73459,2,0,109145
73460,1,0,109146
73461,1,0,109147
73462,1,0,109148
73463,1,0,109149
73464,1,0,109150
73465,1,0,109151
73466,1,0,109152
73467,3,0,109155
73468,2,0,109157
73469,2,0,109159
73470,1,0,109160
73471,1,0,109161
73472,2,0,109163
73473,1,0,109164
73474,1,0,109165
73475,2,0,109167
73476,1,0,109168
73477,1,0,109169
73478,1,0,109170
73479,1,0,109171
73480,1,0,109172
73481,3,0,109175
73482,2,0,109177
73483,1,0,109178
73484,1,0,109179
73485,2,0,109181
73486,1,0,109182
73487,4,0,109186
73488,4,0,109190
73489,1,0,109191
73490,3,0,109194
73491,2,0,109196
73492,2,0,109198
73493,1,0,109199
73494,4,0,109203
73495,2,0,109205
73496,1,0,109206
73497,3,0,109209
73498,1,0,109210
73499,1,0,109211
73500,1,0,109212
73501,1,0,109213
73502,1,0,109214
73503,1,0,109215
73504,2,0,109217
73505,4,0,109221
73506,2,0,109223
73507,1,0,109224
73508,1,0,109225
73509,1,0,109226
73510,1,0,109227
73511,1,0,109228
73512,1,0,109229
73513,1,0,109230
73514,1,0,109231
73515,1,0,109232
73516,2,0,109234
73517,2,0,109236
73518,1,0,109237
73519,1,0,109238
73520,1,0,109239
73521,1,0,109240
73522,1,0,109241
73523,1,0,109242
73524,1,0,109243
73525,1,0,109244
73526,5,0,109249
73527,1,0,109250
73528,1,0,109251
73529,1,0,109252
73530,2,0,109254
73531,2,0,109256
73532,1,0,109257
73533,1,0,109258
73534,1,0,109259
73535,2,0,109261
73536,1,0,109262
73537,1,0,109263
73538,1,0,109264
73539,1,0,109265
73540,2,0,109267
73541,1,0,109268
73542,1,0,109269
73543,1,0,109270
73544,1,0,109271
73545,2,0,109273
73546,2,0,109275
73547,2,0,109277
73548,1,0,109278
73549,1,0,109279
73550,1,0,109280
73551,1,0,109281
73552,1,0,109282
73553,2,0,109284
73554,2,0,109286
73555,1,0,109287
73556,1,0,109288
73557,1,0,109289
73558,1,0,109290
73559,1,0,109291
73560,1,0,109292
73561,1,0,109293
73562,2,0,109295
73563,1,0,109296
73564,1,0,109297
73565,1,0,109298
73566,1,0,109299
73567,2,0,109301
73568,1,0,109302
73569,1,0,109303
73570,1,0,109304
73571,1,0,109305
73572,1,0,109306
73573,3,0,109309
73574,1,0,109310
73575,1,0,109311
73576,1,0,109312
73577,2,0,109314
73578,1,0,109315
73579,3,0,109318
73580,1,0,109319
73581,1,0,109320
73582,1,0,109321
73583,6,0,109327
73584,1,0,109328
73585,1,0,109329
73586,1,0,109330
73587,1,0,109331
73588,1,0,109332
73589,1,0,109333
73590,3,0,109336
73591,1,0,109337
73592,1,0,109338
73593,4,0,109342
73594,5,0,109347
73595,1,0,109348
73596,1,0,109349
73597,1,0,109350
73598,3,0,109353
73599,1,0,109354
73600,3,0,109357
73601,2,0,109359
73602,1,0,109360
73603,1,0,109361
73604,2,0,109363
73605,2,0,109365
73606,1,0,109366
73607,1,0,109367
73608,2,0,109369
73609,1,0,109370
73610,3,0,109373
73611,1,0,109374
73612,1,0,109375
73613,1,0,109376
73614,1,0,109377
73615,1,0,109378
73616,1,0,109379
73617,1,0,109380
73618,2,0,109382
73619,1,0,109383
73620,1,0,109384
73621,2,0,109386
73622,1,0,109387
73623,1,0,109388
73624,3,0,109391
73625,1,0,109392
73626,2,0,109394
73627,1,0,109395
73628,1,0,109396
73629,1,0,109397
73630,1,0,109398
73631,1,0,109399
73632,1,0,109400
73633,2,0,109402
73634,2,0,109404
73635,1,0,109405
73636,1,0,109406
73637,2,0,109408
73638,1,0,109409
73639,1,0,109410
73640,1,0,109411
73641,1,0,109412
73642,1,0,109413
73643,1,0,109414
73644,2,0,109416
73645,3,0,109419
73646,2,0,109421
73647,1,0,109422
73648,1,0,109423
73649,2,0,109425
73650,1,0,109426
73651,2,0,109428
73652,1,0,109429
73653,1,0,109430
73654,1,0,109431
73655,1,0,109432
73656,1,0,109433
73657,1,0,109434
73658,1,0,109435
73659,1,0,109436
73660,1,0,109437
73661,2,0,109439
73662,3,0,109442
73663,2,0,109444
73664,1,0,109445
73665,2,0,109447
73666,2,0,109449
73667,2,0,109451
73668,1,0,109452
73669,1,0,109453
73670,3,0,109456
73671,1,0,109457
73672,1,0,109458
73673,1,0,109459
73674,1,0,109460
73675,1,0,109461
73676,1,0,109462
73677,1,0,109463
73678,5,0,109468
73679,2,0,109470
73680,3,0,109473
73681,1,0,109474
73682,1,0,109475
73683,1,0,109476
73684,1,0,109477
73685,2,0,109479
73686,1,0,109480
73687,2,0,109482
73688,1,0,109483
73689,2,0,109485
73690,1,0,109486
73691,2,0,109488
73692,2,0,109490
73693,1,0,109491
73694,1,0,109492
73695,2,0,109494
73696,1,0,109495
73697,1,0,109496
73698,1,0,109497
73699,2,0,109499
73700,2,0,109501
73701,1,0,109502
73702,1,0,109503
73703,2,0,109505
73704,1,0,109506
73705,1,0,109507
73706,1,0,109508
73707,1,0,109509
73708,2,0,109511
73709,3,0,109514
73710,1,0,109515
73711,1,0,109516
73712,3,0,109519
73713,1,0,109520
73714,2,0,109522
73715,1,0,109523
73716,1,0,109524
73717,2,0,109526
73718,2,0,109528
73719,1,0,109529
73720,1,0,109530
73721,1,0,109531
73722,1,0,109532
73723,3,0,109535
73724,1,0,109536
73725,1,0,109537
73726,4,0,109541
73727,1,0,109542
73728,1,0,109543
73729,1,0,109544
73730,1,0,109545
73731,1,0,109546
73732,1,0,109547
73733,4,0,109551
73734,1,0,109552
73735,2,0,109554
73736,1,0,109555
73737,2,0,109557
73738,1,0,109558
73739,1,0,109559
73740,2,0,109561
73741,2,0,109563
73742,1,0,109564
73743,2,0,109566
73744,2,0,109568
73745,2,0,109570
73746,1,0,109571
73747,1,0,109572
73748,2,0,109574
73749,2,0,109576
73750,1,0,109577
73751,2,0,109579
73752,1,0,109580
73753,2,0,109582
73754,1,0,109583
73755,1,0,109584
73756,1,0,109585
73757,2,0,109587
73758,2,0,109589
73759,2,0,109591
73760,2,0,109593
73761,2,0,109595
73762,1,0,109596
73763,1,0,109597
73764,1,0,109598
73765,2,0,109600
73766,2,0,109602
73767,1,0,109603
73768,1,0,109604
73769,1,0,109605
73770,1,0,109606
73771,1,0,109607
73772,2,0,109609
73773,1,0,109610
73774,1,0,109611
73775,1,0,109612
73776,1,0,109613
73777,1,0,109614
73778,1,0,109615
73779,1,0,109616
73780,2,0,109618
73781,1,0,109619
73782,1,0,109620
73783,2,0,109622
73784,1,0,109623
73785,1,0,109624
73786,1,0,109625
73787,1,0,109626
73788,1,0,109627
73789,3,0,109630
73790,1,0,109631
73791,1,0,109632
73792,2,0,109634
73793,3,0,109637
73794,3,0,109640
73795,2,0,109642
73796,1,0,109643
73797,1,0,109644
73798,3,0,109647
73799,1,0,109648
73800,3,0,109651
73801,1,0,109652
73802,1,0,109653
73803,1,0,109654
73804,2,0,109656
73805,5,0,109661
73806,1,0,109662
73807,2,0,109664
73808,2,0,109666
73809,1,0,109667
73810,3,0,109670
73811,2,0,109672
73812,2,0,109674
73813,1,0,109675
73814,1,0,109676
73815,4,0,109680
73816,1,0,109681
73817,1,0,109682
73818,2,0,109684
73819,1,0,109685
73820,1,0,109686
73821,1,0,109687
73822,2,0,109689
73823,1,0,109690
73824,5,0,109695
73825,1,0,109696
73826,2,0,109698
73827,2,0,109700
73828,1,0,109701
73829,1,0,109702
73830,2,0,109704
73831,1,0,109705
73832,2,0,109707
73833,1,0,109708
73834,1,0,109709
73835,2,0,109711
73836,1,0,109712
73837,2,0,109714
73838,1,0,109715
73839,1,0,109716
73840,1,0,109717
73841,1,0,109718
73842,1,0,109719
73843,1,0,109720
73844,1,0,109721
73845,2,0,109723
73846,1,0,109724
73847,2,0,109726
73848,3,0,109729
73849,3,0,109732
73850,3,0,109735
73851,1,0,109736
73852,1,0,109737
73853,1,0,109738
73854,1,0,109739
73855,1,0,109740
73856,3,0,109743
73857,2,0,109745
73858,1,0,109746
73859,1,0,109747
73860,1,0,109748
73861,1,0,109749
73862,3,0,109752
73863,1,0,109753
73864,2,0,109755
73865,2,0,109757
73866,1,0,109758
73867,1,0,109759
73868,1,0,109760
73869,2,0,109762
73870,1,0,109763
73871,2,0,109765
73872,2,0,109767
73873,2,0,109769
73874,3,0,109772
73875,1,0,109773
73876,1,0,109774
73877,1,0,109775
73878,2,0,109777
73879,1,0,109778
73880,1,0,109779
73881,2,0,109781
73882,1,0,109782
73883,1,0,109783
73884,3,0,109786
73885,1,0,109787
73886,1,0,109788
73887,1,0,109789
73888,1,0,109790
73889,1,0,109791
73890,1,0,109792
73891,2,0,109794
73892,1,0,109795
73893,1,0,109796
73894,1,0,109797
73895,1,0,109798
73896,1,0,109799
73897,1,0,109800
73898,1,0,109801
73899,2,0,109803
73900,1,0,109804
73901,3,0,109807
73902,1,0,109808
73903,4,0,109812
73904,2,0,109814
73905,1,0,109815
73906,1,0,109816
73907,1,0,109817
73908,1,0,109818
73909,1,0,109819
73910,1,0,109820
73911,1,0,109821
73912,1,0,109822
73913,2,0,109824
73914,1,0,109825
73915,1,0,109826
73916,2,0,109828
73917,1,0,109829
73918,2,0,109831
73919,1,0,109832
73920,1,0,109833
73921,2,0,109835
73922,1,0,109836
73923,2,0,109838
73924,3,0,109841
73925,1,0,109842
73926,1,0,109843
73927,2,0,109845
73928,1,0,109846
73929,1,0,109847
73930,1,0,109848
73931,1,0,109849
73932,1,0,109850
73933,1,0,109851
73934,1,0,109852
73935,1,0,109853
73936,1,0,109854
73937,2,0,109856
73938,2,0,109858
73939,1,0,109859
73940,2,0,109861
73941,1,0,109862
73942,3,0,109865
73943,1,0,109866
73944,1,0,109867
73945,1,0,109868
73946,1,0,109869
73947,1,0,109870
73948,3,0,109873
73949,1,0,109874
73950,2,0,109876
73951,1,0,109877
73952,1,0,109878
73953,2,0,109880
73954,3,0,109883
73955,2,0,109885
73956,1,0,109886
73957,3,0,109889
73958,1,0,109890
73959,1,0,109891
73960,3,0,109894
73961,1,0,109895
73962,2,0,109897
73963,3,0,109900
73964,1,0,109901
73965,2,0,109903
73966,1,0,109904
73967,1,0,109905
73968,1,0,109906
73969,2,0,109908
73970,2,0,109910
73971,1,0,109911
73972,1,0,109912
73973,1,0,109913
73974,1,0,109914
73975,1,0,109915
73976,1,0,109916
73977,1,0,109917
73978,1,0,109918
73979,1,0,109919
73980,3,0,109922
73981,1,0,109923
73982,1,0,109924
73983,1,0,109925
73984,1,0,109926
73985,1,0,109927
73986,1,0,109928
73987,3,0,109931
73988,1,0,109932
73989,1,0,109933
73990,2,0,109935
73991,5,0,109940
73992,2,0,109942
73993,2,0,109944
73994,1,0,109945
73995,3,0,109948
73996,1,0,109949
73997,6,0,109955
73998,1,0,109956
73999,1,0,109957
74000,1,0,109958
74001,1,0,109959
74002,1,0,109960
74003,2,0,109962
74004,2,0,109964
74005,1,0,109965
74006,2,0,109967
74007,3,0,109970
74008,2,0,109972
74009,1,0,109973
74010,1,0,109974
74011,1,0,109975
74012,1,0,109976
74013,1,0,109977
74014,1,0,109978
74015,1,0,109979
74016,1,0,109980
74017,2,0,109982
74018,2,0,109984
74019,1,0,109985
74020,2,0,109987
74021,1,0,109988
74022,1,0,109989
74023,1,0,109990
74024,2,0,109992
74025,1,0,109993
74026,1,0,109994
74027,2,0,109996
74028,2,0,109998
74029,1,0,109999
74030,1,0,110000
74031,1,0,110001
74032,3,0,110004
74033,2,0,110006
74034,3,0,110009
74035,1,0,110010
74036,1,0,110011
74037,1,0,110012
74038,1,0,110013
74039,1,0,110014
74040,1,0,110015
74041,1,0,110016
74042,1,0,110017
74043,1,0,110018
74044,1,0,110019
74045,1,0,110020
74046,1,0,110021
74047,1,0,110022
74048,1,0,110023
74049,1,0,110024
74050,2,0,110026
74051,1,0,110027
74052,1,0,110028
74053,5,0,110033
74054,3,0,110036
74055,2,0,110038
74056,3,0,110041
74057,1,0,110042
74058,1,0,110043
74059,1,0,110044
74060,1,0,110045
74061,1,0,110046
74062,1,0,110047
74063,1,0,110048
74064,2,0,110050
74065,1,0,110051
74066,1,0,110052
74067,2,0,110054
74068,1,0,110055
74069,1,0,110056
74070,1,0,110057
74071,1,0,110058
74072,1,0,110059
74073,1,0,110060
74074,1,0,110061
74075,1,0,110062
74076,2,0,110064
74077,1,0,110065
74078,1,0,110066
74079,2,0,110068
74080,1,0,110069
74081,1,0,110070
74082,1,0,110071
74083,1,0,110072
74084,2,0,110074
74085,2,0,110076
74086,1,0,110077
74087,1,0,110078
74088,3,0,110081
74089,1,0,110082
74090,1,0,110083
74091,1,0,110084
74092,1,0,110085
74093,2,0,110087
74094,2,0,110089
74095,2,0,110091
74096,1,0,110092
74097,1,0,110093
74098,1,0,110094
74099,2,0,110096
74100,1,0,110097
74101,4,0,110101
74102,1,0,110102
74103,1,0,110103
74104,1,0,110104
74105,1,0,110105
74106,1,0,110106
74107,1,0,110107
74108,2,0,110109
74109,2,0,110111
74110,3,0,110114
74111,1,0,110115
74112,2,0,110117
74113,1,0,110118
74114,2,0,110120
74115,1,0,110121
74116,1,0,110122
74117,2,0,110124
74118,1,0,110125
74119,1,0,110126
74120,1,0,110127
74121,1,0,110128
74122,3,0,110131
74123,1,0,110132
74124,1,0,110133
74125,1,0,110134
74126,2,0,110136
74127,2,0,110138
74128,2,0,110140
74129,3,0,110143
74130,2,0,110145
74131,1,0,110146
74132,1,0,110147
74133,1,0,110148
74134,1,0,110149
74135,3,0,110152
74136,2,0,110154
74137,1,0,110155
74138,1,0,110156
74139,1,0,110157
74140,1,0,110158
74141,1,0,110159
74142,1,0,110160
74143,2,0,110162
74144,1,0,110163
74145,1,0,110164
74146,2,0,110166
74147,1,0,110167
74148,1,0,110168
74149,1,0,110169
74150,4,0,110173
74151,2,0,110175
74152,1,0,110176
74153,1,0,110177
74154,2,0,110179
74155,1,0,110180
74156,1,0,110181
74157,1,0,110182
74158,1,0,110183
74159,2,0,110185
74160,1,0,110186
74161,2,0,110188
74162,1,0,110189
74163,1,0,110190
74164,2,0,110192
74165,1,0,110193
74166,2,0,110195
74167,1,0,110196
74168,2,0,110198
74169,1,0,110199
74170,1,0,110200
74171,1,0,110201
74172,2,0,110203
74173,1,0,110204
74174,1,0,110205
74175,1,0,110206
74176,1,0,110207
74177,3,0,110210
74178,1,0,110211
74179,1,0,110212
74180,1,0,110213
74181,1,0,110214
74182,1,0,110215
74183,1,0,110216
74184,1,0,110217
74185,5,0,110222
74186,1,0,110223
74187,1,0,110224
74188,2,0,110226
74189,2,0,110228
74190,2,0,110230
74191,1,0,110231
74192,1,0,110232
74193,2,0,110234
74194,2,0,110236
74195,1,0,110237
74196,1,0,110238
74197,1,0,110239
74198,1,0,110240
74199,1,0,110241
74200,2,0,110243
74201,2,0,110245
74202,1,0,110246
74203,1,0,110247
74204,2,0,110249
74205,1,0,110250
74206,2,0,110252
74207,2,0,110254
74208,3,0,110257
74209,1,0,110258
74210,1,0,110259
74211,1,0,110260
74212,1,0,110261
74213,1,0,110262
74214,5,0,110267
74215,2,0,110269
74216,3,0,110272
74217,1,0,110273
74218,1,0,110274
74219,1,0,110275
74220,1,0,110276
74221,2,0,110278
74222,4,0,110282
74223,1,0,110283
74224,1,0,110284
74225,1,0,110285
74226,2,0,110287
74227,1,0,110288
74228,4,0,110292
74229,2,0,110294
74230,2,0,110296
74231,2,0,110298
74232,2,0,110300
74233,1,0,110301
74234,1,0,110302
74235,2,0,110304
74236,1,0,110305
74237,1,0,110306
74238,1,0,110307
74239,2,0,110309
74240,2,0,110311
74241,4,0,110315
74242,1,0,110316
74243,1,0,110317
74244,2,0,110319
74245,1,0,110320
74246,4,0,110324
74247,1,0,110325
74248,1,0,110326
74249,2,0,110328
74250,1,0,110329
74251,1,0,110330
74252,1,0,110331
74253,2,0,110333
74254,1,0,110334
74255,1,0,110335
74256,3,0,110338
74257,1,0,110339
74258,2,0,110341
74259,1,0,110342
74260,1,0,110343
74261,1,0,110344
74262,3,0,110347
74263,2,0,110349
74264,2,0,110351
74265,1,0,110352
74266,2,0,110354
74267,1,0,110355
74268,2,0,110357
74269,2,0,110359
74270,2,0,110361
74271,1,0,110362
74272,2,0,110364
74273,2,0,110366
74274,1,0,110367
74275,2,0,110369
74276,1,0,110370
74277,1,0,110371
74278,1,0,110372
74279,3,0,110375
74280,1,0,110376
74281,1,0,110377
74282,2,0,110379
74283,1,0,110380
74284,2,0,110382
74285,4,0,110386
74286,4,0,110390
74287,2,0,110392
74288,1,0,110393
74289,2,0,110395
74290,1,0,110396
74291,2,0,110398
74292,4,0,110402
74293,5,0,110407
74294,1,0,110408
74295,3,0,110411
74296,1,0,110412
74297,1,0,110413
74298,1,0,110414
74299,1,0,110415
74300,1,0,110416
74301,1,0,110417
74302,1,0,110418
74303,2,0,110420
74304,1,0,110421
74305,1,0,110422
74306,1,0,110423
74307,2,0,110425
74308,1,0,110426
74309,1,0,110427
74310,1,0,110428
74311,2,0,110430
74312,1,0,110431
74313,1,0,110432
74314,2,0,110434
74315,1,0,110435
74316,1,0,110436
74317,1,0,110437
74318,1,0,110438
74319,1,0,110439
74320,1,0,110440
74321,1,0,110441
74322,2,0,110443
74323,1,0,110444
74324,3,0,110447
74325,1,0,110448
74326,1,0,110449
74327,1,0,110450
74328,1,0,110451
74329,1,0,110452
74330,1,0,110453
74331,1,0,110454
74332,2,0,110456
74333,1,0,110457
74334,1,0,110458
74335,4,0,110462
74336,1,0,110463
74337,1,0,110464
74338,1,0,110465
74339,1,0,110466
74340,2,0,110468
74341,1,0,110469
74342,1,0,110470
74343,1,0,110471
74344,2,0,110473
74345,1,0,110474
74346,1,0,110475
74347,2,0,110477
74348,2,0,110479
74349,1,0,110480
74350,1,0,110481
74351,1,0,110482
74352,1,0,110483
74353,1,0,110484
74354,1,0,110485
74355,3,0,110488
74356,1,0,110489
74357,2,0,110491
74358,1,0,110492
74359,1,0,110493
74360,1,0,110494
74361,2,0,110496
74362,1,0,110497
74363,1,0,110498
74364,2,0,110500
74365,1,0,110501
74366,1,0,110502
74367,1,0,110503
74368,1,0,110504
74369,1,0,110505
74370,1,0,110506
74371,2,0,110508
74372,1,0,110509
74373,1,0,110510
74374,1,0,110511
74375,2,0,110513
74376,1,0,110514
74377,2,0,110516
74378,1,0,110517
74379,1,0,110518
74380,2,0,110520
74381,1,0,110521
74382,1,0,110522
74383,1,0,110523
74384,2,0,110525
74385,1,0,110526
74386,1,0,110527
74387,1,0,110528
74388,1,0,110529
74389,3,0,110532
74390,1,0,110533
74391,1,0,110534
74392,1,0,110535
74393,2,0,110537
74394,2,0,110539
74395,1,0,110540
74396,1,0,110541
74397,1,0,110542
74398,1,0,110543
74399,1,0,110544
74400,3,0,110547
74401,1,0,110548
74402,2,0,110550
74403,1,0,110551
74404,1,0,110552
74405,1,0,110553
74406,2,0,110555
74407,4,0,110559
74408,1,0,110560
74409,1,0,110561
74410,2,0,110563
74411,1,0,110564
74412,1,0,110565
74413,1,0,110566
74414,1,0,110567
74415,1,0,110568
74416,1,0,110569
74417,1,0,110570
74418,2,0,110572
74419,1,0,110573
74420,1,0,110574
74421,1,0,110575
74422,2,0,110577
74423,1,0,110578
74424,1,0,110579
74425,2,0,110581
74426,2,0,110583
74427,1,0,110584
74428,1,0,110585
74429,1,0,110586
74430,1,0,110587
74431,1,0,110588
74432,2,0,110590
74433,2,0,110592
74434,1,0,110593
74435,1,0,110594
74436,2,0,110596
74437,2,0,110598
74438,1,0,110599
74439,1,0,110600
74440,1,0,110601
74441,1,0,110602
74442,1,0,110603
74443,1,0,110604
74444,1,0,110605
74445,1,0,110606
74446,1,0,110607
74447,1,0,110608
74448,1,0,110609
74449,2,0,110611
74450,1,0,110612
74451,1,0,110613
74452,1,0,110614
74453,2,0,110616
74454,1,0,110617
74455,1,0,110618
74456,2,0,110620
74457,1,0,110621
74458,1,0,110622
74459,1,0,110623
74460,2,0,110625
74461,1,0,110626
74462,2,0,110628
74463,1,0,110629
74464,3,0,110632
74465,1,0,110633
74466,2,0,110635
74467,1,0,110636
74468,1,0,110637
74469,2,0,110639
74470,3,0,110642
74471,1,0,110643
74472,1,0,110644
74473,1,0,110645
74474,2,0,110647
74475,1,0,110648
74476,1,0,110649
74477,2,0,110651
74478,1,0,110652
74479,2,0,110654
74480,1,0,110655
74481,2,0,110657
74482,1,0,110658
74483,1,0,110659
74484,1,0,110660
74485,1,0,110661
74486,1,0,110662
74487,2,0,110664
74488,2,0,110666
74489,1,0,110667
74490,1,0,110668
74491,1,0,110669
74492,3,0,110672
74493,2,0,110674
74494,1,0,110675
74495,1,0,110676
74496,1,0,110677
74497,1,0,110678
74498,1,0,110679
74499,1,0,110680
74500,1,0,110681
74501,1,0,110682
74502,1,0,110683
74503,1,0,110684
74504,1,0,110685
74505,2,0,110687
74506,1,0,110688
74507,1,0,110689
74508,2,0,110691
74509,3,0,110694
74510,1,0,110695
74511,1,0,110696
74512,2,0,110698
74513,2,0,110700
74514,1,0,110701
74515,2,0,110703
74516,1,0,110704
74517,2,0,110706
74518,3,0,110709
74519,2,0,110711
74520,1,0,110712
74521,1,0,110713
74522,2,0,110715
74523,1,0,110716
74524,1,0,110717
74525,1,0,110718
74526,3,0,110721
74527,1,0,110722
74528,3,0,110725
74529,1,0,110726
74530,2,0,110728
74531,1,0,110729
74532,5,0,110734
74533,1,0,110735
74534,1,0,110736
74535,2,0,110738
74536,1,0,110739
74537,1,0,110740
74538,1,0,110741
74539,1,0,110742
74540,2,0,110744
74541,2,0,110746
74542,1,0,110747
74543,3,0,110750
74544,1,0,110751
74545,3,0,110754
74546,1,0,110755
74547,1,0,110756
74548,2,0,110758
74549,2,0,110760
74550,1,0,110761
74551,3,0,110764
74552,1,0,110765
74553,3,0,110768
74554,1,0,110769
74555,4,0,110773
74556,2,0,110775
74557,1,0,110776
74558,2,0,110778
74559,1,0,110779
74560,2,0,110781
74561,1,0,110782
74562,1,0,110783
74563,5,0,110788
74564,1,0,110789
74565,3,0,110792
74566,1,0,110793
74567,2,0,110795
74568,4,0,110799
74569,1,0,110800
74570,1,0,110801
74571,2,0,110803
74572,1,0,110804
74573,1,0,110805
74574,1,0,110806
74575,1,0,110807
74576,2,0,110809
74577,2,0,110811
74578,4,0,110815
74579,2,0,110817
74580,1,0,110818
74581,1,0,110819
74582,3,0,110822
74583,1,0,110823
74584,2,0,110825
74585,2,0,110827
74586,1,0,110828
74587,1,0,110829
74588,1,0,110830
74589,1,0,110831
74590,1,0,110832
74591,2,0,110834
74592,1,0,110835
74593,1,0,110836
74594,2,0,110838
74595,1,0,110839
74596,1,0,110840
74597,1,0,110841
74598,1,0,110842
74599,1,0,110843
74600,1,0,110844
74601,1,0,110845
74602,3,0,110848
74603,1,0,110849
74604,1,0,110850
74605,2,0,110852
74606,1,0,110853
74607,1,0,110854
74608,1,0,110855
74609,1,0,110856
74610,1,0,110857
74611,1,0,110858
74612,2,0,110860
74613,1,0,110861
74614,2,0,110863
74615,2,0,110865
74616,1,0,110866
74617,2,0,110868
74618,2,0,110870
74619,1,0,110871
74620,1,0,110872
74621,1,0,110873
74622,2,0,110875
74623,3,0,110878
74624,2,0,110880
74625,2,0,110882
74626,1,0,110883
74627,2,0,110885
74628,1,0,110886
74629,2,0,110888
74630,2,0,110890
74631,1,0,110891
74632,1,0,110892
74633,2,0,110894
74634,1,0,110895
74635,1,0,110896
74636,1,0,110897
74637,1,0,110898
74638,3,0,110901
74639,1,0,110902
74640,1,0,110903
74641,1,0,110904
74642,1,0,110905
74643,1,0,110906
74644,1,0,110907
74645,1,0,110908
74646,1,0,110909
74647,1,0,110910
74648,1,0,110911
74649,2,0,110913
74650,2,0,110915
74651,2,0,110917
74652,1,0,110918
74653,3,0,110921
74654,1,0,110922
74655,1,0,110923
74656,1,0,110924
74657,1,0,110925
74658,1,0,110926
74659,1,0,110927
74660,1,0,110928
74661,1,0,110929
74662,1,0,110930
74663,6,0,110936
74664,1,0,110937
74665,1,0,110938
74666,1,0,110939
74667,2,0,110941
74668,1,0,110942
74669,1,0,110943
74670,1,0,110944
74671,2,0,110946
74672,1,0,110947
74673,1,0,110948
74674,1,0,110949
74675,2,0,110951
74676,1,0,110952
74677,1,0,110953
74678,2,0,110955
74679,2,0,110957
74680,2,0,110959
74681,1,0,110960
74682,1,0,110961
74683,1,0,110962
74684,1,0,110963
74685,3,0,110966
74686,1,0,110967
74687,1,0,110968
74688,1,0,110969
74689,2,0,110971
74690,3,0,110974
74691,1,0,110975
74692,2,0,110977
74693,1,0,110978
74694,2,0,110980
74695,2,0,110982
74696,1,0,110983
74697,1,0,110984
74698,2,0,110986
74699,1,0,110987
74700,1,0,110988
74701,1,0,110989
74702,1,0,110990
74703,1,0,110991
74704,1,0,110992
74705,1,0,110993
74706,1,0,110994
74707,1,0,110995
74708,1,0,110996
74709,3,0,110999
74710,3,0,111002
74711,1,0,111003
74712,1,0,111004
74713,3,0,111007
74714,1,0,111008
74715,1,0,111009
74716,2,0,111011
74717,1,0,111012
74718,1,0,111013
74719,3,0,111016
74720,1,0,111017
74721,2,0,111019
74722,4,0,111023
74723,2,0,111025
74724,1,0,111026
74725,1,0,111027
74726,2,0,111029
74727,1,0,111030
74728,1,0,111031
74729,2,0,111033
74730,1,0,111034
74731,2,0,111036
74732,1,0,111037
74733,2,0,111039
74734,1,0,111040
74735,2,0,111042
74736,1,0,111043
74737,1,0,111044
74738,1,0,111045
74739,2,0,111047
74740,1,0,111048
74741,1,0,111049
74742,1,0,111050
74743,2,0,111052
74744,1,0,111053
74745,1,0,111054
74746,1,0,111055
74747,1,0,111056
74748,1,0,111057
74749,1,0,111058
74750,1,0,111059
74751,1,0,111060
74752,1,0,111061
74753,3,0,111064
74754,1,0,111065
74755,3,0,111068
74756,1,0,111069
74757,1,0,111070
74758,1,0,111071
74759,1,0,111072
74760,1,0,111073
74761,3,0,111076
74762,2,0,111078
74763,1,0,111079
74764,1,0,111080
74765,2,0,111082
74766,1,0,111083
74767,2,0,111085
74768,2,0,111087
74769,1,0,111088
74770,1,0,111089
74771,1,0,111090
74772,2,0,111092
74773,1,0,111093
74774,2,0,111095
74775,3,0,111098
74776,2,0,111100
74777,4,0,111104
74778,1,0,111105
74779,3,0,111108
74780,1,0,111109
74781,1,0,111110
74782,2,0,111112
74783,1,0,111113
74784,1,0,111114
74785,1,0,111115
74786,1,0,111116
74787,1,0,111117
74788,1,0,111118
74789,1,0,111119
74790,1,0,111120
74791,1,0,111121
74792,4,0,111125
74793,1,0,111126
74794,1,0,111127
74795,1,0,111128
74796,1,0,111129
74797,4,0,111133
74798,2,0,111135
74799,1,0,111136
74800,2,0,111138
74801,1,0,111139
74802,2,0,111141
74803,2,0,111143
74804,1,0,111144
74805,2,0,111146
74806,3,0,111149
74807,1,0,111150
74808,1,0,111151
74809,2,0,111153
74810,1,0,111154
74811,2,0,111156
74812,3,0,111159
74813,1,0,111160
74814,1,0,111161
74815,3,0,111164
74816,2,0,111166
74817,2,0,111168
74818,1,0,111169
74819,1,0,111170
74820,1,0,111171
74821,1,0,111172
74822,2,0,111174
74823,1,0,111175
74824,1,0,111176
74825,1,0,111177
74826,1,0,111178
74827,1,0,111179
74828,1,0,111180
74829,1,0,111181
74830,3,0,111184
74831,3,0,111187
74832,1,0,111188
74833,2,0,111190
74834,1,0,111191
74835,2,0,111193
74836,1,0,111194
74837,1,0,111195
74838,3,0,111198
74839,1,0,111199
74840,1,0,111200
74841,1,0,111201
74842,1,0,111202
74843,1,0,111203
74844,2,0,111205
74845,5,0,111210
74846,1,0,111211
74847,1,0,111212
74848,1,0,111213
74849,1,0,111214
74850,1,0,111215
74851,1,0,111216
74852,1,0,111217
74853,1,0,111218
74854,1,0,111219
74855,1,0,111220
74856,1,0,111221
74857,1,0,111222
74858,1,0,111223
74859,2,0,111225
74860,2,0,111227
74861,2,0,111229
74862,1,0,111230
74863,1,0,111231
74864,1,0,111232
74865,1,0,111233
74866,2,0,111235
74867,1,0,111236
74868,1,0,111237
74869,1,0,111238
74870,1,0,111239
74871,2,0,111241
74872,1,0,111242
74873,2,0,111244
74874,1,0,111245
74875,2,0,111247
74876,1,0,111248
74877,1,0,111249
74878,1,0,111250
74879,1,0,111251
74880,1,0,111252
74881,1,0,111253
74882,1,0,111254
74883,3,0,111257
74884,1,0,111258
74885,1,0,111259
74886,1,0,111260
74887,2,0,111262
74888,1,0,111263
74889,1,0,111264
74890,1,0,111265
74891,1,0,111266
74892,1,0,111267
74893,2,0,111269
74894,1,0,111270
74895,2,0,111272
74896,1,0,111273
74897,1,0,111274
74898,2,0,111276
74899,1,0,111277
74900,1,0,111278
74901,1,0,111279
74902,1,0,111280
74903,1,0,111281
74904,1,0,111282
74905,1,0,111283
74906,1,0,111284
74907,1,0,111285
74908,1,0,111286
74909,1,0,111287
74910,1,0,111288
74911,1,0,111289
74912,1,0,111290
74913,2,0,111292
74914,1,0,111293
74915,1,0,111294
74916,1,0,111295
74917,1,0,111296
74918,1,0,111297
74919,1,0,111298
74920,1,0,111299
74921,1,0,111300
74922,2,0,111302
74923,2,0,111304
74924,1,0,111305
74925,1,0,111306
74926,2,0,111308
74927,2,0,111310
74928,3,0,111313
74929,2,0,111315
74930,6,0,111321
74931,1,0,111322
74932,3,0,111325
74933,2,0,111327
74934,1,0,111328
74935,3,0,111331
74936,1,0,111332
74937,1,0,111333
74938,1,0,111334
74939,1,0,111335
74940,1,0,111336
74941,3,0,111339
74942,1,0,111340
74943,2,0,111342
74944,1,0,111343
74945,2,0,111345
74946,1,0,111346
74947,1,0,111347
74948,1,0,111348
74949,1,0,111349
74950,1,0,111350
74951,1,0,111351
74952,1,0,111352
74953,2,0,111354
74954,1,0,111355
74955,2,0,111357
74956,1,0,111358
74957,1,0,111359
74958,1,0,111360
74959,1,0,111361
74960,1,0,111362
74961,1,0,111363
74962,2,0,111365
74963,1,0,111366
74964,1,0,111367
74965,1,0,111368
74966,3,0,111371
74967,1,0,111372
74968,3,0,111375
74969,1,0,111376
74970,1,0,111377
74971,1,0,111378
74972,1,0,111379
74973,1,0,111380
74974,1,0,111381
74975,1,0,111382
74976,1,0,111383
74977,3,0,111386
74978,2,0,111388
74979,1,0,111389
74980,1,0,111390
74981,1,0,111391
74982,2,0,111393
74983,1,0,111394
74984,2,0,111396
74985,1,0,111397
74986,1,0,111398
74987,1,0,111399
74988,3,0,111402
74989,1,0,111403
74990,3,0,111406
74991,1,0,111407
74992,2,0,111409
74993,1,0,111410
74994,1,0,111411
74995,1,0,111412
74996,1,0,111413
74997,1,0,111414
74998,1,0,111415
74999,1,0,111416
75000,2,0,111418
75001,1,0,111419
75002,1,0,111420
75003,2,0,111422
75004,2,0,111424
75005,1,0,111425
75006,1,0,111426
75007,1,0,111427
75008,1,0,111428
75009,1,0,111429
75010,1,0,111430
75011,1,0,111431
75012,1,0,111432
75013,3,0,111435
75014,2,0,111437
75015,1,0,111438
75016,5,0,111443
75017,1,0,111444
75018,1,0,111445
75019,1,0,111446
75020,1,0,111447
75021,1,0,111448
75022,2,0,111450
75023,2,0,111452
75024,1,0,111453
75025,1,0,111454
75026,1,0,111455
75027,2,0,111457
75028,1,0,111458
75029,2,0,111460
75030,1,0,111461
75031,1,0,111462
75032,1,0,111463
75033,2,0,111465
75034,1,0,111466
75035,1,0,111467
75036,1,0,111468
75037,2,0,111470
75038,1,0,111471
75039,1,0,111472
75040,3,0,111475
75041,3,0,111478
75042,1,0,111479
75043,2,0,111481
75044,4,0,111485
75045,1,0,111486
75046,1,0,111487
75047,1,0,111488
75048,1,0,111489
75049,1,0,111490
75050,2,0,111492
75051,1,0,111493
75052,1,0,111494
75053,1,0,111495
75054,1,0,111496
75055,1,0,111497
75056,1,0,111498
75057,1,0,111499
75058,2,0,111501
75059,2,0,111503
75060,3,0,111506
75061,2,0,111508
75062,1,0,111509
75063,2,0,111511
75064,1,0,111512
75065,1,0,111513
75066,3,0,111516
75067,1,0,111517
75068,1,0,111518
75069,1,0,111519
75070,2,0,111521
75071,1,0,111522
75072,2,0,111524
75073,1,0,111525
75074,1,0,111526
75075,1,0,111527
75076,1,0,111528
75077,1,0,111529
75078,1,0,111530
75079,1,0,111531
75080,1,0,111532
75081,1,0,111533
75082,2,0,111535
75083,1,0,111536
75084,1,0,111537
75085,1,0,111538
75086,1,0,111539
75087,1,0,111540
75088,2,0,111542
75089,1,0,111543
75090,1,0,111544
75091,1,0,111545
75092,1,0,111546
75093,1,0,111547
75094,1,0,111548
75095,1,0,111549
75096,1,0,111550
75097,2,0,111552
75098,2,0,111554
75099,1,0,111555
75100,1,0,111556
75101,1,0,111557
75102,2,0,111559
75103,1,0,111560
75104,1,0,111561
75105,1,0,111562
75106,2,0,111564
75107,1,0,111565
75108,2,0,111567
75109,1,0,111568
75110,3,0,111571
75111,1,0,111572
75112,1,0,111573
75113,1,0,111574
75114,1,0,111575
75115,1,0,111576
75116,1,0,111577
75117,1,0,111578
75118,2,0,111580
75119,1,0,111581
75120,3,0,111584
75121,1,0,111585
75122,1,0,111586
75123,2,0,111588
75124,1,0,111589
75125,2,0,111591
75126,1,0,111592
75127,1,0,111593
75128,1,0,111594
75129,2,0,111596
75130,1,0,111597
75131,1,0,111598
75132,1,0,111599
75133,1,0,111600
75134,1,0,111601
75135,4,0,111605
75136,1,0,111606
75137,1,0,111607
75138,1,0,111608
75139,1,0,111609
75140,1,0,111610
75141,1,0,111611
75142,1,0,111612
75143,1,0,111613
75144,2,0,111615
75145,1,0,111616
75146,1,0,111617
75147,1,0,111618
75148,2,0,111620
75149,3,0,111623
75150,2,0,111625
75151,1,0,111626
75152,1,0,111627
75153,1,0,111628
75154,1,0,111629
75155,1,0,111630
75156,1,0,111631
75157,1,0,111632
75158,1,0,111633
75159,1,0,111634
75160,1,0,111635
75161,1,0,111636
75162,3,0,111639
75163,1,0,111640
75164,1,0,111641
75165,2,0,111643
75166,2,0,111645
75167,1,0,111646
75168,2,0,111648
75169,1,0,111649
75170,2,0,111651
75171,2,0,111653
75172,1,0,111654
75173,1,0,111655
75174,3,0,111658
75175,1,0,111659
75176,3,0,111662
75177,1,0,111663
75178,1,0,111664
75179,1,0,111665
75180,1,0,111666
75181,1,0,111667
75182,1,0,111668
75183,1,0,111669
75184,1,0,111670
75185,1,0,111671
75186,2,0,111673
75187,1,0,111674
75188,1,0,111675
75189,1,0,111676
75190,1,0,111677
75191,1,0,111678
75192,1,0,111679
75193,1,0,111680
75194,1,0,111681
75195,1,0,111682
75196,1,0,111683
75197,2,0,111685
75198,1,0,111686
75199,2,0,111688
75200,1,0,111689
75201,2,0,111691
75202,2,0,111693
75203,1,0,111694
75204,2,0,111696
75205,1,0,111697
75206,1,0,111698
75207,1,0,111699
75208,3,0,111702
75209,1,0,111703
75210,2,0,111705
75211,1,0,111706
75212,1,0,111707
75213,1,0,111708
75214,1,0,111709
75215,1,0,111710
75216,3,0,111713
75217,1,0,111714
75218,1,0,111715
75219,1,0,111716
75220,1,0,111717
75221,1,0,111718
75222,1,0,111719
75223,4,0,111723
75224,3,0,111726
75225,2,0,111728
75226,1,0,111729
75227,1,0,111730
75228,1,0,111731
75229,1,0,111732
75230,1,0,111733
75231,2,0,111735
75232,1,0,111736
75233,1,0,111737
75234,1,0,111738
75235,1,0,111739
75236,1,0,111740
75237,1,0,111741
75238,2,0,111743
75239,2,0,111745
75240,1,0,111746
75241,1,0,111747
75242,1,0,111748
75243,2,0,111750
75244,1,0,111751
75245,2,0,111753
75246,1,0,111754
75247,3,0,111757
75248,1,0,111758
75249,1,0,111759
75250,1,0,111760
75251,2,0,111762
75252,1,0,111763
75253,1,0,111764
75254,2,0,111766
75255,1,0,111767
75256,1,0,111768
75257,1,0,111769
75258,1,0,111770
75259,1,0,111771
75260,1,0,111772
75261,2,0,111774
75262,3,0,111777
75263,1,0,111778
75264,1,0,111779
75265,5,0,111784
75266,1,0,111785
75267,2,0,111787
75268,1,0,111788
75269,1,0,111789
75270,1,0,111790
75271,1,0,111791
75272,1,0,111792
75273,1,0,111793
75274,1,0,111794
75275,1,0,111795
75276,1,0,111796
75277,1,0,111797
75278,1,0,111798
75279,1,0,111799
75280,3,0,111802
75281,1,0,111803
75282,1,0,111804
75283,1,0,111805
75284,1,0,111806
75285,1,0,111807
75286,1,0,111808
75287,1,0,111809
75288,1,0,111810
75289,4,0,111814
75290,1,0,111815
75291,1,0,111816
75292,4,0,111820
75293,1,0,111821
75294,2,0,111823
75295,1,0,111824
75296,1,0,111825
75297,1,0,111826
75298,1,0,111827
75299,1,0,111828
75300,2,0,111830
75301,1,0,111831
75302,1,0,111832
75303,1,0,111833
75304,3,0,111836
75305,3,0,111839
75306,2,0,111841
75307,2,0,111843
75308,1,0,111844
75309,1,0,111845
75310,1,0,111846
75311,2,0,111848
75312,1,0,111849
75313,1,0,111850
75314,1,0,111851
75315,1,0,111852
75316,1,0,111853
75317,1,0,111854
75318,1,0,111855
75319,2,0,111857
75320,2,0,111859
75321,1,0,111860
75322,1,0,111861
75323,1,0,111862
75324,1,0,111863
75325,1,0,111864
75326,3,0,111867
75327,1,0,111868
75328,1,0,111869
75329,2,0,111871
75330,1,0,111872
75331,1,0,111873
75332,3,0,111876
75333,1,0,111877
75334,2,0,111879
75335,2,0,111881
75336,1,0,111882
75337,1,0,111883
75338,3,0,111886
75339,1,0,111887
75340,1,0,111888
75341,1,0,111889
75342,2,0,111891
75343,2,0,111893
75344,2,0,111895
75345,1,0,111896
75346,1,0,111897
75347,1,0,111898
75348,1,0,111899
75349,1,0,111900
75350,1,0,111901
75351,1,0,111902
75352,1,0,111903
75353,1,0,111904
75354,2,0,111906
75355,3,0,111909
75356,1,0,111910
75357,2,0,111912
75358,1,0,111913
75359,2,0,111915
75360,1,0,111916
75361,1,0,111917
75362,2,0,111919
75363,1,0,111920
75364,1,0,111921
75365,2,0,111923
75366,1,0,111924
75367,2,0,111926
75368,2,0,111928
75369,1,0,111929
75370,2,0,111931
75371,2,0,111933
75372,2,0,111935
75373,4,0,111939
75374,1,0,111940
75375,1,0,111941
75376,1,0,111942
75377,1,0,111943
75378,2,0,111945
75379,1,0,111946
75380,1,0,111947
75381,1,0,111948
75382,1,0,111949
75383,3,0,111952
75384,1,0,111953
75385,2,0,111955
75386,1,0,111956
75387,1,0,111957
75388,1,0,111958
75389,1,0,111959
75390,1,0,111960
75391,1,0,111961
75392,4,0,111965
75393,1,0,111966
75394,2,0,111968
75395,1,0,111969
75396,1,0,111970
75397,1,0,111971
75398,1,0,111972
75399,1,0,111973
75400,1,0,111974
75401,1,0,111975
75402,1,0,111976
75403,3,0,111979
75404,3,0,111982
75405,1,0,111983
75406,2,0,111985
75407,5,0,111990
75408,1,0,111991
75409,1,0,111992
75410,1,0,111993
75411,2,0,111995
75412,1,0,111996
75413,2,0,111998
75414,1,0,111999
75415,2,0,112001
75416,1,0,112002
75417,3,0,112005
75418,1,0,112006
75419,1,0,112007
75420,2,0,112009
75421,3,0,112012
75422,1,0,112013
75423,1,0,112014
75424,1,0,112015
75425,1,0,112016
75426,2,0,112018
75427,2,0,112020
75428,1,0,112021
75429,2,0,112023
75430,3,0,112026
75431,1,0,112027
75432,1,0,112028
75433,1,0,112029
75434,1,0,112030
75435,1,0,112031
75436,1,0,112032
75437,1,0,112033
75438,1,0,112034
75439,3,0,112037
75440,1,0,112038
75441,4,0,112042
75442,1,0,112043
75443,1,0,112044
75444,2,0,112046
75445,1,0,112047
75446,1,0,112048
75447,4,0,112052
75448,1,0,112053
75449,1,0,112054
75450,1,0,112055
75451,2,0,112057
75452,2,0,112059
75453,1,0,112060
75454,5,0,112065
75455,1,0,112066
75456,3,0,112069
75457,1,0,112070
75458,2,0,112072
75459,1,0,112073
75460,1,0,112074
75461,3,0,112077
75462,1,0,112078
75463,2,0,112080
75464,2,0,112082
75465,1,0,112083
75466,1,0,112084
75467,1,0,112085
75468,1,0,112086
75469,1,0,112087
75470,1,0,112088
75471,1,0,112089
75472,1,0,112090
75473,1,0,112091
75474,1,0,112092
75475,1,0,112093
75476,1,0,112094
75477,2,0,112096
75478,1,0,112097
75479,1,0,112098
75480,1,0,112099
75481,2,0,112101
75482,1,0,112102
75483,1,0,112103
75484,2,0,112105
75485,1,0,112106
75486,1,0,112107
75487,1,0,112108
75488,1,0,112109
75489,1,0,112110
75490,2,0,112112
75491,2,0,112114
75492,1,0,112115
75493,1,0,112116
75494,1,0,112117
75495,3,0,112120
75496,2,0,112122
75497,3,0,112125
75498,1,0,112126
75499,1,0,112127
75500,1,0,112128
75501,1,0,112129
75502,1,0,112130
75503,2,0,112132
75504,1,0,112133
75505,1,0,112134
75506,4,0,112138
75507,1,0,112139
75508,1,0,112140
75509,1,0,112141
75510,1,0,112142
75511,1,0,112143
75512,1,0,112144
75513,1,0,112145
75514,2,0,112147
75515,3,0,112150
75516,1,0,112151
75517,2,0,112153
75518,1,0,112154
75519,3,0,112157
75520,1,0,112158
75521,1,0,112159
75522,1,0,112160
75523,1,0,112161
75524,3,0,112164
75525,1,0,112165
75526,1,0,112166
75527,1,0,112167
75528,1,0,112168
75529,1,0,112169
75530,3,0,112172
75531,1,0,112173
75532,1,0,112174
75533,2,0,112176
75534,1,0,112177
75535,4,0,112181
75536,1,0,112182
75537,1,0,112183
75538,1,0,112184
75539,1,0,112185
75540,1,0,112186
75541,1,0,112187
75542,2,0,112189
75543,2,0,112191
75544,2,0,112193
75545,1,0,112194
75546,1,0,112195
75547,2,0,112197
75548,1,0,112198
75549,1,0,112199
75550,1,0,112200
75551,1,0,112201
75552,1,0,112202
75553,2,0,112204
75554,1,0,112205
75555,1,0,112206
75556,1,0,112207
75557,2,0,112209
75558,1,0,112210
75559,1,0,112211
75560,1,0,112212
75561,2,0,112214
75562,1,0,112215
75563,1,0,112216
75564,1,0,112217
75565,2,0,112219
75566,1,0,112220
75567,2,0,112222
75568,2,0,112224
75569,1,0,112225
75570,1,0,112226
75571,3,0,112229
75572,1,0,112230
75573,1,0,112231
75574,4,0,112235
75575,4,0,112239
75576,2,0,112241
75577,1,0,112242
75578,1,0,112243
75579,2,0,112245
75580,3,0,112248
75581,1,0,112249
75582,1,0,112250
75583,2,0,112252
75584,2,0,112254
75585,2,0,112256
75586,2,0,112258
75587,1,0,112259
75588,1,0,112260
75589,2,0,112262
75590,1,0,112263
75591,1,0,112264
75592,1,0,112265
75593,1,0,112266
75594,2,0,112268
75595,1,0,112269
75596,2,0,112271
75597,2,0,112273
75598,1,0,112274
75599,1,0,112275
75600,2,0,112277
75601,1,0,112278
75602,1,0,112279
75603,5,0,112284
75604,2,0,112286
75605,1,0,112287
75606,2,0,112289
75607,4,0,112293
75608,3,0,112296
75609,1,0,112297
75610,3,0,112300
75611,1,0,112301
75612,1,0,112302
75613,1,0,112303
75614,1,0,112304
75615,1,0,112305
75616,1,0,112306
75617,3,0,112309
75618,2,0,112311
75619,1,0,112312
75620,1,0,112313
75621,3,0,112316
75622,4,0,112320
75623,1,0,112321
75624,1,0,112322
75625,1,0,112323
75626,1,0,112324
75627,1,0,112325
75628,1,0,112326
75629,1,0,112327
75630,3,0,112330
75631,1,0,112331
75632,1,0,112332
75633,2,0,112334
75634,2,0,112336
75635,1,0,112337
75636,1,0,112338
75637,2,0,112340
75638,1,0,112341
75639,1,0,112342
75640,1,0,112343
75641,1,0,112344
75642,3,0,112347
75643,1,0,112348
75644,1,0,112349
75645,3,0,112352
75646,2,0,112354
75647,1,0,112355
75648,1,0,112356
75649,1,0,112357
75650,1,0,112358
75651,1,0,112359
75652,1,0,112360
75653,2,0,112362
75654,1,0,112363
75655,1,0,112364
75656,1,0,112365
75657,1,0,112366
75658,1,0,112367
75659,1,0,112368
75660,1,0,112369
75661,1,0,112370
75662,2,0,112372
75663,1,0,112373
75664,1,0,112374
75665,1,0,112375
75666,1,0,112376
75667,1,0,112377
75668,1,0,112378
75669,2,0,112380
75670,2,0,112382
75671,2,0,112384
75672,1,0,112385
75673,3,0,112388
75674,1,0,112389
75675,1,0,112390
75676,1,0,112391
75677,1,0,112392
75678,2,0,112394
75679,1,0,112395
75680,1,0,112396
75681,1,0,112397
75682,3,0,112400
75683,3,0,112403
75684,1,0,112404
75685,2,0,112406
75686,1,0,112407
75687,3,0,112410
75688,1,0,112411
75689,1,0,112412
75690,1,0,112413
75691,1,0,112414
75692,2,0,112416
75693,1,0,112417
75694,1,0,112418
75695,2,0,112420
75696,1,0,112421
75697,2,0,112423
75698,1,0,112424
75699,1,0,112425
75700,2,0,112427
75701,1,0,112428
75702,1,0,112429
75703,2,0,112431
75704,1,0,112432
75705,1,0,112433
75706,1,0,112434
75707,2,0,112436
75708,2,0,112438
75709,1,0,112439
75710,1,0,112440
75711,1,0,112441
75712,1,0,112442
75713,1,0,112443
75714,3,0,112446
75715,2,0,112448
75716,1,0,112449
75717,1,0,112450
75718,1,0,112451
75719,1,0,112452
75720,3,0,112455
75721,1,0,112456
75722,2,0,112458
75723,1,0,112459
75724,2,0,112461
75725,1,0,112462
75726,2,0,112464
75727,2,0,112466
75728,1,0,112467
75729,2,0,112469
75730,2,0,112471
75731,1,0,112472
75732,1,0,112473
75733,1,0,112474
75734,3,0,112477
75735,2,0,112479
75736,1,0,112480
75737,4,0,112484
75738,1,0,112485
75739,1,0,112486
75740,1,0,112487
75741,1,0,112488
75742,4,0,112492
75743,1,0,112493
75744,1,0,112494
75745,1,0,112495
75746,1,0,112496
75747,1,0,112497
75748,1,0,112498
75749,1,0,112499
75750,1,0,112500
75751,1,0,112501
75752,1,0,112502
75753,1,0,112503
75754,1,0,112504
75755,1,0,112505
75756,3,0,112508
75757,1,0,112509
75758,4,0,112513
75759,1,0,112514
75760,1,0,112515
75761,1,0,112516
75762,1,0,112517
75763,1,0,112518
75764,3,0,112521
75765,1,0,112522
75766,1,0,112523
75767,1,0,112524
75768,1,0,112525
75769,1,0,112526
75770,2,0,112528
75771,1,0,112529
75772,1,0,112530
75773,2,0,112532
75774,1,0,112533
75775,1,0,112534
75776,3,0,112537
75777,3,0,112540
75778,1,0,112541
75779,2,0,112543
75780,1,0,112544
75781,1,0,112545
75782,2,0,112547
75783,2,0,112549
75784,1,0,112550
75785,1,0,112551
75786,1,0,112552
75787,2,0,112554
75788,1,0,112555
75789,1,0,112556
75790,1,0,112557
75791,4,0,112561
75792,1,0,112562
75793,1,0,112563
75794,2,0,112565
75795,2,0,112567
75796,2,0,112569
75797,2,0,112571
75798,2,0,112573
75799,1,0,112574
75800,1,0,112575
75801,2,0,112577
75802,1,0,112578
75803,2,0,112580
75804,1,0,112581
75805,2,0,112583
75806,1,0,112584
75807,3,0,112587
75808,1,0,112588
75809,1,0,112589
75810,1,0,112590
75811,2,0,112592
75812,1,0,112593
75813,1,0,112594
75814,1,0,112595
75815,1,0,112596
75816,2,0,112598
75817,3,0,112601
75818,1,0,112602
75819,3,0,112605
75820,1,0,112606
75821,1,0,112607
75822,2,0,112609
75823,1,0,112610
75824,1,0,112611
75825,4,0,112615
75826,1,0,112616
75827,1,0,112617
75828,1,0,112618
75829,1,0,112619
75830,1,0,112620
75831,1,0,112621
75832,1,0,112622
75833,1,0,112623
75834,2,0,112625
75835,1,0,112626
75836,2,0,112628
75837,2,0,112630
75838,1,0,112631
75839,1,0,112632
75840,1,0,112633
75841,1,0,112634
75842,1,0,112635
75843,1,0,112636
75844,1,0,112637
75845,3,0,112640
75846,1,0,112641
75847,3,0,112644
75848,4,0,112648
75849,1,0,112649
75850,1,0,112650
75851,3,0,112653
75852,1,0,112654
75853,1,0,112655
75854,1,0,112656
75855,1,0,112657
75856,1,0,112658
75857,1,0,112659
75858,3,0,112662
75859,1,0,112663
75860,4,0,112667
75861,1,0,112668
75862,1,0,112669
75863,2,0,112671
75864,1,0,112672
75865,2,0,112674
75866,2,0,112676
75867,1,0,112677
75868,1,0,112678
75869,1,0,112679
75870,3,0,112682
75871,1,0,112683
75872,1,0,112684
75873,1,0,112685
75874,1,0,112686
75875,2,0,112688
75876,1,0,112689
75877,4,0,112693
75878,1,0,112694
75879,3,0,112697
75880,1,0,112698
75881,2,0,112700
75882,1,0,112701
75883,1,0,112702
75884,1,0,112703
75885,1,0,112704
75886,1,0,112705
75887,4,0,112709
75888,1,0,112710
75889,3,0,112713
75890,1,0,112714
75891,1,0,112715
75892,1,0,112716
75893,1,0,112717
75894,1,0,112718
75895,1,0,112719
75896,2,0,112721
75897,1,0,112722
75898,2,0,112724
75899,2,0,112726
75900,1,0,112727
75901,2,0,112729
75902,1,0,112730
75903,2,0,112732
75904,2,0,112734
75905,1,0,112735
75906,1,0,112736
75907,1,0,112737
75908,1,0,112738
75909,1,0,112739
75910,4,0,112743
75911,1,0,112744
75912,1,0,112745
75913,1,0,112746
75914,1,0,112747
75915,1,0,112748
75916,2,0,112750
75917,1,0,112751
75918,1,0,112752
75919,1,0,112753
75920,1,0,112754
75921,1,0,112755
75922,1,0,112756
75923,1,0,112757
75924,1,0,112758
75925,1,0,112759
75926,1,0,112760
75927,1,0,112761
75928,5,0,112766
75929,1,0,112767
75930,1,0,112768
75931,1,0,112769
75932,1,0,112770
75933,2,0,112772
75934,1,0,112773
75935,1,0,112774
75936,3,0,112777
75937,1,0,112778
75938,3,0,112781
75939,3,0,112784
75940,1,0,112785
75941,2,0,112787
75942,1,0,112788
75943,3,0,112791
75944,2,0,112793
75945,1,0,112794
75946,1,0,112795
75947,1,0,112796
75948,1,0,112797
75949,1,0,112798
75950,1,0,112799
75951,1,0,112800
75952,1,0,112801
75953,1,0,112802
75954,1,0,112803
75955,3,0,112806
75956,1,0,112807
75957,1,0,112808
75958,1,0,112809
75959,1,0,112810
75960,2,0,112812
75961,1,0,112813
75962,1,0,112814
75963,1,0,112815
75964,1,0,112816
75965,1,0,112817
75966,1,0,112818
75967,1,0,112819
75968,3,0,112822
75969,3,0,112825
75970,2,0,112827
75971,1,0,112828
75972,3,0,112831
75973,1,0,112832
75974,3,0,112835
75975,1,0,112836
75976,1,0,112837
75977,1,0,112838
75978,5,0,112843
75979,1,0,112844
75980,2,0,112846
75981,1,0,112847
75982,1,0,112848
75983,2,0,112850
75984,1,0,112851
75985,1,0,112852
75986,1,0,112853
75987,1,0,112854
75988,1,0,112855
75989,1,0,112856
75990,2,0,112858
75991,1,0,112859
75992,1,0,112860
75993,1,0,112861
75994,1,0,112862
75995,1,0,112863
75996,3,0,112866
75997,2,0,112868
75998,1,0,112869
75999,1,0,112870
76000,1,0,112871
76001,2,0,112873
76002,2,0,112875
76003,1,0,112876
76004,1,0,112877
76005,4,0,112881
76006,1,0,112882
76007,1,0,112883
76008,1,0,112884
76009,2,0,112886
76010,1,0,112887
76011,1,0,112888
76012,1,0,112889
76013,3,0,112892
76014,1,0,112893
76015,1,0,112894
76016,1,0,112895
76017,5,0,112900
76018,1,0,112901
76019,1,0,112902
76020,1,0,112903
76021,1,0,112904
76022,1,0,112905
76023,1,0,112906
76024,1,0,112907
76025,2,0,112909
76026,2,0,112911
76027,1,0,112912
76028,2,0,112914
76029,1,0,112915
76030,1,0,112916
76031,2,0,112918
76032,1,0,112919
76033,1,0,112920
76034,1,0,112921
76035,1,0,112922
76036,1,0,112923
76037,2,0,112925
76038,1,0,112926
76039,1,0,112927
76040,3,0,112930
76041,1,0,112931
76042,1,0,112932
76043,1,0,112933
76044,2,0,112935
76045,1,0,112936
76046,1,0,112937
76047,2,0,112939
76048,3,0,112942
76049,1,0,112943
76050,1,0,112944
76051,2,0,112946
76052,1,0,112947
76053,1,0,112948
76054,1,0,112949
76055,1,0,112950
76056,1,0,112951
76057,2,0,112953
76058,3,0,112956
76059,2,0,112958
76060,2,0,112960
76061,2,0,112962
76062,1,0,112963
76063,1,0,112964
76064,1,0,112965
76065,2,0,112967
76066,1,0,112968
76067,1,0,112969
76068,1,0,112970
76069,1,0,112971
76070,2,0,112973
76071,1,0,112974
76072,2,0,112976
76073,1,0,112977
76074,1,0,112978
76075,1,0,112979
76076,1,0,112980
76077,1,0,112981
76078,2,0,112983
76079,1,0,112984
76080,2,0,112986
76081,1,0,112987
76082,1,0,112988
76083,2,0,112990
76084,1,0,112991
76085,1,0,112992
76086,1,0,112993
76087,3,0,112996
76088,1,0,112997
76089,1,0,112998
76090,1,0,112999
76091,1,0,113000
76092,1,0,113001
76093,1,0,113002
76094,1,0,113003
76095,1,0,113004
76096,1,0,113005
76097,1,0,113006
76098,1,0,113007
76099,2,0,113009
76100,1,0,113010
76101,1,0,113011
76102,3,0,113014
76103,2,0,113016
76104,1,0,113017
76105,1,0,113018
76106,2,0,113020
76107,1,0,113021
76108,1,0,113022
76109,1,0,113023
76110,3,0,113026
76111,1,0,113027
76112,1,0,113028
76113,1,0,113029
76114,3,0,113032
76115,3,0,113035
76116,1,0,113036
76117,2,0,113038
76118,2,0,113040
76119,1,0,113041
76120,1,0,113042
76121,1,0,113043
76122,1,0,113044
76123,1,0,113045
76124,1,0,113046
76125,1,0,113047
76126,1,0,113048
76127,3,0,113051
76128,4,0,113055
76129,1,0,113056
76130,1,0,113057
76131,1,0,113058
76132,3,0,113061
76133,1,0,113062
76134,1,0,113063
76135,1,0,113064
76136,1,0,113065
76137,1,0,113066
76138,1,0,113067
76139,1,0,113068
76140,5,0,113073
76141,2,0,113075
76142,7,0,113082
76143,1,0,113083
76144,1,0,113084
76145,1,0,113085
76146,2,0,113087
76147,1,0,113088
76148,1,0,113089
76149,1,0,113090
76150,2,0,113092
76151,1,0,113093
76152,1,0,113094
76153,1,0,113095
76154,1,0,113096
76155,3,0,113099
76156,1,0,113100
76157,1,0,113101
76158,2,0,113103
76159,1,0,113104
76160,2,0,113106
76161,1,0,113107
76162,1,0,113108
76163,1,0,113109
76164,1,0,113110
76165,4,0,113114
76166,1,0,113115
76167,2,0,113117
76168,1,0,113118
76169,1,0,113119
76170,2,0,113121
76171,1,0,113122
76172,2,0,113124
76173,1,0,113125
76174,1,0,113126
76175,1,0,113127
76176,1,0,113128
76177,1,0,113129
76178,1,0,113130
76179,1,0,113131
76180,2,0,113133
76181,1,0,113134
76182,1,0,113135
76183,1,0,113136
76184,1,0,113137
76185,1,0,113138
76186,1,0,113139
76187,4,0,113143
76188,1,0,113144
76189,1,0,113145
76190,1,0,113146
76191,2,0,113148
76192,1,0,113149
76193,1,0,113150
76194,1,0,113151
76195,2,0,113153
76196,1,0,113154
76197,1,0,113155
76198,1,0,113156
76199,1,0,113157
76200,1,0,113158
76201,4,0,113162
76202,1,0,113163
76203,1,0,113164
76204,1,0,113165
76205,1,0,113166
76206,1,0,113167
76207,1,0,113168
76208,1,0,113169
76209,2,0,113171
76210,1,0,113172
76211,1,0,113173
76212,1,0,113174
76213,1,0,113175
76214,1,0,113176
76215,3,0,113179
76216,1,0,113180
76217,1,0,113181
76218,2,0,113183
76219,1,0,113184
76220,2,0,113186
76221,1,0,113187
76222,3,0,113190
76223,2,0,113192
76224,2,0,113194
76225,3,0,113197
76226,2,0,113199
76227,1,0,113200
76228,3,0,113203
76229,1,0,113204
76230,1,0,113205
76231,2,0,113207
76232,1,0,113208
76233,1,0,113209
76234,1,0,113210
76235,1,0,113211
76236,2,0,113213
76237,3,0,113216
76238,1,0,113217
76239,1,0,113218
76240,1,0,113219
76241,1,0,113220
76242,1,0,113221
76243,2,0,113223
76244,1,0,113224
76245,1,0,113225
76246,3,0,113228
76247,1,0,113229
76248,2,0,113231
76249,1,0,113232
76250,1,0,113233
76251,1,0,113234
76252,1,0,113235
76253,1,0,113236
76254,1,0,113237
76255,4,0,113241
76256,1,0,113242
76257,3,0,113245
76258,5,0,113250
76259,1,0,113251
76260,1,0,113252
76261,1,0,113253
76262,1,0,113254
76263,1,0,113255
76264,3,0,113258
76265,1,0,113259
76266,1,0,113260
76267,2,0,113262
76268,5,0,113267
76269,1,0,113268
76270,1,0,113269
76271,1,0,113270
76272,3,0,113273
76273,1,0,113274
76274,4,0,113278
76275,2,0,113280
76276,4,0,113284
76277,3,0,113287
76278,1,0,113288
76279,1,0,113289
76280,1,0,113290
76281,1,0,113291
76282,1,0,113292
76283,1,0,113293
76284,1,0,113294
76285,3,0,113297
76286,1,0,113298
76287,2,0,113300
76288,2,0,113302
76289,1,0,113303
76290,1,0,113304
76291,1,0,113305
76292,1,0,113306
76293,3,0,113309
76294,2,0,113311
76295,1,0,113312
76296,1,0,113313
76297,2,0,113315
76298,1,0,113316
76299,1,0,113317
76300,1,0,113318
76301,3,0,113321
76302,1,0,113322
76303,2,0,113324
76304,1,0,113325
76305,1,0,113326
76306,1,0,113327
76307,3,0,113330
76308,1,0,113331
76309,2,0,113333
76310,2,0,113335
76311,1,0,113336
76312,1,0,113337
76313,1,0,113338
76314,2,0,113340
76315,2,0,113342
76316,1,0,113343
76317,1,0,113344
76318,1,0,113345
76319,1,0,113346
76320,3,0,113349
76321,1,0,113350
76322,1,0,113351
76323,3,0,113354
76324,1,0,113355
76325,2,0,113357
76326,2,0,113359
76327,1,0,113360
76328,1,0,113361
76329,1,0,113362
76330,1,0,113363
76331,1,0,113364
76332,1,0,113365
76333,1,0,113366
76334,1,0,113367
76335,1,0,113368
76336,1,0,113369
76337,3,0,113372
76338,1,0,113373
76339,1,0,113374
76340,5,0,113379
76341,3,0,113382
76342,1,0,113383
76343,2,0,113385
76344,1,0,113386
76345,1,0,113387
76346,1,0,113388
76347,3,0,113391
76348,1,0,113392
76349,2,0,113394
76350,3,0,113397
76351,1,0,113398
76352,1,0,113399
76353,1,0,113400
76354,1,0,113401
76355,1,0,113402
76356,1,0,113403
76357,1,0,113404
76358,3,0,113407
76359,1,0,113408
76360,1,0,113409
76361,2,0,113411
76362,2,0,113413
76363,1,0,113414
76364,2,0,113416
76365,1,0,113417
76366,1,0,113418
76367,1,0,113419
76368,1,0,113420
76369,2,0,113422
76370,1,0,113423
76371,1,0,113424
76372,4,0,113428
76373,1,0,113429
76374,1,0,113430
76375,1,0,113431
76376,2,0,113433
76377,2,0,113435
76378,1,0,113436
76379,1,0,113437
76380,3,0,113440
76381,1,0,113441
76382,1,0,113442
76383,1,0,113443
76384,2,0,113445
76385,1,0,113446
76386,1,0,113447
76387,1,0,113448
76388,2,0,113450
76389,1,0,113451
76390,1,0,113452
76391,1,0,113453
76392,1,0,113454
76393,2,0,113456
76394,1,0,113457
76395,1,0,113458
76396,2,0,113460
76397,2,0,113462
76398,3,0,113465
76399,1,0,113466
76400,1,0,113467
76401,1,0,113468
76402,1,0,113469
76403,1,0,113470
76404,4,0,113474
76405,1,0,113475
76406,2,0,113477
76407,1,0,113478
76408,1,0,113479
76409,2,0,113481
76410,1,0,113482
76411,2,0,113484
76412,2,0,113486
76413,1,0,113487
76414,1,0,113488
76415,1,0,113489
76416,1,0,113490
76417,1,0,113491
76418,1,0,113492
76419,3,0,113495
76420,1,0,113496
76421,1,0,113497
76422,3,0,113500
76423,1,0,113501
76424,1,0,113502
76425,1,0,113503
76426,1,0,113504
76427,2,0,113506
76428,2,0,113508
76429,1,0,113509
76430,1,0,113510
76431,1,0,113511
76432,1,0,113512
76433,1,0,113513
76434,2,0,113515
76435,1,0,113516
76436,1,0,113517
76437,1,0,113518
76438,1,0,113519
76439,2,0,113521
76440,1,0,113522
76441,1,0,113523
76442,1,0,113524
76443,1,0,113525
76444,1,0,113526
76445,1,0,113527
76446,1,0,113528
76447,1,0,113529
76448,1,0,113530
76449,1,0,113531
76450,1,0,113532
76451,1,0,113533
76452,1,0,113534
76453,1,0,113535
76454,2,0,113537
76455,3,0,113540
76456,1,0,113541
76457,1,0,113542
76458,3,0,113545
76459,1,0,113546
76460,2,0,113548
76461,2,0,113550
76462,1,0,113551
76463,1,0,113552
76464,3,0,113555
76465,1,0,113556
76466,2,0,113558
76467,1,0,113559
76468,3,0,113562
76469,2,0,113564
76470,1,0,113565
76471,2,0,113567
76472,1,0,113568
76473,4,0,113572
76474,3,0,113575
76475,3,0,113578
76476,2,0,113580
76477,1,0,113581
76478,1,0,113582
76479,1,0,113583
76480,1,0,113584
76481,1,0,113585
76482,1,0,113586
76483,1,0,113587
76484,1,0,113588
76485,2,0,113590
76486,1,0,113591
76487,2,0,113593
76488,1,0,113594
76489,1,0,113595
76490,1,0,113596
76491,2,0,113598
76492,2,0,113600
76493,1,0,113601
76494,2,0,113603
76495,1,0,113604
76496,1,0,113605
76497,2,0,113607
76498,1,0,113608
76499,1,0,113609
76500,1,0,113610
76501,1,0,113611
76502,1,0,113612
76503,1,0,113613
76504,1,0,113614
76505,1,0,113615
76506,1,0,113616
76507,1,0,113617
76508,2,0,113619
76509,1,0,113620
76510,2,0,113622
76511,1,0,113623
76512,2,0,113625
76513,1,0,113626
76514,1,0,113627
76515,2,0,113629
76516,2,0,113631
76517,1,0,113632
76518,1,0,113633
76519,1,0,113634
76520,1,0,113635
76521,3,0,113638
76522,1,0,113639
76523,1,0,113640
76524,1,0,113641
76525,1,0,113642
76526,2,0,113644
76527,3,0,113647
76528,2,0,113649
76529,3,0,113652
76530,1,0,113653
76531,1,0,113654
76532,1,0,113655
76533,1,0,113656
76534,3,0,113659
76535,6,0,113665
76536,1,0,113666
76537,1,0,113667
76538,2,0,113669
76539,1,0,113670
76540,2,0,113672
76541,1,0,113673
76542,1,0,113674
76543,1,0,113675
76544,2,0,113677
76545,1,0,113678
76546,1,0,113679
76547,2,0,113681
76548,1,0,113682
76549,2,0,113684
76550,2,0,113686
76551,1,0,113687
76552,1,0,113688
76553,1,0,113689
76554,2,0,113691
76555,1,0,113692
76556,2,0,113694
76557,1,0,113695
76558,3,0,113698
76559,1,0,113699
76560,1,0,113700
76561,1,0,113701
76562,2,0,113703
76563,1,0,113704
76564,1,0,113705
76565,2,0,113707
76566,1,0,113708
76567,1,0,113709
76568,1,0,113710
76569,1,0,113711
76570,3,0,113714
76571,2,0,113716
76572,2,0,113718
76573,1,0,113719
76574,1,0,113720
76575,1,0,113721
76576,1,0,113722
76577,1,0,113723
76578,1,0,113724
76579,4,0,113728
76580,2,0,113730
76581,1,0,113731
76582,1,0,113732
76583,3,0,113735
76584,3,0,113738
76585,4,0,113742
76586,2,0,113744
76587,1,0,113745
76588,3,0,113748
76589,2,0,113750
76590,2,0,113752
76591,1,0,113753
76592,2,0,113755
76593,1,0,113756
76594,1,0,113757
76595,1,0,113758
76596,4,0,113762
76597,2,0,113764
76598,3,0,113767
76599,1,0,113768
76600,1,0,113769
76601,1,0,113770
76602,2,0,113772
76603,2,0,113774
76604,1,0,113775
76605,3,0,113778
76606,1,0,113779
76607,1,0,113780
76608,1,0,113781
76609,1,0,113782
76610,2,0,113784
76611,1,0,113785
76612,3,0,113788
76613,1,0,113789
76614,1,0,113790
76615,1,0,113791
76616,1,0,113792
76617,2,0,113794
76618,1,0,113795
76619,1,0,113796
76620,1,0,113797
76621,1,0,113798
76622,1,0,113799
76623,2,0,113801
76624,1,0,113802
76625,1,0,113803
76626,1,0,113804
76627,1,0,113805
76628,2,0,113807
76629,1,0,113808
76630,1,0,113809
76631,2,0,113811
76632,2,0,113813
76633,2,0,113815
76634,1,0,113816
76635,1,0,113817
76636,1,0,113818
76637,2,0,113820
76638,2,0,113822
76639,1,0,113823
76640,3,0,113826
76641,1,0,113827
76642,1,0,113828
76643,1,0,113829
76644,1,0,113830
76645,1,0,113831
76646,1,0,113832
76647,1,0,113833
76648,1,0,113834
76649,1,0,113835
76650,2,0,113837
76651,1,0,113838
76652,1,0,113839
76653,1,0,113840
76654,1,0,113841
76655,1,0,113842
76656,1,0,113843
76657,1,0,113844
76658,2,0,113846
76659,1,0,113847
76660,2,0,113849
76661,3,0,113852
76662,2,0,113854
76663,2,0,113856
76664,2,0,113858
76665,1,0,113859
76666,2,0,113861
76667,1,0,113862
76668,1,0,113863
76669,2,0,113865
76670,2,0,113867
76671,1,0,113868
76672,1,0,113869
76673,1,0,113870
76674,1,0,113871
76675,1,0,113872
76676,2,0,113874
76677,1,0,113875
76678,1,0,113876
76679,1,0,113877
76680,1,0,113878
76681,1,0,113879
76682,1,0,113880
76683,1,0,113881
76684,1,0,113882
76685,2,0,113884
76686,1,0,113885
76687,1,0,113886
76688,1,0,113887
76689,1,0,113888
76690,2,0,113890
76691,1,0,113891
76692,1,0,113892
76693,1,0,113893
76694,1,0,113894
76695,1,0,113895
76696,2,0,113897
76697,1,0,113898
76698,1,0,113899
76699,1,0,113900
76700,1,0,113901
76701,1,0,113902
76702,1,0,113903
76703,3,0,113906
76704,2,0,113908
76705,1,0,113909
76706,1,0,113910
76707,1,0,113911
76708,2,0,113913
76709,1,0,113914
76710,1,0,113915
76711,1,0,113916
76712,3,0,113919
76713,2,0,113921
76714,1,0,113922
76715,2,0,113924
76716,1,0,113925
76717,1,0,113926
76718,2,0,113928
76719,2,0,113930
76720,3,0,113933
76721,2,0,113935
76722,2,0,113937
76723,1,0,113938
76724,1,0,113939
76725,1,0,113940
76726,2,0,113942
76727,1,0,113943
76728,1,0,113944
76729,1,0,113945
76730,2,0,113947
76731,1,0,113948
76732,1,0,113949
76733,1,0,113950
76734,2,0,113952
76735,1,0,113953
76736,4,0,113957
76737,1,0,113958
76738,2,0,113960
76739,1,0,113961
76740,4,0,113965
76741,2,0,113967
76742,1,0,113968
76743,1,0,113969
76744,1,0,113970
76745,4,0,113974
76746,1,0,113975
76747,1,0,113976
76748,2,0,113978
76749,1,0,113979
76750,2,0,113981
76751,1,0,113982
76752,1,0,113983
76753,1,0,113984
76754,2,0,113986
76755,1,0,113987
76756,2,0,113989
76757,3,0,113992
76758,3,0,113995
76759,1,0,113996
76760,1,0,113997
76761,3,0,114000
76762,3,0,114003
76763,2,0,114005
76764,4,0,114009
76765,1,0,114010
76766,2,0,114012
76767,1,0,114013
76768,1,0,114014
76769,1,0,114015
76770,2,0,114017
76771,3,0,114020
76772,1,0,114021
76773,3,0,114024
76774,2,0,114026
76775,2,0,114028
76776,1,0,114029
76777,2,0,114031
76778,3,0,114034
76779,1,0,114035
76780,2,0,114037
76781,1,0,114038
76782,1,0,114039
76783,1,0,114040
76784,2,0,114042
76785,1,0,114043
76786,1,0,114044
76787,1,0,114045
76788,2,0,114047
76789,1,0,114048
76790,1,0,114049
76791,1,0,114050
76792,1,0,114051
76793,2,0,114053
76794,1,0,114054
76795,1,0,114055
76796,2,0,114057
76797,1,0,114058
76798,2,0,114060
76799,2,0,114062
76800,1,0,114063
76801,1,0,114064
76802,1,0,114065
76803,2,0,114067
76804,2,0,114069
76805,1,0,114070
76806,3,0,114073
76807,5,0,114078
76808,1,0,114079
76809,1,0,114080
76810,2,0,114082
76811,3,0,114085
76812,1,0,114086
76813,4,0,114090
76814,1,0,114091
76815,1,0,114092
76816,1,0,114093
76817,1,0,114094
76818,1,0,114095
76819,3,0,114098
76820,1,0,114099
76821,1,0,114100
76822,1,0,114101
76823,3,0,114104
76824,3,0,114107
76825,1,0,114108
76826,1,0,114109
76827,1,0,114110
76828,1,0,114111
76829,1,0,114112
76830,1,0,114113
76831,1,0,114114
76832,1,0,114115
76833,1,0,114116
76834,1,0,114117
76835,3,0,114120
76836,2,0,114122
76837,1,0,114123
76838,1,0,114124
76839,1,0,114125
76840,1,0,114126
76841,3,0,114129
76842,1,0,114130
76843,2,0,114132
76844,1,0,114133
76845,1,0,114134
76846,2,0,114136
76847,1,0,114137
76848,1,0,114138
76849,2,0,114140
76850,1,0,114141
76851,1,0,114142
76852,3,0,114145
76853,1,0,114146
76854,1,0,114147
76855,3,0,114150
76856,1,0,114151
76857,1,0,114152
76858,1,0,114153
76859,1,0,114154
76860,1,0,114155
76861,1,0,114156
76862,2,0,114158
76863,1,0,114159
76864,1,0,114160
76865,1,0,114161
76866,1,0,114162
76867,1,0,114163
76868,1,0,114164
76869,1,0,114165
76870,1,0,114166
76871,4,0,114170
76872,1,0,114171
76873,1,0,114172
76874,3,0,114175
76875,4,0,114179
76876,3,0,114182
76877,2,0,114184
76878,2,0,114186
76879,1,0,114187
76880,1,0,114188
76881,1,0,114189
76882,1,0,114190
76883,2,0,114192
76884,1,0,114193
76885,1,0,114194
76886,1,0,114195
76887,1,0,114196
76888,2,0,114198
76889,1,0,114199
76890,2,0,114201
76891,2,0,114203
76892,1,0,114204
76893,1,0,114205
76894,1,0,114206
76895,1,0,114207
76896,1,0,114208
76897,1,0,114209
76898,1,0,114210
76899,1,0,114211
76900,1,0,114212
76901,1,0,114213
76902,1,0,114214
76903,1,0,114215
76904,1,0,114216
76905,2,0,114218
76906,4,0,114222
76907,1,0,114223
76908,2,0,114225
76909,1,0,114226
76910,1,0,114227
76911,1,0,114228
76912,3,0,114231
76913,3,0,114234
76914,1,0,114235
76915,2,0,114237
76916,1,0,114238
76917,1,0,114239
76918,1,0,114240
76919,1,0,114241
76920,1,0,114242
76921,1,0,114243
76922,1,0,114244
76923,2,0,114246
76924,1,0,114247
76925,2,0,114249
76926,1,0,114250
76927,1,0,114251
76928,1,0,114252
76929,1,0,114253
76930,1,0,114254
76931,5,0,114259
76932,1,0,114260
76933,1,0,114261
76934,1,0,114262
76935,1,0,114263
76936,1,0,114264
76937,1,0,114265
76938,1,0,114266
76939,2,0,114268
76940,1,0,114269
76941,1,0,114270
76942,1,0,114271
76943,1,0,114272
76944,4,0,114276
76945,1,0,114277
76946,4,0,114281
76947,1,0,114282
76948,1,0,114283
76949,1,0,114284
76950,1,0,114285
76951,2,0,114287
76952,1,0,114288
76953,1,0,114289
76954,1,0,114290
76955,1,0,114291
76956,3,0,114294
76957,1,0,114295
76958,1,0,114296
76959,3,0,114299
76960,2,0,114301
76961,2,0,114303
76962,1,0,114304
76963,1,0,114305
76964,1,0,114306
76965,1,0,114307
76966,3,0,114310
76967,1,0,114311
76968,1,0,114312
76969,1,0,114313
76970,1,0,114314
76971,1,0,114315
76972,3,0,114318
76973,1,0,114319
76974,4,0,114323
76975,1,0,114324
76976,1,0,114325
76977,2,0,114327
76978,1,0,114328
76979,2,0,114330
76980,1,0,114331
76981,1,0,114332
76982,1,0,114333
76983,1,0,114334
76984,1,0,114335
76985,1,0,114336
76986,1,0,114337
76987,3,0,114340
76988,1,0,114341
76989,1,0,114342
76990,1,0,114343
76991,2,0,114345
76992,1,0,114346
76993,2,0,114348
76994,1,0,114349
76995,1,0,114350
76996,2,0,114352
76997,2,0,114354
76998,2,0,114356
76999,1,0,114357
77000,1,0,114358
77001,2,0,114360
77002,2,0,114362
77003,3,0,114365
77004,1,0,114366
77005,2,0,114368
77006,1,0,114369
77007,1,0,114370
77008,1,0,114371
77009,1,0,114372
77010,2,0,114374
77011,1,0,114375
77012,1,0,114376
77013,2,0,114378
77014,1,0,114379
77015,2,0,114381
77016,1,0,114382
77017,1,0,114383
77018,1,0,114384
77019,1,0,114385
77020,1,0,114386
77021,1,0,114387
77022,3,0,114390
77023,1,0,114391
77024,1,0,114392
77025,2,0,114394
77026,4,0,114398
77027,1,0,114399
77028,1,0,114400
77029,1,0,114401
77030,2,0,114403
77031,4,0,114407
77032,1,0,114408
77033,2,0,114410
77034,3,0,114413
77035,2,0,114415
77036,1,0,114416
77037,4,0,114420
77038,1,0,114421
77039,1,0,114422
77040,1,0,114423
77041,3,0,114426
77042,2,0,114428
77043,2,0,114430
77044,1,0,114431
77045,2,0,114433
77046,2,0,114435
77047,1,0,114436
77048,1,0,114437
77049,2,0,114439
77050,1,0,114440
77051,3,0,114443
77052,1,0,114444
77053,2,0,114446
77054,1,0,114447
77055,3,0,114450
77056,1,0,114451
77057,2,0,114453
77058,1,0,114454
77059,1,0,114455
77060,5,0,114460
77061,1,0,114461
77062,3,0,114464
77063,1,0,114465
77064,1,0,114466
77065,1,0,114467
77066,1,0,114468
77067,1,0,114469
77068,2,0,114471
77069,2,0,114473
77070,1,0,114474
77071,1,0,114475
77072,1,0,114476
77073,2,0,114478
77074,1,0,114479
77075,1,0,114480
77076,2,0,114482
77077,1,0,114483
77078,1,0,114484
77079,1,0,114485
77080,1,0,114486
77081,1,0,114487
77082,1,0,114488
77083,2,0,114490
77084,1,0,114491
77085,1,0,114492
77086,1,0,114493
77087,1,0,114494
77088,2,0,114496
77089,1,0,114497
77090,4,0,114501
77091,1,0,114502
77092,1,0,114503
77093,1,0,114504
77094,1,0,114505
77095,1,0,114506
77096,1,0,114507
77097,1,0,114508
77098,2,0,114510
77099,1,0,114511
77100,1,0,114512
77101,1,0,114513
77102,1,0,114514
77103,4,0,114518
77104,2,0,114520
77105,3,0,114523
77106,1,0,114524
77107,1,0,114525
77108,1,0,114526
77109,1,0,114527
77110,1,0,114528
77111,1,0,114529
77112,1,0,114530
77113,1,0,114531
77114,4,0,114535
77115,1,0,114536
77116,2,0,114538
77117,1,0,114539
77118,2,0,114541
77119,1,0,114542
77120,2,0,114544
77121,1,0,114545
77122,1,0,114546
77123,1,0,114547
77124,1,0,114548
77125,2,0,114550
77126,1,0,114551
77127,1,0,114552
77128,1,0,114553
77129,1,0,114554
77130,3,0,114557
77131,2,0,114559
77132,1,0,114560
77133,1,0,114561
77134,2,0,114563
77135,1,0,114564
77136,1,0,114565
77137,1,0,114566
77138,1,0,114567
77139,1,0,114568
77140,1,0,114569
77141,1,0,114570
77142,1,0,114571
77143,1,0,114572
77144,1,0,114573
77145,1,0,114574
77146,1,0,114575
77147,2,0,114577
77148,2,0,114579
77149,2,0,114581
77150,2,0,114583
77151,4,0,114587
77152,1,0,114588
77153,1,0,114589
77154,1,0,114590
77155,1,0,114591
77156,1,0,114592
77157,1,0,114593
77158,1,0,114594
77159,1,0,114595
77160,2,0,114597
77161,1,0,114598
77162,1,0,114599
77163,1,0,114600
77164,1,0,114601
77165,4,0,114605
77166,1,0,114606
77167,3,0,114609
77168,1,0,114610
77169,1,0,114611
77170,1,0,114612
77171,2,0,114614
77172,3,0,114617
77173,2,0,114619
77174,1,0,114620
77175,1,0,114621
77176,1,0,114622
77177,1,0,114623
77178,1,0,114624
77179,1,0,114625
77180,1,0,114626
77181,2,0,114628
77182,1,0,114629
77183,1,0,114630
77184,4,0,114634
77185,1,0,114635
77186,1,0,114636
77187,3,0,114639
77188,3,0,114642
77189,1,0,114643
77190,1,0,114644
77191,4,0,114648
77192,2,0,114650
77193,3,0,114653
77194,1,0,114654
77195,4,0,114658
77196,1,0,114659
77197,1,0,114660
77198,6,0,114666
77199,1,0,114667
77200,1,0,114668
77201,1,0,114669
77202,1,0,114670
77203,1,0,114671
77204,1,0,114672
77205,1,0,114673
77206,1,0,114674
77207,2,0,114676
77208,4,0,114680
77209,1,0,114681
77210,1,0,114682
77211,2,0,114684
77212,2,0,114686
77213,1,0,114687
77214,2,0,114689
77215,1,0,114690
77216,1,0,114691
77217,2,0,114693
77218,2,0,114695
77219,1,0,114696
77220,1,0,114697
77221,3,0,114700
77222,1,0,114701
77223,1,0,114702
77224,1,0,114703
77225,4,0,114707
77226,1,0,114708
77227,2,0,114710
77228,2,0,114712
77229,1,0,114713
77230,3,0,114716
77231,1,0,114717
77232,3,0,114720
77233,2,0,114722
77234,2,0,114724
77235,1,0,114725
77236,2,0,114727
77237,1,0,114728
77238,1,0,114729
77239,1,0,114730
77240,1,0,114731
77241,1,0,114732
77242,1,0,114733
77243,1,0,114734
77244,1,0,114735
77245,1,0,114736
77246,1,0,114737
77247,1,0,114738
77248,1,0,114739
77249,2,0,114741
77250,1,0,114742
77251,1,0,114743
77252,1,0,114744
77253,1,0,114745
77254,2,0,114747
77255,1,0,114748
77256,1,0,114749
77257,1,0,114750
77258,1,0,114751
77259,1,0,114752
77260,1,0,114753
77261,1,0,114754
77262,1,0,114755
77263,2,0,114757
77264,1,0,114758
77265,1,0,114759
77266,1,0,114760
77267,1,0,114761
77268,1,0,114762
77269,4,0,114766
77270,1,0,114767
77271,1,0,114768
77272,1,0,114769
77273,1,0,114770
77274,2,0,114772
77275,2,0,114774
77276,1,0,114775
77277,2,0,114777
77278,3,0,114780
77279,1,0,114781
77280,1,0,114782
77281,2,0,114784
77282,3,0,114787
77283,1,0,114788
77284,1,0,114789
77285,2,0,114791
77286,1,0,114792
77287,1,0,114793
77288,2,0,114795
77289,3,0,114798
77290,4,0,114802
77291,1,0,114803
77292,1,0,114804
77293,1,0,114805
77294,1,0,114806
77295,2,0,114808
77296,1,0,114809
77297,1,0,114810
77298,1,0,114811
77299,1,0,114812
77300,1,0,114813
77301,1,0,114814
77302,1,0,114815
77303,3,0,114818
77304,1,0,114819
77305,1,0,114820
77306,1,0,114821
77307,2,0,114823
77308,1,0,114824
77309,1,0,114825
77310,1,0,114826
77311,1,0,114827
77312,1,0,114828
77313,1,0,114829
77314,1,0,114830
77315,2,0,114832
77316,1,0,114833
77317,3,0,114836
77318,1,0,114837
77319,1,0,114838
77320,1,0,114839
77321,1,0,114840
77322,3,0,114843
77323,3,0,114846
77324,1,0,114847
77325,1,0,114848
77326,2,0,114850
77327,1,0,114851
77328,3,0,114854
77329,1,0,114855
77330,3,0,114858
77331,2,0,114860
77332,5,0,114865
77333,2,0,114867
77334,1,0,114868
77335,1,0,114869
77336,4,0,114873
77337,2,0,114875
77338,1,0,114876
77339,2,0,114878
77340,1,0,114879
77341,1,0,114880
77342,1,0,114881
77343,1,0,114882
77344,2,0,114884
77345,2,0,114886
77346,1,0,114887
77347,1,0,114888
77348,2,0,114890
77349,4,0,114894
77350,1,0,114895
77351,2,0,114897
77352,1,0,114898
77353,1,0,114899
77354,3,0,114902
77355,1,0,114903
77356,1,0,114904
77357,1,0,114905
77358,2,0,114907
77359,3,0,114910
77360,1,0,114911
77361,1,0,114912
77362,1,0,114913
77363,1,0,114914
77364,2,0,114916
77365,2,0,114918
77366,1,0,114919
77367,1,0,114920
77368,1,0,114921
77369,3,0,114924
77370,2,0,114926
77371,3,0,114929
77372,1,0,114930
77373,3,0,114933
77374,4,0,114937
77375,2,0,114939
77376,1,0,114940
77377,1,0,114941
77378,1,0,114942
77379,2,0,114944
77380,1,0,114945
77381,1,0,114946
77382,1,0,114947
77383,1,0,114948
77384,2,0,114950
77385,1,0,114951
77386,1,0,114952
77387,1,0,114953
77388,1,0,114954
77389,2,0,114956
77390,1,0,114957
77391,1,0,114958
77392,1,0,114959
77393,1,0,114960
77394,1,0,114961
77395,1,0,114962
77396,1,0,114963
77397,1,0,114964
77398,2,0,114966
77399,3,0,114969
77400,1,0,114970
77401,4,0,114974
77402,1,0,114975
77403,1,0,114976
77404,1,0,114977
77405,1,0,114978
77406,2,0,114980
77407,1,0,114981
77408,1,0,114982
77409,3,0,114985
77410,1,0,114986
77411,3,0,114989
77412,2,0,114991
77413,1,0,114992
77414,1,0,114993
77415,2,0,114995
77416,2,0,114997
77417,1,0,114998
77418,1,0,114999
77419,2,0,115001
77420,3,0,115004
77421,2,0,115006
77422,1,0,115007
77423,1,0,115008
77424,2,0,115010
77425,1,0,115011
77426,3,0,115014
77427,2,0,115016
77428,2,0,115018
77429,2,0,115020
77430,1,0,115021
77431,1,0,115022
77432,2,0,115024
77433,1,0,115025
77434,2,0,115027
77435,2,0,115029
77436,1,0,115030
77437,1,0,115031
77438,6,0,115037
77439,1,0,115038
77440,1,0,115039
77441,2,0,115041
77442,1,0,115042
77443,1,0,115043
77444,1,0,115044
77445,1,0,115045
77446,2,0,115047
77447,1,0,115048
77448,1,0,115049
77449,1,0,115050
77450,1,0,115051
77451,3,0,115054
77452,1,0,115055
77453,1,0,115056
77454,1,0,115057
77455,1,0,115058
77456,1,0,115059
77457,2,0,115061
77458,1,0,115062
77459,2,0,115064
77460,1,0,115065
77461,1,0,115066
77462,1,0,115067
77463,1,0,115068
77464,1,0,115069
77465,2,0,115071
77466,2,0,115073
77467,1,0,115074
77468,1,0,115075
77469,1,0,115076
77470,1,0,115077
77471,3,0,115080
77472,2,0,115082
77473,1,0,115083
77474,2,0,115085
77475,2,0,115087
77476,1,0,115088
77477,3,0,115091
77478,1,0,115092
77479,1,0,115093
77480,1,0,115094
77481,1,0,115095
77482,1,0,115096
77483,1,0,115097
77484,1,0,115098
77485,1,0,115099
77486,1,0,115100
77487,2,0,115102
77488,1,0,115103
77489,1,0,115104
77490,1,0,115105
77491,1,0,115106
77492,1,0,115107
77493,2,0,115109
77494,1,0,115110
77495,1,0,115111
77496,1,0,115112
77497,1,0,115113
77498,2,0,115115
77499,2,0,115117
77500,1,0,115118
77501,2,0,115120
77502,3,0,115123
77503,1,0,115124
77504,1,0,115125
77505,1,0,115126
77506,1,0,115127
77507,1,0,115128
77508,1,0,115129
77509,1,0,115130
77510,1,0,115131
77511,2,0,115133
77512,1,0,115134
77513,2,0,115136
77514,1,0,115137
77515,2,0,115139
77516,1,0,115140
77517,1,0,115141
77518,1,0,115142
77519,2,0,115144
77520,1,0,115145
77521,1,0,115146
77522,1,0,115147
77523,2,0,115149
77524,1,0,115150
77525,1,0,115151
77526,2,0,115153
77527,1,0,115154
77528,1,0,115155
77529,2,0,115157
77530,2,0,115159
77531,1,0,115160
77532,1,0,115161
77533,1,0,115162
77534,1,0,115163
77535,1,0,115164
77536,1,0,115165
77537,1,0,115166
77538,1,0,115167
77539,1,0,115168
77540,1,0,115169
77541,1,0,115170
77542,2,0,115172
77543,1,0,115173
77544,2,0,115175
77545,1,0,115176
77546,1,0,115177
77547,3,0,115180
77548,1,0,115181
77549,3,0,115184
77550,2,0,115186
77551,3,0,115189
77552,2,0,115191
77553,1,0,115192
77554,1,0,115193
77555,3,0,115196
77556,3,0,115199
77557,1,0,115200
77558,1,0,115201
77559,1,0,115202
77560,1,0,115203
77561,1,0,115204
77562,2,0,115206
77563,1,0,115207
77564,2,0,115209
77565,1,0,115210
77566,5,0,115215
77567,1,0,115216
77568,1,0,115217
77569,3,0,115220
77570,2,0,115222
77571,2,0,115224
77572,1,0,115225
77573,1,0,115226
77574,1,0,115227
77575,2,0,115229
77576,2,0,115231
77577,1,0,115232
77578,1,0,115233
77579,2,0,115235
77580,2,0,115237
77581,1,0,115238
77582,2,0,115240
77583,2,0,115242
77584,1,0,115243
77585,1,0,115244
77586,1,0,115245
77587,1,0,115246
77588,3,0,115249
77589,3,0,115252
77590,1,0,115253
77591,1,0,115254
77592,2,0,115256
77593,2,0,115258
77594,2,0,115260
77595,2,0,115262
77596,2,0,115264
77597,1,0,115265
77598,1,0,115266
77599,1,0,115267
77600,6,0,115273
77601,1,0,115274
77602,3,0,115277
77603,1,0,115278
77604,2,0,115280
77605,2,0,115282
77606,1,0,115283
77607,1,0,115284
77608,3,0,115287
77609,2,0,115289
77610,1,0,115290
77611,1,0,115291
77612,1,0,115292
77613,3,0,115295
77614,1,0,115296
77615,2,0,115298
77616,2,0,115300
77617,2,0,115302
77618,1,0,115303
77619,2,0,115305
77620,2,0,115307
77621,1,0,115308
77622,2,0,115310
77623,1,0,115311
77624,1,0,115312
77625,1,0,115313
77626,1,0,115314
77627,2,0,115316
77628,1,0,115317
77629,2,0,115319
77630,1,0,115320
77631,2,0,115322
77632,1,0,115323
77633,1,0,115324
77634,1,0,115325
77635,1,0,115326
77636,2,0,115328
77637,1,0,115329
77638,1,0,115330
77639,3,0,115333
77640,1,0,115334
77641,1,0,115335
77642,1,0,115336
77643,4,0,115340
77644,2,0,115342
77645,1,0,115343
77646,1,0,115344
77647,2,0,115346
77648,2,0,115348
77649,1,0,115349
77650,3,0,115352
77651,2,0,115354
77652,1,0,115355
77653,1,0,115356
77654,1,0,115357
77655,2,0,115359
77656,2,0,115361
77657,2,0,115363
77658,2,0,115365
77659,1,0,115366
77660,1,0,115367
77661,1,0,115368
77662,1,0,115369
77663,1,0,115370
77664,1,0,115371
77665,1,0,115372
77666,1,0,115373
77667,1,0,115374
77668,1,0,115375
77669,1,0,115376
77670,1,0,115377
77671,1,0,115378
77672,1,0,115379
77673,2,0,115381
77674,2,0,115383
77675,1,0,115384
77676,1,0,115385
77677,7,0,115392
77678,2,0,115394
77679,1,0,115395
77680,1,0,115396
77681,1,0,115397
77682,4,0,115401
77683,1,0,115402
77684,1,0,115403
77685,1,0,115404
77686,1,0,115405
77687,1,0,115406
77688,1,0,115407
77689,1,0,115408
77690,1,0,115409
77691,1,0,115410
77692,1,0,115411
77693,1,0,115412
77694,1,0,115413
77695,1,0,115414
77696,2,0,115416
77697,4,0,115420
77698,2,0,115422
77699,1,0,115423
77700,1,0,115424
77701,1,0,115425
77702,2,0,115427
77703,1,0,115428
77704,1,0,115429
77705,1,0,115430
77706,1,0,115431
77707,1,0,115432
77708,1,0,115433
77709,1,0,115434
77710,2,0,115436
77711,1,0,115437
77712,1,0,115438
77713,2,0,115440
77714,6,0,115446
77715,2,0,115448
77716,2,0,115450
77717,1,0,115451
77718,1,0,115452
77719,1,0,115453
77720,1,0,115454
77721,2,0,115456
77722,1,0,115457
77723,3,0,115460
77724,1,0,115461
77725,1,0,115462
77726,1,0,115463
77727,3,0,115466
77728,2,0,115468
77729,1,0,115469
77730,1,0,115470
77731,1,0,115471
77732,2,0,115473
77733,1,0,115474
77734,1,0,115475
77735,1,0,115476
77736,1,0,115477
77737,1,0,115478
77738,2,0,115480
77739,1,0,115481
77740,1,0,115482
77741,1,0,115483
77742,2,0,115485
77743,1,0,115486
77744,1,0,115487
77745,1,0,115488
77746,1,0,115489
77747,1,0,115490
77748,2,0,115492
77749,1,0,115493
77750,1,0,115494
77751,1,0,115495
77752,1,0,115496
77753,1,0,115497
77754,1,0,115498
77755,1,0,115499
77756,1,0,115500
77757,1,0,115501
77758,1,0,115502
77759,1,0,115503
77760,1,0,115504
77761,1,0,115505
77762,2,0,115507
77763,1,0,115508
77764,2,0,115510
77765,3,0,115513
77766,1,0,115514
77767,1,0,115515
77768,1,0,115516
77769,1,0,115517
77770,1,0,115518
77771,1,0,115519
77772,1,0,115520
77773,1,0,115521
77774,1,0,115522
77775,1,0,115523
77776,1,0,115524
77777,2,0,115526
77778,1,0,115527
77779,1,0,115528
77780,1,0,115529
77781,5,0,115534
77782,1,0,115535
77783,1,0,115536
77784,1,0,115537
77785,1,0,115538
77786,1,0,115539
77787,1,0,115540
77788,1,0,115541
77789,2,0,115543
77790,3,0,115546
77791,1,0,115547
77792,1,0,115548
77793,1,0,115549
77794,3,0,115552
77795,2,0,115554
77796,2,0,115556
77797,1,0,115557
77798,3,0,115560
77799,2,0,115562
77800,1,0,115563
77801,1,0,115564
77802,2,0,115566
77803,1,0,115567
77804,1,0,115568
77805,2,0,115570
77806,1,0,115571
77807,3,0,115574
77808,1,0,115575
77809,1,0,115576
77810,1,0,115577
77811,1,0,115578
77812,1,0,115579
77813,1,0,115580
77814,1,0,115581
77815,2,0,115583
77816,2,0,115585
77817,3,0,115588
77818,1,0,115589
77819,2,0,115591
77820,1,0,115592
77821,2,0,115594
77822,1,0,115595
77823,1,0,115596
77824,3,0,115599
77825,1,0,115600
77826,1,0,115601
77827,1,0,115602
77828,1,0,115603
77829,1,0,115604
77830,3,0,115607
77831,2,0,115609
77832,1,0,115610
77833,2,0,115612
77834,1,0,115613
77835,1,0,115614
77836,1,0,115615
77837,1,0,115616
77838,1,0,115617
77839,4,0,115621
77840,2,0,115623
77841,1,0,115624
77842,3,0,115627
77843,1,0,115628
77844,1,0,115629
77845,3,0,115632
77846,1,0,115633
77847,1,0,115634
77848,2,0,115636
77849,2,0,115638
77850,1,0,115639
77851,1,0,115640
77852,2,0,115642
77853,1,0,115643
77854,1,0,115644
77855,2,0,115646
77856,1,0,115647
77857,1,0,115648
77858,1,0,115649
77859,1,0,115650
77860,1,0,115651
77861,1,0,115652
77862,1,0,115653
77863,2,0,115655
77864,2,0,115657
77865,2,0,115659
77866,2,0,115661
77867,2,0,115663
77868,1,0,115664
77869,1,0,115665
77870,1,0,115666
77871,1,0,115667
77872,2,0,115669
77873,1,0,115670
77874,1,0,115671
77875,1,0,115672
77876,3,0,115675
77877,1,0,115676
77878,1,0,115677
77879,2,0,115679
77880,2,0,115681
77881,1,0,115682
77882,1,0,115683
77883,1,0,115684
77884,1,0,115685
77885,1,0,115686
77886,1,0,115687
77887,1,0,115688
77888,1,0,115689
77889,1,0,115690
77890,1,0,115691
77891,1,0,115692
77892,1,0,115693
77893,2,0,115695
77894,1,0,115696
77895,4,0,115700
77896,2,0,115702
77897,1,0,115703
77898,1,0,115704
77899,1,0,115705
77900,1,0,115706
77901,1,0,115707
77902,2,0,115709
77903,1,0,115710
77904,1,0,115711
77905,2,0,115713
77906,1,0,115714
77907,1,0,115715
77908,1,0,115716
77909,5,0,115721
77910,2,0,115723
77911,1,0,115724
77912,2,0,115726
77913,1,0,115727
77914,3,0,115730
77915,1,0,115731
77916,3,0,115734
77917,1,0,115735
77918,1,0,115736
77919,2,0,115738
77920,2,0,115740
77921,4,0,115744
77922,1,0,115745
77923,2,0,115747
77924,2,0,115749
77925,1,0,115750
77926,2,0,115752
77927,1,0,115753
77928,1,0,115754
77929,1,0,115755
77930,1,0,115756
77931,3,0,115759
77932,1,0,115760
77933,2,0,115762
77934,1,0,115763
77935,2,0,115765
77936,2,0,115767
77937,2,0,115769
77938,2,0,115771
77939,1,0,115772
77940,1,0,115773
77941,4,0,115777
77942,1,0,115778
77943,1,0,115779
77944,1,0,115780
77945,1,0,115781
77946,1,0,115782
77947,2,0,115784
77948,1,0,115785
77949,2,0,115787
77950,4,0,115791
77951,1,0,115792
77952,1,0,115793
77953,1,0,115794
77954,1,0,115795
77955,2,0,115797
77956,1,0,115798
77957,2,0,115800
77958,1,0,115801
77959,1,0,115802
77960,1,0,115803
77961,2,0,115805
77962,6,0,115811
77963,1,0,115812
77964,1,0,115813
77965,1,0,115814
77966,1,0,115815
77967,4,0,115819
77968,2,0,115821
77969,1,0,115822
77970,1,0,115823
77971,1,0,115824
77972,2,0,115826
77973,1,0,115827
77974,2,0,115829
77975,1,0,115830
77976,1,0,115831
77977,1,0,115832
77978,3,0,115835
77979,1,0,115836
77980,1,0,115837
77981,1,0,115838
77982,1,0,115839
77983,6,0,115845
77984,1,0,115846
77985,1,0,115847
77986,1,0,115848
77987,2,0,115850
77988,2,0,115852
77989,1,0,115853
77990,1,0,115854
77991,1,0,115855
77992,1,0,115856
77993,1,0,115857
77994,2,0,115859
77995,4,0,115863
77996,1,0,115864
77997,1,0,115865
77998,2,0,115867
77999,1,0,115868
78000,1,0,115869
78001,1,0,115870
78002,1,0,115871
78003,3,0,115874
78004,1,0,115875
78005,1,0,115876
78006,2,0,115878
78007,1,0,115879
78008,1,0,115880
78009,1,0,115881
78010,2,0,115883
78011,1,0,115884
78012,3,0,115887
78013,2,0,115889
78014,1,0,115890
78015,1,0,115891
78016,1,0,115892
78017,2,0,115894
78018,1,0,115895
78019,2,0,115897
78020,1,0,115898
78021,1,0,115899
78022,2,0,115901
78023,2,0,115903
78024,1,0,115904
78025,2,0,115906
78026,1,0,115907
78027,2,0,115909
78028,1,0,115910
78029,2,0,115912
78030,1,0,115913
78031,1,0,115914
78032,1,0,115915
78033,2,0,115917
78034,1,0,115918
78035,2,0,115920
78036,1,0,115921
78037,3,0,115924
78038,3,0,115927
78039,1,0,115928
78040,2,0,115930
78041,2,0,115932
78042,1,0,115933
78043,2,0,115935
78044,1,0,115936
78045,2,0,115938
78046,2,0,115940
78047,1,0,115941
78048,1,0,115942
78049,3,0,115945
78050,2,0,115947
78051,1,0,115948
78052,2,0,115950
78053,1,0,115951
78054,1,0,115952
78055,1,0,115953
78056,1,0,115954
78057,1,0,115955
78058,1,0,115956
78059,1,0,115957
78060,1,0,115958
78061,1,0,115959
78062,1,0,115960
78063,1,0,115961
78064,1,0,115962
78065,2,0,115964
78066,1,0,115965
78067,2,0,115967
78068,1,0,115968
78069,1,0,115969
78070,1,0,115970
78071,1,0,115971
78072,1,0,115972
78073,2,0,115974
78074,2,0,115976
78075,2,0,115978
78076,1,0,115979
78077,1,0,115980
78078,1,0,115981
78079,1,0,115982
78080,1,0,115983
78081,1,0,115984
78082,3,0,115987
78083,1,0,115988
78084,1,0,115989
78085,1,0,115990
78086,1,0,115991
78087,2,0,115993
78088,1,0,115994
78089,1,0,115995
78090,1,0,115996
78091,1,0,115997
78092,2,0,115999
78093,1,0,116000
78094,1,0,116001
78095,2,0,116003
78096,3,0,116006
78097,1,0,116007
78098,1,0,116008
78099,1,0,116009
78100,1,0,116010
78101,1,0,116011
78102,2,0,116013
78103,1,0,116014
78104,1,0,116015
78105,1,0,116016
78106,4,0,116020
78107,1,0,116021
78108,1,0,116022
78109,1,0,116023
78110,1,0,116024
78111,1,0,116025
78112,1,0,116026
78113,1,0,116027
78114,2,0,116029
78115,1,0,116030
78116,2,0,116032
78117,1,0,116033
78118,1,0,116034
78119,1,0,116035
78120,1,0,116036
78121,1,0,116037
78122,1,0,116038
78123,1,0,116039
78124,1,0,116040
78125,1,0,116041
78126,1,0,116042
78127,1,0,116043
78128,1,0,116044
78129,3,0,116047
78130,1,0,116048
78131,1,0,116049
78132,1,0,116050
78133,1,0,116051
78134,1,0,116052
78135,2,0,116054
78136,1,0,116055
78137,2,0,116057
78138,1,0,116058
78139,1,0,116059
78140,2,0,116061
78141,2,0,116063
78142,3,0,116066
78143,1,0,116067
78144,1,0,116068
78145,1,0,116069
78146,3,0,116072
78147,1,0,116073
78148,1,0,116074
78149,2,0,116076
78150,1,0,116077
78151,1,0,116078
78152,1,0,116079
78153,1,0,116080
78154,1,0,116081
78155,1,0,116082
78156,1,0,116083
78157,1,0,116084
78158,1,0,116085
78159,3,0,116088
78160,1,0,116089
78161,1,0,116090
78162,1,0,116091
78163,1,0,116092
78164,1,0,116093
78165,2,0,116095
78166,2,0,116097
78167,4,0,116101
78168,1,0,116102
78169,1,0,116103
78170,1,0,116104
78171,1,0,116105
78172,2,0,116107
78173,1,0,116108
78174,4,0,116112
78175,1,0,116113
78176,1,0,116114
78177,2,0,116116
78178,1,0,116117
78179,1,0,116118
78180,1,0,116119
78181,1,0,116120
78182,1,0,116121
78183,1,0,116122
78184,1,0,116123
78185,1,0,116124
78186,1,0,116125
78187,1,0,116126
78188,1,0,116127
78189,1,0,116128
78190,4,0,116132
78191,1,0,116133
78192,3,0,116136
78193,1,0,116137
78194,1,0,116138
78195,1,0,116139
78196,1,0,116140
78197,1,0,116141
78198,1,0,116142
78199,1,0,116143
78200,1,0,116144
78201,2,0,116146
78202,1,0,116147
78203,1,0,116148
78204,1,0,116149
78205,1,0,116150
78206,1,0,116151
78207,3,0,116154
78208,1,0,116155
78209,2,0,116157
78210,1,0,116158
78211,1,0,116159
78212,1,0,116160
78213,1,0,116161
78214,1,0,116162
78215,1,0,116163
78216,1,0,116164
78217,1,0,116165
78218,1,0,116166
78219,1,0,116167
78220,1,0,116168
78221,2,0,116170
78222,2,0,116172
78223,6,0,116178
78224,1,0,116179
78225,1,0,116180
78226,1,0,116181
78227,1,0,116182
78228,2,0,116184
78229,1,0,116185
78230,1,0,116186
78231,1,0,116187
78232,1,0,116188
78233,1,0,116189
78234,1,0,116190
78235,1,0,116191
78236,2,0,116193
78237,1,0,116194
78238,2,0,116196
78239,3,0,116199
78240,1,0,116200
78241,1,0,116201
78242,1,0,116202
78243,1,0,116203
78244,1,0,116204
78245,1,0,116205
78246,1,0,116206
78247,1,0,116207
78248,1,0,116208
78249,1,0,116209
78250,1,0,116210
78251,1,0,116211
78252,1,0,116212
78253,3,0,116215
78254,1,0,116216
78255,1,0,116217
78256,2,0,116219
78257,1,0,116220
78258,2,0,116222
78259,1,0,116223
78260,1,0,116224
78261,1,0,116225
78262,1,0,116226
78263,2,0,116228
78264,1,0,116229
78265,1,0,116230
78266,1,0,116231
78267,1,0,116232
78268,1,0,116233
78269,1,0,116234
78270,1,0,116235
78271,4,0,116239
78272,1,0,116240
78273,2,0,116242
78274,1,0,116243
78275,2,0,116245
78276,2,0,116247
78277,1,0,116248
78278,1,0,116249
78279,1,0,116250
78280,1,0,116251
78281,1,0,116252
78282,1,0,116253
78283,1,0,116254
78284,1,0,116255
78285,2,0,116257
78286,2,0,116259
78287,2,0,116261
78288,1,0,116262
78289,2,0,116264
78290,1,0,116265
78291,1,0,116266
78292,1,0,116267
78293,2,0,116269
78294,1,0,116270
78295,1,0,116271
78296,1,0,116272
78297,1,0,116273
78298,1,0,116274
78299,1,0,116275
78300,1,0,116276
78301,1,0,116277
78302,1,0,116278
78303,1,0,116279
78304,1,0,116280
78305,1,0,116281
78306,1,0,116282
78307,1,0,116283
78308,1,0,116284
78309,1,0,116285
78310,2,0,116287
78311,1,0,116288
78312,3,0,116291
78313,5,0,116296
78314,1,0,116297
78315,3,0,116300
78316,1,0,116301
78317,2,0,116303
78318,1,0,116304
78319,1,0,116305
78320,2,0,116307
78321,1,0,116308
78322,1,0,116309
78323,1,0,116310
78324,2,0,116312
78325,1,0,116313
78326,1,0,116314
78327,1,0,116315
78328,1,0,116316
78329,1,0,116317
78330,1,0,116318
78331,1,0,116319
78332,1,0,116320
78333,2,0,116322
78334,1,0,116323
78335,1,0,116324
78336,1,0,116325
78337,1,0,116326
78338,1,0,116327
78339,2,0,116329
78340,1,0,116330
78341,1,0,116331
78342,1,0,116332
78343,1,0,116333
78344,5,0,116338
78345,1,0,116339
78346,1,0,116340
78347,1,0,116341
78348,2,0,116343
78349,1,0,116344
78350,1,0,116345
78351,1,0,116346
78352,1,0,116347
78353,1,0,116348
78354,1,0,116349
78355,1,0,116350
78356,1,0,116351
78357,1,0,116352
78358,1,0,116353
78359,1,0,116354
78360,1,0,116355
78361,1,0,116356
78362,1,0,116357
78363,1,0,116358
78364,3,0,116361
78365,2,0,116363
78366,1,0,116364
78367,1,0,116365
78368,1,0,116366
78369,1,0,116367
78370,1,0,116368
78371,1,0,116369
78372,3,0,116372
78373,3,0,116375
78374,1,0,116376
78375,1,0,116377
78376,1,0,116378
78377,1,0,116379
78378,1,0,116380
78379,1,0,116381
78380,5,0,116386
78381,2,0,116388
78382,1,0,116389
78383,1,0,116390
78384,1,0,116391
78385,1,0,116392
78386,1,0,116393
78387,2,0,116395
78388,1,0,116396
78389,1,0,116397
78390,2,0,116399
78391,1,0,116400
78392,1,0,116401
78393,2,0,116403
78394,2,0,116405
78395,1,0,116406
78396,1,0,116407
78397,2,0,116409
78398,1,0,116410
78399,5,0,116415
78400,1,0,116416
78401,1,0,116417
78402,1,0,116418
78403,2,0,116420
78404,1,0,116421
78405,1,0,116422
78406,1,0,116423
78407,1,0,116424
78408,2,0,116426
78409,1,0,116427
78410,1,0,116428
78411,1,0,116429
78412,1,0,116430
78413,2,0,116432
78414,2,0,116434
78415,1,0,116435
78416,3,0,116438
78417,1,0,116439
78418,1,0,116440
78419,1,0,116441
78420,1,0,116442
78421,1,0,116443
78422,1,0,116444
78423,2,0,116446
78424,1,0,116447
78425,2,0,116449
78426,3,0,116452
78427,1,0,116453
78428,2,0,116455
78429,1,0,116456
78430,2,0,116458
78431,1,0,116459
78432,1,0,116460
78433,1,0,116461
78434,1,0,116462
78435,1,0,116463
78436,1,0,116464
78437,2,0,116466
78438,1,0,116467
78439,1,0,116468
78440,1,0,116469
78441,4,0,116473
78442,1,0,116474
78443,1,0,116475
78444,3,0,116478
78445,2,0,116480
78446,2,0,116482
78447,3,0,116485
78448,1,0,116486
78449,1,0,116487
78450,1,0,116488
78451,1,0,116489
78452,2,0,116491
78453,1,0,116492
78454,1,0,116493
78455,1,0,116494
78456,1,0,116495
78457,1,0,116496
78458,3,0,116499
78459,1,0,116500
78460,1,0,116501
78461,1,0,116502
78462,1,0,116503
78463,1,0,116504
78464,2,0,116506
78465,1,0,116507
78466,2,0,116509
78467,2,0,116511
78468,1,0,116512
78469,1,0,116513
78470,1,0,116514
78471,1,0,116515
78472,1,0,116516
78473,1,0,116517
78474,1,0,116518
78475,2,0,116520
78476,2,0,116522
78477,1,0,116523
78478,1,0,116524
78479,1,0,116525
78480,1,0,116526
78481,1,0,116527
78482,1,0,116528
78483,1,0,116529
78484,3,0,116532
78485,1,0,116533
78486,1,0,116534
78487,1,0,116535
78488,1,0,116536
78489,1,0,116537
78490,1,0,116538
78491,1,0,116539
78492,1,0,116540
78493,1,0,116541
78494,1,0,116542
78495,4,0,116546
78496,1,0,116547
78497,1,0,116548
78498,2,0,116550
78499,1,0,116551
78500,2,0,116553
78501,1,0,116554
78502,1,0,116555
78503,1,0,116556
78504,1,0,116557
78505,4,0,116561
78506,1,0,116562
78507,1,0,116563
78508,2,0,116565
78509,1,0,116566
78510,2,0,116568
78511,1,0,116569
78512,2,0,116571
78513,1,0,116572
78514,1,0,116573
78515,1,0,116574
78516,2,0,116576
78517,1,0,116577
78518,1,0,116578
78519,2,0,116580
78520,1,0,116581
78521,1,0,116582
78522,2,0,116584
78523,2,0,116586
78524,2,0,116588
78525,1,0,116589
78526,1,0,116590
78527,1,0,116591
78528,1,0,116592
78529,2,0,116594
78530,1,0,116595
78531,1,0,116596
78532,1,0,116597
78533,1,0,116598
78534,3,0,116601
78535,2,0,116603
78536,3,0,116606
78537,1,0,116607
78538,1,0,116608
78539,2,0,116610
78540,1,0,116611
78541,2,0,116613
78542,1,0,116614
78543,1,0,116615
78544,1,0,116616
78545,2,0,116618
78546,1,0,116619
78547,1,0,116620
78548,1,0,116621
78549,1,0,116622
78550,2,0,116624
78551,1,0,116625
78552,6,0,116631
78553,1,0,116632
78554,2,0,116634
78555,1,0,116635
78556,1,0,116636
78557,1,0,116637
78558,1,0,116638
78559,1,0,116639
78560,1,0,116640
78561,1,0,116641
78562,1,0,116642
78563,1,0,116643
78564,1,0,116644
78565,1,0,116645
78566,1,0,116646
78567,1,0,116647
78568,2,0,116649
78569,4,0,116653
78570,1,0,116654
78571,1,0,116655
78572,1,0,116656
78573,1,0,116657
78574,1,0,116658
78575,1,0,116659
78576,1,0,116660
78577,1,0,116661
78578,1,0,116662
78579,1,0,116663
78580,1,0,116664
78581,1,0,116665
78582,1,0,116666
78583,1,0,116667
78584,1,0,116668
78585,1,0,116669
78586,3,0,116672
78587,2,0,116674
78588,1,0,116675
78589,2,0,116677
78590,1,0,116678
78591,1,0,116679
78592,1,0,116680
78593,2,0,116682
78594,2,0,116684
78595,1,0,116685
78596,1,0,116686
78597,4,0,116690
78598,1,0,116691
78599,1,0,116692
78600,1,0,116693
78601,2,0,116695
78602,1,0,116696
78603,2,0,116698
78604,1,0,116699
78605,1,0,116700
78606,1,0,116701
78607,2,0,116703
78608,1,0,116704
78609,1,0,116705
78610,1,0,116706
78611,1,0,116707
78612,1,0,116708
78613,1,0,116709
78614,1,0,116710
78615,1,0,116711
78616,1,0,116712
78617,1,0,116713
78618,2,0,116715
78619,1,0,116716
78620,1,0,116717
78621,1,0,116718
78622,3,0,116721
78623,1,0,116722
78624,1,0,116723
78625,1,0,116724
78626,2,0,116726
78627,1,0,116727
78628,1,0,116728
78629,1,0,116729
78630,1,0,116730
78631,1,0,116731
78632,1,0,116732
78633,1,0,116733
78634,1,0,116734
78635,1,0,116735
78636,1,0,116736
78637,1,0,116737
78638,1,0,116738
78639,2,0,116740
78640,2,0,116742
78641,2,0,116744
78642,2,0,116746
78643,1,0,116747
78644,1,0,116748
78645,1,0,116749
78646,2,0,116751
78647,4,0,116755
78648,2,0,116757
78649,1,0,116758
78650,1,0,116759
78651,2,0,116761
78652,1,0,116762
78653,1,0,116763
78654,1,0,116764
78655,1,0,116765
78656,1,0,116766
78657,1,0,116767
78658,1,0,116768
78659,1,0,116769
78660,3,0,116772
78661,1,0,116773
78662,3,0,116776
78663,1,0,116777
78664,3,0,116780
78665,1,0,116781
78666,2,0,116783
78667,3,0,116786
78668,1,0,116787
78669,1,0,116788
78670,1,0,116789
78671,1,0,116790
78672,1,0,116791
78673,1,0,116792
78674,1,0,116793
78675,1,0,116794
78676,1,0,116795
78677,2,0,116797
78678,1,0,116798
78679,1,0,116799
78680,1,0,116800
78681,1,0,116801
78682,1,0,116802
78683,1,0,116803
78684,1,0,116804
78685,2,0,116806
78686,1,0,116807
78687,1,0,116808
78688,1,0,116809
78689,1,0,116810
78690,1,0,116811
78691,1,0,116812
78692,1,0,116813
78693,4,0,116817
78694,3,0,116820
78695,1,0,116821
78696,1,0,116822
78697,2,0,116824
78698,1,0,116825
78699,2,0,116827
78700,4,0,116831
78701,1,0,116832
78702,1,0,116833
78703,1,0,116834
78704,1,0,116835
78705,2,0,116837
78706,1,0,116838
78707,1,0,116839
78708,1,0,116840
78709,1,0,116841
78710,1,0,116842
78711,1,0,116843
78712,2,0,116845
78713,1,0,116846
78714,2,0,116848
78715,2,0,116850
78716,2,0,116852
78717,1,0,116853
78718,1,0,116854
78719,1,0,116855
78720,1,0,116856
78721,1,0,116857
78722,1,0,116858
78723,1,0,116859
78724,3,0,116862
78725,3,0,116865
78726,1,0,116866
78727,2,0,116868
78728,1,0,116869
78729,1,0,116870
78730,1,0,116871
78731,4,0,116875
78732,1,0,116876
78733,1,0,116877
78734,1,0,116878
78735,2,0,116880
78736,1,0,116881
78737,1,0,116882
78738,1,0,116883
78739,2,0,116885
78740,2,0,116887
78741,2,0,116889
78742,1,0,116890
78743,1,0,116891
78744,1,0,116892
78745,1,0,116893
78746,1,0,116894
78747,2,0,116896
78748,1,0,116897
78749,1,0,116898
78750,1,0,116899
78751,1,0,116900
78752,2,0,116902
78753,2,0,116904
78754,1,0,116905
78755,2,0,116907
78756,1,0,116908
78757,1,0,116909
78758,2,0,116911
78759,2,0,116913
78760,2,0,116915
78761,1,0,116916
78762,2,0,116918
78763,1,0,116919
78764,3,0,116922
78765,3,0,116925
78766,2,0,116927
78767,2,0,116929
78768,1,0,116930
78769,1,0,116931
78770,1,0,116932
78771,1,0,116933
78772,1,0,116934
78773,1,0,116935
78774,1,0,116936
78775,1,0,116937
78776,1,0,116938
78777,1,0,116939
78778,1,0,116940
78779,1,0,116941
78780,1,0,116942
78781,1,0,116943
78782,3,0,116946
78783,1,0,116947
78784,1,0,116948
78785,1,0,116949
78786,1,0,116950
78787,2,0,116952
78788,1,0,116953
78789,2,0,116955
78790,1,0,116956
78791,3,0,116959
78792,1,0,116960
78793,2,0,116962
78794,2,0,116964
78795,1,0,116965
78796,1,0,116966
78797,1,0,116967
78798,2,0,116969
78799,2,0,116971
78800,2,0,116973
78801,1,0,116974
78802,2,0,116976
78803,1,0,116977
78804,1,0,116978
78805,2,0,116980
78806,1,0,116981
78807,1,0,116982
78808,1,0,116983
78809,1,0,116984
78810,1,0,116985
78811,1,0,116986
78812,1,0,116987
78813,1,0,116988
78814,1,0,116989
78815,1,0,116990
78816,1,0,116991
78817,3,0,116994
78818,2,0,116996
78819,1,0,116997
78820,2,0,116999
78821,3,0,117002
78822,1,0,117003
78823,1,0,117004
78824,1,0,117005
78825,2,0,117007
78826,2,0,117009
78827,1,0,117010
78828,1,0,117011
78829,1,0,117012
78830,1,0,117013
78831,1,0,117014
78832,1,0,117015
78833,1,0,117016
78834,1,0,117017
78835,1,0,117018
78836,1,0,117019
78837,3,0,117022
78838,2,0,117024
78839,1,0,117025
78840,1,0,117026
78841,1,0,117027
78842,1,0,117028
78843,1,0,117029
78844,1,0,117030
78845,1,0,117031
78846,2,0,117033
78847,1,0,117034
78848,1,0,117035
78849,1,0,117036
78850,4,0,117040
78851,1,0,117041
78852,5,0,117046
78853,1,0,117047
78854,3,0,117050
78855,1,0,117051
78856,2,0,117053
78857,1,0,117054
78858,1,0,117055
78859,1,0,117056
78860,2,0,117058
78861,1,0,117059
78862,1,0,117060
78863,2,0,117062
78864,1,0,117063
78865,2,0,117065
78866,1,0,117066
78867,2,0,117068
78868,1,0,117069
78869,1,0,117070
78870,1,0,117071
78871,1,0,117072
78872,1,0,117073
78873,2,0,117075
78874,3,0,117078
78875,1,0,117079
78876,1,0,117080
78877,1,0,117081
78878,3,0,117084
78879,1,0,117085
78880,1,0,117086
78881,2,0,117088
78882,2,0,117090
78883,1,0,117091
78884,1,0,117092
78885,1,0,117093
78886,2,0,117095
78887,1,0,117096
78888,2,0,117098
78889,1,0,117099
78890,1,0,117100
78891,1,0,117101
78892,2,0,117103
78893,1,0,117104
78894,2,0,117106
78895,3,0,117109
78896,4,0,117113
78897,2,0,117115
78898,4,0,117119
78899,1,0,117120
78900,1,0,117121
78901,1,0,117122
78902,1,0,117123
78903,1,0,117124
78904,1,0,117125
78905,1,0,117126
78906,1,0,117127
78907,1,0,117128
78908,2,0,117130
78909,1,0,117131
78910,2,0,117133
78911,1,0,117134
78912,1,0,117135
78913,2,0,117137
78914,1,0,117138
78915,2,0,117140
78916,2,0,117142
78917,5,0,117147
78918,1,0,117148
78919,1,0,117149
78920,1,0,117150
78921,1,0,117151
78922,1,0,117152
78923,1,0,117153
78924,2,0,117155
78925,1,0,117156
78926,14,0,117170
78927,2,0,117172
78928,1,0,117173
78929,1,0,117174
78930,2,0,117176
78931,1,0,117177
78932,2,0,117179
78933,3,0,117182
78934,1,0,117183
78935,6,0,117189
78936,3,0,117192
78937,1,0,117193
78938,1,0,117194
78939,1,0,117195
78940,3,0,117198
78941,1,0,117199
78942,1,0,117200
78943,2,0,117202
78944,1,0,117203
78945,4,0,117207
78946,2,0,117209
78947,2,0,117211
78948,1,0,117212
78949,1,0,117213
78950,2,0,117215
78951,2,0,117217
78952,1,0,117218
78953,1,0,117219
78954,3,0,117222
78955,1,0,117223
78956,1,0,117224
78957,1,0,117225
78958,2,0,117227
78959,1,0,117228
78960,1,0,117229
78961,4,0,117233
78962,1,0,117234
78963,1,0,117235
78964,3,0,117238
78965,1,0,117239
78966,1,0,117240
78967,2,0,117242
78968,1,0,117243
78969,3,0,117246
78970,2,0,117248
78971,2,0,117250
78972,1,0,117251
78973,1,0,117252
78974,1,0,117253
78975,1,0,117254
78976,1,0,117255
78977,1,0,117256
78978,2,0,117258
78979,1,0,117259
78980,1,0,117260
78981,1,0,117261
78982,2,0,117263
78983,5,0,117268
78984,1,0,117269
78985,3,0,117272
78986,1,0,117273
78987,2,0,117275
78988,2,0,117277
78989,1,0,117278
78990,1,0,117279
78991,2,0,117281
78992,1,0,117282
78993,1,0,117283
78994,1,0,117284
78995,1,0,117285
78996,3,0,117288
78997,2,0,117290
78998,2,0,117292
78999,1,0,117293
79000,1,0,117294
79001,2,0,117296
79002,1,0,117297
79003,1,0,117298
79004,3,0,117301
79005,1,0,117302
79006,2,0,117304
79007,1,0,117305
79008,2,0,117307
79009,1,0,117308
79010,1,0,117309
79011,1,0,117310
79012,2,0,117312
79013,1,0,117313
79014,1,0,117314
79015,1,0,117315
79016,2,0,117317
79017,2,0,117319
79018,1,0,117320
79019,1,0,117321
79020,3,0,117324
79021,1,0,117325
79022,1,0,117326
79023,1,0,117327
79024,1,0,117328
79025,1,0,117329
79026,4,0,117333
79027,1,0,117334
79028,1,0,117335
79029,1,0,117336
79030,2,0,117338
79031,1,0,117339
79032,2,0,117341
79033,1,0,117342
79034,2,0,117344
79035,1,0,117345
79036,1,0,117346
79037,1,0,117347
79038,1,0,117348
79039,1,0,117349
79040,1,0,117350
79041,2,0,117352
79042,1,0,117353
79043,1,0,117354
79044,1,0,117355
79045,1,0,117356
79046,1,0,117357
79047,1,0,117358
79048,2,0,117360
79049,1,0,117361
79050,1,0,117362
79051,1,0,117363
79052,1,0,117364
79053,2,0,117366
79054,1,0,117367
79055,1,0,117368
79056,1,0,117369
79057,1,0,117370
79058,1,0,117371
79059,1,0,117372
79060,2,0,117374
79061,2,0,117376
79062,1,0,117377
79063,1,0,117378
79064,1,0,117379
79065,2,0,117381
79066,2,0,117383
79067,1,0,117384
79068,1,0,117385
79069,1,0,117386
79070,1,0,117387
79071,1,0,117388
79072,2,0,117390
79073,2,0,117392
79074,1,0,117393
79075,2,0,117395
79076,1,0,117396
79077,5,0,117401
79078,1,0,117402
79079,2,0,117404
79080,1,0,117405
79081,1,0,117406
79082,2,0,117408
79083,1,0,117409
79084,1,0,117410
79085,2,0,117412
79086,1,0,117413
79087,1,0,117414
79088,1,0,117415
79089,1,0,117416
79090,4,0,117420
79091,2,0,117422
79092,1,0,117423
79093,1,0,117424
79094,1,0,117425
79095,2,0,117427
79096,1,0,117428
79097,1,0,117429
79098,1,0,117430
79099,1,0,117431
79100,2,0,117433
79101,1,0,117434
79102,1,0,117435
79103,1,0,117436
79104,1,0,117437
79105,1,0,117438
79106,3,0,117441
79107,1,0,117442
79108,2,0,117444
79109,1,0,117445
79110,1,0,117446
79111,2,0,117448
79112,1,0,117449
79113,1,0,117450
79114,1,0,117451
79115,2,0,117453
79116,1,0,117454
79117,3,0,117457
79118,1,0,117458
79119,1,0,117459
79120,3,0,117462
79121,1,0,117463
79122,1,0,117464
79123,6,0,117470
79124,4,0,117474
79125,1,0,117475
79126,1,0,117476
79127,1,0,117477
79128,1,0,117478
79129,1,0,117479
79130,3,0,117482
79131,1,0,117483
79132,1,0,117484
79133,1,0,117485
79134,1,0,117486
79135,1,0,117487
79136,2,0,117489
79137,2,0,117491
79138,1,0,117492
79139,1,0,117493
79140,1,0,117494
79141,1,0,117495
79142,3,0,117498
79143,1,0,117499
79144,1,0,117500
79145,1,0,117501
79146,2,0,117503
79147,1,0,117504
79148,2,0,117506
79149,1,0,117507
79150,2,0,117509
79151,1,0,117510
79152,2,0,117512
79153,2,0,117514
79154,2,0,117516
79155,1,0,117517
79156,1,0,117518
79157,2,0,117520
79158,1,0,117521
79159,1,0,117522
79160,2,0,117524
79161,1,0,117525
79162,1,0,117526
79163,1,0,117527
79164,1,0,117528
79165,2,0,117530
79166,1,0,117531
79167,4,0,117535
79168,1,0,117536
79169,2,0,117538
79170,1,0,117539
79171,3,0,117542
79172,1,0,117543
79173,1,0,117544
79174,2,0,117546
79175,1,0,117547
79176,1,0,117548
79177,1,0,117549
79178,1,0,117550
79179,1,0,117551
79180,2,0,117553
79181,1,0,117554
79182,1,0,117555
79183,2,0,117557
79184,1,0,117558
79185,2,0,117560
79186,5,0,117565
79187,1,0,117566
79188,1,0,117567
79189,1,0,117568
79190,3,0,117571
79191,3,0,117574
79192,2,0,117576
79193,1,0,117577
79194,2,0,117579
79195,2,0,117581
79196,2,0,117583
79197,1,0,117584
79198,1,0,117585
79199,1,0,117586
79200,1,0,117587
79201,2,0,117589
79202,1,0,117590
79203,1,0,117591
79204,1,0,117592
79205,1,0,117593
79206,1,0,117594
79207,1,0,117595
79208,1,0,117596
79209,1,0,117597
79210,1,0,117598
79211,3,0,117601
79212,2,0,117603
79213,1,0,117604
79214,1,0,117605
79215,1,0,117606
79216,1,0,117607
79217,1,0,117608
79218,2,0,117610
79219,1,0,117611
79220,1,0,117612
79221,2,0,117614
79222,2,0,117616
79223,1,0,117617
79224,2,0,117619
79225,3,0,117622
79226,1,0,117623
79227,2,0,117625
79228,1,0,117626
79229,1,0,117627
79230,1,0,117628
79231,2,0,117630
79232,3,0,117633
79233,1,0,117634
79234,1,0,117635
79235,2,0,117637
79236,1,0,117638
79237,2,0,117640
79238,2,0,117642
79239,1,0,117643
79240,1,0,117644
79241,2,0,117646
79242,2,0,117648
79243,1,0,117649
79244,1,0,117650
79245,1,0,117651
79246,1,0,117652
79247,1,0,117653
79248,1,0,117654
79249,5,0,117659
79250,1,0,117660
79251,1,0,117661
79252,6,0,117667
79253,2,0,117669
79254,1,0,117670
79255,1,0,117671
79256,1,0,117672
79257,2,0,117674
79258,1,0,117675
79259,1,0,117676
79260,2,0,117678
79261,2,0,117680
79262,3,0,117683
79263,1,0,117684
79264,1,0,117685
79265,1,0,117686
79266,2,0,117688
79267,1,0,117689
79268,1,0,117690
79269,1,0,117691
79270,1,0,117692
79271,2,0,117694
79272,1,0,117695
79273,1,0,117696
79274,4,0,117700
79275,1,0,117701
79276,1,0,117702
79277,2,0,117704
79278,1,0,117705
79279,3,0,117708
79280,1,0,117709
79281,1,0,117710
79282,1,0,117711
79283,1,0,117712
79284,1,0,117713
79285,1,0,117714
79286,1,0,117715
79287,1,0,117716
79288,1,0,117717
79289,1,0,117718
79290,1,0,117719
79291,1,0,117720
79292,1,0,117721
79293,1,0,117722
79294,2,0,117724
79295,1,0,117725
79296,1,0,117726
79297,2,0,117728
79298,1,0,117729
79299,1,0,117730
79300,1,0,117731
79301,1,0,117732
79302,1,0,117733
79303,3,0,117736
79304,1,0,117737
79305,1,0,117738
79306,1,0,117739
79307,1,0,117740
79308,1,0,117741
79309,3,0,117744
79310,1,0,117745
79311,2,0,117747
79312,2,0,117749
79313,2,0,117751
79314,1,0,117752
79315,1,0,117753
79316,1,0,117754
79317,1,0,117755
79318,1,0,117756
79319,1,0,117757
79320,1,0,117758
79321,1,0,117759
79322,1,0,117760
79323,1,0,117761
79324,1,0,117762
79325,3,0,117765
79326,2,0,117767
79327,3,0,117770
79328,1,0,117771
79329,2,0,117773
79330,1,0,117774
79331,1,0,117775
79332,1,0,117776
79333,2,0,117778
79334,1,0,117779
79335,1,0,117780
79336,2,0,117782
79337,1,0,117783
79338,2,0,117785
79339,1,0,117786
79340,1,0,117787
79341,1,0,117788
79342,1,0,117789
79343,1,0,117790
79344,1,0,117791
79345,1,0,117792
79346,1,0,117793
79347,2,0,117795
79348,1,0,117796
79349,4,0,117800
79350,1,0,117801
79351,2,0,117803
79352,1,0,117804
79353,1,0,117805
79354,1,0,117806
79355,3,0,117809
79356,1,0,117810
79357,1,0,117811
79358,1,0,117812
79359,3,0,117815
79360,2,0,117817
79361,1,0,117818
79362,1,0,117819
79363,2,0,117821
79364,1,0,117822
79365,2,0,117824
79366,1,0,117825
79367,2,0,117827
79368,1,0,117828
79369,2,0,117830
79370,2,0,117832
79371,2,0,117834
79372,1,0,117835
79373,1,0,117836
79374,2,0,117838
79375,3,0,117841
79376,1,0,117842
79377,1,0,117843
79378,2,0,117845
79379,1,0,117846
79380,1,0,117847
79381,1,0,117848
79382,1,0,117849
79383,2,0,117851
79384,1,0,117852
79385,1,0,117853
79386,1,0,117854
79387,1,0,117855
79388,2,0,117857
79389,2,0,117859
79390,2,0,117861
79391,1,0,117862
79392,1,0,117863
79393,1,0,117864
79394,1,0,117865
79395,1,0,117866
79396,1,0,117867
79397,1,0,117868
79398,2,0,117870
79399,1,0,117871
79400,2,0,117873
79401,2,0,117875
79402,1,0,117876
79403,1,0,117877
79404,2,0,117879
79405,1,0,117880
79406,1,0,117881
79407,2,0,117883
79408,1,0,117884
79409,1,0,117885
79410,3,0,117888
79411,1,0,117889
79412,1,0,117890
79413,1,0,117891
79414,1,0,117892
79415,4,0,117896
79416,1,0,117897
79417,1,0,117898
79418,1,0,117899
79419,1,0,117900
79420,1,0,117901
79421,1,0,117902
79422,1,0,117903
79423,1,0,117904
79424,1,0,117905
79425,1,0,117906
79426,1,0,117907
79427,1,0,117908
79428,2,0,117910
79429,2,0,117912
79430,2,0,117914
79431,1,0,117915
79432,1,0,117916
79433,1,0,117917
79434,2,0,117919
79435,3,0,117922
79436,1,0,117923
79437,1,0,117924
79438,1,0,117925
79439,1,0,117926
79440,1,0,117927
79441,2,0,117929
79442,3,0,117932
79443,1,0,117933
79444,2,0,117935
79445,2,0,117937
79446,2,0,117939
79447,1,0,117940
79448,1,0,117941
79449,1,0,117942
79450,2,0,117944
79451,1,0,117945
79452,1,0,117946
79453,3,0,117949
79454,1,0,117950
79455,1,0,117951
79456,1,0,117952
79457,1,0,117953
79458,1,0,117954
79459,1,0,117955
79460,1,0,117956
79461,1,0,117957
79462,1,0,117958
79463,1,0,117959
79464,1,0,117960
79465,1,0,117961
79466,2,0,117963
79467,2,0,117965
79468,1,0,117966
79469,1,0,117967
79470,1,0,117968
79471,1,0,117969
79472,2,0,117971
79473,1,0,117972
79474,1,0,117973
79475,3,0,117976
79476,1,0,117977
79477,2,0,117979
79478,1,0,117980
79479,1,0,117981
79480,3,0,117984
79481,1,0,117985
79482,1,0,117986
79483,1,0,117987
79484,3,0,117990
79485,1,0,117991
79486,1,0,117992
79487,1,0,117993
79488,2,0,117995
79489,1,0,117996
79490,1,0,117997
79491,1,0,117998
79492,1,0,117999
79493,1,0,118000
79494,1,0,118001
79495,1,0,118002
79496,1,0,118003
79497,1,0,118004
79498,1,0,118005
79499,1,0,118006
79500,1,0,118007
79501,4,0,118011
79502,1,0,118012
79503,2,0,118014
79504,1,0,118015
79505,1,0,118016
79506,1,0,118017
79507,1,0,118018
79508,3,0,118021
79509,2,0,118023
79510,1,0,118024
79511,1,0,118025
79512,1,0,118026
79513,1,0,118027
79514,1,0,118028
79515,2,0,118030
79516,3,0,118033
79517,2,0,118035
79518,1,0,118036
79519,1,0,118037
79520,1,0,118038
79521,3,0,118041
79522,2,0,118043
79523,2,0,118045
79524,2,0,118047
79525,1,0,118048
79526,1,0,118049
79527,3,0,118052
79528,1,0,118053
79529,1,0,118054
79530,1,0,118055
79531,1,0,118056
79532,1,0,118057
79533,1,0,118058
79534,1,0,118059
79535,1,0,118060
79536,1,0,118061
79537,1,0,118062
79538,1,0,118063
79539,1,0,118064
79540,1,0,118065
79541,1,0,118066
79542,1,0,118067
79543,2,0,118069
79544,2,0,118071
79545,1,0,118072
79546,1,0,118073
79547,3,0,118076
79548,3,0,118079
79549,2,0,118081
79550,2,0,118083
79551,2,0,118085
79552,1,0,118086
79553,1,0,118087
79554,2,0,118089
79555,1,0,118090
79556,1,0,118091
79557,1,0,118092
79558,2,0,118094
79559,1,0,118095
79560,2,0,118097
79561,2,0,118099
79562,3,0,118102
79563,2,0,118104
79564,1,0,118105
79565,1,0,118106
79566,1,0,118107
79567,1,0,118108
79568,1,0,118109
79569,1,0,118110
79570,1,0,118111
79571,1,0,118112
79572,1,0,118113
79573,2,0,118115
79574,2,0,118117
79575,1,0,118118
79576,2,0,118120
79577,2,0,118122
79578,1,0,118123
79579,1,0,118124
79580,1,0,118125
79581,1,0,118126
79582,4,0,118130
79583,1,0,118131
79584,1,0,118132
79585,4,0,118136
79586,3,0,118139
79587,1,0,118140
79588,2,0,118142
79589,1,0,118143
79590,1,0,118144
79591,2,0,118146
79592,2,0,118148
79593,1,0,118149
79594,1,0,118150
79595,1,0,118151
79596,1,0,118152
79597,1,0,118153
79598,1,0,118154
79599,2,0,118156
79600,1,0,118157
79601,3,0,118160
79602,1,0,118161
79603,2,0,118163
79604,1,0,118164
79605,2,0,118166
79606,1,0,118167
79607,1,0,118168
79608,1,0,118169
79609,3,0,118172
79610,1,0,118173
79611,1,0,118174
79612,2,0,118176
79613,2,0,118178
79614,2,0,118180
79615,1,0,118181
79616,3,0,118184
79617,1,0,118185
79618,2,0,118187
79619,2,0,118189
79620,2,0,118191
79621,1,0,118192
79622,1,0,118193
79623,3,0,118196
79624,1,0,118197
79625,1,0,118198
79626,2,0,118200
79627,1,0,118201
79628,1,0,118202
79629,1,0,118203
79630,1,0,118204
79631,2,0,118206
79632,3,0,118209
79633,2,0,118211
79634,1,0,118212
79635,1,0,118213
79636,1,0,118214
79637,1,0,118215
79638,1,0,118216
79639,1,0,118217
79640,1,0,118218
79641,2,0,118220
79642,1,0,118221
79643,2,0,118223
79644,1,0,118224
79645,1,0,118225
79646,1,0,118226
79647,1,0,118227
79648,4,0,118231
79649,1,0,118232
79650,2,0,118234
79651,1,0,118235
79652,1,0,118236
79653,1,0,118237
79654,1,0,118238
79655,1,0,118239
79656,1,0,118240
79657,1,0,118241
79658,3,0,118244
79659,2,0,118246
79660,1,0,118247
79661,1,0,118248
79662,1,0,118249
79663,4,0,118253
79664,1,0,118254
79665,1,0,118255
79666,2,0,118257
79667,1,0,118258
79668,1,0,118259
79669,1,0,118260
79670,2,0,118262
79671,1,0,118263
79672,1,0,118264
79673,1,0,118265
79674,1,0,118266
79675,1,0,118267
79676,1,0,118268
79677,1,0,118269
79678,3,0,118272
79679,1,0,118273
79680,1,0,118274
79681,1,0,118275
79682,1,0,118276
79683,1,0,118277
79684,1,0,118278
79685,1,0,118279
79686,1,0,118280
79687,3,0,118283
79688,1,0,118284
79689,1,0,118285
79690,1,0,118286
79691,1,0,118287
79692,1,0,118288
79693,2,0,118290
79694,1,0,118291
79695,2,0,118293
79696,3,0,118296
79697,2,0,118298
79698,1,0,118299
79699,1,0,118300
79700,2,0,118302
79701,2,0,118304
79702,1,0,118305
79703,2,0,118307
79704,1,0,118308
79705,2,0,118310
79706,2,0,118312
79707,1,0,118313
79708,1,0,118314
79709,2,0,118316
79710,1,0,118317
79711,2,0,118319
79712,1,0,118320
79713,3,0,118323
79714,3,0,118326
79715,2,0,118328
79716,1,0,118329
79717,2,0,118331
79718,2,0,118333
79719,1,0,118334
79720,1,0,118335
79721,1,0,118336
79722,1,0,118337
79723,1,0,118338
79724,2,0,118340
79725,1,0,118341
79726,1,0,118342
79727,1,0,118343
79728,1,0,118344
79729,1,0,118345
79730,1,0,118346
79731,2,0,118348
79732,1,0,118349
79733,2,0,118351
79734,2,0,118353
79735,1,0,118354
79736,1,0,118355
79737,3,0,118358
79738,1,0,118359
79739,1,0,118360
79740,1,0,118361
79741,2,0,118363
79742,1,0,118364
79743,2,0,118366
79744,1,0,118367
79745,1,0,118368
79746,2,0,118370
79747,1,0,118371
79748,1,0,118372
79749,1,0,118373
79750,1,0,118374
79751,1,0,118375
79752,5,0,118380
79753,1,0,118381
79754,2,0,118383
79755,1,0,118384
79756,1,0,118385
79757,1,0,118386
79758,2,0,118388
79759,1,0,118389
79760,1,0,118390
79761,1,0,118391
79762,1,0,118392
79763,1,0,118393
79764,1,0,118394
79765,3,0,118397
79766,1,0,118398
79767,1,0,118399
79768,1,0,118400
79769,2,0,118402
79770,2,0,118404
79771,1,0,118405
79772,3,0,118408
79773,1,0,118409
79774,1,0,118410
79775,1,0,118411
79776,1,0,118412
79777,1,0,118413
79778,2,0,118415
79779,1,0,118416
79780,1,0,118417
79781,1,0,118418
79782,1,0,118419
79783,1,0,118420
79784,1,0,118421
79785,1,0,118422
79786,2,0,118424
79787,1,0,118425
79788,2,0,118427
79789,2,0,118429
79790,2,0,118431
79791,1,0,118432
79792,2,0,118434
79793,1,0,118435
79794,1,0,118436
79795,1,0,118437
79796,4,0,118441
79797,1,0,118442
79798,4,0,118446
79799,1,0,118447
79800,1,0,118448
79801,1,0,118449
79802,1,0,118450
79803,1,0,118451
79804,1,0,118452
79805,1,0,118453
79806,1,0,118454
79807,1,0,118455
79808,1,0,118456
79809,1,0,118457
79810,1,0,118458
79811,1,0,118459
79812,1,0,118460
79813,1,0,118461
79814,1,0,118462
79815,1,0,118463
79816,1,0,118464
79817,1,0,118465
79818,1,0,118466
79819,1,0,118467
79820,1,0,118468
79821,2,0,118470
79822,1,0,118471
79823,1,0,118472
79824,2,0,118474
79825,1,0,118475
79826,1,0,118476
79827,1,0,118477
79828,1,0,118478
79829,1,0,118479
79830,1,0,118480
79831,3,0,118483
79832,1,0,118484
79833,2,0,118486
79834,1,0,118487
79835,1,0,118488
79836,1,0,118489
79837,1,0,118490
79838,1,0,118491
79839,1,0,118492
79840,1,0,118493
79841,2,0,118495
79842,1,0,118496
79843,2,0,118498
79844,1,0,118499
79845,1,0,118500
79846,1,0,118501
79847,5,0,118506
79848,1,0,118507
79849,1,0,118508
79850,1,0,118509
79851,1,0,118510
79852,2,0,118512
79853,2,0,118514
79854,1,0,118515
79855,2,0,118517
79856,2,0,118519
79857,1,0,118520
79858,1,0,118521
79859,1,0,118522
79860,2,0,118524
79861,1,0,118525
79862,1,0,118526
79863,4,0,118530
79864,1,0,118531
79865,1,0,118532
79866,1,0,118533
79867,1,0,118534
79868,1,0,118535
79869,1,0,118536
79870,1,0,118537
79871,1,0,118538
79872,1,0,118539
79873,1,0,118540
79874,1,0,118541
79875,1,0,118542
79876,1,0,118543
79877,1,0,118544
79878,1,0,118545
79879,1,0,118546
79880,2,0,118548
79881,1,0,118549
79882,2,0,118551
79883,2,0,118553
79884,1,0,118554
79885,2,0,118556
79886,1,0,118557
79887,1,0,118558
79888,1,0,118559
79889,1,0,118560
79890,4,0,118564
79891,1,0,118565
79892,1,0,118566
79893,2,0,118568
79894,3,0,118571
79895,1,0,118572
79896,1,0,118573
79897,2,0,118575
79898,2,0,118577
79899,1,0,118578
79900,1,0,118579
79901,1,0,118580
79902,2,0,118582
79903,2,0,118584
79904,3,0,118587
79905,2,0,118589
79906,2,0,118591
79907,1,0,118592
79908,1,0,118593
79909,1,0,118594
79910,1,0,118595
79911,2,0,118597
79912,3,0,118600
79913,2,0,118602
79914,1,0,118603
79915,3,0,118606
79916,3,0,118609
79917,2,0,118611
79918,1,0,118612
79919,1,0,118613
79920,4,0,118617
79921,2,0,118619
79922,1,0,118620
79923,1,0,118621
79924,1,0,118622
79925,1,0,118623
79926,1,0,118624
79927,3,0,118627
79928,1,0,118628
79929,3,0,118631
79930,2,0,118633
79931,3,0,118636
79932,1,0,118637
79933,2,0,118639
79934,1,0,118640
79935,1,0,118641
79936,1,0,118642
79937,3,0,118645
79938,1,0,118646
79939,3,0,118649
79940,1,0,118650
79941,1,0,118651
79942,1,0,118652
79943,1,0,118653
79944,2,0,118655
79945,2,0,118657
79946,1,0,118658
79947,4,0,118662
79948,2,0,118664
79949,1,0,118665
79950,2,0,118667
79951,1,0,118668
79952,1,0,118669
79953,1,0,118670
79954,1,0,118671
79955,1,0,118672
79956,2,0,118674
79957,1,0,118675
79958,1,0,118676
79959,1,0,118677
79960,1,0,118678
79961,1,0,118679
79962,1,0,118680
79963,1,0,118681
79964,2,0,118683
79965,3,0,118686
79966,1,0,118687
79967,1,0,118688
79968,2,0,118690
79969,2,0,118692
79970,1,0,118693
79971,1,0,118694
79972,1,0,118695
79973,3,0,118698
79974,1,0,118699
79975,2,0,118701
79976,2,0,118703
79977,1,0,118704
79978,2,0,118706
79979,1,0,118707
79980,1,0,118708
79981,3,0,118711
79982,3,0,118714
79983,1,0,118715
79984,1,0,118716
79985,3,0,118719
79986,1,0,118720
79987,1,0,118721
79988,2,0,118723
79989,1,0,118724
79990,1,0,118725
79991,1,0,118726
79992,1,0,118727
79993,1,0,118728
79994,2,0,118730
79995,1,0,118731
79996,1,0,118732
79997,1,0,118733
79998,2,0,118735
79999,2,0,118737
80000,1,0,118738
80001,1,0,118739
80002,4,0,118743
80003,2,0,118745
80004,1,0,118746
80005,2,0,118748
80006,1,0,118749
80007,1,0,118750
80008,4,0,118754
80009,2,0,118756
80010,2,0,118758
80011,1,0,118759
80012,1,0,118760
80013,1,0,118761
80014,2,0,118763
80015,1,0,118764
80016,1,0,118765
80017,1,0,118766
80018,1,0,118767
80019,1,0,118768
80020,1,0,118769
80021,4,0,118773
80022,2,0,118775
80023,1,0,118776
80024,1,0,118777
80025,1,0,118778
80026,2,0,118780
80027,1,0,118781
80028,1,0,118782
80029,2,0,118784
80030,1,0,118785
80031,1,0,118786
80032,1,0,118787
80033,2,0,118789
80034,1,0,118790
80035,1,0,118791
80036,1,0,118792
80037,4,0,118796
80038,1,0,118797
80039,1,0,118798
80040,2,0,118800
80041,1,0,118801
80042,1,0,118802
80043,2,0,118804
80044,2,0,118806
80045,1,0,118807
80046,1,0,118808
80047,2,0,118810
80048,1,0,118811
80049,1,0,118812
80050,1,0,118813
80051,1,0,118814
80052,2,0,118816
80053,1,0,118817
80054,2,0,118819
80055,2,0,118821
80056,2,0,118823
80057,1,0,118824
80058,1,0,118825
80059,2,0,118827
80060,4,0,118831
80061,2,0,118833
80062,1,0,118834
80063,5,0,118839
80064,2,0,118841
80065,1,0,118842
80066,1,0,118843
80067,1,0,118844
80068,1,0,118845
80069,1,0,118846
80070,3,0,118849
80071,3,0,118852
80072,1,0,118853
80073,2,0,118855
80074,2,0,118857
80075,1,0,118858
80076,1,0,118859
80077,3,0,118862
80078,1,0,118863
80079,1,0,118864
80080,1,0,118865
80081,1,0,118866
80082,2,0,118868
80083,1,0,118869
80084,2,0,118871
80085,1,0,118872
80086,1,0,118873
80087,2,0,118875
80088,1,0,118876
80089,1,0,118877
80090,1,0,118878
80091,1,0,118879
80092,1,0,118880
80093,1,0,118881
80094,1,0,118882
80095,1,0,118883
80096,1,0,118884
80097,1,0,118885
80098,2,0,118887
80099,1,0,118888
80100,1,0,118889
80101,1,0,118890
80102,1,0,118891
80103,1,0,118892
80104,1,0,118893
80105,3,0,118896
80106,1,0,118897
80107,1,0,118898
80108,1,0,118899
80109,2,0,118901
80110,4,0,118905
80111,2,0,118907
80112,1,0,118908
80113,1,0,118909
80114,1,0,118910
80115,2,0,118912
80116,1,0,118913
80117,1,0,118914
80118,1,0,118915
80119,1,0,118916
80120,1,0,118917
80121,2,0,118919
80122,2,0,118921
80123,2,0,118923
80124,1,0,118924
80125,1,0,118925
80126,1,0,118926
80127,1,0,118927
80128,1,0,118928
80129,1,0,118929
80130,1,0,118930
80131,4,0,118934
80132,1,0,118935
80133,1,0,118936
80134,5,0,118941
80135,2,0,118943
80136,1,0,118944
80137,1,0,118945
80138,2,0,118947
80139,1,0,118948
80140,1,0,118949
80141,1,0,118950
80142,1,0,118951
80143,1,0,118952
80144,1,0,118953
80145,1,0,118954
80146,2,0,118956
80147,2,0,118958
80148,1,0,118959
80149,3,0,118962
80150,1,0,118963
80151,1,0,118964
80152,1,0,118965
80153,2,0,118967
80154,2,0,118969
80155,5,0,118974
80156,2,0,118976
80157,2,0,118978
80158,1,0,118979
80159,4,0,118983
80160,1,0,118984
80161,1,0,118985
80162,1,0,118986
80163,4,0,118990
80164,1,0,118991
80165,1,0,118992
80166,1,0,118993
80167,1,0,118994
80168,1,0,118995
80169,1,0,118996
80170,2,0,118998
80171,1,0,118999
80172,1,0,119000
80173,1,0,119001
80174,1,0,119002
80175,2,0,119004
80176,2,0,119006
80177,1,0,119007
80178,2,0,119009
80179,2,0,119011
80180,2,0,119013
80181,1,0,119014
80182,2,0,119016
80183,1,0,119017
80184,2,0,119019
80185,1,0,119020
80186,1,0,119021
80187,1,0,119022
80188,1,0,119023
80189,1,0,119024
80190,3,0,119027
80191,1,0,119028
80192,1,0,119029
80193,1,0,119030
80194,1,0,119031
80195,2,0,119033
80196,3,0,119036
80197,1,0,119037
80198,1,0,119038
80199,1,0,119039
80200,2,0,119041
80201,1,0,119042
80202,1,0,119043
80203,1,0,119044
80204,1,0,119045
80205,1,0,119046
80206,1,0,119047
80207,2,0,119049
80208,1,0,119050
80209,1,0,119051
80210,1,0,119052
80211,3,0,119055
80212,2,0,119057
80213,1,0,119058
80214,1,0,119059
80215,1,0,119060
80216,1,0,119061
80217,3,0,119064
80218,1,0,119065
80219,1,0,119066
80220,1,0,119067
80221,1,0,119068
80222,1,0,119069
80223,2,0,119071
80224,1,0,119072
80225,3,0,119075
80226,1,0,119076
80227,1,0,119077
80228,2,0,119079
80229,1,0,119080
80230,1,0,119081
80231,2,0,119083
80232,1,0,119084
80233,1,0,119085
80234,1,0,119086
80235,3,0,119089
80236,2,0,119091
80237,1,0,119092
80238,1,0,119093
80239,2,0,119095
80240,1,0,119096
80241,3,0,119099
80242,1,0,119100
80243,1,0,119101
80244,1,0,119102
80245,1,0,119103
80246,1,0,119104
80247,1,0,119105
80248,1,0,119106
80249,1,0,119107
80250,1,0,119108
80251,3,0,119111
80252,1,0,119112
80253,1,0,119113
80254,1,0,119114
80255,1,0,119115
80256,2,0,119117
80257,1,0,119118
80258,1,0,119119
80259,2,0,119121
80260,1,0,119122
80261,1,0,119123
80262,1,0,119124
80263,1,0,119125
80264,1,0,119126
80265,1,0,119127
80266,1,0,119128
80267,2,0,119130
80268,1,0,119131
80269,3,0,119134
80270,1,0,119135
80271,1,0,119136
80272,1,0,119137
80273,1,0,119138
80274,1,0,119139
80275,1,0,119140
80276,1,0,119141
80277,1,0,119142
80278,1,0,119143
80279,1,0,119144
80280,1,0,119145
80281,1,0,119146
80282,1,0,119147
80283,1,0,119148
80284,1,0,119149
80285,1,0,119150
80286,1,0,119151
80287,1,0,119152
80288,1,0,119153
80289,1,0,119154
80290,2,0,119156
80291,1,0,119157
80292,1,0,119158
80293,1,0,119159
80294,1,0,119160
80295,3,0,119163
80296,3,0,119166
80297,1,0,119167
80298,2,0,119169
80299,3,0,119172
80300,1,0,119173
80301,1,0,119174
80302,1,0,119175
80303,1,0,119176
80304,2,0,119178
80305,1,0,119179
80306,1,0,119180
80307,5,0,119185
80308,1,0,119186
80309,1,0,119187
80310,3,0,119190
80311,1,0,119191
80312,1,0,119192
80313,2,0,119194
80314,1,0,119195
80315,1,0,119196
80316,1,0,119197
80317,6,0,119203
80318,1,0,119204
80319,1,0,119205
80320,1,0,119206
80321,2,0,119208
80322,3,0,119211
80323,2,0,119213
80324,1,0,119214
80325,3,0,119217
80326,1,0,119218
80327,1,0,119219
80328,1,0,119220
80329,1,0,119221
80330,1,0,119222
80331,2,0,119224
80332,1,0,119225
80333,1,0,119226
80334,1,0,119227
80335,3,0,119230
80336,1,0,119231
80337,1,0,119232
80338,1,0,119233
80339,1,0,119234
80340,1,0,119235
80341,1,0,119236
80342,1,0,119237
80343,1,0,119238
80344,1,0,119239
80345,1,0,119240
80346,1,0,119241
80347,1,0,119242
80348,1,0,119243
80349,1,0,119244
80350,1,0,119245
80351,1,0,119246
80352,1,0,119247
80353,5,0,119252
80354,1,0,119253
80355,1,0,119254
80356,2,0,119256
80357,1,0,119257
80358,2,0,119259
80359,2,0,119261
80360,3,0,119264
80361,2,0,119266
80362,1,0,119267
80363,1,0,119268
80364,1,0,119269
80365,2,0,119271
80366,1,0,119272
80367,2,0,119274
80368,2,0,119276
80369,1,0,119277
80370,2,0,119279
80371,1,0,119280
80372,5,0,119285
80373,1,0,119286
80374,1,0,119287
80375,3,0,119290
80376,1,0,119291
80377,1,0,119292
80378,3,0,119295
80379,3,0,119298
80380,1,0,119299
80381,1,0,119300
80382,4,0,119304
80383,1,0,119305
80384,1,0,119306
80385,1,0,119307
80386,1,0,119308
80387,1,0,119309
80388,1,0,119310
80389,1,0,119311
80390,2,0,119313
80391,1,0,119314
80392,3,0,119317
80393,1,0,119318
80394,1,0,119319
80395,1,0,119320
80396,2,0,119322
80397,3,0,119325
80398,1,0,119326
80399,1,0,119327
80400,1,0,119328
80401,1,0,119329
80402,2,0,119331
80403,2,0,119333
80404,1,0,119334
80405,1,0,119335
80406,1,0,119336
80407,1,0,119337
80408,1,0,119338
80409,2,0,119340
80410,2,0,119342
80411,2,0,119344
80412,2,0,119346
80413,1,0,119347
80414,3,0,119350
80415,2,0,119352
80416,1,0,119353
80417,2,0,119355
80418,2,0,119357
80419,1,0,119358
80420,1,0,119359
80421,2,0,119361
80422,1,0,119362
80423,2,0,119364
80424,2,0,119366
80425,1,0,119367
80426,2,0,119369
80427,2,0,119371
80428,1,0,119372
80429,1,0,119373
80430,4,0,119377
80431,1,0,119378
80432,1,0,119379
80433,1,0,119380
80434,1,0,119381
80435,1,0,119382
80436,2,0,119384
80437,1,0,119385
80438,3,0,119388
80439,1,0,119389
80440,2,0,119391
80441,2,0,119393
80442,2,0,119395
80443,4,0,119399
80444,1,0,119400
80445,1,0,119401
80446,1,0,119402
80447,1,0,119403
80448,1,0,119404
80449,1,0,119405
80450,4,0,119409
80451,1,0,119410
80452,1,0,119411
80453,1,0,119412
80454,1,0,119413
80455,1,0,119414
80456,1,0,119415
80457,1,0,119416
80458,1,0,119417
80459,1,0,119418
80460,1,0,119419
80461,1,0,119420
80462,1,0,119421
80463,2,0,119423
80464,3,0,119426
80465,1,0,119427
80466,3,0,119430
80467,1,0,119431
80468,1,0,119432
80469,1,0,119433
80470,1,0,119434
80471,2,0,119436
80472,1,0,119437
80473,1,0,119438
80474,2,0,119440
80475,4,0,119444
80476,2,0,119446
80477,2,0,119448
80478,1,0,119449
80479,1,0,119450
80480,1,0,119451
80481,1,0,119452
80482,1,0,119453
80483,1,0,119454
80484,2,0,119456
80485,2,0,119458
80486,1,0,119459
80487,1,0,119460
80488,2,0,119462
80489,2,0,119464
80490,1,0,119465
80491,1,0,119466
80492,1,0,119467
80493,1,0,119468
80494,1,0,119469
80495,1,0,119470
80496,1,0,119471
80497,2,0,119473
80498,1,0,119474
80499,1,0,119475
80500,1,0,119476
80501,1,0,119477
80502,1,0,119478
80503,1,0,119479
80504,2,0,119481
80505,2,0,119483
80506,1,0,119484
80507,1,0,119485
80508,1,0,119486
80509,1,0,119487
80510,1,0,119488
80511,3,0,119491
80512,1,0,119492
80513,4,0,119496
80514,1,0,119497
80515,1,0,119498
80516,1,0,119499
80517,1,0,119500
80518,1,0,119501
80519,1,0,119502
80520,1,0,119503
80521,1,0,119504
80522,4,0,119508
80523,2,0,119510
80524,1,0,119511
80525,1,0,119512
80526,1,0,119513
80527,1,0,119514
80528,1,0,119515
80529,1,0,119516
80530,4,0,119520
80531,1,0,119521
80532,1,0,119522
80533,1,0,119523
80534,1,0,119524
80535,2,0,119526
80536,1,0,119527
80537,2,0,119529
80538,1,0,119530
80539,1,0,119531
80540,1,0,119532
80541,1,0,119533
80542,2,0,119535
80543,1,0,119536
80544,1,0,119537
80545,1,0,119538
80546,1,0,119539
80547,3,0,119542
80548,1,0,119543
80549,1,0,119544
80550,2,0,119546
80551,5,0,119551
80552,1,0,119552
80553,1,0,119553
80554,1,0,119554
80555,1,0,119555
80556,2,0,119557
80557,1,0,119558
80558,1,0,119559
80559,1,0,119560
80560,1,0,119561
80561,1,0,119562
80562,1,0,119563
80563,1,0,119564
80564,4,0,119568
80565,5,0,119573
80566,2,0,119575
80567,1,0,119576
80568,2,0,119578
80569,1,0,119579
80570,2,0,119581
80571,1,0,119582
80572,2,0,119584
80573,1,0,119585
80574,1,0,119586
80575,1,0,119587
80576,1,0,119588
80577,1,0,119589
80578,2,0,119591
80579,3,0,119594
80580,1,0,119595
80581,1,0,119596
80582,1,0,119597
80583,1,0,119598
80584,1,0,119599
80585,1,0,119600
80586,2,0,119602
80587,1,0,119603
80588,1,0,119604
80589,1,0,119605
80590,1,0,119606
80591,1,0,119607
80592,2,0,119609
80593,3,0,119612
80594,1,0,119613
80595,1,0,119614
80596,1,0,119615
80597,2,0,119617
80598,1,0,119618
80599,1,0,119619
80600,1,0,119620
80601,1,0,119621
80602,3,0,119624
80603,1,0,119625
80604,1,0,119626
80605,1,0,119627
80606,2,0,119629
80607,2,0,119631
80608,2,0,119633
80609,2,0,119635
80610,1,0,119636
80611,1,0,119637
80612,2,0,119639
80613,2,0,119641
80614,3,0,119644
80615,2,0,119646
80616,1,0,119647
80617,1,0,119648
80618,1,0,119649
80619,2,0,119651
80620,1,0,119652
80621,1,0,119653
80622,1,0,119654
80623,1,0,119655
80624,1,0,119656
80625,1,0,119657
80626,1,0,119658
80627,2,0,119660
80628,2,0,119662
80629,1,0,119663
80630,1,0,119664
80631,1,0,119665
80632,2,0,119667
80633,1,0,119668
80634,1,0,119669
80635,1,0,119670
80636,2,0,119672
80637,1,0,119673
80638,3,0,119676
80639,2,0,119678
80640,1,0,119679
80641,1,0,119680
80642,1,0,119681
80643,1,0,119682
80644,1,0,119683
80645,2,0,119685
80646,1,0,119686
80647,1,0,119687
80648,3,0,119690
80649,1,0,119691
80650,2,0,119693
80651,3,0,119696
80652,1,0,119697
80653,1,0,119698
80654,2,0,119700
80655,1,0,119701
80656,3,0,119704
80657,1,0,119705
80658,2,0,119707
80659,3,0,119710
80660,1,0,119711
80661,1,0,119712
80662,3,0,119715
80663,2,0,119717
80664,1,0,119718
80665,1,0,119719
80666,3,0,119722
80667,1,0,119723
80668,3,0,119726
80669,3,0,119729
80670,1,0,119730
80671,1,0,119731
80672,1,0,119732
80673,2,0,119734
80674,1,0,119735
80675,2,0,119737
80676,2,0,119739
80677,1,0,119740
80678,3,0,119743
80679,1,0,119744
80680,1,0,119745
80681,1,0,119746
80682,2,0,119748
80683,1,0,119749
80684,1,0,119750
80685,1,0,119751
80686,1,0,119752
80687,2,0,119754
80688,1,0,119755
80689,2,0,119757
80690,1,0,119758
80691,1,0,119759
80692,1,0,119760
80693,2,0,119762
80694,1,0,119763
80695,1,0,119764
80696,1,0,119765
80697,2,0,119767
80698,2,0,119769
80699,1,0,119770
80700,1,0,119771
80701,1,0,119772
80702,1,0,119773
80703,1,0,119774
80704,1,0,119775
80705,1,0,119776
80706,1,0,119777
80707,1,0,119778
80708,1,0,119779
80709,1,0,119780
80710,2,0,119782
80711,1,0,119783
80712,1,0,119784
80713,1,0,119785
80714,1,0,119786
80715,1,0,119787
80716,2,0,119789
80717,1,0,119790
80718,1,0,119791
80719,2,0,119793
80720,1,0,119794
80721,1,0,119795
80722,5,0,119800
80723,1,0,119801
80724,3,0,119804
80725,1,0,119805
80726,1,0,119806
80727,3,0,119809
80728,1,0,119810
80729,1,0,119811
80730,1,0,119812
80731,1,0,119813
80732,1,0,119814
80733,5,0,119819
80734,1,0,119820
80735,2,0,119822
80736,2,0,119824
80737,1,0,119825
80738,4,0,119829
80739,1,0,119830
80740,1,0,119831
80741,3,0,119834
80742,1,0,119835
80743,5,0,119840
80744,1,0,119841
80745,1,0,119842
80746,1,0,119843
80747,1,0,119844
80748,1,0,119845
80749,1,0,119846
80750,3,0,119849
80751,1,0,119850
80752,1,0,119851
80753,1,0,119852
80754,2,0,119854
80755,1,0,119855
80756,1,0,119856
80757,1,0,119857
80758,1,0,119858
80759,1,0,119859
80760,1,0,119860
80761,1,0,119861
80762,1,0,119862
80763,1,0,119863
80764,3,0,119866
80765,2,0,119868
80766,1,0,119869
80767,1,0,119870
80768,2,0,119872
80769,2,0,119874
80770,1,0,119875
80771,1,0,119876
80772,1,0,119877
80773,2,0,119879
80774,1,0,119880
80775,1,0,119881
80776,1,0,119882
80777,1,0,119883
80778,2,0,119885
80779,1,0,119886
80780,1,0,119887
80781,1,0,119888
80782,1,0,119889
80783,1,0,119890
80784,1,0,119891
80785,2,0,119893
80786,1,0,119894
80787,1,0,119895
80788,1,0,119896
80789,1,0,119897
80790,1,0,119898
80791,2,0,119900
80792,1,0,119901
80793,1,0,119902
80794,1,0,119903
80795,1,0,119904
80796,1,0,119905
80797,1,0,119906
80798,4,0,119910
80799,1,0,119911
80800,1,0,119912
80801,1,0,119913
80802,3,0,119916
80803,1,0,119917
80804,1,0,119918
80805,1,0,119919
80806,1,0,119920
80807,1,0,119921
80808,1,0,119922
80809,1,0,119923
80810,1,0,119924
80811,1,0,119925
80812,1,0,119926
80813,1,0,119927
80814,1,0,119928
80815,1,0,119929
80816,2,0,119931
80817,1,0,119932
80818,3,0,119935
80819,1,0,119936
80820,1,0,119937
80821,1,0,119938
80822,1,0,119939
80823,1,0,119940
80824,1,0,119941
80825,1,0,119942
80826,4,0,119946
80827,1,0,119947
80828,1,0,119948
80829,1,0,119949
80830,1,0,119950
80831,1,0,119951
80832,1,0,119952
80833,1,0,119953
80834,1,0,119954
80835,3,0,119957
80836,1,0,119958
80837,2,0,119960
80838,1,0,119961
80839,2,0,119963
80840,1,0,119964
80841,2,0,119966
80842,1,0,119967
80843,1,0,119968
80844,1,0,119969
80845,1,0,119970
80846,2,0,119972
80847,1,0,119973
80848,1,0,119974
80849,2,0,119976
80850,5,0,119981
80851,1,0,119982
80852,3,0,119985
80853,1,0,119986
80854,1,0,119987
80855,3,0,119990
80856,4,0,119994
80857,2,0,119996
80858,4,0,120000
80859,1,0,120001
80860,1,0,120002
80861,4,0,120006
80862,2,0,120008
80863,2,0,120010
80864,1,0,120011
80865,1,0,120012
80866,1,0,120013
80867,1,0,120014
80868,1,0,120015
80869,1,0,120016
80870,1,0,120017
80871,1,0,120018
80872,2,0,120020
80873,1,0,120021
80874,1,0,120022
80875,2,0,120024
80876,1,0,120025
80877,1,0,120026
80878,2,0,120028
80879,1,0,120029
80880,1,0,120030
80881,6,0,120036
80882,1,0,120037
80883,1,0,120038
80884,1,0,120039
80885,1,0,120040
80886,1,0,120041
80887,1,0,120042
80888,5,0,120047
80889,5,0,120052
80890,3,0,120055
80891,1,0,120056
80892,1,0,120057
80893,1,0,120058
80894,1,0,120059
80895,4,0,120063
80896,1,0,120064
80897,1,0,120065
80898,1,0,120066
80899,1,0,120067
80900,2,0,120069
80901,1,0,120070
80902,1,0,120071
80903,1,0,120072
80904,2,0,120074
80905,1,0,120075
80906,3,0,120078
80907,1,0,120079
80908,1,0,120080
80909,1,0,120081
80910,2,0,120083
80911,3,0,120086
80912,1,0,120087
80913,1,0,120088
80914,2,0,120090
80915,2,0,120092
80916,1,0,120093
80917,1,0,120094
80918,1,0,120095
80919,1,0,120096
80920,3,0,120099
80921,1,0,120100
80922,2,0,120102
80923,1,0,120103
80924,2,0,120105
80925,1,0,120106
80926,1,0,120107
80927,1,0,120108
80928,1,0,120109
80929,1,0,120110
80930,2,0,120112
80931,1,0,120113
80932,1,0,120114
80933,1,0,120115
80934,1,0,120116
80935,1,0,120117
80936,1,0,120118
80937,1,0,120119
80938,1,0,120120
80939,4,0,120124
80940,1,0,120125
80941,1,0,120126
80942,1,0,120127
80943,4,0,120131
80944,1,0,120132
80945,1,0,120133
80946,3,0,120136
80947,2,0,120138
80948,2,0,120140
80949,1,0,120141
80950,2,0,120143
80951,1,0,120144
80952,1,0,120145
80953,1,0,120146
80954,1,0,120147
80955,2,0,120149
80956,4,0,120153
80957,1,0,120154
80958,1,0,120155
80959,1,0,120156
80960,1,0,120157
80961,1,0,120158
80962,1,0,120159
80963,1,0,120160
80964,1,0,120161
80965,2,0,120163
80966,1,0,120164
80967,2,0,120166
80968,3,0,120169
80969,1,0,120170
80970,1,0,120171
80971,3,0,120174
80972,1,0,120175
80973,1,0,120176
80974,1,0,120177
80975,1,0,120178
80976,2,0,120180
80977,1,0,120181
80978,1,0,120182
80979,2,0,120184
80980,2,0,120186
80981,1,0,120187
80982,1,0,120188
80983,3,0,120191
80984,3,0,120194
80985,1,0,120195
80986,2,0,120197
80987,1,0,120198
80988,1,0,120199
80989,1,0,120200
80990,1,0,120201
80991,1,0,120202
80992,1,0,120203
80993,5,0,120208
80994,1,0,120209
80995,1,0,120210
80996,1,0,120211
80997,1,0,120212
80998,1,0,120213
80999,1,0,120214
81000,2,0,120216
81001,1,0,120217
81002,1,0,120218
81003,2,0,120220
81004,1,0,120221
81005,2,0,120223
81006,1,0,120224
81007,1,0,120225
81008,1,0,120226
81009,1,0,120227
81010,1,0,120228
81011,2,0,120230
81012,2,0,120232
81013,1,0,120233
81014,1,0,120234
81015,1,0,120235
81016,2,0,120237
81017,2,0,120239
81018,1,0,120240
81019,1,0,120241
81020,4,0,120245
81021,1,0,120246
81022,1,0,120247
81023,2,0,120249
81024,1,0,120250
81025,2,0,120252
81026,1,0,120253
81027,1,0,120254
81028,1,0,120255
81029,1,0,120256
81030,1,0,120257
81031,1,0,120258
81032,1,0,120259
81033,1,0,120260
81034,5,0,120265
81035,2,0,120267
81036,1,0,120268
81037,1,0,120269
81038,1,0,120270
81039,3,0,120273
81040,1,0,120274
81041,1,0,120275
81042,1,0,120276
81043,1,0,120277
81044,1,0,120278
81045,2,0,120280
81046,1,0,120281
81047,1,0,120282
81048,1,0,120283
81049,1,0,120284
81050,2,0,120286
81051,1,0,120287
81052,1,0,120288
81053,1,0,120289
81054,1,0,120290
81055,1,0,120291
81056,2,0,120293
81057,1,0,120294
81058,2,0,120296
81059,1,0,120297
81060,3,0,120300
81061,1,0,120301
81062,2,0,120303
81063,1,0,120304
81064,2,0,120306
81065,2,0,120308
81066,1,0,120309
81067,1,0,120310
81068,1,0,120311
81069,1,0,120312
81070,1,0,120313
81071,1,0,120314
81072,1,0,120315
81073,1,0,120316
81074,1,0,120317
81075,1,0,120318
81076,2,0,120320
81077,1,0,120321
81078,1,0,120322
81079,1,0,120323
81080,3,0,120326
81081,2,0,120328
81082,4,0,120332
81083,1,0,120333
81084,1,0,120334
81085,2,0,120336
81086,3,0,120339
81087,3,0,120342
81088,2,0,120344
81089,1,0,120345
81090,1,0,120346
81091,1,0,120347
81092,2,0,120349
81093,5,0,120354
81094,1,0,120355
81095,1,0,120356
81096,2,0,120358
81097,1,0,120359
81098,1,0,120360
81099,1,0,120361
81100,1,0,120362
81101,1,0,120363
81102,3,0,120366
81103,1,0,120367
81104,1,0,120368
81105,1,0,120369
81106,1,0,120370
81107,3,0,120373
81108,3,0,120376
81109,1,0,120377
81110,1,0,120378
81111,3,0,120381
81112,2,0,120383
81113,1,0,120384
81114,1,0,120385
81115,1,0,120386
81116,1,0,120387
81117,1,0,120388
81118,1,0,120389
81119,2,0,120391
81120,1,0,120392
81121,3,0,120395
81122,1,0,120396
81123,1,0,120397
81124,2,0,120399
81125,1,0,120400
81126,1,0,120401
81127,1,0,120402
81128,2,0,120404
81129,2,0,120406
81130,2,0,120408
81131,1,0,120409
81132,1,0,120410
81133,1,0,120411
81134,2,0,120413
81135,1,0,120414
81136,2,0,120416
81137,1,0,120417
81138,1,0,120418
81139,1,0,120419
81140,2,0,120421
81141,1,0,120422
81142,1,0,120423
81143,5,0,120428
81144,1,0,120429
81145,3,0,120432
81146,2,0,120434
81147,1,0,120435
81148,1,0,120436
81149,1,0,120437
81150,2,0,120439
81151,1,0,120440
81152,3,0,120443
81153,1,0,120444
81154,3,0,120447
81155,1,0,120448
81156,1,0,120449
81157,1,0,120450
81158,3,0,120453
81159,1,0,120454
81160,1,0,120455
81161,5,0,120460
81162,4,0,120464
81163,2,0,120466
81164,1,0,120467
81165,1,0,120468
81166,1,0,120469
81167,1,0,120470
81168,1,0,120471
81169,2,0,120473
81170,2,0,120475
81171,2,0,120477
81172,1,0,120478
81173,7,0,120485
81174,1,0,120486
81175,1,0,120487
81176,1,0,120488
81177,1,0,120489
81178,1,0,120490
81179,1,0,120491
81180,1,0,120492
81181,3,0,120495
81182,1,0,120496
81183,1,0,120497
81184,2,0,120499
81185,1,0,120500
81186,1,0,120501
81187,1,0,120502
81188,2,0,120504
81189,2,0,120506
81190,2,0,120508
81191,2,0,120510
81192,1,0,120511
81193,1,0,120512
81194,6,0,120518
81195,1,0,120519
81196,1,0,120520
81197,1,0,120521
81198,1,0,120522
81199,1,0,120523
81200,1,0,120524
81201,4,0,120528
81202,1,0,120529
81203,3,0,120532
81204,1,0,120533
81205,1,0,120534
81206,3,0,120537
81207,1,0,120538
81208,1,0,120539
81209,1,0,120540
81210,1,0,120541
81211,1,0,120542
81212,4,0,120546
81213,1,0,120547
81214,2,0,120549
81215,1,0,120550
81216,1,0,120551
81217,1,0,120552
81218,2,0,120554
81219,1,0,120555
81220,1,0,120556
81221,1,0,120557
81222,2,0,120559
81223,1,0,120560
81224,1,0,120561
81225,3,0,120564
81226,2,0,120566
81227,1,0,120567
81228,1,0,120568
81229,1,0,120569
81230,1,0,120570
81231,1,0,120571
81232,1,0,120572
81233,1,0,120573
81234,2,0,120575
81235,1,0,120576
81236,1,0,120577
81237,2,0,120579
81238,1,0,120580
81239,1,0,120581
81240,3,0,120584
81241,1,0,120585
81242,1,0,120586
81243,1,0,120587
81244,1,0,120588
81245,1,0,120589
81246,1,0,120590
81247,1,0,120591
81248,1,0,120592
81249,1,0,120593
81250,1,0,120594
81251,4,0,120598
81252,1,0,120599
81253,1,0,120600
81254,1,0,120601
81255,1,0,120602
81256,1,0,120603
81257,1,0,120604
81258,1,0,120605
81259,2,0,120607
81260,1,0,120608
81261,1,0,120609
81262,1,0,120610
81263,1,0,120611
81264,2,0,120613
81265,1,0,120614
81266,2,0,120616
81267,1,0,120617
81268,1,0,120618
81269,1,0,120619
81270,2,0,120621
81271,1,0,120622
81272,1,0,120623
81273,1,0,120624
81274,4,0,120628
81275,2,0,120630
81276,1,0,120631
81277,2,0,120633
81278,1,0,120634
81279,1,0,120635
81280,1,0,120636
81281,1,0,120637
81282,1,0,120638
81283,3,0,120641
81284,1,0,120642
81285,1,0,120643
81286,1,0,120644
81287,1,0,120645
81288,2,0,120647
81289,1,0,120648
81290,2,0,120650
81291,1,0,120651
81292,1,0,120652
81293,2,0,120654
81294,2,0,120656
81295,1,0,120657
81296,1,0,120658
81297,1,0,120659
81298,1,0,120660
81299,2,0,120662
81300,2,0,120664
81301,2,0,120666
81302,1,0,120667
81303,1,0,120668
81304,1,0,120669
81305,3,0,120672
81306,2,0,120674
81307,1,0,120675
81308,2,0,120677
81309,2,0,120679
81310,1,0,120680
81311,1,0,120681
81312,1,0,120682
81313,2,0,120684
81314,2,0,120686
81315,1,0,120687
81316,2,0,120689
81317,1,0,120690
81318,2,0,120692
81319,1,0,120693
81320,1,0,120694
81321,2,0,120696
81322,2,0,120698
81323,3,0,120701
81324,3,0,120704
81325,2,0,120706
81326,3,0,120709
81327,1,0,120710
81328,1,0,120711
81329,1,0,120712
81330,1,0,120713
81331,1,0,120714
81332,5,0,120719
81333,3,0,120722
81334,2,0,120724
81335,1,0,120725
81336,2,0,120727
81337,2,0,120729
81338,1,0,120730
81339,2,0,120732
81340,2,0,120734
81341,3,0,120737
81342,1,0,120738
81343,1,0,120739
81344,2,0,120741
81345,3,0,120744
81346,3,0,120747
81347,1,0,120748
81348,1,0,120749
81349,1,0,120750
81350,3,0,120753
81351,1,0,120754
81352,1,0,120755
81353,1,0,120756
81354,3,0,120759
81355,1,0,120760
81356,1,0,120761
81357,1,0,120762
81358,1,0,120763
81359,1,0,120764
81360,1,0,120765
81361,2,0,120767
81362,2,0,120769
81363,1,0,120770
81364,1,0,120771
81365,4,0,120775
81366,4,0,120779
81367,2,0,120781
81368,1,0,120782
81369,3,0,120785
81370,1,0,120786
81371,1,0,120787
81372,1,0,120788
81373,3,0,120791
81374,1,0,120792
81375,1,0,120793
81376,1,0,120794
81377,2,0,120796
81378,1,0,120797
81379,1,0,120798
81380,1,0,120799
81381,2,0,120801
81382,1,0,120802
81383,1,0,120803
81384,3,0,120806
81385,2,0,120808
81386,1,0,120809
81387,3,0,120812
81388,2,0,120814
81389,3,0,120817
81390,1,0,120818
81391,1,0,120819
81392,1,0,120820
81393,1,0,120821
81394,1,0,120822
81395,1,0,120823
81396,2,0,120825
81397,1,0,120826
81398,3,0,120829
81399,1,0,120830
81400,1,0,120831
81401,1,0,120832
81402,1,0,120833
81403,1,0,120834
81404,2,0,120836
81405,1,0,120837
81406,1,0,120838
81407,1,0,120839
81408,1,0,120840
81409,1,0,120841
81410,1,0,120842
81411,2,0,120844
81412,2,0,120846
81413,1,0,120847
81414,3,0,120850
81415,1,0,120851
81416,2,0,120853
81417,2,0,120855
81418,2,0,120857
81419,2,0,120859
81420,1,0,120860
81421,1,0,120861
81422,1,0,120862
81423,1,0,120863
81424,1,0,120864
81425,1,0,120865
81426,1,0,120866
81427,1,0,120867
81428,2,0,120869
81429,1,0,120870
81430,2,0,120872
81431,1,0,120873
81432,1,0,120874
81433,2,0,120876
81434,4,0,120880
81435,2,0,120882
81436,2,0,120884
81437,1,0,120885
81438,1,0,120886
81439,1,0,120887
81440,1,0,120888
81441,1,0,120889
81442,1,0,120890
81443,1,0,120891
81444,1,0,120892
81445,7,0,120899
81446,3,0,120902
81447,1,0,120903
81448,1,0,120904
81449,1,0,120905
81450,1,0,120906
81451,1,0,120907
81452,2,0,120909
81453,1,0,120910
81454,1,0,120911
81455,1,0,120912
81456,4,0,120916
81457,1,0,120917
81458,1,0,120918
81459,1,0,120919
81460,2,0,120921
81461,1,0,120922
81462,2,0,120924
81463,3,0,120927
81464,1,0,120928
81465,1,0,120929
81466,1,0,120930
81467,1,0,120931
81468,1,0,120932
81469,1,0,120933
81470,3,0,120936
81471,2,0,120938
81472,1,0,120939
81473,1,0,120940
81474,2,0,120942
81475,1,0,120943
81476,2,0,120945
81477,1,0,120946
81478,1,0,120947
81479,1,0,120948
81480,1,0,120949
81481,1,0,120950
81482,1,0,120951
81483,1,0,120952
81484,1,0,120953
81485,2,0,120955
81486,3,0,120958
81487,2,0,120960
81488,1,0,120961
81489,1,0,120962
81490,2,0,120964
81491,1,0,120965
81492,2,0,120967
81493,3,0,120970
81494,1,0,120971
81495,1,0,120972
81496,1,0,120973
81497,1,0,120974
81498,1,0,120975
81499,1,0,120976
81500,4,0,120980
81501,2,0,120982
81502,2,0,120984
81503,2,0,120986
81504,1,0,120987
81505,1,0,120988
81506,1,0,120989
81507,1,0,120990
81508,2,0,120992
81509,2,0,120994
81510,1,0,120995
81511,1,0,120996
81512,1,0,120997
81513,1,0,120998
81514,5,0,121003
81515,1,0,121004
81516,3,0,121007
81517,2,0,121009
81518,1,0,121010
81519,1,0,121011
81520,1,0,121012
81521,1,0,121013
81522,1,0,121014
81523,1,0,121015
81524,3,0,121018
81525,1,0,121019
81526,2,0,121021
81527,2,0,121023
81528,2,0,121025
81529,2,0,121027
81530,1,0,121028
81531,1,0,121029
81532,1,0,121030
81533,1,0,121031
81534,3,0,121034
81535,1,0,121035
81536,1,0,121036
81537,1,0,121037
81538,2,0,121039
81539,2,0,121041
81540,3,0,121044
81541,1,0,121045
81542,1,0,121046
81543,1,0,121047
81544,1,0,121048
81545,1,0,121049
81546,1,0,121050
81547,1,0,121051
81548,1,0,121052
81549,1,0,121053
81550,1,0,121054
81551,1,0,121055
81552,2,0,121057
81553,4,0,121061
81554,1,0,121062
81555,2,0,121064
81556,1,0,121065
81557,1,0,121066
81558,1,0,121067
81559,2,0,121069
81560,1,0,121070
81561,1,0,121071
81562,1,0,121072
81563,1,0,121073
81564,2,0,121075
81565,3,0,121078
81566,2,0,121080
81567,1,0,121081
81568,2,0,121083
81569,1,0,121084
81570,1,0,121085
81571,1,0,121086
81572,1,0,121087
81573,1,0,121088
81574,1,0,121089
81575,1,0,121090
81576,1,0,121091
81577,1,0,121092
81578,1,0,121093
81579,1,0,121094
81580,1,0,121095
81581,1,0,121096
81582,2,0,121098
81583,1,0,121099
81584,1,0,121100
81585,1,0,121101
81586,1,0,121102
81587,1,0,121103
81588,2,0,121105
81589,3,0,121108
81590,2,0,121110
81591,1,0,121111
81592,2,0,121113
81593,1,0,121114
81594,2,0,121116
81595,2,0,121118
81596,1,0,121119
81597,1,0,121120
81598,2,0,121122
81599,1,0,121123
81600,1,0,121124
81601,1,0,121125
81602,1,0,121126
81603,2,0,121128
81604,1,0,121129
81605,1,0,121130
81606,1,0,121131
81607,1,0,121132
81608,1,0,121133
81609,2,0,121135
81610,1,0,121136
81611,1,0,121137
81612,3,0,121140
81613,4,0,121144
81614,1,0,121145
81615,1,0,121146
81616,1,0,121147
81617,2,0,121149
81618,3,0,121152
81619,1,0,121153
81620,1,0,121154
81621,1,0,121155
81622,1,0,121156
81623,1,0,121157
81624,2,0,121159
81625,2,0,121161
81626,2,0,121163
81627,1,0,121164
81628,1,0,121165
81629,1,0,121166
81630,1,0,121167
81631,2,0,121169
81632,1,0,121170
81633,1,0,121171
81634,1,0,121172
81635,1,0,121173
81636,2,0,121175
81637,1,0,121176
81638,2,0,121178
81639,1,0,121179
81640,1,0,121180
81641,3,0,121183
81642,5,0,121188
81643,2,0,121190
81644,2,0,121192
81645,1,0,121193
81646,1,0,121194
81647,3,0,121197
81648,1,0,121198
81649,1,0,121199
81650,1,0,121200
81651,1,0,121201
81652,4,0,121205
81653,1,0,121206
81654,2,0,121208
81655,3,0,121211
81656,1,0,121212
81657,3,0,121215
81658,1,0,121216
81659,2,0,121218
81660,1,0,121219
81661,2,0,121221
81662,1,0,121222
81663,1,0,121223
81664,1,0,121224
81665,5,0,121229
81666,2,0,121231
81667,1,0,121232
81668,1,0,121233
81669,1,0,121234
81670,2,0,121236
81671,1,0,121237
81672,1,0,121238
81673,1,0,121239
81674,1,0,121240
81675,1,0,121241
81676,3,0,121244
81677,1,0,121245
81678,1,0,121246
81679,1,0,121247
81680,1,0,121248
81681,1,0,121249
81682,3,0,121252
81683,2,0,121254
81684,1,0,121255
81685,1,0,121256
81686,1,0,121257
81687,1,0,121258
81688,1,0,121259
81689,1,0,121260
81690,2,0,121262
81691,1,0,121263
81692,1,0,121264
81693,1,0,121265
81694,1,0,121266
81695,1,0,121267
81696,1,0,121268
81697,1,0,121269
81698,1,0,121270
81699,1,0,121271
81700,1,0,121272
81701,1,0,121273
81702,1,0,121274
81703,2,0,121276
81704,2,0,121278
81705,2,0,121280
81706,1,0,121281
81707,1,0,121282
81708,1,0,121283
81709,1,0,121284
81710,1,0,121285
81711,2,0,121287
81712,1,0,121288
81713,1,0,121289
81714,1,0,121290
81715,2,0,121292
81716,3,0,121295
81717,1,0,121296
81718,1,0,121297
81719,2,0,121299
81720,1,0,121300
81721,2,0,121302
81722,1,0,121303
81723,1,0,121304
81724,1,0,121305
81725,4,0,121309
81726,2,0,121311
81727,1,0,121312
81728,1,0,121313
81729,2,0,121315
81730,1,0,121316
81731,1,0,121317
81732,2,0,121319
81733,3,0,121322
81734,2,0,121324
81735,1,0,121325
81736,1,0,121326
81737,2,0,121328
81738,1,0,121329
81739,1,0,121330
81740,2,0,121332
81741,1,0,121333
81742,1,0,121334
81743,1,0,121335
81744,1,0,121336
81745,1,0,121337
81746,1,0,121338
81747,1,0,121339
81748,1,0,121340
81749,3,0,121343
81750,1,0,121344
81751,1,0,121345
81752,1,0,121346
81753,2,0,121348
81754,1,0,121349
81755,4,0,121353
81756,3,0,121356
81757,1,0,121357
81758,1,0,121358
81759,1,0,121359
81760,2,0,121361
81761,1,0,121362
81762,2,0,121364
81763,1,0,121365
81764,1,0,121366
81765,1,0,121367
81766,1,0,121368
81767,1,0,121369
81768,1,0,121370
81769,1,0,121371
81770,3,0,121374
81771,1,0,121375
81772,2,0,121377
81773,1,0,121378
81774,3,0,121381
81775,3,0,121384
81776,1,0,121385
81777,1,0,121386
81778,2,0,121388
81779,3,0,121391
81780,2,0,121393
81781,3,0,121396
81782,1,0,121397
81783,2,0,121399
81784,1,0,121400
81785,5,0,121405
81786,1,0,121406
81787,2,0,121408
81788,2,0,121410
81789,1,0,121411
81790,1,0,121412
81791,3,0,121415
81792,2,0,121417
81793,1,0,121418
81794,1,0,121419
81795,2,0,121421
81796,1,0,121422
81797,1,0,121423
81798,2,0,121425
81799,1,0,121426
81800,1,0,121427
81801,1,0,121428
81802,2,0,121430
81803,2,0,121432
81804,1,0,121433
81805,1,0,121434
81806,1,0,121435
81807,3,0,121438
81808,1,0,121439
81809,1,0,121440
81810,1,0,121441
81811,1,0,121442
81812,1,0,121443
81813,1,0,121444
81814,2,0,121446
81815,2,0,121448
81816,2,0,121450
81817,2,0,121452
81818,1,0,121453
81819,1,0,121454
81820,1,0,121455
81821,1,0,121456
81822,1,0,121457
81823,1,0,121458
81824,1,0,121459
81825,1,0,121460
81826,1,0,121461
81827,1,0,121462
81828,1,0,121463
81829,1,0,121464
81830,1,0,121465
81831,2,0,121467
81832,3,0,121470
81833,1,0,121471
81834,3,0,121474
81835,1,0,121475
81836,1,0,121476
81837,1,0,121477
81838,5,0,121482
81839,2,0,121484
81840,1,0,121485
81841,1,0,121486
81842,1,0,121487
81843,1,0,121488
81844,1,0,121489
81845,1,0,121490
81846,3,0,121493
81847,2,0,121495
81848,1,0,121496
81849,2,0,121498
81850,1,0,121499
81851,2,0,121501
81852,1,0,121502
81853,1,0,121503
81854,1,0,121504
81855,2,0,121506
81856,4,0,121510
81857,1,0,121511
81858,1,0,121512
81859,1,0,121513
81860,1,0,121514
81861,1,0,121515
81862,1,0,121516
81863,1,0,121517
81864,1,0,121518
81865,1,0,121519
81866,1,0,121520
81867,1,0,121521
81868,2,0,121523
81869,1,0,121524
81870,1,0,121525
81871,1,0,121526
81872,2,0,121528
81873,1,0,121529
81874,1,0,121530
81875,1,0,121531
81876,1,0,121532
81877,1,0,121533
81878,1,0,121534
81879,1,0,121535
81880,2,0,121537
81881,1,0,121538
81882,1,0,121539
81883,1,0,121540
81884,1,0,121541
81885,2,0,121543
81886,2,0,121545
81887,1,0,121546
81888,1,0,121547
81889,1,0,121548
81890,2,0,121550
81891,3,0,121553
81892,1,0,121554
81893,1,0,121555
81894,1,0,121556
81895,1,0,121557
81896,1,0,121558
81897,1,0,121559
81898,1,0,121560
81899,2,0,121562
81900,1,0,121563
81901,1,0,121564
81902,1,0,121565
81903,3,0,121568
81904,1,0,121569
81905,1,0,121570
81906,2,0,121572
81907,1,0,121573
81908,1,0,121574
81909,4,0,121578
81910,1,0,121579
81911,1,0,121580
81912,1,0,121581
81913,2,0,121583
81914,2,0,121585
81915,1,0,121586
81916,1,0,121587
81917,2,0,121589
81918,2,0,121591
81919,1,0,121592
81920,1,0,121593
81921,1,0,121594
81922,1,0,121595
81923,6,0,121601
81924,1,0,121602
81925,1,0,121603
81926,2,0,121605
81927,4,0,121609
81928,2,0,121611
81929,1,0,121612
81930,2,0,121614
81931,2,0,121616
81932,2,0,121618
81933,2,0,121620
81934,1,0,121621
81935,1,0,121622
81936,1,0,121623
81937,1,0,121624
81938,1,0,121625
81939,1,0,121626
81940,1,0,121627
81941,1,0,121628
81942,1,0,121629
81943,1,0,121630
81944,1,0,121631
81945,2,0,121633
81946,4,0,121637
81947,1,0,121638
81948,2,0,121640
81949,1,0,121641
81950,1,0,121642
81951,2,0,121644
81952,3,0,121647
81953,1,0,121648
81954,1,0,121649
81955,1,0,121650
81956,1,0,121651
81957,2,0,121653
81958,4,0,121657
81959,1,0,121658
81960,1,0,121659
81961,2,0,121661
81962,1,0,121662
81963,1,0,121663
81964,1,0,121664
81965,1,0,121665
81966,2,0,121667
81967,1,0,121668
81968,1,0,121669
81969,1,0,121670
81970,3,0,121673
81971,1,0,121674
81972,2,0,121676
81973,1,0,121677
81974,3,0,121680
81975,1,0,121681
81976,2,0,121683
81977,1,0,121684
81978,1,0,121685
81979,1,0,121686
81980,2,0,121688
81981,1,0,121689
81982,1,0,121690
81983,2,0,121692
81984,1,0,121693
81985,1,0,121694
81986,1,0,121695
81987,1,0,121696
81988,1,0,121697
81989,2,0,121699
81990,1,0,121700
81991,2,0,121702
81992,2,0,121704
81993,3,0,121707
81994,1,0,121708
81995,1,0,121709
81996,1,0,121710
81997,1,0,121711
81998,4,0,121715
81999,1,0,121716
82000,1,0,121717
82001,1,0,121718
82002,1,0,121719
82003,2,0,121721
82004,2,0,121723
82005,2,0,121725
82006,2,0,121727
82007,1,0,121728
82008,1,0,121729
82009,1,0,121730
82010,1,0,121731
82011,1,0,121732
82012,2,0,121734
82013,2,0,121736
82014,1,0,121737
82015,1,0,121738
82016,1,0,121739
82017,2,0,121741
82018,1,0,121742
82019,1,0,121743
82020,1,0,121744
82021,2,0,121746
82022,1,0,121747
82023,1,0,121748
82024,1,0,121749
82025,2,0,121751
82026,1,0,121752
82027,2,0,121754
82028,1,0,121755
82029,1,0,121756
82030,1,0,121757
82031,1,0,121758
82032,1,0,121759
82033,2,0,121761
82034,1,0,121762
82035,2,0,121764
82036,1,0,121765
82037,1,0,121766
82038,4,0,121770
82039,1,0,121771
82040,1,0,121772
82041,2,0,121774
82042,1,0,121775
82043,1,0,121776
82044,1,0,121777
82045,3,0,121780
82046,3,0,121783
82047,1,0,121784
82048,1,0,121785
82049,1,0,121786
82050,1,0,121787
82051,2,0,121789
82052,1,0,121790
82053,1,0,121791
82054,1,0,121792
82055,3,0,121795
82056,1,0,121796
82057,1,0,121797
82058,1,0,121798
82059,1,0,121799
82060,1,0,121800
82061,1,0,121801
82062,2,0,121803
82063,1,0,121804
82064,2,0,121806
82065,1,0,121807
82066,1,0,121808
82067,1,0,121809
82068,4,0,121813
82069,2,0,121815
82070,1,0,121816
82071,1,0,121817
82072,1,0,121818
82073,1,0,121819
82074,1,0,121820
82075,2,0,121822
82076,2,0,121824
82077,1,0,121825
82078,2,0,121827
82079,2,0,121829
82080,2,0,121831
82081,1,0,121832
82082,3,0,121835
82083,4,0,121839
82084,2,0,121841
82085,1,0,121842
82086,1,0,121843
82087,1,0,121844
82088,1,0,121845
82089,2,0,121847
82090,1,0,121848
82091,1,0,121849
82092,2,0,121851
82093,2,0,121853
82094,2,0,121855
82095,2,0,121857
82096,1,0,121858
82097,2,0,121860
82098,1,0,121861
82099,1,0,121862
82100,3,0,121865
82101,1,0,121866
82102,3,0,121869
82103,7,0,121876
82104,1,0,121877
82105,1,0,121878
82106,1,0,121879
82107,1,0,121880
82108,1,0,121881
82109,1,0,121882
82110,1,0,121883
82111,1,0,121884
82112,2,0,121886
82113,1,0,121887
82114,1,0,121888
82115,1,0,121889
82116,5,0,121894
82117,1,0,121895
82118,1,0,121896
82119,1,0,121897
82120,1,0,121898
82121,2,0,121900
82122,1,0,121901
82123,1,0,121902
82124,1,0,121903
82125,1,0,121904
82126,1,0,121905
82127,1,0,121906
82128,1,0,121907
82129,1,0,121908
82130,1,0,121909
82131,2,0,121911
82132,1,0,121912
82133,2,0,121914
82134,1,0,121915
82135,3,0,121918
82136,1,0,121919
82137,3,0,121922
82138,1,0,121923
82139,1,0,121924
82140,1,0,121925
82141,1,0,121926
82142,3,0,121929
82143,1,0,121930
82144,1,0,121931
82145,1,0,121932
82146,2,0,121934
82147,3,0,121937
82148,3,0,121940
82149,2,0,121942
82150,3,0,121945
82151,1,0,121946
82152,1,0,121947
82153,2,0,121949
82154,1,0,121950
82155,1,0,121951
82156,1,0,121952
82157,1,0,121953
82158,1,0,121954
82159,1,0,121955
82160,1,0,121956
82161,1,0,121957
82162,1,0,121958
82163,1,0,121959
82164,1,0,121960
82165,2,0,121962
82166,1,0,121963
82167,1,0,121964
82168,1,0,121965
82169,1,0,121966
82170,1,0,121967
82171,3,0,121970
82172,2,0,121972
82173,2,0,121974
82174,1,0,121975
82175,1,0,121976
82176,1,0,121977
82177,1,0,121978
82178,1,0,121979
82179,2,0,121981
82180,1,0,121982
82181,1,0,121983
82182,1,0,121984
82183,1,0,121985
82184,1,0,121986
82185,1,0,121987
82186,1,0,121988
82187,1,0,121989
82188,2,0,121991
82189,1,0,121992
82190,2,0,121994
82191,1,0,121995
82192,1,0,121996
82193,1,0,121997
82194,1,0,121998
82195,3,0,122001
82196,1,0,122002
82197,2,0,122004
82198,1,0,122005
82199,2,0,122007
82200,1,0,122008
82201,1,0,122009
82202,1,0,122010
82203,1,0,122011
82204,1,0,122012
82205,1,0,122013
82206,1,0,122014
82207,2,0,122016
82208,3,0,122019
82209,1,0,122020
82210,2,0,122022
82211,2,0,122024
82212,3,0,122027
82213,2,0,122029
82214,1,0,122030
82215,1,0,122031
82216,1,0,122032
82217,1,0,122033
82218,1,0,122034
82219,1,0,122035
82220,2,0,122037
82221,1,0,122038
82222,1,0,122039
82223,2,0,122041
82224,1,0,122042
82225,1,0,122043
82226,1,0,122044
82227,1,0,122045
82228,1,0,122046
82229,1,0,122047
82230,1,0,122048
82231,1,0,122049
82232,1,0,122050
82233,1,0,122051
82234,1,0,122052
82235,1,0,122053
82236,1,0,122054
82237,1,0,122055
82238,7,0,122062
82239,3,0,122065
82240,2,0,122067
82241,1,0,122068
82242,1,0,122069
82243,1,0,122070
82244,1,0,122071
82245,2,0,122073
82246,1,0,122074
82247,2,0,122076
82248,1,0,122077
82249,1,0,122078
82250,1,0,122079
82251,1,0,122080
82252,3,0,122083
82253,2,0,122085
82254,1,0,122086
82255,1,0,122087
82256,1,0,122088
82257,1,0,122089
82258,1,0,122090
82259,2,0,122092
82260,1,0,122093
82261,1,0,122094
82262,1,0,122095
82263,3,0,122098
82264,1,0,122099
82265,1,0,122100
82266,1,0,122101
82267,3,0,122104
82268,1,0,122105
82269,1,0,122106
82270,1,0,122107
82271,2,0,122109
82272,1,0,122110
82273,1,0,122111
82274,2,0,122113
82275,2,0,122115
82276,1,0,122116
82277,1,0,122117
82278,1,0,122118
82279,1,0,122119
82280,1,0,122120
82281,1,0,122121
82282,2,0,122123
82283,1,0,122124
82284,1,0,122125
82285,1,0,122126
82286,1,0,122127
82287,1,0,122128
82288,2,0,122130
82289,1,0,122131
82290,1,0,122132
82291,2,0,122134
82292,1,0,122135
82293,1,0,122136
82294,1,0,122137
82295,2,0,122139
82296,1,0,122140
82297,2,0,122142
82298,1,0,122143
82299,1,0,122144
82300,4,0,122148
82301,2,0,122150
82302,2,0,122152
82303,2,0,122154
82304,1,0,122155
82305,1,0,122156
82306,2,0,122158
82307,3,0,122161
82308,3,0,122164
82309,1,0,122165
82310,1,0,122166
82311,1,0,122167
82312,1,0,122168
82313,2,0,122170
82314,2,0,122172
82315,1,0,122173
82316,1,0,122174
82317,1,0,122175
82318,1,0,122176
82319,1,0,122177
82320,1,0,122178
82321,1,0,122179
82322,1,0,122180
82323,1,0,122181
82324,1,0,122182
82325,1,0,122183
82326,1,0,122184
82327,1,0,122185
82328,2,0,122187
82329,4,0,122191
82330,2,0,122193
82331,1,0,122194
82332,1,0,122195
82333,1,0,122196
82334,1,0,122197
82335,1,0,122198
82336,2,0,122200
82337,2,0,122202
82338,1,0,122203
82339,1,0,122204
82340,4,0,122208
82341,2,0,122210
82342,1,0,122211
82343,1,0,122212
82344,1,0,122213
82345,2,0,122215
82346,1,0,122216
82347,1,0,122217
82348,2,0,122219
82349,3,0,122222
82350,1,0,122223
82351,1,0,122224
82352,1,0,122225
82353,1,0,122226
82354,1,0,122227
82355,1,0,122228
82356,2,0,122230
82357,1,0,122231
82358,2,0,122233
82359,1,0,122234
82360,1,0,122235
82361,2,0,122237
82362,1,0,122238
82363,1,0,122239
82364,1,0,122240
82365,1,0,122241
82366,1,0,122242
82367,1,0,122243
82368,1,0,122244
82369,1,0,122245
82370,1,0,122246
82371,4,0,122250
82372,1,0,122251
82373,2,0,122253
82374,1,0,122254
82375,1,0,122255
82376,2,0,122257
82377,1,0,122258
82378,1,0,122259
82379,1,0,122260
82380,1,0,122261
82381,1,0,122262
82382,1,0,122263
82383,1,0,122264
82384,3,0,122267
82385,2,0,122269
82386,1,0,122270
82387,1,0,122271
82388,1,0,122272
82389,1,0,122273
82390,2,0,122275
82391,1,0,122276
82392,2,0,122278
82393,2,0,122280
82394,1,0,122281
82395,1,0,122282
82396,1,0,122283
82397,1,0,122284
82398,1,0,122285
82399,1,0,122286
82400,1,0,122287
82401,1,0,122288
82402,1,0,122289
82403,2,0,122291
82404,1,0,122292
82405,1,0,122293
82406,2,0,122295
82407,1,0,122296
82408,1,0,122297
82409,1,0,122298
82410,1,0,122299
82411,1,0,122300
82412,1,0,122301
82413,1,0,122302
82414,1,0,122303
82415,3,0,122306
82416,4,0,122310
82417,1,0,122311
82418,2,0,122313
82419,2,0,122315
82420,2,0,122317
82421,1,0,122318
82422,3,0,122321
82423,2,0,122323
82424,1,0,122324
82425,1,0,122325
82426,1,0,122326
82427,1,0,122327
82428,3,0,122330
82429,2,0,122332
82430,2,0,122334
82431,1,0,122335
82432,1,0,122336
82433,1,0,122337
82434,1,0,122338
82435,3,0,122341
82436,1,0,122342
82437,2,0,122344
82438,1,0,122345
82439,1,0,122346
82440,1,0,122347
82441,1,0,122348
82442,3,0,122351
82443,2,0,122353
82444,1,0,122354
82445,2,0,122356
82446,2,0,122358
82447,1,0,122359
82448,1,0,122360
82449,2,0,122362
82450,1,0,122363
82451,1,0,122364
82452,2,0,122366
82453,1,0,122367
82454,1,0,122368
82455,1,0,122369
82456,1,0,122370
82457,1,0,122371
82458,1,0,122372
82459,2,0,122374
82460,1,0,122375
82461,3,0,122378
82462,3,0,122381
82463,3,0,122384
82464,2,0,122386
82465,1,0,122387
82466,1,0,122388
82467,1,0,122389
82468,1,0,122390
82469,3,0,122393
82470,2,0,122395
82471,1,0,122396
82472,2,0,122398
82473,4,0,122402
82474,1,0,122403
82475,1,0,122404
82476,2,0,122406
82477,1,0,122407
82478,1,0,122408
82479,1,0,122409
82480,1,0,122410
82481,1,0,122411
82482,1,0,122412
82483,1,0,122413
82484,1,0,122414
82485,3,0,122417
82486,1,0,122418
82487,1,0,122419
82488,6,0,122425
82489,2,0,122427
82490,2,0,122429
82491,1,0,122430
82492,1,0,122431
82493,2,0,122433
82494,2,0,122435
82495,1,0,122436
82496,4,0,122440
82497,1,0,122441
82498,3,0,122444
82499,2,0,122446
82500,1,0,122447
82501,1,0,122448
82502,1,0,122449
82503,2,0,122451
82504,1,0,122452
82505,2,0,122454
82506,1,0,122455
82507,1,0,122456
82508,1,0,122457
82509,3,0,122460
82510,1,0,122461
82511,3,0,122464
82512,1,0,122465
82513,1,0,122466
82514,1,0,122467
82515,1,0,122468
82516,3,0,122471
82517,1,0,122472
82518,3,0,122475
82519,1,0,122476
82520,2,0,122478
82521,2,0,122480
82522,1,0,122481
82523,1,0,122482
82524,1,0,122483
82525,1,0,122484
82526,2,0,122486
82527,1,0,122487
82528,2,0,122489
82529,2,0,122491
82530,1,0,122492
82531,1,0,122493
82532,1,0,122494
82533,1,0,122495
82534,1,0,122496
82535,1,0,122497
82536,1,0,122498
82537,1,0,122499
82538,1,0,122500
82539,1,0,122501
82540,1,0,122502
82541,1,0,122503
82542,1,0,122504
82543,1,0,122505
82544,1,0,122506
82545,3,0,122509
82546,1,0,122510
82547,2,0,122512
82548,1,0,122513
82549,1,0,122514
82550,1,0,122515
82551,1,0,122516
82552,1,0,122517
82553,1,0,122518
82554,1,0,122519
82555,1,0,122520
82556,2,0,122522
82557,1,0,122523
82558,1,0,122524
82559,5,0,122529
82560,2,0,122531
82561,1,0,122532
82562,1,0,122533
82563,1,0,122534
82564,1,0,122535
82565,1,0,122536
82566,1,0,122537
82567,2,0,122539
82568,1,0,122540
82569,3,0,122543
82570,2,0,122545
82571,1,0,122546
82572,1,0,122547
82573,2,0,122549
82574,1,0,122550
82575,3,0,122553
82576,1,0,122554
82577,1,0,122555
82578,1,0,122556
82579,2,0,122558
82580,1,0,122559
82581,2,0,122561
82582,1,0,122562
82583,1,0,122563
82584,1,0,122564
82585,3,0,122567
82586,1,0,122568
82587,2,0,122570
82588,1,0,122571
82589,1,0,122572
82590,1,0,122573
82591,2,0,122575
82592,4,0,122579
82593,1,0,122580
82594,1,0,122581
82595,1,0,122582
82596,2,0,122584
82597,1,0,122585
82598,2,0,122587
82599,2,0,122589
82600,1,0,122590
82601,1,0,122591
82602,3,0,122594
82603,2,0,122596
82604,2,0,122598
82605,3,0,122601
82606,2,0,122603
82607,1,0,122604
82608,2,0,122606
82609,1,0,122607
82610,1,0,122608
82611,4,0,122612
82612,1,0,122613
82613,1,0,122614
82614,1,0,122615
82615,1,0,122616
82616,1,0,122617
82617,1,0,122618
82618,1,0,122619
82619,1,0,122620
82620,1,0,122621
82621,1,0,122622
82622,1,0,122623
82623,1,0,122624
82624,1,0,122625
82625,1,0,122626
82626,1,0,122627
82627,1,0,122628
82628,1,0,122629
82629,1,0,122630
82630,1,0,122631
82631,1,0,122632
82632,2,0,122634
82633,1,0,122635
82634,2,0,122637
82635,1,0,122638
82636,1,0,122639
82637,1,0,122640
82638,2,0,122642
82639,1,0,122643
82640,1,0,122644
82641,1,0,122645
82642,2,0,122647
82643,2,0,122649
82644,1,0,122650
82645,3,0,122653
82646,3,0,122656
82647,1,0,122657
82648,2,0,122659
82649,1,0,122660
82650,2,0,122662
82651,1,0,122663
82652,4,0,122667
82653,1,0,122668
82654,2,0,122670
82655,1,0,122671
82656,1,0,122672
82657,1,0,122673
82658,1,0,122674
82659,1,0,122675
82660,1,0,122676
82661,1,0,122677
82662,1,0,122678
82663,1,0,122679
82664,1,0,122680
82665,1,0,122681
82666,2,0,122683
82667,1,0,122684
82668,1,0,122685
82669,1,0,122686
82670,1,0,122687
82671,1,0,122688
82672,1,0,122689
82673,1,0,122690
82674,2,0,122692
82675,1,0,122693
82676,1,0,122694
82677,2,0,122696
82678,1,0,122697
82679,1,0,122698
82680,1,0,122699
82681,2,0,122701
82682,1,0,122702
82683,1,0,122703
82684,1,0,122704
82685,1,0,122705
82686,2,0,122707
82687,1,0,122708
82688,2,0,122710
82689,1,0,122711
82690,2,0,122713
82691,1,0,122714
82692,1,0,122715
82693,1,0,122716
82694,1,0,122717
82695,2,0,122719
82696,2,0,122721
82697,1,0,122722
82698,2,0,122724
82699,2,0,122726
82700,2,0,122728
82701,1,0,122729
82702,1,0,122730
82703,1,0,122731
82704,3,0,122734
82705,2,0,122736
82706,1,0,122737
82707,2,0,122739
82708,1,0,122740
82709,1,0,122741
82710,2,0,122743
82711,1,0,122744
82712,1,0,122745
82713,1,0,122746
82714,2,0,122748
82715,2,0,122750
82716,1,0,122751
82717,5,0,122756
82718,2,0,122758
82719,2,0,122760
82720,1,0,122761
82721,1,0,122762
82722,1,0,122763
82723,1,0,122764
82724,1,0,122765
82725,1,0,122766
82726,2,0,122768
82727,1,0,122769
82728,1,0,122770
82729,1,0,122771
82730,1,0,122772
82731,1,0,122773
82732,1,0,122774
82733,1,0,122775
82734,1,0,122776
82735,2,0,122778
82736,4,0,122782
82737,1,0,122783
82738,2,0,122785
82739,1,0,122786
82740,1,0,122787
82741,2,0,122789
82742,1,0,122790
82743,1,0,122791
82744,1,0,122792
82745,1,0,122793
82746,1,0,122794
82747,1,0,122795
82748,1,0,122796
82749,3,0,122799
82750,3,0,122802
82751,1,0,122803
82752,1,0,122804
82753,1,0,122805
82754,1,0,122806
82755,1,0,122807
82756,2,0,122809
82757,2,0,122811
82758,1,0,122812
82759,1,0,122813
82760,1,0,122814
82761,3,0,122817
82762,1,0,122818
82763,1,0,122819
82764,3,0,122822
82765,2,0,122824
82766,2,0,122826
82767,1,0,122827
82768,1,0,122828
82769,1,0,122829
82770,1,0,122830
82771,1,0,122831
82772,2,0,122833
82773,4,0,122837
82774,1,0,122838
82775,2,0,122840
82776,1,0,122841
82777,2,0,122843
82778,2,0,122845
82779,1,0,122846
82780,1,0,122847
82781,1,0,122848
82782,1,0,122849
82783,1,0,122850
82784,1,0,122851
82785,1,0,122852
82786,1,0,122853
82787,2,0,122855
82788,1,0,122856
82789,1,0,122857
82790,2,0,122859
82791,1,0,122860
82792,1,0,122861
82793,3,0,122864
82794,1,0,122865
82795,1,0,122866
82796,1,0,122867
82797,1,0,122868
82798,2,0,122870
82799,2,0,122872
82800,2,0,122874
82801,2,0,122876
82802,1,0,122877
82803,1,0,122878
82804,1,0,122879
82805,1,0,122880
82806,4,0,122884
82807,2,0,122886
82808,2,0,122888
82809,1,0,122889
82810,1,0,122890
82811,4,0,122894
82812,2,0,122896
82813,1,0,122897
82814,1,0,122898
82815,1,0,122899
82816,3,0,122902
82817,1,0,122903
82818,1,0,122904
82819,3,0,122907
82820,1,0,122908
82821,1,0,122909
82822,1,0,122910
82823,1,0,122911
82824,3,0,122914
82825,2,0,122916
82826,1,0,122917
82827,2,0,122919
82828,1,0,122920
82829,1,0,122921
82830,1,0,122922
82831,1,0,122923
82832,3,0,122926
82833,1,0,122927
82834,3,0,122930
82835,1,0,122931
82836,1,0,122932
82837,1,0,122933
82838,1,0,122934
82839,2,0,122936
82840,1,0,122937
82841,1,0,122938
82842,2,0,122940
82843,3,0,122943
82844,1,0,122944
82845,2,0,122946
82846,1,0,122947
82847,1,0,122948
82848,3,0,122951
82849,1,0,122952
82850,1,0,122953
82851,1,0,122954
82852,1,0,122955
82853,1,0,122956
82854,2,0,122958
82855,1,0,122959
82856,2,0,122961
82857,3,0,122964
82858,2,0,122966
82859,2,0,122968
82860,1,0,122969
82861,1,0,122970
82862,3,0,122973
82863,1,0,122974
82864,1,0,122975
82865,7,0,122982
82866,1,0,122983
82867,1,0,122984
82868,1,0,122985
82869,1,0,122986
82870,1,0,122987
82871,1,0,122988
82872,2,0,122990
82873,1,0,122991
82874,2,0,122993
82875,2,0,122995
82876,1,0,122996
82877,2,0,122998
82878,1,0,122999
82879,2,0,123001
82880,4,0,123005
82881,1,0,123006
82882,3,0,123009
82883,1,0,123010
82884,2,0,123012
82885,1,0,123013
82886,1,0,123014
82887,1,0,123015
82888,1,0,123016
82889,1,0,123017
82890,2,0,123019
82891,1,0,123020
82892,1,0,123021
82893,1,0,123022
82894,1,0,123023
82895,1,0,123024
82896,1,0,123025
82897,1,0,123026
82898,2,0,123028
82899,1,0,123029
82900,1,0,123030
82901,1,0,123031
82902,1,0,123032
82903,1,0,123033
82904,2,0,123035
82905,1,0,123036
82906,2,0,123038
82907,1,0,123039
82908,1,0,123040
82909,1,0,123041
82910,1,0,123042
82911,1,0,123043
82912,1,0,123044
82913,2,0,123046
82914,1,0,123047
82915,2,0,123049
82916,1,0,123050
82917,1,0,123051
82918,1,0,123052
82919,1,0,123053
82920,1,0,123054
82921,1,0,123055
82922,2,0,123057
82923,1,0,123058
82924,2,0,123060
82925,1,0,123061
82926,1,0,123062
82927,1,0,123063
82928,2,0,123065
82929,1,0,123066
82930,2,0,123068
82931,1,0,123069
82932,2,0,123071
82933,1,0,123072
82934,1,0,123073
82935,2,0,123075
82936,1,0,123076
82937,1,0,123077
82938,1,0,123078
82939,2,0,123080
82940,1,0,123081
82941,1,0,123082
82942,1,0,123083
82943,1,0,123084
82944,1,0,123085
82945,1,0,123086
82946,1,0,123087
82947,1,0,123088
82948,2,0,123090
82949,1,0,123091
82950,1,0,123092
82951,2,0,123094
82952,1,0,123095
82953,1,0,123096
82954,2,0,123098
82955,2,0,123100
82956,1,0,123101
82957,3,0,123104
82958,1,0,123105
82959,1,0,123106
82960,1,0,123107
82961,1,0,123108
82962,1,0,123109
82963,2,0,123111
82964,1,0,123112
82965,1,0,123113
82966,1,0,123114
82967,2,0,123116
82968,1,0,123117
82969,1,0,123118
82970,4,0,123122
82971,2,0,123124
82972,1,0,123125
82973,1,0,123126
82974,1,0,123127
82975,1,0,123128
82976,2,0,123130
82977,1,0,123131
82978,1,0,123132
82979,1,0,123133
82980,2,0,123135
82981,1,0,123136
82982,1,0,123137
82983,2,0,123139
82984,1,0,123140
82985,2,0,123142
82986,3,0,123145
82987,1,0,123146
82988,1,0,123147
82989,1,0,123148
82990,1,0,123149
82991,2,0,123151
82992,2,0,123153
82993,2,0,123155
82994,2,0,123157
82995,1,0,123158
82996,1,0,123159
82997,3,0,123162
82998,1,0,123163
82999,2,0,123165
83000,1,0,123166
83001,1,0,123167
83002,1,0,123168
83003,1,0,123169
83004,1,0,123170
83005,1,0,123171
83006,1,0,123172
83007,1,0,123173
83008,1,0,123174
83009,1,0,123175
83010,1,0,123176
83011,2,0,123178
83012,3,0,123181
83013,1,0,123182
83014,1,0,123183
83015,1,0,123184
83016,1,0,123185
83017,1,0,123186
83018,1,0,123187
83019,1,0,123188
83020,1,0,123189
83021,1,0,123190
83022,2,0,123192
83023,1,0,123193
83024,3,0,123196
83025,2,0,123198
83026,1,0,123199
83027,1,0,123200
83028,3,0,123203
83029,2,0,123205
83030,1,0,123206
83031,1,0,123207
83032,1,0,123208
83033,1,0,123209
83034,1,0,123210
83035,1,0,123211
83036,2,0,123213
83037,2,0,123215
83038,1,0,123216
83039,1,0,123217
83040,1,0,123218
83041,1,0,123219
83042,4,0,123223
83043,1,0,123224
83044,1,0,123225
83045,2,0,123227
83046,1,0,123228
83047,2,0,123230
83048,1,0,123231
83049,6,0,123237
83050,1,0,123238
83051,1,0,123239
83052,1,0,123240
83053,3,0,123243
83054,1,0,123244
83055,1,0,123245
83056,1,0,123246
83057,2,0,123248
83058,1,0,123249
83059,1,0,123250
83060,5,0,123255
83061,1,0,123256
83062,1,0,123257
83063,2,0,123259
83064,2,0,123261
83065,1,0,123262
83066,1,0,123263
83067,3,0,123266
83068,1,0,123267
83069,1,0,123268
83070,2,0,123270
83071,1,0,123271
83072,1,0,123272
83073,2,0,123274
83074,1,0,123275
83075,1,0,123276
83076,2,0,123278
83077,1,0,123279
83078,1,0,123280
83079,1,0,123281
83080,1,0,123282
83081,1,0,123283
83082,1,0,123284
83083,1,0,123285
83084,1,0,123286
83085,1,0,123287
83086,1,0,123288
83087,1,0,123289
83088,1,0,123290
83089,1,0,123291
83090,1,0,123292
83091,1,0,123293
83092,1,0,123294
83093,2,0,123296
83094,1,0,123297
83095,3,0,123300
83096,3,0,123303
83097,2,0,123305
83098,1,0,123306
83099,1,0,123307
83100,1,0,123308
83101,3,0,123311
83102,2,0,123313
83103,1,0,123314
83104,1,0,123315
83105,2,0,123317
83106,1,0,123318
83107,1,0,123319
83108,2,0,123321
83109,1,0,123322
83110,1,0,123323
83111,1,0,123324
83112,1,0,123325
83113,1,0,123326
83114,1,0,123327
83115,1,0,123328
83116,1,0,123329
83117,1,0,123330
83118,1,0,123331
83119,1,0,123332
83120,1,0,123333
83121,2,0,123335
83122,1,0,123336
83123,1,0,123337
83124,2,0,123339
83125,1,0,123340
83126,1,0,123341
83127,1,0,123342
83128,1,0,123343
83129,1,0,123344
83130,1,0,123345
83131,1,0,123346
83132,1,0,123347
83133,1,0,123348
83134,1,0,123349
83135,1,0,123350
83136,1,0,123351
83137,3,0,123354
83138,1,0,123355
83139,1,0,123356
83140,2,0,123358
83141,3,0,123361
83142,2,0,123363
83143,1,0,123364
83144,1,0,123365
83145,1,0,123366
83146,1,0,123367
83147,1,0,123368
83148,1,0,123369
83149,2,0,123371
83150,3,0,123374
83151,4,0,123378
83152,2,0,123380
83153,1,0,123381
83154,1,0,123382
83155,1,0,123383
83156,1,0,123384
83157,1,0,123385
83158,1,0,123386
83159,3,0,123389
83160,1,0,123390
83161,1,0,123391
83162,1,0,123392
83163,2,0,123394
83164,2,0,123396
83165,1,0,123397
83166,1,0,123398
83167,1,0,123399
83168,1,0,123400
83169,2,0,123402
83170,2,0,123404
83171,1,0,123405
83172,1,0,123406
83173,1,0,123407
83174,1,0,123408
83175,1,0,123409
83176,1,0,123410
83177,1,0,123411
83178,1,0,123412
83179,1,0,123413
83180,3,0,123416
83181,1,0,123417
83182,4,0,123421
83183,1,0,123422
83184,1,0,123423
83185,3,0,123426
83186,1,0,123427
83187,4,0,123431
83188,2,0,123433
83189,2,0,123435
83190,2,0,123437
83191,6,0,123443
83192,3,0,123446
83193,1,0,123447
83194,2,0,123449
83195,2,0,123451
83196,1,0,123452
83197,1,0,123453
83198,1,0,123454
83199,1,0,123455
83200,2,0,123457
83201,1,0,123458
83202,1,0,123459
83203,1,0,123460
83204,3,0,123463
83205,5,0,123468
83206,1,0,123469
83207,2,0,123471
83208,2,0,123473
83209,1,0,123474
83210,1,0,123475
83211,1,0,123476
83212,3,0,123479
83213,1,0,123480
83214,2,0,123482
83215,2,0,123484
83216,1,0,123485
83217,1,0,123486
83218,5,0,123491
83219,6,0,123497
83220,1,0,123498
83221,1,0,123499
83222,2,0,123501
83223,7,0,123508
83224,2,0,123510
83225,1,0,123511
83226,1,0,123512
83227,1,0,123513
83228,1,0,123514
83229,1,0,123515
83230,2,0,123517
83231,3,0,123520
83232,1,0,123521
83233,1,0,123522
83234,2,0,123524
83235,1,0,123525
83236,1,0,123526
83237,2,0,123528
83238,1,0,123529
83239,5,0,123534
83240,1,0,123535
83241,1,0,123536
83242,1,0,123537
83243,1,0,123538
83244,3,0,123541
83245,1,0,123542
83246,3,0,123545
83247,2,0,123547
83248,3,0,123550
83249,1,0,123551
83250,3,0,123554
83251,4,0,123558
83252,1,0,123559
83253,2,0,123561
83254,1,0,123562
83255,1,0,123563
83256,1,0,123564
83257,1,0,123565
83258,1,0,123566
83259,4,0,123570
83260,3,0,123573
83261,3,0,123576
83262,1,0,123577
83263,1,0,123578
83264,2,0,123580
83265,2,0,123582
83266,2,0,123584
83267,1,0,123585
83268,1,0,123586
83269,3,0,123589
83270,1,0,123590
83271,1,0,123591
83272,1,0,123592
83273,1,0,123593
83274,1,0,123594
83275,4,0,123598
83276,1,0,123599
83277,1,0,123600
83278,1,0,123601
83279,1,0,123602
83280,2,0,123604
83281,1,0,123605
83282,2,0,123607
83283,2,0,123609
83284,2,0,123611
83285,1,0,123612
83286,2,0,123614
83287,2,0,123616
83288,1,0,123617
83289,1,0,123618
83290,3,0,123621
83291,2,0,123623
83292,2,0,123625
83293,2,0,123627
83294,1,0,123628
83295,1,0,123629
83296,1,0,123630
83297,1,0,123631
83298,2,0,123633
83299,3,0,123636
83300,3,0,123639
83301,1,0,123640
83302,4,0,123644
83303,2,0,123646
83304,2,0,123648
83305,1,0,123649
83306,1,0,123650
83307,2,0,123652
83308,3,0,123655
83309,1,0,123656
83310,1,0,123657
83311,2,0,123659
83312,1,0,123660
83313,2,0,123662
83314,1,0,123663
83315,2,0,123665
83316,1,0,123666
83317,2,0,123668
83318,5,0,123673
83319,1,0,123674
83320,3,0,123677
83321,1,0,123678
83322,3,0,123681
83323,4,0,123685
83324,2,0,123687
83325,2,0,123689
83326,1,0,123690
83327,1,0,123691
83328,3,0,123694
83329,1,0,123695
83330,3,0,123698
83331,2,0,123700
83332,1,0,123701
83333,1,0,123702
83334,1,0,123703
83335,1,0,123704
83336,1,0,123705
83337,2,0,123707
83338,1,0,123708
83339,1,0,123709
83340,1,0,123710
83341,1,0,123711
83342,1,0,123712
83343,1,0,123713
83344,1,0,123714
83345,1,0,123715
83346,1,0,123716
83347,4,0,123720
83348,3,0,123723
83349,1,0,123724
83350,1,0,123725
83351,1,0,123726
83352,1,0,123727
83353,1,0,123728
83354,3,0,123731
83355,1,0,123732
83356,2,0,123734
83357,2,0,123736
83358,5,0,123741
83359,3,0,123744
83360,2,0,123746
83361,2,0,123748
83362,1,0,123749
83363,1,0,123750
83364,4,0,123754
83365,1,0,123755
83366,5,0,123760
83367,1,0,123761
83368,2,0,123763
83369,1,0,123764
83370,1,0,123765
83371,2,0,123767
83372,1,0,123768
83373,1,0,123769
83374,1,0,123770
83375,2,0,123772
83376,3,0,123775
83377,1,0,123776
83378,1,0,123777
83379,2,0,123779
83380,1,0,123780
83381,2,0,123782
83382,1,0,123783
83383,1,0,123784
83384,2,0,123786
83385,1,0,123787
83386,1,0,123788
83387,2,0,123790
83388,1,0,123791
83389,1,0,123792
83390,1,0,123793
83391,1,0,123794
83392,2,0,123796
83393,1,0,123797
83394,1,0,123798
83395,1,0,123799
83396,3,0,123802
83397,2,0,123804
83398,2,0,123806
83399,1,0,123807
83400,3,0,123810
83401,3,0,123813
83402,1,0,123814
83403,1,0,123815
83404,1,0,123816
83405,5,0,123821
83406,1,0,123822
83407,1,0,123823
83408,1,0,123824
83409,2,0,123826
83410,1,0,123827
83411,1,0,123828
83412,1,0,123829
83413,2,0,123831
83414,3,0,123834
83415,1,0,123835
83416,1,0,123836
83417,1,0,123837
83418,2,0,123839
83419,2,0,123841
83420,2,0,123843
83421,1,0,123844
83422,1,0,123845
83423,2,0,123847
83424,1,0,123848
83425,1,0,123849
83426,3,0,123852
83427,1,0,123853
83428,1,0,123854
83429,2,0,123856
83430,1,0,123857
83431,1,0,123858
83432,3,0,123861
83433,1,0,123862
83434,2,0,123864
83435,3,0,123867
83436,1,0,123868
83437,1,0,123869
83438,2,0,123871
83439,1,0,123872
83440,2,0,123874
83441,2,0,123876
83442,2,0,123878
83443,1,0,123879
83444,1,0,123880
83445,1,0,123881
83446,2,0,123883
83447,3,0,123886
83448,4,0,123890
83449,1,0,123891
83450,1,0,123892
83451,1,0,123893
83452,1,0,123894
83453,1,0,123895
83454,1,0,123896
83455,1,0,123897
83456,1,0,123898
83457,2,0,123900
83458,2,0,123902
83459,2,0,123904
83460,1,0,123905
83461,2,0,123907
83462,2,0,123909
83463,2,0,123911
83464,4,0,123915
83465,1,0,123916
83466,1,0,123917
83467,2,0,123919
83468,1,0,123920
83469,1,0,123921
83470,2,0,123923
83471,1,0,123924
83472,1,0,123925
83473,3,0,123928
83474,1,0,123929
83475,1,0,123930
83476,1,0,123931
83477,1,0,123932
83478,2,0,123934
83479,2,0,123936
83480,1,0,123937
83481,1,0,123938
83482,3,0,123941
83483,1,0,123942
83484,1,0,123943
83485,1,0,123944
83486,1,0,123945
83487,1,0,123946
83488,1,0,123947
83489,3,0,123950
83490,1,0,123951
83491,1,0,123952
83492,7,0,123959
83493,1,0,123960
83494,2,0,123962
83495,1,0,123963
83496,9,0,123972
83497,1,0,123973
83498,1,0,123974
83499,3,0,123977
83500,2,0,123979
83501,1,0,123980
83502,1,0,123981
83503,1,0,123982
83504,1,0,123983
83505,2,0,123985
83506,1,0,123986
83507,1,0,123987
83508,1,0,123988
83509,1,0,123989
83510,1,0,123990
83511,2,0,123992
83512,1,0,123993
83513,1,0,123994
83514,1,0,123995
83515,1,0,123996
83516,1,0,123997
83517,1,0,123998
83518,2,0,124000
83519,1,0,124001
83520,1,0,124002
83521,1,0,124003
83522,1,0,124004
83523,1,0,124005
83524,1,0,124006
83525,1,0,124007
83526,1,0,124008
83527,1,0,124009
83528,1,0,124010
83529,3,0,124013
83530,3,0,124016
83531,2,0,124018
83532,1,0,124019
83533,2,0,124021
83534,2,0,124023
83535,1,0,124024
83536,1,0,124025
83537,1,0,124026
83538,1,0,124027
83539,2,0,124029
83540,1,0,124030
83541,2,0,124032
83542,1,0,124033
83543,3,0,124036
83544,1,0,124037
83545,1,0,124038
83546,1,0,124039
83547,3,0,124042
83548,1,0,124043
83549,3,0,124046
83550,1,0,124047
83551,1,0,124048
83552,1,0,124049
83553,1,0,124050
83554,1,0,124051
83555,4,0,124055
83556,2,0,124057
83557,2,0,124059
83558,2,0,124061
83559,1,0,124062
83560,1,0,124063
83561,1,0,124064
83562,3,0,124067
83563,1,0,124068
83564,1,0,124069
83565,1,0,124070
83566,1,0,124071
83567,3,0,124074
83568,1,0,124075
83569,2,0,124077
83570,1,0,124078
83571,1,0,124079
83572,2,0,124081
83573,2,0,124083
83574,2,0,124085
83575,1,0,124086
83576,1,0,124087
83577,1,0,124088
83578,1,0,124089
83579,1,0,124090
83580,5,0,124095
83581,1,0,124096
83582,2,0,124098
83583,3,0,124101
83584,1,0,124102
83585,3,0,124105
83586,2,0,124107
83587,1,0,124108
83588,1,0,124109
83589,1,0,124110
83590,3,0,124113
83591,1,0,124114
83592,2,0,124116
83593,3,0,124119
83594,1,0,124120
83595,1,0,124121
83596,1,0,124122
83597,2,0,124124
83598,1,0,124125
83599,1,0,124126
83600,7,0,124133
83601,1,0,124134
83602,2,0,124136
83603,2,0,124138
83604,3,0,124141
83605,2,0,124143
83606,2,0,124145
83607,2,0,124147
83608,1,0,124148
83609,1,0,124149
83610,2,0,124151
83611,1,0,124152
83612,2,0,124154
83613,4,0,124158
83614,3,0,124161
83615,1,0,124162
83616,2,0,124164
83617,1,0,124165
83618,3,0,124168
83619,2,0,124170
83620,2,0,124172
83621,3,0,124175
83622,1,0,124176
83623,2,0,124178
83624,1,0,124179
83625,1,0,124180
83626,2,0,124182
83627,1,0,124183
83628,1,0,124184
83629,1,0,124185
83630,1,0,124186
83631,3,0,124189
83632,2,0,124191
83633,1,0,124192
83634,2,0,124194
83635,2,0,124196
83636,3,0,124199
83637,2,0,124201
83638,2,0,124203
83639,1,0,124204
83640,3,0,124207
83641,1,0,124208
83642,1,0,124209
83643,2,0,124211
83644,2,0,124213
83645,1,0,124214
83646,1,0,124215
83647,1,0,124216
83648,5,0,124221
83649,2,0,124223
83650,1,0,124224
83651,1,0,124225
83652,1,0,124226
83653,1,0,124227
83654,1,0,124228
83655,1,0,124229
83656,3,0,124232
83657,1,0,124233
83658,1,0,124234
83659,1,0,124235
83660,1,0,124236
83661,1,0,124237
83662,2,0,124239
83663,2,0,124241
83664,2,0,124243
83665,1,0,124244
83666,1,0,124245
83667,1,0,124246
83668,2,0,124248
83669,1,0,124249
83670,1,0,124250
83671,1,0,124251
83672,3,0,124254
83673,1,0,124255
83674,1,0,124256
83675,1,0,124257
83676,2,0,124259
83677,1,0,124260
83678,1,0,124261
83679,2,0,124263
83680,1,0,124264
83681,1,0,124265
83682,1,0,124266
83683,1,0,124267
83684,1,0,124268
83685,1,0,124269
83686,1,0,124270
83687,1,0,124271
83688,2,0,124273
83689,2,0,124275
83690,3,0,124278
83691,1,0,124279
83692,2,0,124281
83693,3,0,124284
83694,1,0,124285
83695,2,0,124287
83696,1,0,124288
83697,2,0,124290
83698,2,0,124292
83699,4,0,124296
83700,1,0,124297
83701,2,0,124299
83702,1,0,124300
83703,3,0,124303
83704,4,0,124307
83705,2,0,124309
83706,1,0,124310
83707,1,0,124311
83708,4,0,124315
83709,1,0,124316
83710,2,0,124318
83711,1,0,124319
83712,1,0,124320
83713,2,0,124322
83714,1,0,124323
83715,2,0,124325
83716,1,0,124326
83717,1,0,124327
83718,1,0,124328
83719,3,0,124331
83720,3,0,124334
83721,1,0,124335
83722,6,0,124341
83723,4,0,124345
83724,1,0,124346
83725,1,0,124347
83726,1,0,124348
83727,3,0,124351
83728,1,0,124352
83729,3,0,124355
83730,1,0,124356
83731,3,0,124359
83732,1,0,124360
83733,3,0,124363
83734,2,0,124365
83735,1,0,124366
83736,1,0,124367
83737,2,0,124369
83738,1,0,124370
83739,2,0,124372
83740,1,0,124373
83741,1,0,124374
83742,2,0,124376
83743,3,0,124379
83744,1,0,124380
83745,1,0,124381
83746,1,0,124382
83747,1,0,124383
83748,3,0,124386
83749,2,0,124388
83750,1,0,124389
83751,1,0,124390
83752,1,0,124391
83753,1,0,124392
83754,1,0,124393
83755,1,0,124394
83756,1,0,124395
83757,1,0,124396
83758,1,0,124397
83759,1,0,124398
83760,1,0,124399
83761,1,0,124400
83762,1,0,124401
83763,1,0,124402
83764,3,0,124405
83765,1,0,124406
83766,1,0,124407
83767,1,0,124408
83768,1,0,124409
83769,1,0,124410
83770,1,0,124411
83771,3,0,124414
83772,1,0,124415
83773,2,0,124417
83774,1,0,124418
83775,1,0,124419
83776,1,0,124420
83777,1,0,124421
83778,1,0,124422
83779,3,0,124425
83780,2,0,124427
83781,1,0,124428
83782,1,0,124429
83783,1,0,124430
83784,1,0,124431
83785,1,0,124432
83786,1,0,124433
83787,1,0,124434
83788,1,0,124435
83789,2,0,124437
83790,1,0,124438
83791,1,0,124439
83792,2,0,124441
83793,1,0,124442
83794,3,0,124445
83795,3,0,124448
83796,3,0,124451
83797,1,0,124452
83798,1,0,124453
83799,2,0,124455
83800,3,0,124458
83801,2,0,124460
83802,2,0,124462
83803,2,0,124464
83804,2,0,124466
83805,1,0,124467
83806,1,0,124468
83807,1,0,124469
83808,1,0,124470
83809,2,0,124472
83810,1,0,124473
83811,1,0,124474
83812,1,0,124475
83813,1,0,124476
83814,1,0,124477
83815,1,0,124478
83816,1,0,124479
83817,1,0,124480
83818,1,0,124481
83819,2,0,124483
83820,2,0,124485
83821,1,0,124486
83822,1,0,124487
83823,1,0,124488
83824,2,0,124490
83825,2,0,124492
83826,1,0,124493
83827,1,0,124494
83828,1,0,124495
83829,1,0,124496
83830,2,0,124498
83831,1,0,124499
83832,2,0,124501
83833,1,0,124502
83834,1,0,124503
83835,1,0,124504
83836,1,0,124505
83837,2,0,124507
83838,1,0,124508
83839,3,0,124511
83840,1,0,124512
83841,3,0,124515
83842,1,0,124516
83843,1,0,124517
83844,1,0,124518
83845,1,0,124519
83846,1,0,124520
83847,1,0,124521
83848,1,0,124522
83849,1,0,124523
83850,3,0,124526
83851,1,0,124527
83852,1,0,124528
83853,1,0,124529
83854,1,0,124530
83855,1,0,124531
83856,2,0,124533
83857,2,0,124535
83858,1,0,124536
83859,2,0,124538
83860,1,0,124539
83861,1,0,124540
83862,1,0,124541
83863,1,0,124542
83864,3,0,124545
83865,1,0,124546
83866,5,0,124551
83867,1,0,124552
83868,2,0,124554
83869,2,0,124556
83870,1,0,124557
83871,1,0,124558
83872,1,0,124559
83873,1,0,124560
83874,1,0,124561
83875,1,0,124562
83876,1,0,124563
83877,1,0,124564
83878,1,0,124565
83879,1,0,124566
83880,1,0,124567
83881,1,0,124568
83882,1,0,124569
83883,3,0,124572
83884,1,0,124573
83885,1,0,124574
83886,1,0,124575
83887,2,0,124577
83888,2,0,124579
83889,3,0,124582
83890,3,0,124585
83891,4,0,124589
83892,1,0,124590
83893,2,0,124592
83894,1,0,124593
83895,3,0,124596
83896,1,0,124597
83897,5,0,124602
83898,1,0,124603
83899,1,0,124604
83900,2,0,124606
83901,2,0,124608
83902,1,0,124609
83903,4,0,124613
83904,1,0,124614
83905,1,0,124615
83906,2,0,124617
83907,1,0,124618
83908,2,0,124620
83909,1,0,124621
83910,1,0,124622
83911,5,0,124627
83912,1,0,124628
83913,1,0,124629
83914,1,0,124630
83915,1,0,124631
83916,3,0,124634
83917,1,0,124635
83918,2,0,124637
83919,1,0,124638
83920,4,0,124642
83921,4,0,124646
83922,1,0,124647
83923,2,0,124649
83924,1,0,124650
83925,1,0,124651
83926,2,0,124653
83927,4,0,124657
83928,2,0,124659
83929,1,0,124660
83930,2,0,124662
83931,1,0,124663
83932,1,0,124664
83933,2,0,124666
83934,1,0,124667
83935,1,0,124668
83936,3,0,124671
83937,1,0,124672
83938,1,0,124673
83939,1,0,124674
83940,3,0,124677
83941,1,0,124678
83942,2,0,124680
83943,2,0,124682
83944,5,0,124687
83945,2,0,124689
83946,1,0,124690
83947,2,0,124692
83948,1,0,124693
83949,1,0,124694
83950,1,0,124695
83951,4,0,124699
83952,1,0,124700
83953,3,0,124703
83954,2,0,124705
83955,1,0,124706
83956,1,0,124707
83957,1,0,124708
83958,2,0,124710
83959,1,0,124711
83960,1,0,124712
83961,2,0,124714
83962,2,0,124716
83963,1,0,124717
83964,2,0,124719
83965,3,0,124722
83966,1,0,124723
83967,1,0,124724
83968,1,0,124725
83969,2,0,124727
83970,1,0,124728
83971,2,0,124730
83972,1,0,124731
83973,1,0,124732
83974,1,0,124733
83975,1,0,124734
83976,3,0,124737
83977,1,0,124738
83978,2,0,124740
83979,2,0,124742
83980,1,0,124743
83981,1,0,124744
83982,3,0,124747
83983,2,0,124749
83984,1,0,124750
83985,3,0,124753
83986,1,0,124754
83987,1,0,124755
83988,1,0,124756
83989,1,0,124757
83990,1,0,124758
83991,1,0,124759
83992,1,0,124760
83993,1,0,124761
83994,1,0,124762
83995,3,0,124765
83996,1,0,124766
83997,6,0,124772
83998,1,0,124773
83999,1,0,124774
84000,2,0,124776
84001,1,0,124777
84002,1,0,124778
84003,2,0,124780
84004,1,0,124781
84005,1,0,124782
84006,1,0,124783
84007,2,0,124785
84008,1,0,124786
84009,3,0,124789
84010,3,0,124792
84011,1,0,124793
84012,1,0,124794
84013,1,0,124795
84014,2,0,124797
84015,3,0,124800
84016,2,0,124802
84017,1,0,124803
84018,1,0,124804
84019,1,0,124805
84020,1,0,124806
84021,1,0,124807
84022,1,0,124808
84023,1,0,124809
84024,2,0,124811
84025,1,0,124812
84026,1,0,124813
84027,1,0,124814
84028,1,0,124815
84029,2,0,124817
84030,1,0,124818
84031,1,0,124819
84032,1,0,124820
84033,1,0,124821
84034,1,0,124822
84035,1,0,124823
84036,1,0,124824
84037,1,0,124825
84038,1,0,124826
84039,1,0,124827
84040,1,0,124828
84041,1,0,124829
84042,1,0,124830
84043,1,0,124831
84044,4,0,124835
84045,1,0,124836
84046,1,0,124837
84047,1,0,124838
84048,1,0,124839
84049,1,0,124840
84050,1,0,124841
84051,2,0,124843
84052,3,0,124846
84053,1,0,124847
84054,1,0,124848
84055,2,0,124850
84056,4,0,124854
84057,2,0,124856
84058,1,0,124857
84059,1,0,124858
84060,1,0,124859
84061,2,0,124861
84062,4,0,124865
84063,1,0,124866
84064,2,0,124868
84065,1,0,124869
84066,1,0,124870
84067,3,0,124873
84068,1,0,124874
84069,1,0,124875
84070,1,0,124876
84071,1,0,124877
84072,1,0,124878
84073,1,0,124879
84074,3,0,124882
84075,3,0,124885
84076,2,0,124887
84077,1,0,124888
84078,1,0,124889
84079,1,0,124890
84080,1,0,124891
84081,1,0,124892
84082,1,0,124893
84083,3,0,124896
84084,1,0,124897
84085,2,0,124899
84086,1,0,124900
84087,2,0,124902
84088,1,0,124903
84089,1,0,124904
84090,1,0,124905
84091,1,0,124906
84092,2,0,124908
84093,1,0,124909
84094,1,0,124910
84095,1,0,124911
84096,1,0,124912
84097,1,0,124913
84098,2,0,124915
84099,4,0,124919
84100,1,0,124920
84101,2,0,124922
84102,3,0,124925
84103,1,0,124926
84104,3,0,124929
84105,1,0,124930
84106,1,0,124931
84107,1,0,124932
84108,1,0,124933
84109,2,0,124935
84110,2,0,124937
84111,2,0,124939
84112,1,0,124940
84113,1,0,124941
84114,1,0,124942
84115,2,0,124944
84116,5,0,124949
84117,1,0,124950
84118,1,0,124951
84119,2,0,124953
84120,3,0,124956
84121,1,0,124957
84122,2,0,124959
84123,2,0,124961
84124,1,0,124962
84125,2,0,124964
84126,1,0,124965
84127,1,0,124966
84128,3,0,124969
84129,1,0,124970
84130,1,0,124971
84131,1,0,124972
84132,2,0,124974
84133,1,0,124975
84134,1,0,124976
84135,3,0,124979
84136,1,0,124980
84137,1,0,124981
84138,1,0,124982
84139,3,0,124985
84140,2,0,124987
84141,1,0,124988
84142,2,0,124990
84143,1,0,124991
84144,2,0,124993
84145,1,0,124994
84146,1,0,124995
84147,4,0,124999
84148,1,0,125000
84149,2,0,125002
84150,1,0,125003
84151,1,0,125004
84152,2,0,125006
84153,1,0,125007
84154,1,0,125008
84155,2,0,125010
84156,1,0,125011
84157,1,0,125012
84158,1,0,125013
84159,2,0,125015
84160,1,0,125016
84161,3,0,125019
84162,1,0,125020
84163,1,0,125021
84164,1,0,125022
84165,1,0,125023
84166,2,0,125025
84167,1,0,125026
84168,3,0,125029
84169,1,0,125030
84170,1,0,125031
84171,3,0,125034
84172,1,0,125035
84173,1,0,125036
84174,1,0,125037
84175,1,0,125038
84176,2,0,125040
84177,1,0,125041
84178,2,0,125043
84179,1,0,125044
84180,2,0,125046
84181,1,0,125047
84182,1,0,125048
84183,2,0,125050
84184,4,0,125054
84185,1,0,125055
84186,2,0,125057
84187,1,0,125058
84188,1,0,125059
84189,1,0,125060
84190,5,0,125065
84191,3,0,125068
84192,2,0,125070
84193,2,0,125072
84194,1,0,125073
84195,2,0,125075
84196,1,0,125076
84197,1,0,125077
84198,4,0,125081
84199,1,0,125082
84200,2,0,125084
84201,1,0,125085
84202,1,0,125086
84203,1,0,125087
84204,2,0,125089
84205,1,0,125090
84206,4,0,125094
84207,1,0,125095
84208,3,0,125098
84209,2,0,125100
84210,1,0,125101
84211,1,0,125102
84212,1,0,125103
84213,2,0,125105
84214,2,0,125107
84215,3,0,125110
84216,1,0,125111
84217,2,0,125113
84218,1,0,125114
84219,1,0,125115
84220,2,0,125117
84221,2,0,125119
84222,1,0,125120
84223,1,0,125121
84224,3,0,125124
84225,1,0,125125
84226,1,0,125126
84227,1,0,125127
84228,2,0,125129
84229,1,0,125130
84230,2,0,125132
84231,1,0,125133
84232,3,0,125136
84233,1,0,125137
84234,2,0,125139
84235,1,0,125140
84236,1,0,125141
84237,3,0,125144
84238,1,0,125145
84239,1,0,125146
84240,1,0,125147
84241,1,0,125148
84242,2,0,125150
84243,1,0,125151
84244,1,0,125152
84245,1,0,125153
84246,2,0,125155
84247,1,0,125156
84248,2,0,125158
84249,3,0,125161
84250,1,0,125162
84251,4,0,125166
84252,1,0,125167
84253,1,0,125168
84254,1,0,125169
84255,1,0,125170
84256,1,0,125171
84257,1,0,125172
84258,2,0,125174
84259,2,0,125176
84260,1,0,125177
84261,1,0,125178
84262,1,0,125179
84263,1,0,125180
84264,1,0,125181
84265,2,0,125183
84266,1,0,125184
84267,1,0,125185
84268,1,0,125186
84269,1,0,125187
84270,1,0,125188
84271,1,0,125189
84272,1,0,125190
84273,1,0,125191
84274,1,0,125192
84275,1,0,125193
84276,1,0,125194
84277,1,0,125195
84278,1,0,125196
84279,1,0,125197
84280,1,0,125198
84281,1,0,125199
84282,2,0,125201
84283,2,0,125203
84284,1,0,125204
84285,3,0,125207
84286,1,0,125208
84287,1,0,125209
84288,1,0,125210
84289,1,0,125211
84290,5,0,125216
84291,1,0,125217
84292,1,0,125218
84293,6,0,125224
84294,4,0,125228
84295,1,0,125229
84296,1,0,125230
84297,1,0,125231
84298,2,0,125233
84299,2,0,125235
84300,2,0,125237
84301,2,0,125239
84302,6,0,125245
84303,2,0,125247
84304,1,0,125248
84305,3,0,125251
84306,1,0,125252
84307,1,0,125253
84308,1,0,125254
84309,4,0,125258
84310,8,0,125266
84311,2,0,125268
84312,3,0,125271
84313,2,0,125273
84314,1,0,125274
84315,1,0,125275
84316,1,0,125276
84317,1,0,125277
84318,1,0,125278
84319,2,0,125280
84320,1,0,125281
84321,1,0,125282
84322,2,0,125284
84323,1,0,125285
84324,3,0,125288
84325,1,0,125289
84326,1,0,125290
84327,1,0,125291
84328,2,0,125293
84329,2,0,125295
84330,2,0,125297
84331,1,0,125298
84332,1,0,125299
84333,1,0,125300
84334,1,0,125301
84335,2,0,125303
84336,3,0,125306
84337,1,0,125307
84338,4,0,125311
84339,1,0,125312
84340,1,0,125313
84341,1,0,125314
84342,1,0,125315
84343,1,0,125316
84344,5,0,125321
84345,1,0,125322
84346,2,0,125324
84347,3,0,125327
84348,1,0,125328
84349,1,0,125329
84350,1,0,125330
84351,2,0,125332
84352,2,0,125334
84353,1,0,125335
84354,1,0,125336
84355,2,0,125338
84356,2,0,125340
84357,4,0,125344
84358,1,0,125345
84359,2,0,125347
84360,3,0,125350
84361,3,0,125353
84362,1,0,125354
84363,1,0,125355
84364,1,0,125356
84365,2,0,125358
84366,2,0,125360
84367,1,0,125361
84368,1,0,125362
84369,1,0,125363
84370,2,0,125365
84371,4,0,125369
84372,2,0,125371
84373,6,0,125377
84374,3,0,125380
84375,2,0,125382
84376,1,0,125383
84377,1,0,125384
84378,2,0,125386
84379,3,0,125389
84380,2,0,125391
84381,3,0,125394
84382,1,0,125395
84383,2,0,125397
84384,1,0,125398
84385,2,0,125400
84386,1,0,125401
84387,2,0,125403
84388,1,0,125404
84389,1,0,125405
84390,1,0,125406
84391,1,0,125407
84392,1,0,125408
84393,1,0,125409
84394,1,0,125410
84395,1,0,125411
84396,1,0,125412
84397,3,0,125415
84398,2,0,125417
84399,2,0,125419
84400,2,0,125421
84401,2,0,125423
84402,1,0,125424
84403,2,0,125426
84404,2,0,125428
84405,1,0,125429
84406,2,0,125431
84407,1,0,125432
84408,1,0,125433
84409,2,0,125435
84410,1,0,125436
84411,4,0,125440
84412,1,0,125441
84413,2,0,125443
84414,4,0,125447
84415,3,0,125450
84416,1,0,125451
84417,1,0,125452
84418,1,0,125453
84419,1,0,125454
84420,2,0,125456
84421,2,0,125458
84422,2,0,125460
84423,1,0,125461
84424,1,0,125462
84425,1,0,125463
84426,1,0,125464
84427,1,0,125465
84428,1,0,125466
84429,1,0,125467
84430,2,0,125469
84431,4,0,125473
84432,1,0,125474
84433,1,0,125475
84434,1,0,125476
84435,1,0,125477
84436,2,0,125479
84437,1,0,125480
84438,2,0,125482
84439,2,0,125484
84440,3,0,125487
84441,1,0,125488
84442,1,0,125489
84443,1,0,125490
84444,1,0,125491
84445,2,0,125493
84446,1,0,125494
84447,1,0,125495
84448,1,0,125496
84449,2,0,125498
84450,2,0,125500
84451,2,0,125502
84452,1,0,125503
84453,1,0,125504
84454,1,0,125505
84455,1,0,125506
84456,2,0,125508
84457,1,0,125509
84458,1,0,125510
84459,1,0,125511
84460,1,0,125512
84461,3,0,125515
84462,1,0,125516
84463,1,0,125517
84464,1,0,125518
84465,1,0,125519
84466,2,0,125521
84467,1,0,125522
84468,2,0,125524
84469,3,0,125527
84470,1,0,125528
84471,1,0,125529
84472,2,0,125531
84473,1,0,125532
84474,2,0,125534
84475,1,0,125535
84476,3,0,125538
84477,1,0,125539
84478,1,0,125540
84479,2,0,125542
84480,1,0,125543
84481,3,0,125546
84482,1,0,125547
84483,3,0,125550
84484,1,0,125551
84485,1,0,125552
84486,1,0,125553
84487,2,0,125555
84488,1,0,125556
84489,1,0,125557
84490,1,0,125558
84491,1,0,125559
84492,4,0,125563
84493,1,0,125564
84494,1,0,125565
84495,1,0,125566
84496,1,0,125567
84497,1,0,125568
84498,3,0,125571
84499,4,0,125575
84500,2,0,125577
84501,1,0,125578
84502,2,0,125580
84503,1,0,125581
84504,1,0,125582
84505,1,0,125583
84506,2,0,125585
84507,1,0,125586
84508,2,0,125588
84509,2,0,125590
84510,2,0,125592
84511,1,0,125593
84512,1,0,125594
84513,1,0,125595
84514,1,0,125596
84515,1,0,125597
84516,1,0,125598
84517,1,0,125599
84518,1,0,125600
84519,1,0,125601
84520,1,0,125602
84521,1,0,125603
84522,1,0,125604
84523,1,0,125605
84524,1,0,125606
84525,1,0,125607
84526,2,0,125609
84527,1,0,125610
84528,1,0,125611
84529,1,0,125612
84530,1,0,125613
84531,1,0,125614
84532,2,0,125616
84533,1,0,125617
84534,1,0,125618
84535,1,0,125619
84536,3,0,125622
84537,1,0,125623
84538,1,0,125624
84539,3,0,125627
84540,1,0,125628
84541,1,0,125629
84542,2,0,125631
84543,1,0,125632
84544,1,0,125633
84545,1,0,125634
84546,1,0,125635
84547,2,0,125637
84548,2,0,125639
84549,1,0,125640
84550,2,0,125642
84551,1,0,125643
84552,1,0,125644
84553,2,0,125646
84554,2,0,125648
84555,1,0,125649
84556,2,0,125651
84557,1,0,125652
84558,1,0,125653
84559,1,0,125654
84560,2,0,125656
84561,1,0,125657
84562,1,0,125658
84563,1,0,125659
84564,2,0,125661
84565,3,0,125664
84566,1,0,125665
84567,2,0,125667
84568,1,0,125668
84569,1,0,125669
84570,2,0,125671
84571,2,0,125673
84572,1,0,125674
84573,1,0,125675
84574,1,0,125676
84575,2,0,125678
84576,1,0,125679
84577,1,0,125680
84578,2,0,125682
84579,1,0,125683
84580,1,0,125684
84581,1,0,125685
84582,1,0,125686
84583,1,0,125687
84584,1,0,125688
84585,1,0,125689
84586,1,0,125690
84587,2,0,125692
84588,1,0,125693
84589,1,0,125694
84590,1,0,125695
84591,1,0,125696
84592,1,0,125697
84593,1,0,125698
84594,1,0,125699
84595,1,0,125700
84596,1,0,125701
84597,1,0,125702
84598,1,0,125703
84599,8,0,125711
84600,1,0,125712
84601,2,0,125714
84602,2,0,125716
84603,4,0,125720
84604,3,0,125723
84605,1,0,125724
84606,2,0,125726
84607,1,0,125727
84608,1,0,125728
84609,1,0,125729
84610,1,0,125730
84611,1,0,125731
84612,1,0,125732
84613,1,0,125733
84614,1,0,125734
84615,3,0,125737
84616,1,0,125738
84617,5,0,125743
84618,1,0,125744
84619,2,0,125746
84620,2,0,125748
84621,1,0,125749
84622,1,0,125750
84623,3,0,125753
84624,2,0,125755
84625,1,0,125756
84626,4,0,125760
84627,1,0,125761
84628,1,0,125762
84629,1,0,125763
84630,1,0,125764
84631,1,0,125765
84632,2,0,125767
84633,1,0,125768
84634,1,0,125769
84635,1,0,125770
84636,1,0,125771
84637,1,0,125772
84638,1,0,125773
84639,1,0,125774
84640,1,0,125775
84641,1,0,125776
84642,2,0,125778
84643,1,0,125779
84644,2,0,125781
84645,1,0,125782
84646,1,0,125783
84647,1,0,125784
84648,1,0,125785
84649,1,0,125786
84650,2,0,125788
84651,1,0,125789
84652,1,0,125790
84653,2,0,125792
84654,1,0,125793
84655,2,0,125795
84656,1,0,125796
84657,1,0,125797
84658,1,0,125798
84659,1,0,125799
84660,1,0,125800
84661,3,0,125803
84662,1,0,125804
84663,1,0,125805
84664,3,0,125808
84665,3,0,125811
84666,2,0,125813
84667,2,0,125815
84668,2,0,125817
84669,1,0,125818
84670,1,0,125819
84671,1,0,125820
84672,3,0,125823
84673,2,0,125825
84674,1,0,125826
84675,1,0,125827
84676,2,0,125829
84677,2,0,125831
84678,1,0,125832
84679,1,0,125833
84680,1,0,125834
84681,1,0,125835
84682,1,0,125836
84683,2,0,125838
84684,2,0,125840
84685,2,0,125842
84686,1,0,125843
84687,2,0,125845
84688,1,0,125846
84689,2,0,125848
84690,1,0,125849
84691,1,0,125850
84692,1,0,125851
84693,1,0,125852
84694,2,0,125854
84695,2,0,125856
84696,1,0,125857
84697,1,0,125858
84698,2,0,125860
84699,2,0,125862
84700,1,0,125863
84701,1,0,125864
84702,1,0,125865
84703,1,0,125866
84704,2,0,125868
84705,2,0,125870
84706,1,0,125871
84707,1,0,125872
84708,2,0,125874
84709,1,0,125875
84710,2,0,125877
84711,2,0,125879
84712,2,0,125881
84713,2,0,125883
84714,1,0,125884
84715,2,0,125886
84716,1,0,125887
84717,1,0,125888
84718,1,0,125889
84719,1,0,125890
84720,2,0,125892
84721,1,0,125893
84722,1,0,125894
84723,2,0,125896
84724,3,0,125899
84725,1,0,125900
84726,2,0,125902
84727,3,0,125905
84728,2,0,125907
84729,1,0,125908
84730,4,0,125912
84731,1,0,125913
84732,1,0,125914
84733,1,0,125915
84734,3,0,125918
84735,1,0,125919
84736,1,0,125920
84737,3,0,125923
84738,1,0,125924
84739,1,0,125925
84740,1,0,125926
84741,2,0,125928
84742,1,0,125929
84743,2,0,125931
84744,1,0,125932
84745,3,0,125935
84746,1,0,125936
84747,2,0,125938
84748,1,0,125939
84749,1,0,125940
84750,2,0,125942
84751,2,0,125944
84752,1,0,125945
84753,2,0,125947
84754,1,0,125948
84755,1,0,125949
84756,1,0,125950
84757,1,0,125951
84758,1,0,125952
84759,1,0,125953
84760,1,0,125954
84761,2,0,125956
84762,1,0,125957
84763,2,0,125959
84764,2,0,125961
84765,1,0,125962
84766,6,0,125968
84767,5,0,125973
84768,2,0,125975
84769,1,0,125976
84770,1,0,125977
84771,1,0,125978
84772,1,0,125979
84773,1,0,125980
84774,1,0,125981
84775,5,0,125986
84776,1,0,125987
84777,4,0,125991
84778,1,0,125992
84779,1,0,125993
84780,1,0,125994
84781,1,0,125995
84782,2,0,125997
84783,1,0,125998
84784,1,0,125999
84785,1,0,126000
84786,1,0,126001
84787,1,0,126002
84788,1,0,126003
84789,1,0,126004
84790,1,0,126005
84791,3,0,126008
84792,2,0,126010
84793,2,0,126012
84794,1,0,126013
84795,1,0,126014
84796,1,0,126015
84797,1,0,126016
84798,3,0,126019
84799,1,0,126020
84800,1,0,126021
84801,2,0,126023
84802,1,0,126024
84803,2,0,126026
84804,2,0,126028
84805,3,0,126031
84806,5,0,126036
84807,1,0,126037
84808,1,0,126038
84809,2,0,126040
84810,1,0,126041
84811,2,0,126043
84812,1,0,126044
84813,1,0,126045
84814,1,0,126046
84815,1,0,126047
84816,1,0,126048
84817,1,0,126049
84818,1,0,126050
84819,1,0,126051
84820,2,0,126053
84821,1,0,126054
84822,1,0,126055
84823,2,0,126057
84824,1,0,126058
84825,2,0,126060
84826,1,0,126061
84827,1,0,126062
84828,1,0,126063
84829,1,0,126064
84830,3,0,126067
84831,3,0,126070
84832,1,0,126071
84833,1,0,126072
84834,1,0,126073
84835,1,0,126074
84836,1,0,126075
84837,1,0,126076
84838,1,0,126077
84839,2,0,126079
84840,2,0,126081
84841,1,0,126082
84842,2,0,126084
84843,1,0,126085
84844,1,0,126086
84845,2,0,126088
84846,1,0,126089
84847,1,0,126090
84848,1,0,126091
84849,1,0,126092
84850,1,0,126093
84851,2,0,126095
84852,1,0,126096
84853,1,0,126097
84854,1,0,126098
84855,1,0,126099
84856,1,0,126100
84857,1,0,126101
84858,1,0,126102
84859,1,0,126103
84860,1,0,126104
84861,1,0,126105
84862,1,0,126106
84863,1,0,126107
84864,1,0,126108
84865,1,0,126109
84866,1,0,126110
84867,1,0,126111
84868,1,0,126112
84869,1,0,126113
84870,1,0,126114
84871,1,0,126115
84872,1,0,126116
84873,1,0,126117
84874,1,0,126118
84875,1,0,126119
84876,1,0,126120
84877,1,0,126121
84878,1,0,126122
84879,1,0,126123
84880,1,0,126124
84881,1,0,126125
84882,2,0,126127
84883,1,0,126128
84884,4,0,126132
84885,2,0,126134
84886,2,0,126136
84887,1,0,126137
84888,1,0,126138
84889,1,0,126139
84890,1,0,126140
84891,1,0,126141
84892,1,0,126142
84893,1,0,126143
84894,2,0,126145
84895,1,0,126146
84896,1,0,126147
84897,1,0,126148
84898,1,0,126149
84899,1,0,126150
84900,1,0,126151
84901,1,0,126152
84902,1,0,126153
84903,1,0,126154
84904,2,0,126156
84905,3,0,126159
84906,1,0,126160
84907,1,0,126161
84908,1,0,126162
84909,3,0,126165
84910,1,0,126166
84911,1,0,126167
84912,1,0,126168
84913,1,0,126169
84914,1,0,126170
84915,1,0,126171
84916,1,0,126172
84917,1,0,126173
84918,1,0,126174
84919,2,0,126176
84920,1,0,126177
84921,1,0,126178
84922,1,0,126179
84923,1,0,126180
84924,1,0,126181
84925,1,0,126182
84926,3,0,126185
84927,2,0,126187
84928,1,0,126188
84929,1,0,126189
84930,2,0,126191
84931,1,0,126192
84932,2,0,126194
84933,1,0,126195
84934,1,0,126196
84935,2,0,126198
84936,2,0,126200
84937,2,0,126202
84938,2,0,126204
84939,2,0,126206
84940,1,0,126207
84941,1,0,126208
84942,1,0,126209
84943,1,0,126210
84944,3,0,126213
84945,2,0,126215
84946,1,0,126216
84947,2,0,126218
84948,1,0,126219
84949,1,0,126220
84950,2,0,126222
84951,2,0,126224
84952,1,0,126225
84953,1,0,126226
84954,2,0,126228
84955,1,0,126229
84956,2,0,126231
84957,3,0,126234
84958,2,0,126236
84959,1,0,126237
84960,1,0,126238
84961,1,0,126239
84962,1,0,126240
84963,3,0,126243
84964,1,0,126244
84965,2,0,126246
84966,1,0,126247
84967,2,0,126249
84968,1,0,126250
84969,3,0,126253
84970,1,0,126254
84971,1,0,126255
84972,1,0,126256
84973,1,0,126257
84974,3,0,126260
84975,1,0,126261
84976,1,0,126262
84977,1,0,126263
84978,2,0,126265
84979,4,0,126269
84980,1,0,126270
84981,1,0,126271
84982,1,0,126272
84983,1,0,126273
84984,1,0,126274
84985,1,0,126275
84986,2,0,126277
84987,1,0,126278
84988,1,0,126279
84989,3,0,126282
84990,1,0,126283
84991,1,0,126284
84992,2,0,126286
84993,1,0,126287
84994,1,0,126288
84995,1,0,126289
84996,2,0,126291
84997,2,0,126293
84998,2,0,126295
84999,2,0,126297
85000,1,0,126298
85001,1,0,126299
85002,3,0,126302
85003,1,0,126303
85004,1,0,126304
85005,1,0,126305
85006,1,0,126306
85007,2,0,126308
85008,2,0,126310
85009,1,0,126311
85010,1,0,126312
85011,2,0,126314
85012,1,0,126315
85013,4,0,126319
85014,1,0,126320
85015,4,0,126324
85016,1,0,126325
85017,1,0,126326
85018,1,0,126327
85019,1,0,126328
85020,1,0,126329
85021,3,0,126332
85022,1,0,126333
85023,2,0,126335
85024,1,0,126336
85025,1,0,126337
85026,3,0,126340
85027,2,0,126342
85028,2,0,126344
85029,1,0,126345
85030,1,0,126346
85031,1,0,126347
85032,2,0,126349
85033,1,0,126350
85034,4,0,126354
85035,1,0,126355
85036,1,0,126356
85037,2,0,126358
85038,1,0,126359
85039,1,0,126360
85040,2,0,126362
85041,2,0,126364
85042,4,0,126368
85043,1,0,126369
85044,1,0,126370
85045,1,0,126371
85046,1,0,126372
85047,1,0,126373
85048,3,0,126376
85049,1,0,126377
85050,1,0,126378
85051,1,0,126379
85052,1,0,126380
85053,2,0,126382
85054,1,0,126383
85055,1,0,126384
85056,2,0,126386
85057,2,0,126388
85058,2,0,126390
85059,5,0,126395
85060,2,0,126397
85061,2,0,126399
85062,1,0,126400
85063,1,0,126401
85064,1,0,126402
85065,2,0,126404
85066,2,0,126406
85067,2,0,126408
85068,2,0,126410
85069,3,0,126413
85070,1,0,126414
85071,1,0,126415
85072,1,0,126416
85073,1,0,126417
85074,1,0,126418
85075,1,0,126419
85076,1,0,126420
85077,1,0,126421
85078,1,0,126422
85079,1,0,126423
85080,2,0,126425
85081,2,0,126427
85082,1,0,126428
85083,1,0,126429
85084,2,0,126431
85085,3,0,126434
85086,1,0,126435
85087,1,0,126436
85088,2,0,126438
85089,2,0,126440
85090,1,0,126441
85091,1,0,126442
85092,2,0,126444
85093,1,0,126445
85094,2,0,126447
85095,1,0,126448
85096,1,0,126449
85097,1,0,126450
85098,1,0,126451
85099,1,0,126452
85100,1,0,126453
85101,1,0,126454
85102,1,0,126455
85103,1,0,126456
85104,1,0,126457
85105,1,0,126458
85106,1,0,126459
85107,1,0,126460
85108,1,0,126461
85109,1,0,126462
85110,1,0,126463
85111,1,0,126464
85112,1,0,126465
85113,1,0,126466
85114,1,0,126467
85115,1,0,126468
85116,2,0,126470
85117,1,0,126471
85118,1,0,126472
85119,3,0,126475
85120,1,0,126476
85121,2,0,126478
85122,1,0,126479
85123,1,0,126480
85124,1,0,126481
85125,1,0,126482
85126,2,0,126484
85127,2,0,126486
85128,1,0,126487
85129,3,0,126490
85130,2,0,126492
85131,1,0,126493
85132,1,0,126494
85133,1,0,126495
85134,1,0,126496
85135,5,0,126501
85136,2,0,126503
85137,1,0,126504
85138,3,0,126507
85139,3,0,126510
85140,2,0,126512
85141,1,0,126513
85142,1,0,126514
85143,1,0,126515
85144,1,0,126516
85145,1,0,126517
85146,1,0,126518
85147,2,0,126520
85148,1,0,126521
85149,1,0,126522
85150,1,0,126523
85151,2,0,126525
85152,1,0,126526
85153,1,0,126527
85154,6,0,126533
85155,1,0,126534
85156,1,0,126535
85157,1,0,126536
85158,1,0,126537
85159,2,0,126539
85160,1,0,126540
85161,1,0,126541
85162,1,0,126542
85163,1,0,126543
85164,1,0,126544
85165,1,0,126545
85166,2,0,126547
85167,1,0,126548
85168,2,0,126550
85169,1,0,126551
85170,2,0,126553
85171,3,0,126556
85172,2,0,126558
85173,2,0,126560
85174,1,0,126561
85175,1,0,126562
85176,1,0,126563
85177,1,0,126564
85178,1,0,126565
85179,1,0,126566
85180,2,0,126568
85181,2,0,126570
85182,1,0,126571
85183,3,0,126574
85184,1,0,126575
85185,2,0,126577
85186,1,0,126578
85187,2,0,126580
85188,1,0,126581
85189,2,0,126583
85190,3,0,126586
85191,2,0,126588
85192,1,0,126589
85193,1,0,126590
85194,1,0,126591
85195,1,0,126592
85196,1,0,126593
85197,1,0,126594
85198,1,0,126595
85199,2,0,126597
85200,2,0,126599
85201,2,0,126601
85202,2,0,126603
85203,2,0,126605
85204,1,0,126606
85205,2,0,126608
85206,2,0,126610
85207,1,0,126611
85208,1,0,126612
85209,3,0,126615
85210,1,0,126616
85211,3,0,126619
85212,1,0,126620
85213,3,0,126623
85214,3,0,126626
85215,2,0,126628
85216,2,0,126630
85217,1,0,126631
85218,1,0,126632
85219,1,0,126633
85220,1,0,126634
85221,1,0,126635
85222,1,0,126636
85223,4,0,126640
85224,1,0,126641
85225,1,0,126642
85226,1,0,126643
85227,1,0,126644
85228,1,0,126645
85229,1,0,126646
85230,3,0,126649
85231,1,0,126650
85232,2,0,126652
85233,1,0,126653
85234,1,0,126654
85235,5,0,126659
85236,2,0,126661
85237,1,0,126662
85238,4,0,126666
85239,1,0,126667
85240,1,0,126668
85241,1,0,126669
85242,2,0,126671
85243,2,0,126673
85244,2,0,126675
85245,1,0,126676
85246,1,0,126677
85247,4,0,126681
85248,1,0,126682
85249,1,0,126683
85250,2,0,126685
85251,1,0,126686
85252,2,0,126688
85253,1,0,126689
85254,2,0,126691
85255,6,0,126697
85256,3,0,126700
85257,1,0,126701
85258,1,0,126702
85259,1,0,126703
85260,2,0,126705
85261,1,0,126706
85262,1,0,126707
85263,1,0,126708
85264,2,0,126710
85265,1,0,126711
85266,1,0,126712
85267,2,0,126714
85268,2,0,126716
85269,2,0,126718
85270,1,0,126719
85271,1,0,126720
85272,4,0,126724
85273,3,0,126727
85274,3,0,126730
85275,1,0,126731
85276,1,0,126732
85277,1,0,126733
85278,1,0,126734
85279,5,0,126739
85280,1,0,126740
85281,2,0,126742
85282,1,0,126743
85283,1,0,126744
85284,1,0,126745
85285,2,0,126747
85286,1,0,126748
85287,3,0,126751
85288,1,0,126752
85289,1,0,126753
85290,1,0,126754
85291,1,0,126755
85292,1,0,126756
85293,1,0,126757
85294,1,0,126758
85295,2,0,126760
85296,1,0,126761
85297,1,0,126762
85298,1,0,126763
85299,1,0,126764
85300,2,0,126766
85301,1,0,126767
85302,2,0,126769
85303,2,0,126771
85304,1,0,126772
85305,1,0,126773
85306,1,0,126774
85307,4,0,126778
85308,1,0,126779
85309,3,0,126782
85310,2,0,126784
85311,5,0,126789
85312,2,0,126791
85313,1,0,126792
85314,1,0,126793
85315,4,0,126797
85316,1,0,126798
85317,1,0,126799
85318,1,0,126800
85319,1,0,126801
85320,2,0,126803
85321,2,0,126805
85322,1,0,126806
85323,1,0,126807
85324,1,0,126808
85325,1,0,126809
85326,1,0,126810
85327,1,0,126811
85328,1,0,126812
85329,1,0,126813
85330,1,0,126814
85331,1,0,126815
85332,4,0,126819
85333,1,0,126820
85334,2,0,126822
85335,1,0,126823
85336,1,0,126824
85337,1,0,126825
85338,1,0,126826
85339,1,0,126827
85340,1,0,126828
85341,2,0,126830
85342,1,0,126831
85343,1,0,126832
85344,1,0,126833
85345,1,0,126834
85346,5,0,126839
85347,2,0,126841
85348,1,0,126842
85349,1,0,126843
85350,4,0,126847
85351,1,0,126848
85352,1,0,126849
85353,1,0,126850
85354,2,0,126852
85355,1,0,126853
85356,1,0,126854
85357,1,0,126855
85358,1,0,126856
85359,1,0,126857
85360,1,0,126858
85361,1,0,126859
85362,1,0,126860
85363,6,0,126866
85364,1,0,126867
85365,1,0,126868
85366,2,0,126870
85367,1,0,126871
85368,1,0,126872
85369,3,0,126875
85370,1,0,126876
85371,1,0,126877
85372,1,0,126878
85373,2,0,126880
85374,1,0,126881
85375,1,0,126882
85376,1,0,126883
85377,1,0,126884
85378,1,0,126885
85379,1,0,126886
85380,1,0,126887
85381,3,0,126890
85382,1,0,126891
85383,1,0,126892
85384,1,0,126893
85385,1,0,126894
85386,2,0,126896
85387,1,0,126897
85388,2,0,126899
85389,1,0,126900
85390,1,0,126901
85391,3,0,126904
85392,1,0,126905
85393,2,0,126907
85394,3,0,126910
85395,1,0,126911
85396,1,0,126912
85397,1,0,126913
85398,1,0,126914
85399,1,0,126915
85400,1,0,126916
85401,5,0,126921
85402,1,0,126922
85403,1,0,126923
85404,1,0,126924
85405,2,0,126926
85406,2,0,126928
85407,1,0,126929
85408,2,0,126931
85409,5,0,126936
85410,3,0,126939
85411,1,0,126940
85412,1,0,126941
85413,1,0,126942
85414,2,0,126944
85415,2,0,126946
85416,1,0,126947
85417,1,0,126948
85418,1,0,126949
85419,1,0,126950
85420,1,0,126951
85421,1,0,126952
85422,2,0,126954
85423,1,0,126955
85424,1,0,126956
85425,1,0,126957
85426,1,0,126958
85427,1,0,126959
85428,2,0,126961
85429,1,0,126962
85430,1,0,126963
85431,1,0,126964
85432,2,0,126966
85433,1,0,126967
85434,2,0,126969
85435,1,0,126970
85436,3,0,126973
85437,3,0,126976
85438,1,0,126977
85439,1,0,126978
85440,4,0,126982
85441,1,0,126983
85442,1,0,126984
85443,4,0,126988
85444,1,0,126989
85445,2,0,126991
85446,3,0,126994
85447,1,0,126995
85448,1,0,126996
85449,2,0,126998
85450,1,0,126999
85451,1,0,127000
85452,1,0,127001
85453,1,0,127002
85454,2,0,127004
85455,1,0,127005
85456,2,0,127007
85457,1,0,127008
85458,3,0,127011
85459,1,0,127012
85460,2,0,127014
85461,1,0,127015
85462,1,0,127016
85463,1,0,127017
85464,1,0,127018
85465,4,0,127022
85466,1,0,127023
85467,1,0,127024
85468,1,0,127025
85469,2,0,127027
85470,4,0,127031
85471,1,0,127032
85472,1,0,127033
85473,1,0,127034
85474,2,0,127036
85475,2,0,127038
85476,1,0,127039
85477,3,0,127042
85478,2,0,127044
85479,2,0,127046
85480,1,0,127047
85481,1,0,127048
85482,1,0,127049
85483,1,0,127050
85484,1,0,127051
85485,1,0,127052
85486,1,0,127053
85487,4,0,127057
85488,1,0,127058
85489,2,0,127060
85490,1,0,127061
85491,2,0,127063
85492,1,0,127064
85493,2,0,127066
85494,1,0,127067
85495,1,0,127068
85496,3,0,127071
85497,1,0,127072
85498,2,0,127074
85499,1,0,127075
85500,1,0,127076
85501,5,0,127081
85502,3,0,127084
85503,1,0,127085
85504,1,0,127086
85505,1,0,127087
85506,2,0,127089
85507,1,0,127090
85508,2,0,127092
85509,2,0,127094
85510,3,0,127097
85511,1,0,127098
85512,1,0,127099
85513,1,0,127100
85514,2,0,127102
85515,1,0,127103
85516,2,0,127105
85517,1,0,127106
85518,1,0,127107
85519,1,0,127108
85520,1,0,127109
85521,1,0,127110
85522,1,0,127111
85523,1,0,127112
85524,1,0,127113
85525,1,0,127114
85526,1,0,127115
85527,1,0,127116
85528,1,0,127117
85529,1,0,127118
85530,1,0,127119
85531,1,0,127120
85532,1,0,127121
85533,2,0,127123
85534,1,0,127124
85535,2,0,127126
85536,1,0,127127
85537,1,0,127128
85538,2,0,127130
85539,2,0,127132
85540,2,0,127134
85541,1,0,127135
85542,1,0,127136
85543,1,0,127137
85544,2,0,127139
85545,1,0,127140
85546,3,0,127143
85547,1,0,127144
85548,3,0,127147
85549,1,0,127148
85550,1,0,127149
85551,3,0,127152
85552,1,0,127153
85553,1,0,127154
85554,1,0,127155
85555,2,0,127157
85556,1,0,127158
85557,1,0,127159
85558,1,0,127160
85559,1,0,127161
85560,1,0,127162
85561,2,0,127164
85562,2,0,127166
85563,1,0,127167
85564,1,0,127168
85565,1,0,127169
85566,1,0,127170
85567,1,0,127171
85568,1,0,127172
85569,1,0,127173
85570,3,0,127176
85571,1,0,127177
85572,1,0,127178
85573,2,0,127180
85574,1,0,127181
85575,7,0,127188
85576,1,0,127189
85577,1,0,127190
85578,1,0,127191
85579,4,0,127195
85580,1,0,127196
85581,2,0,127198
85582,1,0,127199
85583,2,0,127201
85584,3,0,127204
85585,1,0,127205
85586,3,0,127208
85587,1,0,127209
85588,2,0,127211
85589,2,0,127213
85590,1,0,127214
85591,1,0,127215
85592,1,0,127216
85593,1,0,127217
85594,1,0,127218
85595,2,0,127220
85596,1,0,127221
85597,2,0,127223
85598,2,0,127225
85599,2,0,127227
85600,1,0,127228
85601,1,0,127229
85602,1,0,127230
85603,1,0,127231
85604,2,0,127233
85605,1,0,127234
85606,1,0,127235
85607,1,0,127236
85608,2,0,127238
85609,1,0,127239
85610,1,0,127240
85611,3,0,127243
85612,1,0,127244
85613,1,0,127245
85614,1,0,127246
85615,3,0,127249
85616,2,0,127251
85617,1,0,127252
85618,1,0,127253
85619,2,0,127255
85620,3,0,127258
85621,1,0,127259
85622,1,0,127260
85623,1,0,127261
85624,1,0,127262
85625,2,0,127264
85626,1,0,127265
85627,3,0,127268
85628,1,0,127269
85629,1,0,127270
85630,2,0,127272
85631,1,0,127273
85632,1,0,127274
85633,1,0,127275
85634,1,0,127276
85635,1,0,127277
85636,2,0,127279
85637,1,0,127280
85638,4,0,127284
85639,2,0,127286
85640,2,0,127288
85641,1,0,127289
85642,1,0,127290
85643,2,0,127292
85644,1,0,127293
85645,1,0,127294
85646,1,0,127295
85647,1,0,127296
85648,2,0,127298
85649,2,0,127300
85650,1,0,127301
85651,1,0,127302
85652,1,0,127303
85653,2,0,127305
85654,1,0,127306
85655,2,0,127308
85656,1,0,127309
85657,9,0,127318
85658,1,0,127319
85659,2,0,127321
85660,1,0,127322
85661,1,0,127323
85662,1,0,127324
85663,1,0,127325
85664,1,0,127326
85665,2,0,127328
85666,1,0,127329
85667,1,0,127330
85668,2,0,127332
85669,2,0,127334
85670,1,0,127335
85671,1,0,127336
85672,2,0,127338
85673,1,0,127339
85674,2,0,127341
85675,3,0,127344
85676,1,0,127345
85677,1,0,127346
85678,1,0,127347
85679,6,0,127353
85680,1,0,127354
85681,1,0,127355
85682,1,0,127356
85683,1,0,127357
85684,2,0,127359
85685,1,0,127360
85686,1,0,127361
85687,2,0,127363
85688,4,0,127367
85689,2,0,127369
85690,2,0,127371
85691,1,0,127372
85692,1,0,127373
85693,1,0,127374
85694,1,0,127375
85695,3,0,127378
85696,2,0,127380
85697,1,0,127381
85698,1,0,127382
85699,1,0,127383
85700,2,0,127385
85701,1,0,127386
85702,1,0,127387
85703,1,0,127388
85704,3,0,127391
85705,1,0,127392
85706,1,0,127393
85707,1,0,127394
85708,2,0,127396
85709,1,0,127397
85710,1,0,127398
85711,1,0,127399
85712,1,0,127400
85713,1,0,127401
85714,1,0,127402
85715,1,0,127403
85716,1,0,127404
85717,1,0,127405
85718,1,0,127406
85719,1,0,127407
85720,1,0,127408
85721,2,0,127410
85722,2,0,127412
85723,1,0,127413
85724,1,0,127414
85725,1,0,127415
85726,1,0,127416
85727,1,0,127417
85728,2,0,127419
85729,1,0,127420
85730,1,0,127421
85731,2,0,127423
85732,1,0,127424
85733,2,0,127426
85734,2,0,127428
85735,1,0,127429
85736,1,0,127430
85737,1,0,127431
85738,3,0,127434
85739,1,0,127435
85740,2,0,127437
85741,3,0,127440
85742,2,0,127442
85743,2,0,127444
85744,1,0,127445
85745,1,0,127446
85746,1,0,127447
85747,2,0,127449
85748,2,0,127451
85749,1,0,127452
85750,2,0,127454
85751,1,0,127455
85752,3,0,127458
85753,1,0,127459
85754,1,0,127460
85755,1,0,127461
85756,2,0,127463
85757,3,0,127466
85758,3,0,127469
85759,1,0,127470
85760,1,0,127471
85761,2,0,127473
85762,1,0,127474
85763,2,0,127476
85764,1,0,127477
85765,1,0,127478
85766,1,0,127479
85767,1,0,127480
85768,3,0,127483
85769,1,0,127484
85770,1,0,127485
85771,2,0,127487
85772,1,0,127488
85773,2,0,127490
85774,1,0,127491
85775,2,0,127493
85776,1,0,127494
85777,2,0,127496
85778,1,0,127497
85779,1,0,127498
85780,1,0,127499
85781,1,0,127500
85782,1,0,127501
85783,1,0,127502
85784,1,0,127503
85785,1,0,127504
85786,2,0,127506
85787,2,0,127508
85788,1,0,127509
85789,2,0,127511
85790,1,0,127512
85791,2,0,127514
85792,1,0,127515
85793,2,0,127517
85794,1,0,127518
85795,1,0,127519
85796,2,0,127521
85797,6,0,127527
85798,1,0,127528
85799,1,0,127529
85800,2,0,127531
85801,1,0,127532
85802,1,0,127533
85803,2,0,127535
85804,1,0,127536
85805,1,0,127537
85806,1,0,127538
85807,1,0,127539
85808,2,0,127541
85809,1,0,127542
85810,1,0,127543
85811,1,0,127544
85812,2,0,127546
85813,3,0,127549
85814,1,0,127550
85815,2,0,127552
85816,1,0,127553
85817,2,0,127555
85818,1,0,127556
85819,1,0,127557
85820,1,0,127558
85821,1,0,127559
85822,4,0,127563
85823,1,0,127564
85824,2,0,127566
85825,1,0,127567
85826,1,0,127568
85827,1,0,127569
85828,5,0,127574
85829,1,0,127575
85830,1,0,127576
85831,1,0,127577
85832,2,0,127579
85833,1,0,127580
85834,1,0,127581
85835,2,0,127583
85836,1,0,127584
85837,2,0,127586
85838,4,0,127590
85839,1,0,127591
85840,1,0,127592
85841,1,0,127593
85842,3,0,127596
85843,2,0,127598
85844,1,0,127599
85845,1,0,127600
85846,3,0,127603
85847,4,0,127607
85848,1,0,127608
85849,1,0,127609
85850,1,0,127610
85851,3,0,127613
85852,1,0,127614
85853,3,0,127617
85854,1,0,127618
85855,1,0,127619
85856,2,0,127621
85857,2,0,127623
85858,1,0,127624
85859,4,0,127628
85860,1,0,127629
85861,1,0,127630
85862,1,0,127631
85863,1,0,127632
85864,1,0,127633
85865,1,0,127634
85866,1,0,127635
85867,1,0,127636
85868,1,0,127637
85869,1,0,127638
85870,2,0,127640
85871,2,0,127642
85872,1,0,127643
85873,1,0,127644
85874,1,0,127645
85875,1,0,127646
85876,1,0,127647
85877,1,0,127648
85878,2,0,127650
85879,3,0,127653
85880,1,0,127654
85881,1,0,127655
85882,2,0,127657
85883,1,0,127658
85884,2,0,127660
85885,2,0,127662
85886,1,0,127663
85887,1,0,127664
85888,1,0,127665
85889,1,0,127666
85890,1,0,127667
85891,1,0,127668
85892,2,0,127670
85893,2,0,127672
85894,3,0,127675
85895,1,0,127676
85896,2,0,127678
85897,2,0,127680
85898,1,0,127681
85899,1,0,127682
85900,1,0,127683
85901,2,0,127685
85902,1,0,127686
85903,1,0,127687
85904,1,0,127688
85905,1,0,127689
85906,2,0,127691
85907,1,0,127692
85908,2,0,127694
85909,2,0,127696
85910,1,0,127697
85911,2,0,127699
85912,2,0,127701
85913,2,0,127703
85914,1,0,127704
85915,2,0,127706
85916,1,0,127707
85917,1,0,127708
85918,5,0,127713
85919,1,0,127714
85920,1,0,127715
85921,2,0,127717
85922,1,0,127718
85923,1,0,127719
85924,2,0,127721
85925,1,0,127722
85926,1,0,127723
85927,1,0,127724
85928,1,0,127725
85929,1,0,127726
85930,1,0,127727
85931,3,0,127730
85932,1,0,127731
85933,1,0,127732
85934,1,0,127733
85935,4,0,127737
85936,3,0,127740
85937,1,0,127741
85938,1,0,127742
85939,1,0,127743
85940,1,0,127744
85941,1,0,127745
85942,1,0,127746
85943,3,0,127749
85944,1,0,127750
85945,2,0,127752
85946,1,0,127753
85947,1,0,127754
85948,2,0,127756
85949,2,0,127758
85950,1,0,127759
85951,2,0,127761
85952,1,0,127762
85953,2,0,127764
85954,1,0,127765
85955,1,0,127766
85956,1,0,127767
85957,5,0,127772
85958,2,0,127774
85959,2,0,127776
85960,1,0,127777
85961,1,0,127778
85962,2,0,127780
85963,1,0,127781
85964,1,0,127782
85965,1,0,127783
85966,2,0,127785
85967,1,0,127786
85968,1,0,127787
85969,1,0,127788
85970,2,0,127790
85971,1,0,127791
85972,1,0,127792
85973,1,0,127793
85974,1,0,127794
85975,1,0,127795
85976,2,0,127797
85977,3,0,127800
85978,1,0,127801
85979,1,0,127802
85980,1,0,127803
85981,2,0,127805
85982,2,0,127807
85983,1,0,127808
85984,2,0,127810
85985,1,0,127811
85986,2,0,127813
85987,1,0,127814
85988,1,0,127815
85989,2,0,127817
85990,1,0,127818
85991,1,0,127819
85992,1,0,127820
85993,1,0,127821
85994,2,0,127823
85995,1,0,127824
85996,1,0,127825
85997,1,0,127826
85998,1,0,127827
85999,1,0,127828
86000,1,0,127829
86001,3,0,127832
86002,1,0,127833
86003,3,0,127836
86004,1,0,127837
86005,1,0,127838
86006,3,0,127841
86007,1,0,127842
86008,1,0,127843
86009,1,0,127844
86010,4,0,127848
86011,1,0,127849
86012,2,0,127851
86013,3,0,127854
86014,2,0,127856
86015,1,0,127857
86016,1,0,127858
86017,2,0,127860
86018,1,0,127861
86019,2,0,127863
86020,2,0,127865
86021,1,0,127866
86022,1,0,127867
86023,2,0,127869
86024,1,0,127870
86025,1,0,127871
86026,1,0,127872
86027,3,0,127875
86028,1,0,127876
86029,3,0,127879
86030,2,0,127881
86031,1,0,127882
86032,1,0,127883
86033,1,0,127884
86034,1,0,127885
86035,1,0,127886
86036,5,0,127891
86037,3,0,127894
86038,1,0,127895
86039,1,0,127896
86040,2,0,127898
86041,2,0,127900
86042,1,0,127901
86043,2,0,127903
86044,1,0,127904
86045,1,0,127905
86046,1,0,127906
86047,1,0,127907
86048,1,0,127908
86049,1,0,127909
86050,3,0,127912
86051,1,0,127913
86052,1,0,127914
86053,2,0,127916
86054,2,0,127918
86055,3,0,127921
86056,1,0,127922
86057,3,0,127925
86058,1,0,127926
86059,1,0,127927
86060,1,0,127928
86061,1,0,127929
86062,1,0,127930
86063,3,0,127933
86064,1,0,127934
86065,2,0,127936
86066,5,0,127941
86067,1,0,127942
86068,1,0,127943
86069,1,0,127944
86070,3,0,127947
86071,1,0,127948
86072,1,0,127949
86073,1,0,127950
86074,2,0,127952
86075,2,0,127954
86076,3,0,127957
86077,2,0,127959
86078,1,0,127960
86079,1,0,127961
86080,3,0,127964
86081,1,0,127965
86082,1,0,127966
86083,1,0,127967
86084,1,0,127968
86085,1,0,127969
86086,2,0,127971
86087,1,0,127972
86088,1,0,127973
86089,1,0,127974
86090,4,0,127978
86091,1,0,127979
86092,1,0,127980
86093,1,0,127981
86094,1,0,127982
86095,1,0,127983
86096,1,0,127984
86097,1,0,127985
86098,1,0,127986
86099,1,0,127987
86100,1,0,127988
86101,1,0,127989
86102,1,0,127990
86103,2,0,127992
86104,1,0,127993
86105,1,0,127994
86106,1,0,127995
86107,1,0,127996
86108,2,0,127998
86109,1,0,127999
86110,2,0,128001
86111,2,0,128003
86112,2,0,128005
86113,1,0,128006
86114,1,0,128007
86115,1,0,128008
86116,1,0,128009
86117,1,0,128010
86118,1,0,128011
86119,1,0,128012
86120,1,0,128013
86121,3,0,128016
86122,1,0,128017
86123,1,0,128018
86124,2,0,128020
86125,1,0,128021
86126,1,0,128022
86127,1,0,128023
86128,1,0,128024
86129,3,0,128027
86130,1,0,128028
86131,2,0,128030
86132,4,0,128034
86133,1,0,128035
86134,1,0,128036
86135,1,0,128037
86136,1,0,128038
86137,1,0,128039
86138,1,0,128040
86139,1,0,128041
86140,3,0,128044
86141,1,0,128045
86142,1,0,128046
86143,1,0,128047
86144,1,0,128048
86145,1,0,128049
86146,4,0,128053
86147,1,0,128054
86148,2,0,128056
86149,1,0,128057
86150,4,0,128061
86151,2,0,128063
86152,4,0,128067
86153,1,0,128068
86154,1,0,128069
86155,2,0,128071
86156,1,0,128072
86157,4,0,128076
86158,2,0,128078
86159,1,0,128079
86160,1,0,128080
86161,1,0,128081
86162,6,0,128087
86163,1,0,128088
86164,3,0,128091
86165,1,0,128092
86166,1,0,128093
86167,1,0,128094
86168,2,0,128096
86169,2,0,128098
86170,2,0,128100
86171,2,0,128102
86172,3,0,128105
86173,1,0,128106
86174,2,0,128108
86175,1,0,128109
86176,3,0,128112
86177,1,0,128113
86178,2,0,128115
86179,2,0,128117
86180,4,0,128121
86181,3,0,128124
86182,1,0,128125
86183,1,0,128126
86184,3,0,128129
86185,1,0,128130
86186,5,0,128135
86187,4,0,128139
86188,2,0,128141
86189,2,0,128143
86190,1,0,128144
86191,4,0,128148
86192,2,0,128150
86193,1,0,128151
86194,1,0,128152
86195,2,0,128154
86196,1,0,128155
86197,5,0,128160
86198,2,0,128162
86199,1,0,128163
86200,2,0,128165
86201,3,0,128168
86202,1,0,128169
86203,1,0,128170
86204,1,0,128171
86205,1,0,128172
86206,2,0,128174
86207,1,0,128175
86208,2,0,128177
86209,1,0,128178
86210,2,0,128180
86211,1,0,128181
86212,1,0,128182
86213,1,0,128183
86214,1,0,128184
86215,1,0,128185
86216,2,0,128187
86217,2,0,128189
86218,2,0,128191
86219,3,0,128194
86220,1,0,128195
86221,1,0,128196
86222,1,0,128197
86223,1,0,128198
86224,2,0,128200
86225,2,0,128202
86226,1,0,128203
86227,2,0,128205
86228,3,0,128208
86229,1,0,128209
86230,2,0,128211
86231,1,0,128212
86232,1,0,128213
86233,1,0,128214
86234,1,0,128215
86235,2,0,128217
86236,1,0,128218
86237,1,0,128219
86238,1,0,128220
86239,2,0,128222
86240,1,0,128223
86241,3,0,128226
86242,1,0,128227
86243,1,0,128228
86244,3,0,128231
86245,2,0,128233
86246,2,0,128235
86247,3,0,128238
86248,1,0,128239
86249,1,0,128240
86250,1,0,128241
86251,1,0,128242
86252,1,0,128243
86253,1,0,128244
86254,1,0,128245
86255,2,0,128247
86256,2,0,128249
86257,1,0,128250
86258,1,0,128251
86259,1,0,128252
86260,1,0,128253
86261,2,0,128255
86262,1,0,128256
86263,1,0,128257
86264,1,0,128258
86265,1,0,128259
86266,1,0,128260
86267,1,0,128261
86268,1,0,128262
86269,1,0,128263
86270,1,0,128264
86271,1,0,128265
86272,1,0,128266
86273,1,0,128267
86274,2,0,128269
86275,2,0,128271
86276,3,0,128274
86277,1,0,128275
86278,1,0,128276
86279,4,0,128280
86280,3,0,128283
86281,2,0,128285
86282,1,0,128286
86283,1,0,128287
86284,3,0,128290
86285,1,0,128291
86286,4,0,128295
86287,1,0,128296
86288,1,0,128297
86289,2,0,128299
86290,1,0,128300
86291,5,0,128305
86292,1,0,128306
86293,1,0,128307
86294,1,0,128308
86295,3,0,128311
86296,1,0,128312
86297,2,0,128314
86298,2,0,128316
86299,1,0,128317
86300,1,0,128318
86301,1,0,128319
86302,1,0,128320
86303,1,0,128321
86304,2,0,128323
86305,1,0,128324
86306,1,0,128325
86307,1,0,128326
86308,1,0,128327
86309,1,0,128328
86310,1,0,128329
86311,2,0,128331
86312,1,0,128332
86313,1,0,128333
86314,1,0,128334
86315,2,0,128336
86316,2,0,128338
86317,1,0,128339
86318,1,0,128340
86319,2,0,128342
86320,2,0,128344
86321,1,0,128345
86322,1,0,128346
86323,1,0,128347
86324,1,0,128348
86325,1,0,128349
86326,2,0,128351
86327,2,0,128353
86328,1,0,128354
86329,1,0,128355
86330,1,0,128356
86331,1,0,128357
86332,4,0,128361
86333,1,0,128362
86334,2,0,128364
86335,2,0,128366
86336,1,0,128367
86337,1,0,128368
86338,1,0,128369
86339,1,0,128370
86340,1,0,128371
86341,3,0,128374
86342,1,0,128375
86343,1,0,128376
86344,2,0,128378
86345,1,0,128379
86346,1,0,128380
86347,1,0,128381
86348,1,0,128382
86349,2,0,128384
86350,2,0,128386
86351,1,0,128387
86352,1,0,128388
86353,2,0,128390
86354,1,0,128391
86355,1,0,128392
86356,1,0,128393
86357,2,0,128395
86358,1,0,128396
86359,2,0,128398
86360,1,0,128399
86361,1,0,128400
86362,1,0,128401
86363,1,0,128402
86364,2,0,128404
86365,3,0,128407
86366,1,0,128408
86367,1,0,128409
86368,3,0,128412
86369,1,0,128413
86370,1,0,128414
86371,3,0,128417
86372,1,0,128418
86373,1,0,128419
86374,1,0,128420
86375,1,0,128421
86376,2,0,128423
86377,1,0,128424
86378,1,0,128425
86379,1,0,128426
86380,2,0,128428
86381,1,0,128429
86382,1,0,128430
86383,1,0,128431
86384,1,0,128432
86385,1,0,128433
86386,1,0,128434
86387,1,0,128435
86388,1,0,128436
86389,1,0,128437
86390,1,0,128438
86391,4,0,128442
86392,1,0,128443
86393,1,0,128444
86394,1,0,128445
86395,1,0,128446
86396,2,0,128448
86397,3,0,128451
86398,1,0,128452
86399,2,0,128454
86400,1,0,128455
86401,3,0,128458
86402,1,0,128459
86403,1,0,128460
86404,1,0,128461
86405,1,0,128462
86406,1,0,128463
86407,1,0,128464
86408,1,0,128465
86409,3,0,128468
86410,1,0,128469
86411,1,0,128470
86412,1,0,128471
86413,1,0,128472
86414,1,0,128473
86415,1,0,128474
86416,1,0,128475
86417,2,0,128477
86418,1,0,128478
86419,1,0,128479
86420,1,0,128480
86421,1,0,128481
86422,3,0,128484
86423,2,0,128486
86424,1,0,128487
86425,1,0,128488
86426,1,0,128489
86427,2,0,128491
86428,1,0,128492
86429,2,0,128494
86430,1,0,128495
86431,1,0,128496
86432,1,0,128497
86433,2,0,128499
86434,1,0,128500
86435,2,0,128502
86436,2,0,128504
86437,1,0,128505
86438,2,0,128507
86439,1,0,128508
86440,2,0,128510
86441,2,0,128512
86442,1,0,128513
86443,1,0,128514
86444,1,0,128515
86445,1,0,128516
86446,1,0,128517
86447,1,0,128518
86448,1,0,128519
86449,1,0,128520
86450,1,0,128521
86451,1,0,128522
86452,1,0,128523
86453,1,0,128524
86454,1,0,128525
86455,2,0,128527
86456,1,0,128528
86457,1,0,128529
86458,1,0,128530
86459,2,0,128532
86460,1,0,128533
86461,4,0,128537
86462,1,0,128538
86463,3,0,128541
86464,1,0,128542
86465,1,0,128543
86466,1,0,128544
86467,1,0,128545
86468,1,0,128546
86469,1,0,128547
86470,1,0,128548
86471,1,0,128549
86472,1,0,128550
86473,4,0,128554
86474,1,0,128555
86475,2,0,128557
86476,1,0,128558
86477,1,0,128559
86478,2,0,128561
86479,1,0,128562
86480,1,0,128563
86481,1,0,128564
86482,2,0,128566
86483,1,0,128567
86484,1,0,128568
86485,1,0,128569
86486,1,0,128570
86487,2,0,128572
86488,3,0,128575
86489,1,0,128576
86490,1,0,128577
86491,1,0,128578
86492,1,0,128579
86493,2,0,128581
86494,1,0,128582
86495,1,0,128583
86496,1,0,128584
86497,4,0,128588
86498,1,0,128589
86499,2,0,128591
86500,1,0,128592
86501,2,0,128594
86502,1,0,128595
86503,1,0,128596
86504,1,0,128597
86505,2,0,128599
86506,2,0,128601
86507,1,0,128602
86508,1,0,128603
86509,1,0,128604
86510,1,0,128605
86511,4,0,128609
86512,1,0,128610
86513,1,0,128611
86514,1,0,128612
86515,4,0,128616
86516,2,0,128618
86517,3,0,128621
86518,1,0,128622
86519,1,0,128623
86520,1,0,128624
86521,1,0,128625
86522,1,0,128626
86523,1,0,128627
86524,2,0,128629
86525,1,0,128630
86526,1,0,128631
86527,1,0,128632
86528,2,0,128634
86529,1,0,128635
86530,2,0,128637
86531,1,0,128638
86532,2,0,128640
86533,2,0,128642
86534,1,0,128643
86535,1,0,128644
86536,1,0,128645
86537,1,0,128646
86538,1,0,128647
86539,1,0,128648
86540,2,0,128650
86541,1,0,128651
86542,1,0,128652
86543,3,0,128655
86544,2,0,128657
86545,1,0,128658
86546,1,0,128659
86547,1,0,128660
86548,1,0,128661
86549,1,0,128662
86550,1,0,128663
86551,1,0,128664
86552,1,0,128665
86553,1,0,128666
86554,2,0,128668
86555,1,0,128669
86556,1,0,128670
86557,1,0,128671
86558,1,0,128672
86559,2,0,128674
86560,1,0,128675
86561,3,0,128678
86562,1,0,128679
86563,2,0,128681
86564,1,0,128682
86565,1,0,128683
86566,1,0,128684
86567,5,0,128689
86568,1,0,128690
86569,2,0,128692
86570,1,0,128693
86571,2,0,128695
86572,2,0,128697
86573,1,0,128698
86574,1,0,128699
86575,2,0,128701
86576,1,0,128702
86577,2,0,128704
86578,1,0,128705
86579,2,0,128707
86580,1,0,128708
86581,2,0,128710
86582,1,0,128711
86583,1,0,128712
86584,1,0,128713
86585,1,0,128714
86586,1,0,128715
86587,3,0,128718
86588,3,0,128721
86589,1,0,128722
86590,1,0,128723
86591,1,0,128724
86592,1,0,128725
86593,1,0,128726
86594,1,0,128727
86595,3,0,128730
86596,3,0,128733
86597,1,0,128734
86598,1,0,128735
86599,1,0,128736
86600,1,0,128737
86601,2,0,128739
86602,2,0,128741
86603,1,0,128742
86604,1,0,128743
86605,1,0,128744
86606,1,0,128745
86607,1,0,128746
86608,1,0,128747
86609,1,0,128748
86610,1,0,128749
86611,1,0,128750
86612,1,0,128751
86613,1,0,128752
86614,2,0,128754
86615,1,0,128755
86616,1,0,128756
86617,2,0,128758
86618,1,0,128759
86619,2,0,128761
86620,1,0,128762
86621,6,0,128768
86622,1,0,128769
86623,1,0,128770
86624,2,0,128772
86625,1,0,128773
86626,1,0,128774
86627,1,0,128775
86628,6,0,128781
86629,2,0,128783
86630,2,0,128785
86631,1,0,128786
86632,2,0,128788
86633,1,0,128789
86634,1,0,128790
86635,1,0,128791
86636,3,0,128794
86637,2,0,128796
86638,1,0,128797
86639,1,0,128798
86640,1,0,128799
86641,3,0,128802
86642,1,0,128803
86643,1,0,128804
86644,1,0,128805
86645,1,0,128806
86646,2,0,128808
86647,1,0,128809
86648,1,0,128810
86649,1,0,128811
86650,2,0,128813
86651,1,0,128814
86652,1,0,128815
86653,1,0,128816
86654,1,0,128817
86655,1,0,128818
86656,2,0,128820
86657,1,0,128821
86658,3,0,128824
86659,3,0,128827
86660,1,0,128828
86661,2,0,128830
86662,2,0,128832
86663,3,0,128835
86664,1,0,128836
86665,1,0,128837
86666,1,0,128838
86667,1,0,128839
86668,1,0,128840
86669,1,0,128841
86670,3,0,128844
86671,1,0,128845
86672,4,0,128849
86673,2,0,128851
86674,2,0,128853
86675,4,0,128857
86676,2,0,128859
86677,2,0,128861
86678,1,0,128862
86679,1,0,128863
86680,1,0,128864
86681,1,0,128865
86682,5,0,128870
86683,5,0,128875
86684,1,0,128876
86685,1,0,128877
86686,1,0,128878
86687,1,0,128879
86688,2,0,128881
86689,1,0,128882
86690,3,0,128885
86691,1,0,128886
86692,1,0,128887
86693,1,0,128888
86694,2,0,128890
86695,1,0,128891
86696,1,0,128892
86697,4,0,128896
86698,1,0,128897
86699,1,0,128898
86700,1,0,128899
86701,3,0,128902
86702,1,0,128903
86703,1,0,128904
86704,1,0,128905
86705,1,0,128906
86706,1,0,128907
86707,2,0,128909
86708,2,0,128911
86709,1,0,128912
86710,1,0,128913
86711,1,0,128914
86712,2,0,128916
86713,3,0,128919
86714,1,0,128920
86715,1,0,128921
86716,1,0,128922
86717,1,0,128923
86718,1,0,128924
86719,1,0,128925
86720,1,0,128926
86721,2,0,128928
86722,1,0,128929
86723,2,0,128931
86724,5,0,128936
86725,2,0,128938
86726,1,0,128939
86727,1,0,128940
86728,1,0,128941
86729,1,0,128942
86730,2,0,128944
86731,2,0,128946
86732,1,0,128947
86733,2,0,128949
86734,2,0,128951
86735,2,0,128953
86736,2,0,128955
86737,2,0,128957
86738,1,0,128958
86739,2,0,128960
86740,1,0,128961
86741,2,0,128963
86742,1,0,128964
86743,2,0,128966
86744,1,0,128967
86745,1,0,128968
86746,1,0,128969
86747,2,0,128971
86748,1,0,128972
86749,1,0,128973
86750,1,0,128974
86751,1,0,128975
86752,2,0,128977
86753,3,0,128980
86754,3,0,128983
86755,2,0,128985
86756,1,0,128986
86757,1,0,128987
86758,1,0,128988
86759,1,0,128989
86760,3,0,128992
86761,1,0,128993
86762,1,0,128994
86763,1,0,128995
86764,1,0,128996
86765,1,0,128997
86766,1,0,128998
86767,2,0,129000
86768,1,0,129001
86769,1,0,129002
86770,1,0,129003
86771,2,0,129005
86772,2,0,129007
86773,1,0,129008
86774,4,0,129012
86775,2,0,129014
86776,1,0,129015
86777,1,0,129016
86778,1,0,129017
86779,1,0,129018
86780,1,0,129019
86781,2,0,129021
86782,1,0,129022
86783,3,0,129025
86784,1,0,129026
86785,1,0,129027
86786,1,0,129028
86787,2,0,129030
86788,1,0,129031
86789,2,0,129033
86790,1,0,129034
86791,1,0,129035
86792,1,0,129036
86793,1,0,129037
86794,1,0,129038
86795,1,0,129039
86796,2,0,129041
86797,3,0,129044
86798,1,0,129045
86799,1,0,129046
86800,1,0,129047
86801,1,0,129048
86802,1,0,129049
86803,4,0,129053
86804,2,0,129055
86805,1,0,129056
86806,7,0,129063
86807,2,0,129065
86808,2,0,129067
86809,2,0,129069
86810,1,0,129070
86811,1,0,129071
86812,1,0,129072
86813,1,0,129073
86814,1,0,129074
86815,1,0,129075
86816,1,0,129076
86817,1,0,129077
86818,1,0,129078
86819,1,0,129079
86820,1,0,129080
86821,1,0,129081
86822,2,0,129083
86823,1,0,129084
86824,1,0,129085
86825,3,0,129088
86826,1,0,129089
86827,1,0,129090
86828,1,0,129091
86829,2,0,129093
86830,3,0,129096
86831,1,0,129097
86832,1,0,129098
86833,4,0,129102
86834,1,0,129103
86835,1,0,129104
86836,1,0,129105
86837,3,0,129108
86838,1,0,129109
86839,1,0,129110
86840,1,0,129111
86841,2,0,129113
86842,1,0,129114
86843,1,0,129115
86844,1,0,129116
86845,1,0,129117
86846,1,0,129118
86847,1,0,129119
86848,1,0,129120
86849,1,0,129121
86850,1,0,129122
86851,3,0,129125
86852,1,0,129126
86853,3,0,129129
86854,1,0,129130
86855,1,0,129131
86856,1,0,129132
86857,2,0,129134
86858,2,0,129136
86859,2,0,129138
86860,2,0,129140
86861,2,0,129142
86862,1,0,129143
86863,1,0,129144
86864,2,0,129146
86865,5,0,129151
86866,3,0,129154
86867,3,0,129157
86868,1,0,129158
86869,2,0,129160
86870,1,0,129161
86871,3,0,129164
86872,2,0,129166
86873,2,0,129168
86874,2,0,129170
86875,1,0,129171
86876,4,0,129175
86877,1,0,129176
86878,2,0,129178
86879,2,0,129180
86880,5,0,129185
86881,1,0,129186
86882,1,0,129187
86883,2,0,129189
86884,1,0,129190
86885,1,0,129191
86886,1,0,129192
86887,1,0,129193
86888,4,0,129197
86889,1,0,129198
86890,1,0,129199
86891,1,0,129200
86892,1,0,129201
86893,1,0,129202
86894,2,0,129204
86895,1,0,129205
86896,2,0,129207
86897,3,0,129210
86898,1,0,129211
86899,2,0,129213
86900,2,0,129215
86901,1,0,129216
86902,1,0,129217
86903,1,0,129218
86904,1,0,129219
86905,1,0,129220
86906,1,0,129221
86907,2,0,129223
86908,1,0,129224
86909,1,0,129225
86910,1,0,129226
86911,1,0,129227
86912,2,0,129229
86913,2,0,129231
86914,1,0,129232
86915,1,0,129233
86916,5,0,129238
86917,1,0,129239
86918,1,0,129240
86919,1,0,129241
86920,2,0,129243
86921,3,0,129246
86922,3,0,129249
86923,1,0,129250
86924,2,0,129252
86925,1,0,129253
86926,1,0,129254
86927,1,0,129255
86928,1,0,129256
86929,1,0,129257
86930,1,0,129258
86931,1,0,129259
86932,1,0,129260
86933,1,0,129261
86934,1,0,129262
86935,1,0,129263
86936,4,0,129267
86937,1,0,129268
86938,1,0,129269
86939,1,0,129270
86940,1,0,129271
86941,1,0,129272
86942,3,0,129275
86943,1,0,129276
86944,1,0,129277
86945,1,0,129278
86946,1,0,129279
86947,2,0,129281
86948,2,0,129283
86949,1,0,129284
86950,1,0,129285
86951,1,0,129286
86952,1,0,129287
86953,1,0,129288
86954,1,0,129289
86955,1,0,129290
86956,2,0,129292
86957,2,0,129294
86958,1,0,129295
86959,2,0,129297
86960,1,0,129298
86961,1,0,129299
86962,1,0,129300
86963,2,0,129302
86964,1,0,129303
86965,1,0,129304
86966,1,0,129305
86967,1,0,129306
86968,1,0,129307
86969,1,0,129308
86970,2,0,129310
86971,1,0,129311
86972,1,0,129312
86973,1,0,129313
86974,1,0,129314
86975,1,0,129315
86976,3,0,129318
86977,1,0,129319
86978,1,0,129320
86979,1,0,129321
86980,2,0,129323
86981,1,0,129324
86982,1,0,129325
86983,1,0,129326
86984,3,0,129329
86985,2,0,129331
86986,2,0,129333
86987,1,0,129334
86988,2,0,129336
86989,1,0,129337
86990,1,0,129338
86991,1,0,129339
86992,1,0,129340
86993,1,0,129341
86994,1,0,129342
86995,2,0,129344
86996,1,0,129345
86997,2,0,129347
86998,1,0,129348
86999,1,0,129349
87000,4,0,129353
87001,1,0,129354
87002,1,0,129355
87003,2,0,129357
87004,4,0,129361
87005,1,0,129362
87006,1,0,129363
87007,1,0,129364
87008,1,0,129365
87009,1,0,129366
87010,3,0,129369
87011,2,0,129371
87012,1,0,129372
87013,2,0,129374
87014,1,0,129375
87015,2,0,129377
87016,2,0,129379
87017,1,0,129380
87018,1,0,129381
87019,2,0,129383
87020,2,0,129385
87021,1,0,129386
87022,1,0,129387
87023,2,0,129389
87024,1,0,129390
87025,1,0,129391
87026,1,0,129392
87027,1,0,129393
87028,1,0,129394
87029,4,0,129398
87030,1,0,129399
87031,3,0,129402
87032,1,0,129403
87033,1,0,129404
87034,1,0,129405
87035,1,0,129406
87036,2,0,129408
87037,1,0,129409
87038,1,0,129410
87039,1,0,129411
87040,2,0,129413
87041,1,0,129414
87042,1,0,129415
87043,1,0,129416
87044,1,0,129417
87045,2,0,129419
87046,1,0,129420
87047,1,0,129421
87048,3,0,129424
87049,1,0,129425
87050,1,0,129426
87051,1,0,129427
87052,3,0,129430
87053,1,0,129431
87054,1,0,129432
87055,2,0,129434
87056,4,0,129438
87057,2,0,129440
87058,3,0,129443
87059,1,0,129444
87060,2,0,129446
87061,1,0,129447
87062,1,0,129448
87063,1,0,129449
87064,1,0,129450
87065,2,0,129452
87066,1,0,129453
87067,1,0,129454
87068,1,0,129455
87069,1,0,129456
87070,1,0,129457
87071,1,0,129458
87072,2,0,129460
87073,1,0,129461
87074,1,0,129462
87075,1,0,129463
87076,1,0,129464
87077,1,0,129465
87078,4,0,129469
87079,1,0,129470
87080,1,0,129471
87081,1,0,129472
87082,2,0,129474
87083,1,0,129475
87084,1,0,129476
87085,7,0,129483
87086,1,0,129484
87087,3,0,129487
87088,2,0,129489
87089,1,0,129490
87090,1,0,129491
87091,1,0,129492
87092,1,0,129493
87093,1,0,129494
87094,1,0,129495
87095,4,0,129499
87096,2,0,129501
87097,2,0,129503
87098,3,0,129506
87099,2,0,129508
87100,1,0,129509
87101,1,0,129510
87102,1,0,129511
87103,3,0,129514
87104,1,0,129515
87105,2,0,129517
87106,1,0,129518
87107,1,0,129519
87108,2,0,129521
87109,2,0,129523
87110,1,0,129524
87111,1,0,129525
87112,1,0,129526
87113,3,0,129529
87114,1,0,129530
87115,1,0,129531
87116,1,0,129532
87117,3,0,129535
87118,1,0,129536
87119,1,0,129537
87120,1,0,129538
87121,1,0,129539
87122,1,0,129540
87123,2,0,129542
87124,1,0,129543
87125,3,0,129546
87126,1,0,129547
87127,1,0,129548
87128,1,0,129549
87129,1,0,129550
87130,3,0,129553
87131,2,0,129555
87132,1,0,129556
87133,1,0,129557
87134,1,0,129558
87135,1,0,129559
87136,2,0,129561
87137,3,0,129564
87138,3,0,129567
87139,2,0,129569
87140,1,0,129570
87141,1,0,129571
87142,1,0,129572
87143,2,0,129574
87144,1,0,129575
87145,2,0,129577
87146,1,0,129578
87147,1,0,129579
87148,1,0,129580
87149,3,0,129583
87150,1,0,129584
87151,1,0,129585
87152,1,0,129586
87153,1,0,129587
87154,2,0,129589
87155,2,0,129591
87156,1,0,129592
87157,1,0,129593
87158,1,0,129594
87159,1,0,129595
87160,1,0,129596
87161,1,0,129597
87162,2,0,129599
87163,2,0,129601
87164,3,0,129604
87165,1,0,129605
87166,1,0,129606
87167,1,0,129607
87168,2,0,129609
87169,4,0,129613
87170,1,0,129614
87171,2,0,129616
87172,1,0,129617
87173,2,0,129619
87174,1,0,129620
87175,2,0,129622
87176,1,0,129623
87177,1,0,129624
87178,1,0,129625
87179,1,0,129626
87180,1,0,129627
87181,1,0,129628
87182,1,0,129629
87183,1,0,129630
87184,3,0,129633
87185,1,0,129634
87186,3,0,129637
87187,1,0,129638
87188,2,0,129640
87189,2,0,129642
87190,4,0,129646
87191,1,0,129647
87192,1,0,129648
87193,1,0,129649
87194,1,0,129650
87195,1,0,129651
87196,4,0,129655
87197,1,0,129656
87198,1,0,129657
87199,1,0,129658
87200,1,0,129659
87201,1,0,129660
87202,1,0,129661
87203,1,0,129662
87204,2,0,129664
87205,1,0,129665
87206,1,0,129666
87207,2,0,129668
87208,2,0,129670
87209,1,0,129671
87210,1,0,129672
87211,1,0,129673
87212,2,0,129675
87213,1,0,129676
87214,1,0,129677
87215,1,0,129678
87216,1,0,129679
87217,3,0,129682
87218,1,0,129683
87219,1,0,129684
87220,1,0,129685
87221,1,0,129686
87222,1,0,129687
87223,1,0,129688
87224,1,0,129689
87225,2,0,129691
87226,1,0,129692
87227,1,0,129693
87228,1,0,129694
87229,1,0,129695
87230,1,0,129696
87231,1,0,129697
87232,1,0,129698
87233,2,0,129700
87234,2,0,129702
87235,2,0,129704
87236,1,0,129705
87237,2,0,129707
87238,1,0,129708
87239,1,0,129709
87240,2,0,129711
87241,1,0,129712
87242,1,0,129713
87243,3,0,129716
87244,1,0,129717
87245,1,0,129718
87246,1,0,129719
87247,1,0,129720
87248,1,0,129721
87249,2,0,129723
87250,2,0,129725
87251,1,0,129726
87252,1,0,129727
87253,1,0,129728
87254,4,0,129732
87255,1,0,129733
87256,2,0,129735
87257,2,0,129737
87258,1,0,129738
87259,1,0,129739
87260,1,0,129740
87261,4,0,129744
87262,1,0,129745
87263,2,0,129747
87264,1,0,129748
87265,1,0,129749
87266,1,0,129750
87267,1,0,129751
87268,2,0,129753
87269,2,0,129755
87270,1,0,129756
87271,1,0,129757
87272,1,0,129758
87273,1,0,129759
87274,2,0,129761
87275,2,0,129763
87276,1,0,129764
87277,1,0,129765
87278,1,0,129766
87279,2,0,129768
87280,8,0,129776
87281,1,0,129777
87282,1,0,129778
87283,1,0,129779
87284,1,0,129780
87285,1,0,129781
87286,2,0,129783
87287,1,0,129784
87288,2,0,129786
87289,3,0,129789
87290,1,0,129790
87291,1,0,129791
87292,1,0,129792
87293,1,0,129793
87294,2,0,129795
87295,3,0,129798
87296,2,0,129800
87297,1,0,129801
87298,1,0,129802
87299,1,0,129803
87300,1,0,129804
87301,1,0,129805
87302,1,0,129806
87303,1,0,129807
87304,1,0,129808
87305,2,0,129810
87306,5,0,129815
87307,1,0,129816
87308,4,0,129820
87309,2,0,129822
87310,1,0,129823
87311,1,0,129824
87312,1,0,129825
87313,1,0,129826
87314,1,0,129827
87315,1,0,129828
87316,1,0,129829
87317,1,0,129830
87318,2,0,129832
87319,1,0,129833
87320,1,0,129834
87321,1,0,129835
87322,2,0,129837
87323,1,0,129838
87324,2,0,129840
87325,1,0,129841
87326,2,0,129843
87327,1,0,129844
87328,3,0,129847
87329,1,0,129848
87330,1,0,129849
87331,1,0,129850
87332,1,0,129851
87333,1,0,129852
87334,2,0,129854
87335,1,0,129855
87336,1,0,129856
87337,2,0,129858
87338,1,0,129859
87339,2,0,129861
87340,1,0,129862
87341,2,0,129864
87342,1,0,129865
87343,1,0,129866
87344,1,0,129867
87345,2,0,129869
87346,1,0,129870
87347,1,0,129871
87348,2,0,129873
87349,1,0,129874
87350,2,0,129876
87351,1,0,129877
87352,1,0,129878
87353,1,0,129879
87354,1,0,129880
87355,1,0,129881
87356,1,0,129882
87357,1,0,129883
87358,1,0,129884
87359,1,0,129885
87360,1,0,129886
87361,3,0,129889
87362,1,0,129890
87363,1,0,129891
87364,2,0,129893
87365,1,0,129894
87366,1,0,129895
87367,2,0,129897
87368,1,0,129898
87369,1,0,129899
87370,1,0,129900
87371,2,0,129902
87372,1,0,129903
87373,1,0,129904
87374,4,0,129908
87375,2,0,129910
87376,3,0,129913
87377,3,0,129916
87378,1,0,129917
87379,3,0,129920
87380,1,0,129921
87381,1,0,129922
87382,2,0,129924
87383,1,0,129925
87384,1,0,129926
87385,1,0,129927
87386,1,0,129928
87387,1,0,129929
87388,1,0,129930
87389,2,0,129932
87390,1,0,129933
87391,1,0,129934
87392,1,0,129935
87393,1,0,129936
87394,1,0,129937
87395,1,0,129938
87396,1,0,129939
87397,1,0,129940
87398,1,0,129941
87399,1,0,129942
87400,1,0,129943
87401,1,0,129944
87402,1,0,129945
87403,1,0,129946
87404,1,0,129947
87405,1,0,129948
87406,1,0,129949
87407,1,0,129950
87408,1,0,129951
87409,2,0,129953
87410,1,0,129954
87411,1,0,129955
87412,1,0,129956
87413,1,0,129957
87414,2,0,129959
87415,1,0,129960
87416,2,0,129962
87417,1,0,129963
87418,3,0,129966
87419,1,0,129967
87420,3,0,129970
87421,1,0,129971
87422,1,0,129972
87423,2,0,129974
87424,2,0,129976
87425,1,0,129977
87426,1,0,129978
87427,1,0,129979
87428,1,0,129980
87429,1,0,129981
87430,1,0,129982
87431,2,0,129984
87432,1,0,129985
87433,1,0,129986
87434,1,0,129987
87435,1,0,129988
87436,3,0,129991
87437,2,0,129993
87438,1,0,129994
87439,1,0,129995
87440,2,0,129997
87441,1,0,129998
87442,2,0,130000
87443,2,0,130002
87444,1,0,130003
87445,1,0,130004
87446,3,0,130007
87447,4,0,130011
87448,1,0,130012
87449,1,0,130013
87450,1,0,130014
87451,1,0,130015
87452,1,0,130016
87453,1,0,130017
87454,1,0,130018
87455,2,0,130020
87456,1,0,130021
87457,4,0,130025
87458,3,0,130028
87459,2,0,130030
87460,1,0,130031
87461,1,0,130032
87462,2,0,130034
87463,1,0,130035
87464,1,0,130036
87465,1,0,130037
87466,1,0,130038
87467,1,0,130039
87468,4,0,130043
87469,1,0,130044
87470,1,0,130045
87471,1,0,130046
87472,1,0,130047
87473,2,0,130049
87474,2,0,130051
87475,1,0,130052
87476,1,0,130053
87477,1,0,130054
87478,4,0,130058
87479,2,0,130060
87480,3,0,130063
87481,4,0,130067
87482,1,0,130068
87483,3,0,130071
87484,1,0,130072
87485,2,0,130074
87486,1,0,130075
87487,1,0,130076
87488,2,0,130078
87489,1,0,130079
87490,1,0,130080
87491,1,0,130081
87492,1,0,130082
87493,1,0,130083
87494,1,0,130084
87495,1,0,130085
87496,1,0,130086
87497,1,0,130087
87498,1,0,130088
87499,1,0,130089
87500,1,0,130090
87501,1,0,130091
87502,3,0,130094
87503,3,0,130097
87504,1,0,130098
87505,1,0,130099
87506,1,0,130100
87507,1,0,130101
87508,1,0,130102
87509,2,0,130104
87510,1,0,130105
87511,1,0,130106
87512,1,0,130107
87513,2,0,130109
87514,2,0,130111
87515,2,0,130113
87516,1,0,130114
87517,2,0,130116
87518,2,0,130118
87519,2,0,130120
87520,2,0,130122
87521,2,0,130124
87522,1,0,130125
87523,1,0,130126
87524,1,0,130127
87525,1,0,130128
87526,1,0,130129
87527,1,0,130130
87528,1,0,130131
87529,1,0,130132
87530,1,0,130133
87531,1,0,130134
87532,1,0,130135
87533,2,0,130137
87534,1,0,130138
87535,1,0,130139
87536,4,0,130143
87537,2,0,130145
87538,2,0,130147
87539,1,0,130148
87540,1,0,130149
87541,1,0,130150
87542,2,0,130152
87543,1,0,130153
87544,1,0,130154
87545,1,0,130155
87546,1,0,130156
87547,1,0,130157
87548,1,0,130158
87549,2,0,130160
87550,1,0,130161
87551,1,0,130162
87552,1,0,130163
87553,1,0,130164
87554,1,0,130165
87555,2,0,130167
87556,1,0,130168
87557,2,0,130170
87558,1,0,130171
87559,1,0,130172
87560,1,0,130173
87561,2,0,130175
87562,2,0,130177
87563,1,0,130178
87564,3,0,130181
87565,1,0,130182
87566,1,0,130183
87567,2,0,130185
87568,1,0,130186
87569,1,0,130187
87570,1,0,130188
87571,2,0,130190
87572,3,0,130193
87573,4,0,130197
87574,1,0,130198
87575,1,0,130199
87576,1,0,130200
87577,1,0,130201
87578,2,0,130203
87579,1,0,130204
87580,1,0,130205
87581,1,0,130206
87582,1,0,130207
87583,1,0,130208
87584,1,0,130209
87585,1,0,130210
87586,1,0,130211
87587,1,0,130212
87588,2,0,130214
87589,1,0,130215
87590,4,0,130219
87591,2,0,130221
87592,1,0,130222
87593,1,0,130223
87594,1,0,130224
87595,1,0,130225
87596,1,0,130226
87597,3,0,130229
87598,2,0,130231
87599,1,0,130232
87600,3,0,130235
87601,2,0,130237
87602,1,0,130238
87603,1,0,130239
87604,2,0,130241
87605,2,0,130243
87606,4,0,130247
87607,1,0,130248
87608,1,0,130249
87609,1,0,130250
87610,1,0,130251
87611,6,0,130257
87612,1,0,130258
87613,2,0,130260
87614,1,0,130261
87615,1,0,130262
87616,1,0,130263
87617,2,0,130265
87618,1,0,130266
87619,1,0,130267
87620,3,0,130270
87621,2,0,130272
87622,1,0,130273
87623,4,0,130277
87624,1,0,130278
87625,1,0,130279
87626,1,0,130280
87627,1,0,130281
87628,1,0,130282
87629,1,0,130283
87630,1,0,130284
87631,1,0,130285
87632,1,0,130286
87633,1,0,130287
87634,1,0,130288
87635,1,0,130289
87636,1,0,130290
87637,1,0,130291
87638,1,0,130292
87639,2,0,130294
87640,1,0,130295
87641,1,0,130296
87642,2,0,130298
87643,1,0,130299
87644,2,0,130301
87645,1,0,130302
87646,2,0,130304
87647,4,0,130308
87648,1,0,130309
87649,1,0,130310
87650,2,0,130312
87651,1,0,130313
87652,1,0,130314
87653,1,0,130315
87654,1,0,130316
87655,1,0,130317
87656,2,0,130319
87657,1,0,130320
87658,4,0,130324
87659,2,0,130326
87660,1,0,130327
87661,2,0,130329
87662,3,0,130332
87663,1,0,130333
87664,1,0,130334
87665,1,0,130335
87666,1,0,130336
87667,1,0,130337
87668,4,0,130341
87669,1,0,130342
87670,1,0,130343
87671,1,0,130344
87672,1,0,130345
87673,1,0,130346
87674,1,0,130347
87675,1,0,130348
87676,1,0,130349
87677,1,0,130350
87678,1,0,130351
87679,1,0,130352
87680,1,0,130353
87681,2,0,130355
87682,2,0,130357
87683,2,0,130359
87684,1,0,130360
87685,1,0,130361
87686,2,0,130363
87687,1,0,130364
87688,2,0,130366
87689,2,0,130368
87690,1,0,130369
87691,2,0,130371
87692,2,0,130373
87693,1,0,130374
87694,1,0,130375
87695,2,0,130377
87696,3,0,130380
87697,1,0,130381
87698,1,0,130382
87699,2,0,130384
87700,1,0,130385
87701,1,0,130386
87702,3,0,130389
87703,1,0,130390
87704,1,0,130391
87705,1,0,130392
87706,1,0,130393
87707,2,0,130395
87708,1,0,130396
87709,1,0,130397
87710,1,0,130398
87711,1,0,130399
87712,2,0,130401
87713,1,0,130402
87714,3,0,130405
87715,1,0,130406
87716,1,0,130407
87717,1,0,130408
87718,1,0,130409
87719,1,0,130410
87720,2,0,130412
87721,3,0,130415
87722,1,0,130416
87723,1,0,130417
87724,1,0,130418
87725,1,0,130419
87726,1,0,130420
87727,1,0,130421
87728,2,0,130423
87729,2,0,130425
87730,2,0,130427
87731,3,0,130430
87732,1,0,130431
87733,1,0,130432
87734,1,0,130433
87735,1,0,130434
87736,1,0,130435
87737,1,0,130436
87738,2,0,130438
87739,2,0,130440
87740,1,0,130441
87741,3,0,130444
87742,2,0,130446
87743,2,0,130448
87744,2,0,130450
87745,1,0,130451
87746,1,0,130452
87747,1,0,130453
87748,2,0,130455
87749,2,0,130457
87750,2,0,130459
87751,1,0,130460
87752,1,0,130461
87753,1,0,130462
87754,1,0,130463
87755,1,0,130464
87756,1,0,130465
87757,1,0,130466
87758,1,0,130467
87759,2,0,130469
87760,1,0,130470
87761,1,0,130471
87762,1,0,130472
87763,4,0,130476
87764,1,0,130477
87765,1,0,130478
87766,2,0,130480
87767,1,0,130481
87768,3,0,130484
87769,1,0,130485
87770,1,0,130486
87771,1,0,130487
87772,2,0,130489
87773,1,0,130490
87774,2,0,130492
87775,1,0,130493
87776,1,0,130494
87777,2,0,130496
87778,1,0,130497
87779,3,0,130500
87780,3,0,130503
87781,1,0,130504
87782,1,0,130505
87783,1,0,130506
87784,1,0,130507
87785,1,0,130508
87786,1,0,130509
87787,2,0,130511
87788,2,0,130513
87789,1,0,130514
87790,4,0,130518
87791,1,0,130519
87792,3,0,130522
87793,2,0,130524
87794,1,0,130525
87795,1,0,130526
87796,2,0,130528
87797,2,0,130530
87798,1,0,130531
87799,1,0,130532
87800,2,0,130534
87801,1,0,130535
87802,3,0,130538
87803,1,0,130539
87804,5,0,130544
87805,1,0,130545
87806,2,0,130547
87807,1,0,130548
87808,2,0,130550
87809,1,0,130551
87810,1,0,130552
87811,1,0,130553
87812,1,0,130554
87813,2,0,130556
87814,4,0,130560
87815,1,0,130561
87816,1,0,130562
87817,1,0,130563
87818,1,0,130564
87819,1,0,130565
87820,1,0,130566
87821,2,0,130568
87822,1,0,130569
87823,2,0,130571
87824,1,0,130572
87825,1,0,130573
87826,5,0,130578
87827,3,0,130581
87828,1,0,130582
87829,1,0,130583
87830,1,0,130584
87831,1,0,130585
87832,1,0,130586
87833,1,0,130587
87834,1,0,130588
87835,3,0,130591
87836,3,0,130594
87837,2,0,130596
87838,1,0,130597
87839,2,0,130599
87840,4,0,130603
87841,1,0,130604
87842,1,0,130605
87843,1,0,130606
87844,3,0,130609
87845,1,0,130610
87846,1,0,130611
87847,2,0,130613
87848,1,0,130614
87849,1,0,130615
87850,1,0,130616
87851,1,0,130617
87852,1,0,130618
87853,1,0,130619
87854,1,0,130620
87855,1,0,130621
87856,1,0,130622
87857,2,0,130624
87858,1,0,130625
87859,1,0,130626
87860,1,0,130627
87861,2,0,130629
87862,2,0,130631
87863,1,0,130632
87864,3,0,130635
87865,1,0,130636
87866,1,0,130637
87867,1,0,130638
87868,1,0,130639
87869,2,0,130641
87870,3,0,130644
87871,1,0,130645
87872,1,0,130646
87873,1,0,130647
87874,1,0,130648
87875,2,0,130650
87876,1,0,130651
87877,1,0,130652
87878,1,0,130653
87879,1,0,130654
87880,4,0,130658
87881,3,0,130661
87882,1,0,130662
87883,4,0,130666
87884,1,0,130667
87885,2,0,130669
87886,1,0,130670
87887,1,0,130671
87888,1,0,130672
87889,1,0,130673
87890,2,0,130675
87891,1,0,130676
87892,1,0,130677
87893,1,0,130678
87894,1,0,130679
87895,3,0,130682
87896,1,0,130683
87897,2,0,130685
87898,1,0,130686
87899,1,0,130687
87900,1,0,130688
87901,1,0,130689
87902,1,0,130690
87903,5,0,130695
87904,1,0,130696
87905,1,0,130697
87906,1,0,130698
87907,1,0,130699
87908,3,0,130702
87909,1,0,130703
87910,1,0,130704
87911,3,0,130707
87912,1,0,130708
87913,1,0,130709
87914,1,0,130710
87915,3,0,130713
87916,1,0,130714
87917,1,0,130715
87918,2,0,130717
87919,2,0,130719
87920,1,0,130720
87921,6,0,130726
87922,4,0,130730
87923,1,0,130731
87924,2,0,130733
87925,2,0,130735
87926,5,0,130740
87927,1,0,130741
87928,2,0,130743
87929,5,0,130748
87930,1,0,130749
87931,1,0,130750
87932,1,0,130751
87933,1,0,130752
87934,1,0,130753
87935,2,0,130755
87936,1,0,130756
87937,4,0,130760
87938,2,0,130762
87939,2,0,130764
87940,1,0,130765
87941,2,0,130767
87942,1,0,130768
87943,1,0,130769
87944,1,0,130770
87945,1,0,130771
87946,1,0,130772
87947,1,0,130773
87948,1,0,130774
87949,1,0,130775
87950,2,0,130777
87951,1,0,130778
87952,1,0,130779
87953,1,0,130780
87954,1,0,130781
87955,3,0,130784
87956,1,0,130785
87957,2,0,130787
87958,1,0,130788
87959,1,0,130789
87960,1,0,130790
87961,1,0,130791
87962,1,0,130792
87963,2,0,130794
87964,3,0,130797
87965,1,0,130798
87966,1,0,130799
87967,1,0,130800
87968,1,0,130801
87969,2,0,130803
87970,1,0,130804
87971,3,0,130807
87972,2,0,130809
87973,1,0,130810
87974,1,0,130811
87975,2,0,130813
87976,2,0,130815
87977,1,0,130816
87978,1,0,130817
87979,2,0,130819
87980,1,0,130820
87981,1,0,130821
87982,1,0,130822
87983,3,0,130825
87984,2,0,130827
87985,1,0,130828
87986,1,0,130829
87987,1,0,130830
87988,2,0,130832
87989,1,0,130833
87990,2,0,130835
87991,2,0,130837
87992,1,0,130838
87993,2,0,130840
87994,1,0,130841
87995,5,0,130846
87996,2,0,130848
87997,1,0,130849
87998,1,0,130850
87999,3,0,130853
88000,1,0,130854
88001,2,0,130856
88002,1,0,130857
88003,1,0,130858
88004,3,0,130861
88005,1,0,130862
88006,1,0,130863
88007,4,0,130867
88008,3,0,130870
88009,2,0,130872
88010,2,0,130874
88011,1,0,130875
88012,2,0,130877
88013,3,0,130880
88014,2,0,130882
88015,1,0,130883
88016,1,0,130884
88017,4,0,130888
88018,1,0,130889
88019,1,0,130890
88020,1,0,130891
88021,1,0,130892
88022,1,0,130893
88023,1,0,130894
88024,1,0,130895
88025,1,0,130896
88026,1,0,130897
88027,4,0,130901
88028,1,0,130902
88029,3,0,130905
88030,3,0,130908
88031,1,0,130909
88032,1,0,130910
88033,1,0,130911
88034,1,0,130912
88035,3,0,130915
88036,2,0,130917
88037,2,0,130919
88038,1,0,130920
88039,1,0,130921
88040,1,0,130922
88041,1,0,130923
88042,2,0,130925
88043,2,0,130927
88044,2,0,130929
88045,1,0,130930
88046,1,0,130931
88047,1,0,130932
88048,1,0,130933
88049,1,0,130934
88050,5,0,130939
88051,2,0,130941
88052,1,0,130942
88053,1,0,130943
88054,1,0,130944
88055,1,0,130945
88056,1,0,130946
88057,1,0,130947
88058,2,0,130949
88059,2,0,130951
88060,1,0,130952
88061,1,0,130953
88062,3,0,130956
88063,2,0,130958
88064,1,0,130959
88065,1,0,130960
88066,2,0,130962
88067,1,0,130963
88068,1,0,130964
88069,1,0,130965
88070,4,0,130969
88071,1,0,130970
88072,2,0,130972
88073,3,0,130975
88074,4,0,130979
88075,1,0,130980
88076,4,0,130984
88077,1,0,130985
88078,2,0,130987
88079,1,0,130988
88080,1,0,130989
88081,2,0,130991
88082,2,0,130993
88083,4,0,130997
88084,1,0,130998
88085,1,0,130999
88086,1,0,131000
88087,2,0,131002
88088,5,0,131007
88089,1,0,131008
88090,2,0,131010
88091,1,0,131011
88092,2,0,131013
88093,1,0,131014
88094,1,0,131015
88095,1,0,131016
88096,1,0,131017
88097,1,0,131018
88098,1,0,131019
88099,1,0,131020
88100,1,0,131021
88101,1,0,131022
88102,1,0,131023
88103,1,0,131024
88104,1,0,131025
88105,1,0,131026
88106,1,0,131027
88107,2,0,131029
88108,1,0,131030
88109,1,0,131031
88110,1,0,131032
88111,1,0,131033
88112,1,0,131034
88113,2,0,131036
88114,1,0,131037
88115,3,0,131040
88116,1,0,131041
88117,1,0,131042
88118,1,0,131043
88119,3,0,131046
88120,1,0,131047
88121,1,0,131048
88122,1,0,131049
88123,6,0,131055
88124,2,0,131057
88125,2,0,131059
88126,1,0,131060
88127,1,0,131061
88128,1,0,131062
88129,2,0,131064
88130,3,0,131067
88131,1,0,131068
88132,1,0,131069
88133,2,0,131071
88134,2,0,131073
88135,1,0,131074
88136,2,0,131076
88137,2,0,131078
88138,1,0,131079
88139,1,0,131080
88140,2,0,131082
88141,1,0,131083
88142,1,0,131084
88143,2,0,131086
88144,2,0,131088
88145,2,0,131090
88146,1,0,131091
88147,1,0,131092
88148,1,0,131093
88149,1,0,131094
88150,1,0,131095
88151,1,0,131096
88152,1,0,131097
88153,2,0,131099
88154,2,0,131101
88155,1,0,131102
88156,1,0,131103
88157,1,0,131104
88158,1,0,131105
88159,3,0,131108
88160,1,0,131109
88161,1,0,131110
88162,1,0,131111
88163,1,0,131112
88164,1,0,131113
88165,1,0,131114
88166,1,0,131115
88167,1,0,131116
88168,1,0,131117
88169,1,0,131118
88170,1,0,131119
88171,2,0,131121
88172,2,0,131123
88173,1,0,131124
88174,1,0,131125
88175,2,0,131127
88176,1,0,131128
88177,2,0,131130
88178,1,0,131131
88179,1,0,131132
88180,1,0,131133
88181,1,0,131134
88182,1,0,131135
88183,2,0,131137
88184,2,0,131139
88185,2,0,131141
88186,1,0,131142
88187,1,0,131143
88188,5,0,131148
88189,1,0,131149
88190,1,0,131150
88191,1,0,131151
88192,1,0,131152
88193,1,0,131153
88194,1,0,131154
88195,1,0,131155
88196,2,0,131157
88197,1,0,131158
88198,1,0,131159
88199,1,0,131160
88200,1,0,131161
88201,2,0,131163
88202,1,0,131164
88203,3,0,131167
88204,1,0,131168
88205,1,0,131169
88206,2,0,131171
88207,2,0,131173
88208,1,0,131174
88209,4,0,131178
88210,1,0,131179
88211,1,0,131180
88212,1,0,131181
88213,1,0,131182
88214,2,0,131184
88215,2,0,131186
88216,1,0,131187
88217,1,0,131188
88218,1,0,131189
88219,1,0,131190
88220,1,0,131191
88221,5,0,131196
88222,1,0,131197
88223,5,0,131202
88224,2,0,131204
88225,2,0,131206
88226,1,0,131207
88227,1,0,131208
88228,2,0,131210
88229,2,0,131212
88230,3,0,131215
88231,5,0,131220
88232,1,0,131221
88233,1,0,131222
88234,3,0,131225
88235,4,0,131229
88236,1,0,131230
88237,1,0,131231
88238,1,0,131232
88239,1,0,131233
88240,1,0,131234
88241,3,0,131237
88242,3,0,131240
88243,1,0,131241
88244,1,0,131242
88245,2,0,131244
88246,1,0,131245
88247,1,0,131246
88248,2,0,131248
88249,1,0,131249
88250,1,0,131250
88251,2,0,131252
88252,1,0,131253
88253,1,0,131254
88254,1,0,131255
88255,1,0,131256
88256,1,0,131257
88257,1,0,131258
88258,2,0,131260
88259,1,0,131261
88260,2,0,131263
88261,1,0,131264
88262,1,0,131265
88263,1,0,131266
88264,1,0,131267
88265,1,0,131268
88266,1,0,131269
88267,1,0,131270
88268,1,0,131271
88269,1,0,131272
88270,1,0,131273
88271,1,0,131274
88272,1,0,131275
88273,1,0,131276
88274,1,0,131277
88275,2,0,131279
88276,1,0,131280
88277,1,0,131281
88278,1,0,131282
88279,1,0,131283
88280,1,0,131284
88281,1,0,131285
88282,1,0,131286
88283,2,0,131288
88284,1,0,131289
88285,2,0,131291
88286,1,0,131292
88287,1,0,131293
88288,1,0,131294
88289,2,0,131296
88290,1,0,131297
88291,2,0,131299
88292,1,0,131300
88293,2,0,131302
88294,1,0,131303
88295,1,0,131304
88296,3,0,131307
88297,2,0,131309
88298,2,0,131311
88299,1,0,131312
88300,1,0,131313
88301,1,0,131314
88302,1,0,131315
88303,1,0,131316
88304,3,0,131319
88305,1,0,131320
88306,1,0,131321
88307,2,0,131323
88308,1,0,131324
88309,2,0,131326
88310,4,0,131330
88311,1,0,131331
88312,1,0,131332
88313,1,0,131333
88314,1,0,131334
88315,1,0,131335
88316,2,0,131337
88317,1,0,131338
88318,1,0,131339
88319,2,0,131341
88320,2,0,131343
88321,1,0,131344
88322,1,0,131345
88323,1,0,131346
88324,1,0,131347
88325,1,0,131348
88326,1,0,131349
88327,1,0,131350
88328,1,0,131351
88329,1,0,131352
88330,2,0,131354
88331,3,0,131357
88332,3,0,131360
88333,5,0,131365
88334,1,0,131366
88335,3,0,131369
88336,1,0,131370
88337,1,0,131371
88338,1,0,131372
88339,2,0,131374
88340,1,0,131375
88341,2,0,131377
88342,1,0,131378
88343,1,0,131379
88344,1,0,131380
88345,1,0,131381
88346,1,0,131382
88347,2,0,131384
88348,1,0,131385
88349,1,0,131386
88350,1,0,131387
88351,2,0,131389
88352,1,0,131390
88353,1,0,131391
88354,1,0,131392
88355,1,0,131393
88356,1,0,131394
88357,1,0,131395
88358,2,0,131397
88359,1,0,131398
88360,1,0,131399
88361,3,0,131402
88362,2,0,131404
88363,1,0,131405
88364,1,0,131406
88365,1,0,131407
88366,1,0,131408
88367,1,0,131409
88368,2,0,131411
88369,2,0,131413
88370,2,0,131415
88371,1,0,131416
88372,1,0,131417
88373,2,0,131419
88374,1,0,131420
88375,2,0,131422
88376,1,0,131423
88377,1,0,131424
88378,1,0,131425
88379,2,0,131427
88380,1,0,131428
88381,2,0,131430
88382,1,0,131431
88383,1,0,131432
88384,1,0,131433
88385,1,0,131434
88386,6,0,131440
88387,4,0,131444
88388,1,0,131445
88389,1,0,131446
88390,3,0,131449
88391,1,0,131450
88392,1,0,131451
88393,1,0,131452
88394,1,0,131453
88395,1,0,131454
88396,2,0,131456
88397,1,0,131457
88398,2,0,131459
88399,2,0,131461
88400,3,0,131464
88401,1,0,131465
88402,1,0,131466
88403,1,0,131467
88404,1,0,131468
88405,1,0,131469
88406,2,0,131471
88407,1,0,131472
88408,1,0,131473
88409,1,0,131474
88410,1,0,131475
88411,2,0,131477
88412,1,0,131478
88413,1,0,131479
88414,2,0,131481
88415,1,0,131482
88416,3,0,131485
88417,1,0,131486
88418,1,0,131487
88419,1,0,131488
88420,1,0,131489
88421,2,0,131491
88422,1,0,131492
88423,1,0,131493
88424,1,0,131494
88425,1,0,131495
88426,1,0,131496
88427,1,0,131497
88428,3,0,131500
88429,1,0,131501
88430,2,0,131503
88431,1,0,131504
88432,2,0,131506
88433,1,0,131507
88434,1,0,131508
88435,1,0,131509
88436,2,0,131511
88437,3,0,131514
88438,1,0,131515
88439,3,0,131518
88440,1,0,131519
88441,2,0,131521
88442,1,0,131522
88443,1,0,131523
88444,1,0,131524
88445,1,0,131525
88446,1,0,131526
88447,2,0,131528
88448,1,0,131529
88449,1,0,131530
88450,1,0,131531
88451,1,0,131532
88452,1,0,131533
88453,3,0,131536
88454,1,0,131537
88455,1,0,131538
88456,1,0,131539
88457,2,0,131541
88458,1,0,131542
88459,1,0,131543
88460,1,0,131544
88461,1,0,131545
88462,1,0,131546
88463,2,0,131548
88464,1,0,131549
88465,1,0,131550
88466,1,0,131551
88467,3,0,131554
88468,1,0,131555
88469,1,0,131556
88470,1,0,131557
88471,1,0,131558
88472,1,0,131559
88473,1,0,131560
88474,1,0,131561
88475,1,0,131562
88476,1,0,131563
88477,1,0,131564
88478,1,0,131565
88479,1,0,131566
88480,1,0,131567
88481,1,0,131568
88482,4,0,131572
88483,1,0,131573
88484,1,0,131574
88485,2,0,131576
88486,2,0,131578
88487,2,0,131580
88488,1,0,131581
88489,1,0,131582
88490,1,0,131583
88491,1,0,131584
88492,1,0,131585
88493,1,0,131586
88494,4,0,131590
88495,1,0,131591
88496,2,0,131593
88497,2,0,131595
88498,1,0,131596
88499,1,0,131597
88500,1,0,131598
88501,2,0,131600
88502,3,0,131603
88503,2,0,131605
88504,1,0,131606
88505,1,0,131607
88506,1,0,131608
88507,2,0,131610
88508,1,0,131611
88509,1,0,131612
88510,1,0,131613
88511,3,0,131616
88512,2,0,131618
88513,1,0,131619
88514,1,0,131620
88515,1,0,131621
88516,1,0,131622
88517,2,0,131624
88518,1,0,131625
88519,1,0,131626
88520,1,0,131627
88521,2,0,131629
88522,2,0,131631
88523,1,0,131632
88524,1,0,131633
88525,1,0,131634
88526,1,0,131635
88527,1,0,131636
88528,1,0,131637
88529,3,0,131640
88530,1,0,131641
88531,1,0,131642
88532,1,0,131643
88533,1,0,131644
88534,1,0,131645
88535,1,0,131646
88536,2,0,131648
88537,2,0,131650
88538,1,0,131651
88539,1,0,131652
88540,1,0,131653
88541,4,0,131657
88542,2,0,131659
88543,2,0,131661
88544,1,0,131662
88545,2,0,131664
88546,1,0,131665
88547,1,0,131666
88548,3,0,131669
88549,4,0,131673
88550,1,0,131674
88551,1,0,131675
88552,2,0,131677
88553,4,0,131681
88554,1,0,131682
88555,1,0,131683
88556,2,0,131685
88557,2,0,131687
88558,1,0,131688
88559,1,0,131689
88560,1,0,131690
88561,1,0,131691
88562,2,0,131693
88563,1,0,131694
88564,1,0,131695
88565,1,0,131696
88566,1,0,131697
88567,1,0,131698
88568,1,0,131699
88569,2,0,131701
88570,2,0,131703
88571,2,0,131705
88572,1,0,131706
88573,1,0,131707
88574,1,0,131708
88575,2,0,131710
88576,1,0,131711
88577,3,0,131714
88578,1,0,131715
88579,1,0,131716
88580,4,0,131720
88581,3,0,131723
88582,4,0,131727
88583,1,0,131728
88584,1,0,131729
88585,1,0,131730
88586,1,0,131731
88587,1,0,131732
88588,2,0,131734
88589,2,0,131736
88590,2,0,131738
88591,1,0,131739
88592,3,0,131742
88593,1,0,131743
88594,1,0,131744
88595,1,0,131745
88596,1,0,131746
88597,1,0,131747
88598,2,0,131749
88599,2,0,131751
88600,2,0,131753
88601,1,0,131754
88602,1,0,131755
88603,1,0,131756
88604,1,0,131757
88605,2,0,131759
88606,1,0,131760
88607,1,0,131761
88608,1,0,131762
88609,1,0,131763
88610,2,0,131765
88611,3,0,131768
88612,1,0,131769
88613,1,0,131770
88614,1,0,131771
88615,1,0,131772
88616,3,0,131775
88617,1,0,131776
88618,1,0,131777
88619,3,0,131780
88620,1,0,131781
88621,1,0,131782
88622,1,0,131783
88623,1,0,131784
88624,1,0,131785
88625,1,0,131786
88626,2,0,131788
88627,1,0,131789
88628,1,0,131790
88629,1,0,131791
88630,3,0,131794
88631,2,0,131796
88632,1,0,131797
88633,2,0,131799
88634,1,0,131800
88635,1,0,131801
88636,5,0,131806
88637,1,0,131807
88638,1,0,131808
88639,1,0,131809
88640,2,0,131811
88641,2,0,131813
88642,1,0,131814
88643,1,0,131815
88644,2,0,131817
88645,1,0,131818
88646,1,0,131819
88647,1,0,131820
88648,1,0,131821
88649,1,0,131822
88650,1,0,131823
88651,3,0,131826
88652,1,0,131827
88653,1,0,131828
88654,1,0,131829
88655,1,0,131830
88656,2,0,131832
88657,2,0,131834
88658,1,0,131835
88659,1,0,131836
88660,2,0,131838
88661,2,0,131840
88662,2,0,131842
88663,1,0,131843
88664,1,0,131844
88665,2,0,131846
88666,2,0,131848
88667,1,0,131849
88668,2,0,131851
88669,2,0,131853
88670,1,0,131854
88671,1,0,131855
88672,2,0,131857
88673,3,0,131860
88674,1,0,131861
88675,1,0,131862
88676,2,0,131864
88677,2,0,131866
88678,2,0,131868
88679,2,0,131870
88680,1,0,131871
88681,1,0,131872
88682,1,0,131873
88683,2,0,131875
88684,1,0,131876
88685,1,0,131877
88686,1,0,131878
88687,1,0,131879
88688,1,0,131880
88689,1,0,131881
88690,2,0,131883
88691,1,0,131884
88692,1,0,131885
88693,2,0,131887
88694,3,0,131890
88695,2,0,131892
88696,1,0,131893
88697,2,0,131895
88698,2,0,131897
88699,1,0,131898
88700,2,0,131900
88701,1,0,131901
88702,2,0,131903
88703,1,0,131904
88704,1,0,131905
88705,1,0,131906
88706,1,0,131907
88707,1,0,131908
88708,4,0,131912
88709,1,0,131913
88710,1,0,131914
88711,1,0,131915
88712,1,0,131916
88713,1,0,131917
88714,2,0,131919
88715,1,0,131920
88716,1,0,131921
88717,1,0,131922
88718,1,0,131923
88719,2,0,131925
88720,2,0,131927
88721,3,0,131930
88722,1,0,131931
88723,2,0,131933
88724,1,0,131934
88725,1,0,131935
88726,1,0,131936
88727,1,0,131937
88728,1,0,131938
88729,2,0,131940
88730,1,0,131941
88731,1,0,131942
88732,1,0,131943
88733,2,0,131945
88734,1,0,131946
88735,1,0,131947
88736,1,0,131948
88737,3,0,131951
88738,2,0,131953
88739,1,0,131954
88740,2,0,131956
88741,3,0,131959
88742,1,0,131960
88743,1,0,131961
88744,1,0,131962
88745,2,0,131964
88746,4,0,131968
88747,2,0,131970
88748,1,0,131971
88749,2,0,131973
88750,1,0,131974
88751,1,0,131975
88752,1,0,131976
88753,1,0,131977
88754,1,0,131978
88755,1,0,131979
88756,2,0,131981
88757,1,0,131982
88758,2,0,131984
88759,1,0,131985
88760,1,0,131986
88761,2,0,131988
88762,3,0,131991
88763,2,0,131993
88764,2,0,131995
88765,2,0,131997
88766,1,0,131998
88767,3,0,132001
88768,1,0,132002
88769,1,0,132003
88770,2,0,132005
88771,1,0,132006
88772,1,0,132007
88773,2,0,132009
88774,1,0,132010
88775,3,0,132013
88776,1,0,132014
88777,1,0,132015
88778,1,0,132016
88779,1,0,132017
88780,1,0,132018
88781,1,0,132019
88782,1,0,132020
88783,1,0,132021
88784,1,0,132022
88785,1,0,132023
88786,1,0,132024
88787,1,0,132025
88788,1,0,132026
88789,1,0,132027
88790,1,0,132028
88791,1,0,132029
88792,1,0,132030
88793,1,0,132031
88794,1,0,132032
88795,1,0,132033
88796,1,0,132034
88797,3,0,132037
88798,1,0,132038
88799,1,0,132039
88800,3,0,132042
88801,1,0,132043
88802,1,0,132044
88803,1,0,132045
88804,2,0,132047
88805,3,0,132050
88806,1,0,132051
88807,1,0,132052
88808,2,0,132054
88809,1,0,132055
88810,1,0,132056
88811,1,0,132057
88812,5,0,132062
88813,3,0,132065
88814,3,0,132068
88815,2,0,132070
88816,1,0,132071
88817,1,0,132072
88818,1,0,132073
88819,1,0,132074
88820,1,0,132075
88821,1,0,132076
88822,2,0,132078
88823,1,0,132079
88824,3,0,132082
88825,1,0,132083
88826,1,0,132084
88827,2,0,132086
88828,2,0,132088
88829,1,0,132089
88830,3,0,132092
88831,2,0,132094
88832,4,0,132098
88833,1,0,132099
88834,2,0,132101
88835,1,0,132102
88836,1,0,132103
88837,1,0,132104
88838,1,0,132105
88839,2,0,132107
88840,1,0,132108
88841,2,0,132110
88842,1,0,132111
88843,1,0,132112
88844,1,0,132113
88845,2,0,132115
88846,2,0,132117
88847,2,0,132119
88848,4,0,132123
88849,1,0,132124
88850,1,0,132125
88851,1,0,132126
88852,3,0,132129
88853,4,0,132133
88854,1,0,132134
88855,1,0,132135
88856,1,0,132136
88857,1,0,132137
88858,1,0,132138
88859,1,0,132139
88860,1,0,132140
88861,1,0,132141
88862,1,0,132142
88863,1,0,132143
88864,2,0,132145
88865,1,0,132146
88866,2,0,132148
88867,1,0,132149
88868,1,0,132150
88869,4,0,132154
88870,4,0,132158
88871,1,0,132159
88872,1,0,132160
88873,1,0,132161
88874,1,0,132162
88875,1,0,132163
88876,1,0,132164
88877,2,0,132166
88878,2,0,132168
88879,3,0,132171
88880,1,0,132172
88881,1,0,132173
88882,3,0,132176
88883,1,0,132177
88884,1,0,132178
88885,1,0,132179
88886,1,0,132180
88887,1,0,132181
88888,1,0,132182
88889,2,0,132184
88890,1,0,132185
88891,1,0,132186
88892,1,0,132187
88893,1,0,132188
88894,1,0,132189
88895,1,0,132190
88896,1,0,132191
88897,1,0,132192
88898,3,0,132195
88899,1,0,132196
88900,3,0,132199
88901,1,0,132200
88902,3,0,132203
88903,1,0,132204
88904,1,0,132205
88905,2,0,132207
88906,1,0,132208
88907,2,0,132210
88908,1,0,132211
88909,1,0,132212
88910,1,0,132213
88911,1,0,132214
88912,1,0,132215
88913,4,0,132219
88914,1,0,132220
88915,4,0,132224
88916,1,0,132225
88917,1,0,132226
88918,1,0,132227
88919,1,0,132228
88920,1,0,132229
88921,1,0,132230
88922,1,0,132231
88923,1,0,132232
88924,1,0,132233
88925,2,0,132235
88926,2,0,132237
88927,1,0,132238
88928,1,0,132239
88929,2,0,132241
88930,3,0,132244
88931,2,0,132246
88932,2,0,132248
88933,1,0,132249
88934,2,0,132251
88935,1,0,132252
88936,1,0,132253
88937,2,0,132255
88938,3,0,132258
88939,1,0,132259
88940,1,0,132260
88941,1,0,132261
88942,3,0,132264
88943,1,0,132265
88944,1,0,132266
88945,1,0,132267
88946,1,0,132268
88947,1,0,132269
88948,1,0,132270
88949,2,0,132272
88950,2,0,132274
88951,3,0,132277
88952,1,0,132278
88953,1,0,132279
88954,1,0,132280
88955,1,0,132281
88956,1,0,132282
88957,1,0,132283
88958,1,0,132284
88959,1,0,132285
88960,1,0,132286
88961,1,0,132287
88962,2,0,132289
88963,1,0,132290
88964,1,0,132291
88965,1,0,132292
88966,1,0,132293
88967,1,0,132294
88968,3,0,132297
88969,3,0,132300
88970,2,0,132302
88971,1,0,132303
88972,1,0,132304
88973,1,0,132305
88974,1,0,132306
88975,1,0,132307
88976,1,0,132308
88977,1,0,132309
88978,1,0,132310
88979,1,0,132311
88980,1,0,132312
88981,2,0,132314
88982,1,0,132315
88983,2,0,132317
88984,1,0,132318
88985,1,0,132319
88986,1,0,132320
88987,1,0,132321
88988,1,0,132322
88989,1,0,132323
88990,2,0,132325
88991,1,0,132326
88992,2,0,132328
88993,2,0,132330
88994,2,0,132332
88995,1,0,132333
88996,3,0,132336
88997,1,0,132337
88998,2,0,132339
88999,2,0,132341
89000,1,0,132342
89001,2,0,132344
89002,1,0,132345
89003,1,0,132346
89004,1,0,132347
89005,1,0,132348
89006,1,0,132349
89007,1,0,132350
89008,3,0,132353
89009,3,0,132356
89010,4,0,132360
89011,1,0,132361
89012,1,0,132362
89013,3,0,132365
89014,1,0,132366
89015,2,0,132368
89016,2,0,132370
89017,1,0,132371
89018,1,0,132372
89019,1,0,132373
89020,1,0,132374
89021,2,0,132376
89022,1,0,132377
89023,1,0,132378
89024,3,0,132381
89025,1,0,132382
89026,1,0,132383
89027,4,0,132387
89028,1,0,132388
89029,1,0,132389
89030,2,0,132391
89031,1,0,132392
89032,1,0,132393
89033,1,0,132394
89034,1,0,132395
89035,1,0,132396
89036,1,0,132397
89037,2,0,132399
89038,1,0,132400
89039,5,0,132405
89040,3,0,132408
89041,1,0,132409
89042,1,0,132410
89043,2,0,132412
89044,1,0,132413
89045,1,0,132414
89046,3,0,132417
89047,1,0,132418
89048,1,0,132419
89049,1,0,132420
89050,2,0,132422
89051,3,0,132425
89052,1,0,132426
89053,3,0,132429
89054,2,0,132431
89055,1,0,132432
89056,1,0,132433
89057,1,0,132434
89058,3,0,132437
89059,3,0,132440
89060,1,0,132441
89061,3,0,132444
89062,1,0,132445
89063,2,0,132447
89064,2,0,132449
89065,2,0,132451
89066,1,0,132452
89067,2,0,132454
89068,1,0,132455
89069,1,0,132456
89070,2,0,132458
89071,1,0,132459
89072,1,0,132460
89073,2,0,132462
89074,3,0,132465
89075,2,0,132467
89076,2,0,132469
89077,2,0,132471
89078,3,0,132474
89079,1,0,132475
89080,1,0,132476
89081,1,0,132477
89082,1,0,132478
89083,2,0,132480
89084,2,0,132482
89085,1,0,132483
89086,1,0,132484
89087,3,0,132487
89088,1,0,132488
89089,2,0,132490
89090,3,0,132493
89091,1,0,132494
89092,2,0,132496
89093,1,0,132497
89094,1,0,132498
89095,3,0,132501
89096,4,0,132505
89097,1,0,132506
89098,2,0,132508
89099,1,0,132509
89100,1,0,132510
89101,2,0,132512
89102,2,0,132514
89103,1,0,132515
89104,1,0,132516
89105,1,0,132517
89106,2,0,132519
89107,1,0,132520
89108,1,0,132521
89109,1,0,132522
89110,1,0,132523
89111,1,0,132524
89112,1,0,132525
89113,1,0,132526
89114,1,0,132527
89115,1,0,132528
89116,1,0,132529
89117,2,0,132531
89118,1,0,132532
89119,1,0,132533
89120,1,0,132534
89121,2,0,132536
89122,1,0,132537
89123,1,0,132538
89124,2,0,132540
89125,2,0,132542
89126,1,0,132543
89127,2,0,132545
89128,1,0,132546
89129,1,0,132547
89130,1,0,132548
89131,1,0,132549
89132,2,0,132551
89133,1,0,132552
89134,1,0,132553
89135,1,0,132554
89136,1,0,132555
89137,1,0,132556
89138,1,0,132557
89139,1,0,132558
89140,1,0,132559
89141,1,0,132560
89142,2,0,132562
89143,4,0,132566
89144,1,0,132567
89145,2,0,132569
89146,2,0,132571
89147,1,0,132572
89148,1,0,132573
89149,3,0,132576
89150,2,0,132578
89151,1,0,132579
89152,1,0,132580
89153,2,0,132582
89154,1,0,132583
89155,1,0,132584
89156,1,0,132585
89157,1,0,132586
89158,2,0,132588
89159,2,0,132590
89160,1,0,132591
89161,1,0,132592
89162,1,0,132593
89163,1,0,132594
89164,1,0,132595
89165,4,0,132599
89166,1,0,132600
89167,1,0,132601
89168,1,0,132602
89169,1,0,132603
89170,1,0,132604
89171,2,0,132606
89172,1,0,132607
89173,1,0,132608
89174,2,0,132610
89175,1,0,132611
89176,2,0,132613
89177,1,0,132614
89178,2,0,132616
89179,1,0,132617
89180,2,0,132619
89181,1,0,132620
89182,1,0,132621
89183,1,0,132622
89184,2,0,132624
89185,4,0,132628
89186,1,0,132629
89187,4,0,132633
89188,1,0,132634
89189,1,0,132635
89190,1,0,132636
89191,1,0,132637
89192,1,0,132638
89193,2,0,132640
89194,1,0,132641
89195,1,0,132642
89196,2,0,132644
89197,3,0,132647
89198,2,0,132649
89199,2,0,132651
89200,1,0,132652
89201,1,0,132653
89202,1,0,132654
89203,3,0,132657
89204,1,0,132658
89205,1,0,132659
89206,1,0,132660
89207,1,0,132661
89208,1,0,132662
89209,1,0,132663
89210,2,0,132665
89211,1,0,132666
89212,1,0,132667
89213,2,0,132669
89214,1,0,132670
89215,1,0,132671
89216,1,0,132672
89217,3,0,132675
89218,1,0,132676
89219,1,0,132677
89220,1,0,132678
89221,2,0,132680
89222,2,0,132682
89223,1,0,132683
89224,1,0,132684
89225,2,0,132686
89226,1,0,132687
89227,1,0,132688
89228,2,0,132690
89229,1,0,132691
89230,1,0,132692
89231,1,0,132693
89232,1,0,132694
89233,4,0,132698
89234,1,0,132699
89235,1,0,132700
89236,1,0,132701
89237,1,0,132702
89238,3,0,132705
89239,1,0,132706
89240,1,0,132707
89241,1,0,132708
89242,3,0,132711
89243,1,0,132712
89244,1,0,132713
89245,1,0,132714
89246,1,0,132715
89247,1,0,132716
89248,1,0,132717
89249,2,0,132719
89250,1,0,132720
89251,1,0,132721
89252,1,0,132722
89253,1,0,132723
89254,1,0,132724
89255,1,0,132725
89256,1,0,132726
89257,2,0,132728
89258,1,0,132729
89259,1,0,132730
89260,1,0,132731
89261,1,0,132732
89262,2,0,132734
89263,1,0,132735
89264,1,0,132736
89265,2,0,132738
89266,1,0,132739
89267,1,0,132740
89268,2,0,132742
89269,1,0,132743
89270,3,0,132746
89271,1,0,132747
89272,2,0,132749
89273,1,0,132750
89274,1,0,132751
89275,2,0,132753
89276,2,0,132755
89277,2,0,132757
89278,1,0,132758
89279,1,0,132759
89280,1,0,132760
89281,1,0,132761
89282,1,0,132762
89283,1,0,132763
89284,1,0,132764
89285,1,0,132765
89286,1,0,132766
89287,3,0,132769
89288,1,0,132770
89289,1,0,132771
89290,4,0,132775
89291,2,0,132777
89292,2,0,132779
89293,3,0,132782
89294,1,0,132783
89295,5,0,132788
89296,4,0,132792
89297,1,0,132793
89298,1,0,132794
89299,1,0,132795
89300,1,0,132796
89301,3,0,132799
89302,1,0,132800
89303,2,0,132802
89304,1,0,132803
89305,2,0,132805
89306,1,0,132806
89307,1,0,132807
89308,1,0,132808
89309,4,0,132812
89310,2,0,132814
89311,1,0,132815
89312,1,0,132816
89313,1,0,132817
89314,1,0,132818
89315,1,0,132819
89316,2,0,132821
89317,2,0,132823
89318,2,0,132825
89319,1,0,132826
89320,3,0,132829
89321,1,0,132830
89322,1,0,132831
89323,3,0,132834
89324,3,0,132837
89325,1,0,132838
89326,1,0,132839
89327,1,0,132840
89328,1,0,132841
89329,1,0,132842
89330,1,0,132843
89331,1,0,132844
89332,1,0,132845
89333,1,0,132846
89334,1,0,132847
89335,1,0,132848
89336,1,0,132849
89337,1,0,132850
89338,1,0,132851
89339,1,0,132852
89340,1,0,132853
89341,2,0,132855
89342,1,0,132856
89343,1,0,132857
89344,1,0,132858
89345,1,0,132859
89346,1,0,132860
89347,2,0,132862
89348,1,0,132863
89349,2,0,132865
89350,3,0,132868
89351,1,0,132869
89352,1,0,132870
89353,1,0,132871
89354,1,0,132872
89355,1,0,132873
89356,1,0,132874
89357,1,0,132875
89358,1,0,132876
89359,2,0,132878
89360,1,0,132879
89361,1,0,132880
89362,1,0,132881
89363,1,0,132882
89364,2,0,132884
89365,1,0,132885
89366,2,0,132887
89367,1,0,132888
89368,2,0,132890
89369,2,0,132892
89370,1,0,132893
89371,1,0,132894
89372,1,0,132895
89373,4,0,132899
89374,1,0,132900
89375,1,0,132901
89376,1,0,132902
89377,1,0,132903
89378,1,0,132904
89379,1,0,132905
89380,1,0,132906
89381,1,0,132907
89382,1,0,132908
89383,1,0,132909
89384,2,0,132911
89385,1,0,132912
89386,1,0,132913
89387,1,0,132914
89388,3,0,132917
89389,1,0,132918
89390,1,0,132919
89391,1,0,132920
89392,4,0,132924
89393,1,0,132925
89394,1,0,132926
89395,2,0,132928
89396,2,0,132930
89397,1,0,132931
89398,1,0,132932
89399,1,0,132933
89400,1,0,132934
89401,1,0,132935
89402,1,0,132936
89403,1,0,132937
89404,4,0,132941
89405,1,0,132942
89406,1,0,132943
89407,1,0,132944
89408,1,0,132945
89409,2,0,132947
89410,1,0,132948
89411,1,0,132949
89412,1,0,132950
89413,1,0,132951
89414,1,0,132952
89415,1,0,132953
89416,1,0,132954
89417,1,0,132955
89418,1,0,132956
89419,1,0,132957
89420,1,0,132958
89421,1,0,132959
89422,1,0,132960
89423,1,0,132961
89424,1,0,132962
89425,3,0,132965
89426,1,0,132966
89427,1,0,132967
89428,1,0,132968
89429,1,0,132969
89430,1,0,132970
89431,1,0,132971
89432,1,0,132972
89433,1,0,132973
89434,1,0,132974
89435,1,0,132975
89436,1,0,132976
89437,1,0,132977
89438,2,0,132979
89439,1,0,132980
89440,1,0,132981
89441,1,0,132982
89442,1,0,132983
89443,1,0,132984
89444,1,0,132985
89445,1,0,132986
89446,1,0,132987
89447,1,0,132988
89448,1,0,132989
89449,1,0,132990
89450,1,0,132991
89451,1,0,132992
89452,1,0,132993
89453,1,0,132994
89454,2,0,132996
89455,3,0,132999
89456,1,0,133000
89457,5,0,133005
89458,3,0,133008
89459,1,0,133009
89460,1,0,133010
89461,1,0,133011
89462,2,0,133013
89463,1,0,133014
89464,1,0,133015
89465,1,0,133016
89466,1,0,133017
89467,1,0,133018
89468,2,0,133020
89469,1,0,133021
89470,2,0,133023
89471,3,0,133026
89472,1,0,133027
89473,1,0,133028
89474,2,0,133030
89475,1,0,133031
89476,1,0,133032
89477,3,0,133035
89478,1,0,133036
89479,1,0,133037
89480,1,0,133038
89481,1,0,133039
89482,5,0,133044
89483,2,0,133046
89484,1,0,133047
89485,1,0,133048
89486,2,0,133050
89487,1,0,133051
89488,4,0,133055
89489,2,0,133057
89490,3,0,133060
89491,1,0,133061
89492,2,0,133063
89493,1,0,133064
89494,1,0,133065
89495,1,0,133066
89496,1,0,133067
89497,1,0,133068
89498,1,0,133069
89499,3,0,133072
89500,1,0,133073
89501,1,0,133074
89502,1,0,133075
89503,1,0,133076
89504,1,0,133077
89505,1,0,133078
89506,1,0,133079
89507,1,0,133080
89508,1,0,133081
89509,1,0,133082
89510,1,0,133083
89511,1,0,133084
89512,1,0,133085
89513,1,0,133086
89514,1,0,133087
89515,1,0,133088
89516,1,0,133089
89517,1,0,133090
89518,2,0,133092
89519,1,0,133093
89520,1,0,133094
89521,1,0,133095
89522,1,0,133096
89523,1,0,133097
89524,2,0,133099
89525,3,0,133102
89526,3,0,133105
89527,1,0,133106
89528,1,0,133107
89529,2,0,133109
89530,1,0,133110
89531,1,0,133111
89532,1,0,133112
89533,1,0,133113
89534,1,0,133114
89535,1,0,133115
89536,1,0,133116
89537,1,0,133117
89538,2,0,133119
89539,1,0,133120
89540,4,0,133124
89541,4,0,133128
89542,1,0,133129
89543,3,0,133132
89544,1,0,133133
89545,1,0,133134
89546,1,0,133135
89547,2,0,133137
89548,1,0,133138
89549,1,0,133139
89550,1,0,133140
89551,1,0,133141
89552,1,0,133142
89553,1,0,133143
89554,2,0,133145
89555,2,0,133147
89556,1,0,133148
89557,3,0,133151
89558,1,0,133152
89559,1,0,133153
89560,1,0,133154
89561,2,0,133156
89562,2,0,133158
89563,1,0,133159
89564,2,0,133161
89565,1,0,133162
89566,1,0,133163
89567,1,0,133164
89568,2,0,133166
89569,2,0,133168
89570,3,0,133171
89571,1,0,133172
89572,1,0,133173
89573,2,0,133175
89574,2,0,133177
89575,2,0,133179
89576,3,0,133182
89577,1,0,133183
89578,2,0,133185
89579,1,0,133186
89580,1,0,133187
89581,1,0,133188
89582,1,0,133189
89583,1,0,133190
89584,1,0,133191
89585,1,0,133192
89586,1,0,133193
89587,1,0,133194
89588,1,0,133195
89589,1,0,133196
89590,2,0,133198
89591,3,0,133201
89592,2,0,133203
89593,2,0,133205
89594,1,0,133206
89595,1,0,133207
89596,1,0,133208
89597,2,0,133210
89598,1,0,133211
89599,1,0,133212
89600,1,0,133213
89601,1,0,133214
89602,1,0,133215
89603,2,0,133217
89604,1,0,133218
89605,1,0,133219
89606,1,0,133220
89607,1,0,133221
89608,2,0,133223
89609,1,0,133224
89610,1,0,133225
89611,2,0,133227
89612,1,0,133228
89613,1,0,133229
89614,1,0,133230
89615,2,0,133232
89616,1,0,133233
89617,1,0,133234
89618,1,0,133235
89619,1,0,133236
89620,2,0,133238
89621,1,0,133239
89622,1,0,133240
89623,1,0,133241
89624,2,0,133243
89625,1,0,133244
89626,1,0,133245
89627,1,0,133246
89628,5,0,133251
89629,1,0,133252
89630,3,0,133255
89631,1,0,133256
89632,1,0,133257
89633,1,0,133258
89634,1,0,133259
89635,2,0,133261
89636,1,0,133262
89637,2,0,133264
89638,1,0,133265
89639,1,0,133266
89640,1,0,133267
89641,1,0,133268
89642,1,0,133269
89643,1,0,133270
89644,2,0,133272
89645,1,0,133273
89646,2,0,133275
89647,1,0,133276
89648,1,0,133277
89649,1,0,133278
89650,1,0,133279
89651,1,0,133280
89652,1,0,133281
89653,1,0,133282
89654,4,0,133286
89655,2,0,133288
89656,1,0,133289
89657,2,0,133291
89658,1,0,133292
89659,2,0,133294
89660,1,0,133295
89661,1,0,133296
89662,1,0,133297
89663,2,0,133299
89664,1,0,133300
89665,1,0,133301
89666,2,0,133303
89667,1,0,133304
89668,2,0,133306
89669,1,0,133307
89670,1,0,133308
89671,2,0,133310
89672,1,0,133311
89673,2,0,133313
89674,1,0,133314
89675,1,0,133315
89676,1,0,133316
89677,2,0,133318
89678,1,0,133319
89679,1,0,133320
89680,1,0,133321
89681,2,0,133323
89682,1,0,133324
89683,3,0,133327
89684,1,0,133328
89685,1,0,133329
89686,2,0,133331
89687,2,0,133333
89688,1,0,133334
89689,1,0,133335
89690,3,0,133338
89691,1,0,133339
89692,1,0,133340
89693,1,0,133341
89694,4,0,133345
89695,2,0,133347
89696,1,0,133348
89697,1,0,133349
89698,1,0,133350
89699,1,0,133351
89700,1,0,133352
89701,2,0,133354
89702,3,0,133357
89703,1,0,133358
89704,1,0,133359
89705,2,0,133361
89706,2,0,133363
89707,1,0,133364
89708,1,0,133365
89709,1,0,133366
89710,2,0,133368
89711,1,0,133369
89712,1,0,133370
89713,1,0,133371
89714,2,0,133373
89715,1,0,133374
89716,1,0,133375
89717,1,0,133376
89718,1,0,133377
89719,1,0,133378
89720,3,0,133381
89721,2,0,133383
89722,1,0,133384
89723,2,0,133386
89724,1,0,133387
89725,2,0,133389
89726,1,0,133390
89727,1,0,133391
89728,1,0,133392
89729,1,0,133393
89730,4,0,133397
89731,1,0,133398
89732,2,0,133400
89733,1,0,133401
89734,1,0,133402
89735,1,0,133403
89736,3,0,133406
89737,2,0,133408
89738,3,0,133411
89739,1,0,133412
89740,1,0,133413
89741,2,0,133415
89742,3,0,133418
89743,1,0,133419
89744,1,0,133420
89745,2,0,133422
89746,2,0,133424
89747,1,0,133425
89748,3,0,133428
89749,1,0,133429
89750,2,0,133431
89751,1,0,133432
89752,1,0,133433
89753,1,0,133434
89754,1,0,133435
89755,2,0,133437
89756,1,0,133438
89757,4,0,133442
89758,1,0,133443
89759,1,0,133444
89760,3,0,133447
89761,3,0,133450
89762,2,0,133452
89763,1,0,133453
89764,1,0,133454
89765,1,0,133455
89766,3,0,133458
89767,1,0,133459
89768,1,0,133460
89769,1,0,133461
89770,2,0,133463
89771,1,0,133464
89772,2,0,133466
89773,1,0,133467
89774,1,0,133468
89775,1,0,133469
89776,1,0,133470
89777,1,0,133471
89778,2,0,133473
89779,1,0,133474
89780,1,0,133475
89781,1,0,133476
89782,2,0,133478
89783,1,0,133479
89784,1,0,133480
89785,2,0,133482
89786,1,0,133483
89787,2,0,133485
89788,1,0,133486
89789,1,0,133487
89790,1,0,133488
89791,1,0,133489
89792,2,0,133491
89793,2,0,133493
89794,2,0,133495
89795,1,0,133496
89796,1,0,133497
89797,1,0,133498
89798,1,0,133499
89799,1,0,133500
89800,1,0,133501
89801,3,0,133504
89802,1,0,133505
89803,1,0,133506
89804,3,0,133509
89805,3,0,133512
89806,1,0,133513
89807,2,0,133515
89808,4,0,133519
89809,1,0,133520
89810,1,0,133521
89811,5,0,133526
89812,1,0,133527
89813,1,0,133528
89814,2,0,133530
89815,1,0,133531
89816,1,0,133532
89817,2,0,133534
89818,1,0,133535
89819,1,0,133536
89820,1,0,133537
89821,1,0,133538
89822,1,0,133539
89823,2,0,133541
89824,2,0,133543
89825,2,0,133545
89826,1,0,133546
89827,2,0,133548
89828,1,0,133549
89829,1,0,133550
89830,2,0,133552
89831,1,0,133553
89832,1,0,133554
89833,2,0,133556
89834,1,0,133557
89835,3,0,133560
89836,2,0,133562
89837,1,0,133563
89838,1,0,133564
89839,1,0,133565
89840,3,0,133568
89841,2,0,133570
89842,1,0,133571
89843,2,0,133573
89844,2,0,133575
89845,1,0,133576
89846,1,0,133577
89847,1,0,133578
89848,1,0,133579
89849,1,0,133580
89850,3,0,133583
89851,3,0,133586
89852,1,0,133587
89853,1,0,133588
89854,1,0,133589
89855,1,0,133590
89856,1,0,133591
89857,2,0,133593
89858,3,0,133596
89859,1,0,133597
89860,1,0,133598
89861,1,0,133599
89862,2,0,133601
89863,2,0,133603
89864,1,0,133604
89865,1,0,133605
89866,1,0,133606
89867,3,0,133609
89868,1,0,133610
89869,2,0,133612
89870,1,0,133613
89871,2,0,133615
89872,2,0,133617
89873,1,0,133618
89874,1,0,133619
89875,1,0,133620
89876,1,0,133621
89877,1,0,133622
89878,2,0,133624
89879,1,0,133625
89880,1,0,133626
89881,1,0,133627
89882,2,0,133629
89883,4,0,133633
89884,3,0,133636
89885,4,0,133640
89886,1,0,133641
89887,1,0,133642
89888,1,0,133643
89889,1,0,133644
89890,1,0,133645
89891,1,0,133646
89892,2,0,133648
89893,1,0,133649
89894,3,0,133652
89895,1,0,133653
89896,6,0,133659
89897,2,0,133661
89898,1,0,133662
89899,1,0,133663
89900,1,0,133664
89901,1,0,133665
89902,1,0,133666
89903,1,0,133667
89904,2,0,133669
89905,1,0,133670
89906,2,0,133672
89907,2,0,133674
89908,3,0,133677
89909,1,0,133678
89910,1,0,133679
89911,1,0,133680
89912,1,0,133681
89913,1,0,133682
89914,2,0,133684
89915,1,0,133685
89916,1,0,133686
89917,1,0,133687
89918,1,0,133688
89919,1,0,133689
89920,1,0,133690
89921,3,0,133693
89922,3,0,133696
89923,1,0,133697
89924,1,0,133698
89925,2,0,133700
89926,1,0,133701
89927,1,0,133702
89928,3,0,133705
89929,1,0,133706
89930,1,0,133707
89931,2,0,133709
89932,3,0,133712
89933,1,0,133713
89934,1,0,133714
89935,1,0,133715
89936,1,0,133716
89937,1,0,133717
89938,4,0,133721
89939,1,0,133722
89940,1,0,133723
89941,1,0,133724
89942,1,0,133725
89943,1,0,133726
89944,2,0,133728
89945,1,0,133729
89946,1,0,133730
89947,3,0,133733
89948,2,0,133735
89949,4,0,133739
89950,1,0,133740
89951,1,0,133741
89952,1,0,133742
89953,3,0,133745
89954,1,0,133746
89955,2,0,133748
89956,1,0,133749
89957,1,0,133750
89958,1,0,133751
89959,1,0,133752
89960,3,0,133755
89961,1,0,133756
89962,3,0,133759
89963,1,0,133760
89964,1,0,133761
89965,1,0,133762
89966,1,0,133763
89967,1,0,133764
89968,1,0,133765
89969,2,0,133767
89970,1,0,133768
89971,1,0,133769
89972,1,0,133770
89973,3,0,133773
89974,1,0,133774
89975,1,0,133775
89976,1,0,133776
89977,1,0,133777
89978,1,0,133778
89979,2,0,133780
89980,1,0,133781
89981,1,0,133782
89982,5,0,133787
89983,2,0,133789
89984,1,0,133790
89985,3,0,133793
89986,1,0,133794
89987,1,0,133795
89988,3,0,133798
89989,1,0,133799
89990,1,0,133800
89991,1,0,133801
89992,2,0,133803
89993,1,0,133804
89994,1,0,133805
89995,2,0,133807
89996,1,0,133808
89997,1,0,133809
89998,1,0,133810
89999,1,0,133811
90000,1,0,133812
90001,1,0,133813
90002,1,0,133814
90003,1,0,133815
90004,1,0,133816
90005,1,0,133817
90006,3,0,133820
90007,2,0,133822
90008,1,0,133823
90009,1,0,133824
90010,2,0,133826
90011,1,0,133827
90012,3,0,133830
90013,1,0,133831
90014,3,0,133834
90015,2,0,133836
90016,7,0,133843
90017,2,0,133845
90018,1,0,133846
90019,1,0,133847
90020,1,0,133848
90021,1,0,133849
90022,1,0,133850
90023,1,0,133851
90024,2,0,133853
90025,1,0,133854
90026,1,0,133855
90027,2,0,133857
90028,1,0,133858
90029,7,0,133865
90030,1,0,133866
90031,1,0,133867
90032,1,0,133868
90033,3,0,133871
90034,1,0,133872
90035,1,0,133873
90036,1,0,133874
90037,2,0,133876
90038,3,0,133879
90039,2,0,133881
90040,2,0,133883
90041,1,0,133884
90042,1,0,133885
90043,1,0,133886
90044,1,0,133887
90045,3,0,133890
90046,2,0,133892
90047,1,0,133893
90048,1,0,133894
90049,1,0,133895
90050,2,0,133897
90051,1,0,133898
90052,2,0,133900
90053,1,0,133901
90054,3,0,133904
90055,2,0,133906
90056,1,0,133907
90057,1,0,133908
90058,2,0,133910
90059,2,0,133912
90060,1,0,133913
90061,3,0,133916
90062,1,0,133917
90063,1,0,133918
90064,2,0,133920
90065,2,0,133922
90066,2,0,133924
90067,1,0,133925
90068,1,0,133926
90069,1,0,133927
90070,1,0,133928
90071,2,0,133930
90072,1,0,133931
90073,2,0,133933
90074,3,0,133936
90075,1,0,133937
90076,1,0,133938
90077,1,0,133939
90078,1,0,133940
90079,1,0,133941
90080,1,0,133942
90081,2,0,133944
90082,1,0,133945
90083,1,0,133946
90084,1,0,133947
90085,1,0,133948
90086,1,0,133949
90087,2,0,133951
90088,2,0,133953
90089,1,0,133954
90090,2,0,133956
90091,1,0,133957
90092,1,0,133958
90093,1,0,133959
90094,1,0,133960
90095,2,0,133962
90096,1,0,133963
90097,1,0,133964
90098,4,0,133968
90099,2,0,133970
90100,1,0,133971
90101,1,0,133972
90102,2,0,133974
90103,3,0,133977
90104,1,0,133978
90105,1,0,133979
90106,1,0,133980
90107,2,0,133982
90108,2,0,133984
90109,3,0,133987
90110,2,0,133989
90111,1,0,133990
90112,3,0,133993
90113,1,0,133994
90114,1,0,133995
90115,2,0,133997
90116,2,0,133999
90117,1,0,134000
90118,1,0,134001
90119,1,0,134002
90120,3,0,134005
90121,1,0,134006
90122,2,0,134008
90123,1,0,134009
90124,1,0,134010
90125,4,0,134014
90126,3,0,134017
90127,1,0,134018
90128,2,0,134020
90129,1,0,134021
90130,3,0,134024
90131,1,0,134025
90132,1,0,134026
90133,3,0,134029
90134,1,0,134030
90135,1,0,134031
90136,1,0,134032
90137,1,0,134033
90138,1,0,134034
90139,1,0,134035
90140,2,0,134037
90141,3,0,134040
90142,2,0,134042
90143,1,0,134043
90144,1,0,134044
90145,1,0,134045
90146,1,0,134046
90147,1,0,134047
90148,1,0,134048
90149,2,0,134050
90150,2,0,134052
90151,1,0,134053
90152,1,0,134054
90153,2,0,134056
90154,1,0,134057
90155,1,0,134058
90156,2,0,134060
90157,2,0,134062
90158,1,0,134063
90159,1,0,134064
90160,1,0,134065
90161,1,0,134066
90162,1,0,134067
90163,1,0,134068
90164,2,0,134070
90165,1,0,134071
90166,1,0,134072
90167,1,0,134073
90168,2,0,134075
90169,1,0,134076
90170,1,0,134077
90171,1,0,134078
90172,1,0,134079
90173,1,0,134080
90174,1,0,134081
90175,1,0,134082
90176,2,0,134084
90177,1,0,134085
90178,1,0,134086
90179,1,0,134087
90180,1,0,134088
90181,1,0,134089
90182,2,0,134091
90183,1,0,134092
90184,3,0,134095
90185,1,0,134096
90186,2,0,134098
90187,1,0,134099
90188,2,0,134101
90189,4,0,134105
90190,1,0,134106
90191,1,0,134107
90192,2,0,134109
90193,1,0,134110
90194,1,0,134111
90195,2,0,134113
90196,1,0,134114
90197,2,0,134116
90198,2,0,134118
90199,1,0,134119
90200,1,0,134120
90201,1,0,134121
90202,1,0,134122
90203,1,0,134123
90204,1,0,134124
90205,1,0,134125
90206,1,0,134126
90207,1,0,134127
90208,1,0,134128
90209,2,0,134130
90210,1,0,134131
90211,4,0,134135
90212,2,0,134137
90213,1,0,134138
90214,1,0,134139
90215,1,0,134140
90216,2,0,134142
90217,5,0,134147
90218,1,0,134148
90219,1,0,134149
90220,2,0,134151
90221,1,0,134152
90222,1,0,134153
90223,2,0,134155
90224,2,0,134157
90225,1,0,134158
90226,1,0,134159
90227,1,0,134160
90228,1,0,134161
90229,1,0,134162
90230,1,0,134163
90231,1,0,134164
90232,1,0,134165
90233,4,0,134169
90234,1,0,134170
90235,1,0,134171
90236,1,0,134172
90237,4,0,134176
90238,1,0,134177
90239,2,0,134179
90240,1,0,134180
90241,2,0,134182
90242,1,0,134183
90243,1,0,134184
90244,1,0,134185
90245,2,0,134187
90246,1,0,134188
90247,1,0,134189
90248,1,0,134190
90249,1,0,134191
90250,1,0,134192
90251,1,0,134193
90252,1,0,134194
90253,1,0,134195
90254,1,0,134196
90255,1,0,134197
90256,1,0,134198
90257,1,0,134199
90258,2,0,134201
90259,1,0,134202
90260,1,0,134203
90261,1,0,134204
90262,2,0,134206
90263,1,0,134207
90264,1,0,134208
90265,2,0,134210
90266,2,0,134212
90267,2,0,134214
90268,1,0,134215
90269,1,0,134216
90270,1,0,134217
90271,1,0,134218
90272,1,0,134219
90273,1,0,134220
90274,1,0,134221
90275,1,0,134222
90276,1,0,134223
90277,1,0,134224
90278,1,0,134225
90279,1,0,134226
90280,1,0,134227
90281,1,0,134228
90282,1,0,134229
90283,1,0,134230
90284,1,0,134231
90285,2,0,134233
90286,2,0,134235
90287,2,0,134237
90288,1,0,134238
90289,1,0,134239
90290,1,0,134240
90291,1,0,134241
90292,2,0,134243
90293,1,0,134244
90294,2,0,134246
90295,4,0,134250
90296,1,0,134251
90297,2,0,134253
90298,1,0,134254
90299,1,0,134255
90300,1,0,134256
90301,1,0,134257
90302,1,0,134258
90303,1,0,134259
90304,1,0,134260
90305,4,0,134264
90306,2,0,134266
90307,2,0,134268
90308,1,0,134269
90309,1,0,134270
90310,1,0,134271
90311,2,0,134273
90312,1,0,134274
90313,1,0,134275
90314,1,0,134276
90315,1,0,134277
90316,1,0,134278
90317,2,0,134280
90318,3,0,134283
90319,1,0,134284
90320,1,0,134285
90321,1,0,134286
90322,1,0,134287
90323,2,0,134289
90324,1,0,134290
90325,2,0,134292
90326,2,0,134294
90327,3,0,134297
90328,1,0,134298
90329,1,0,134299
90330,1,0,134300
90331,1,0,134301
90332,1,0,134302
90333,1,0,134303
90334,1,0,134304
90335,1,0,134305
90336,1,0,134306
90337,1,0,134307
90338,2,0,134309
90339,1,0,134310
90340,1,0,134311
90341,2,0,134313
90342,2,0,134315
90343,1,0,134316
90344,1,0,134317
90345,2,0,134319
90346,1,0,134320
90347,5,0,134325
90348,2,0,134327
90349,1,0,134328
90350,2,0,134330
90351,1,0,134331
90352,1,0,134332
90353,5,0,134337
90354,2,0,134339
90355,3,0,134342
90356,3,0,134345
90357,1,0,134346
90358,4,0,134350
90359,3,0,134353
90360,1,0,134354
90361,3,0,134357
90362,3,0,134360
90363,2,0,134362
90364,2,0,134364
90365,2,0,134366
90366,1,0,134367
90367,1,0,134368
90368,1,0,134369
90369,1,0,134370
90370,2,0,134372
90371,1,0,134373
90372,1,0,134374
90373,1,0,134375
90374,2,0,134377
90375,2,0,134379
90376,1,0,134380
90377,1,0,134381
90378,3,0,134384
90379,2,0,134386
90380,2,0,134388
90381,2,0,134390
90382,1,0,134391
90383,5,0,134396
90384,1,0,134397
90385,1,0,134398
90386,1,0,134399
90387,4,0,134403
90388,1,0,134404
90389,1,0,134405
90390,1,0,134406
90391,2,0,134408
90392,1,0,134409
90393,1,0,134410
90394,1,0,134411
90395,3,0,134414
90396,2,0,134416
90397,1,0,134417
90398,1,0,134418
90399,1,0,134419
90400,1,0,134420
90401,2,0,134422
90402,1,0,134423
90403,1,0,134424
90404,1,0,134425
90405,2,0,134427
90406,2,0,134429
90407,1,0,134430
90408,1,0,134431
90409,1,0,134432
90410,3,0,134435
90411,1,0,134436
90412,1,0,134437
90413,1,0,134438
90414,3,0,134441
90415,2,0,134443
90416,1,0,134444
90417,2,0,134446
90418,2,0,134448
90419,1,0,134449
90420,1,0,134450
90421,2,0,134452
90422,1,0,134453
90423,2,0,134455
90424,1,0,134456
90425,1,0,134457
90426,1,0,134458
90427,1,0,134459
90428,2,0,134461
90429,1,0,134462
90430,1,0,134463
90431,2,0,134465
90432,2,0,134467
90433,2,0,134469
90434,1,0,134470
90435,1,0,134471
90436,1,0,134472
90437,1,0,134473
90438,1,0,134474
90439,1,0,134475
90440,1,0,134476
90441,1,0,134477
90442,2,0,134479
90443,1,0,134480
90444,1,0,134481
90445,1,0,134482
90446,1,0,134483
90447,2,0,134485
90448,2,0,134487
90449,1,0,134488
90450,1,0,134489
90451,1,0,134490
90452,2,0,134492
90453,3,0,134495
90454,1,0,134496
90455,1,0,134497
90456,1,0,134498
90457,1,0,134499
90458,2,0,134501
90459,1,0,134502
90460,1,0,134503
90461,1,0,134504
90462,3,0,134507
90463,3,0,134510
90464,1,0,134511
90465,1,0,134512
90466,2,0,134514
90467,2,0,134516
90468,1,0,134517
90469,1,0,134518
90470,2,0,134520
90471,2,0,134522
90472,1,0,134523
90473,2,0,134525
90474,1,0,134526
90475,1,0,134527
90476,1,0,134528
90477,1,0,134529
90478,1,0,134530
90479,1,0,134531
90480,2,0,134533
90481,1,0,134534
90482,4,0,134538
90483,1,0,134539
90484,1,0,134540
90485,1,0,134541
90486,1,0,134542
90487,2,0,134544
90488,1,0,134545
90489,2,0,134547
90490,5,0,134552
90491,2,0,134554
90492,1,0,134555
90493,5,0,134560
90494,1,0,134561
90495,1,0,134562
90496,2,0,134564
90497,1,0,134565
90498,1,0,134566
90499,1,0,134567
90500,1,0,134568
90501,2,0,134570
90502,1,0,134571
90503,1,0,134572
90504,1,0,134573
90505,2,0,134575
90506,2,0,134577
90507,1,0,134578
90508,1,0,134579
90509,1,0,134580
90510,2,0,134582
90511,3,0,134585
90512,1,0,134586
90513,1,0,134587
90514,1,0,134588
90515,1,0,134589
90516,1,0,134590
90517,1,0,134591
90518,1,0,134592
90519,1,0,134593
90520,1,0,134594
90521,2,0,134596
90522,3,0,134599
90523,2,0,134601
90524,1,0,134602
90525,1,0,134603
90526,2,0,134605
90527,1,0,134606
90528,3,0,134609
90529,1,0,134610
90530,1,0,134611
90531,5,0,134616
90532,1,0,134617
90533,2,0,134619
90534,1,0,134620
90535,1,0,134621
90536,1,0,134622
90537,1,0,134623
90538,1,0,134624
90539,1,0,134625
90540,1,0,134626
90541,1,0,134627
90542,2,0,134629
90543,1,0,134630
90544,2,0,134632
90545,1,0,134633
90546,1,0,134634
90547,1,0,134635
90548,2,0,134637
90549,5,0,134642
90550,1,0,134643
90551,3,0,134646
90552,1,0,134647
90553,2,0,134649
90554,1,0,134650
90555,3,0,134653
90556,1,0,134654
90557,3,0,134657
90558,2,0,134659
90559,2,0,134661
90560,2,0,134663
90561,1,0,134664
90562,1,0,134665
90563,1,0,134666
90564,1,0,134667
90565,3,0,134670
90566,1,0,134671
90567,2,0,134673
90568,1,0,134674
90569,1,0,134675
90570,1,0,134676
90571,1,0,134677
90572,1,0,134678
90573,1,0,134679
90574,2,0,134681
90575,2,0,134683
90576,1,0,134684
90577,1,0,134685
90578,1,0,134686
90579,1,0,134687
90580,1,0,134688
90581,1,0,134689
90582,1,0,134690
90583,4,0,134694
90584,2,0,134696
90585,1,0,134697
90586,2,0,134699
90587,3,0,134702
90588,3,0,134705
90589,1,0,134706
90590,1,0,134707
90591,2,0,134709
90592,2,0,134711
90593,1,0,134712
90594,1,0,134713
90595,1,0,134714
90596,2,0,134716
90597,1,0,134717
90598,1,0,134718
90599,1,0,134719
90600,1,0,134720
90601,1,0,134721
90602,1,0,134722
90603,2,0,134724
90604,1,0,134725
90605,2,0,134727
90606,1,0,134728
90607,1,0,134729
90608,2,0,134731
90609,1,0,134732
90610,1,0,134733
90611,2,0,134735
90612,1,0,134736
90613,1,0,134737
90614,1,0,134738
90615,2,0,134740
90616,1,0,134741
90617,2,0,134743
90618,3,0,134746
90619,1,0,134747
90620,5,0,134752
90621,2,0,134754
90622,1,0,134755
90623,3,0,134758
90624,3,0,134761
90625,1,0,134762
90626,1,0,134763
90627,1,0,134764
90628,3,0,134767
90629,2,0,134769
90630,1,0,134770
90631,1,0,134771
90632,1,0,134772
90633,2,0,134774
90634,2,0,134776
90635,1,0,134777
90636,3,0,134780
90637,1,0,134781
90638,1,0,134782
90639,2,0,134784
90640,7,0,134791
90641,1,0,134792
90642,1,0,134793
90643,1,0,134794
90644,1,0,134795
90645,1,0,134796
90646,1,0,134797
90647,1,0,134798
90648,3,0,134801
90649,2,0,134803
90650,1,0,134804
90651,1,0,134805
90652,2,0,134807
90653,1,0,134808
90654,1,0,134809
90655,1,0,134810
90656,1,0,134811
90657,2,0,134813
90658,1,0,134814
90659,3,0,134817
90660,1,0,134818
90661,2,0,134820
90662,1,0,134821
90663,1,0,134822
90664,1,0,134823
90665,2,0,134825
90666,1,0,134826
90667,1,0,134827
90668,1,0,134828
90669,1,0,134829
90670,1,0,134830
90671,1,0,134831
90672,4,0,134835
90673,2,0,134837
90674,1,0,134838
90675,4,0,134842
90676,3,0,134845
90677,2,0,134847
90678,1,0,134848
90679,1,0,134849
90680,2,0,134851
90681,1,0,134852
90682,2,0,134854
90683,2,0,134856
90684,2,0,134858
90685,1,0,134859
90686,2,0,134861
90687,1,0,134862
90688,1,0,134863
90689,2,0,134865
90690,2,0,134867
90691,2,0,134869
90692,2,0,134871
90693,2,0,134873
90694,4,0,134877
90695,1,0,134878
90696,1,0,134879
90697,2,0,134881
90698,2,0,134883
90699,2,0,134885
90700,4,0,134889
90701,1,0,134890
90702,1,0,134891
90703,2,0,134893
90704,1,0,134894
90705,1,0,134895
90706,1,0,134896
90707,1,0,134897
90708,3,0,134900
90709,1,0,134901
90710,1,0,134902
90711,3,0,134905
90712,1,0,134906
90713,4,0,134910
90714,3,0,134913
90715,1,0,134914
90716,1,0,134915
90717,1,0,134916
90718,3,0,134919
90719,1,0,134920
90720,1,0,134921
90721,1,0,134922
90722,1,0,134923
90723,1,0,134924
90724,2,0,134926
90725,1,0,134927
90726,1,0,134928
90727,3,0,134931
90728,2,0,134933
90729,1,0,134934
90730,4,0,134938
90731,1,0,134939
90732,1,0,134940
90733,1,0,134941
90734,1,0,134942
90735,1,0,134943
90736,1,0,134944
90737,1,0,134945
90738,1,0,134946
90739,1,0,134947
90740,4,0,134951
90741,1,0,134952
90742,4,0,134956
90743,2,0,134958
90744,2,0,134960
90745,1,0,134961
90746,1,0,134962
90747,1,0,134963
90748,2,0,134965
90749,1,0,134966
90750,1,0,134967
90751,1,0,134968
90752,1,0,134969
90753,1,0,134970
90754,1,0,134971
90755,2,0,134973
90756,4,0,134977
90757,1,0,134978
90758,1,0,134979
90759,1,0,134980
90760,1,0,134981
90761,2,0,134983
90762,1,0,134984
90763,2,0,134986
90764,1,0,134987
90765,2,0,134989
90766,2,0,134991
90767,1,0,134992
90768,1,0,134993
90769,3,0,134996
90770,2,0,134998
90771,1,0,134999
90772,1,0,135000
90773,1,0,135001
90774,1,0,135002
90775,1,0,135003
90776,1,0,135004
90777,1,0,135005
90778,1,0,135006
90779,1,0,135007
90780,1,0,135008
90781,1,0,135009
90782,1,0,135010
90783,2,0,135012
90784,1,0,135013
90785,1,0,135014
90786,2,0,135016
90787,1,0,135017
90788,1,0,135018
90789,4,0,135022
90790,1,0,135023
90791,5,0,135028
90792,1,0,135029
90793,5,0,135034
90794,1,0,135035
90795,1,0,135036
90796,1,0,135037
90797,2,0,135039
90798,2,0,135041
90799,1,0,135042
90800,1,0,135043
90801,1,0,135044
90802,3,0,135047
90803,1,0,135048
90804,1,0,135049
90805,1,0,135050
90806,1,0,135051
90807,1,0,135052
90808,1,0,135053
90809,1,0,135054
90810,2,0,135056
90811,4,0,135060
90812,1,0,135061
90813,1,0,135062
90814,1,0,135063
90815,3,0,135066
90816,2,0,135068
90817,2,0,135070
90818,3,0,135073
90819,2,0,135075
90820,1,0,135076
90821,1,0,135077
90822,1,0,135078
90823,2,0,135080
90824,2,0,135082
90825,2,0,135084
90826,1,0,135085
90827,1,0,135086
90828,2,0,135088
90829,1,0,135089
90830,1,0,135090
90831,2,0,135092
90832,1,0,135093
90833,2,0,135095
90834,3,0,135098
90835,1,0,135099
90836,3,0,135102
90837,1,0,135103
90838,2,0,135105
90839,1,0,135106
90840,1,0,135107
90841,1,0,135108
90842,1,0,135109
90843,1,0,135110
90844,1,0,135111
90845,3,0,135114
90846,2,0,135116
90847,5,0,135121
90848,1,0,135122
90849,3,0,135125
90850,1,0,135126
90851,1,0,135127
90852,2,0,135129
90853,1,0,135130
90854,3,0,135133
90855,1,0,135134
90856,1,0,135135
90857,1,0,135136
90858,1,0,135137
90859,1,0,135138
90860,1,0,135139
90861,2,0,135141
90862,1,0,135142
90863,2,0,135144
90864,1,0,135145
90865,1,0,135146
90866,1,0,135147
90867,2,0,135149
90868,2,0,135151
90869,1,0,135152
90870,2,0,135154
90871,1,0,135155
90872,1,0,135156
90873,2,0,135158
90874,1,0,135159
90875,1,0,135160
90876,2,0,135162
90877,1,0,135163
90878,1,0,135164
90879,1,0,135165
90880,2,0,135167
90881,2,0,135169
90882,1,0,135170
90883,1,0,135171
90884,4,0,135175
90885,1,0,135176
90886,2,0,135178
90887,1,0,135179
90888,1,0,135180
90889,1,0,135181
90890,2,0,135183
90891,1,0,135184
90892,1,0,135185
90893,1,0,135186
90894,1,0,135187
90895,1,0,135188
90896,1,0,135189
90897,2,0,135191
90898,3,0,135194
90899,2,0,135196
90900,3,0,135199
90901,2,0,135201
90902,1,0,135202
90903,1,0,135203
90904,2,0,135205
90905,1,0,135206
90906,1,0,135207
90907,1,0,135208
90908,1,0,135209
90909,1,0,135210
90910,2,0,135212
90911,1,0,135213
90912,2,0,135215
90913,3,0,135218
90914,1,0,135219
90915,1,0,135220
90916,2,0,135222
90917,1,0,135223
90918,4,0,135227
90919,1,0,135228
90920,1,0,135229
90921,1,0,135230
90922,1,0,135231
90923,2,0,135233
90924,1,0,135234
90925,1,0,135235
90926,1,0,135236
90927,1,0,135237
90928,2,0,135239
90929,1,0,135240
90930,1,0,135241
90931,1,0,135242
90932,2,0,135244
90933,1,0,135245
90934,1,0,135246
90935,1,0,135247
90936,2,0,135249
90937,1,0,135250
90938,2,0,135252
90939,3,0,135255
90940,3,0,135258
90941,3,0,135261
90942,2,0,135263
90943,1,0,135264
90944,2,0,135266
90945,1,0,135267
90946,1,0,135268
90947,5,0,135273
90948,1,0,135274
90949,1,0,135275
90950,1,0,135276
90951,2,0,135278
90952,2,0,135280
90953,1,0,135281
90954,1,0,135282
90955,2,0,135284
90956,1,0,135285
90957,1,0,135286
90958,1,0,135287
90959,1,0,135288
90960,4,0,135292
90961,1,0,135293
90962,3,0,135296
90963,2,0,135298
90964,3,0,135301
90965,1,0,135302
90966,5,0,135307
90967,2,0,135309
90968,1,0,135310
90969,2,0,135312
90970,2,0,135314
90971,2,0,135316
90972,1,0,135317
90973,1,0,135318
90974,1,0,135319
90975,1,0,135320
90976,2,0,135322
90977,2,0,135324
90978,1,0,135325
90979,1,0,135326
90980,1,0,135327
90981,1,0,135328
90982,1,0,135329
90983,2,0,135331
90984,3,0,135334
90985,1,0,135335
90986,1,0,135336
90987,1,0,135337
90988,1,0,135338
90989,1,0,135339
90990,1,0,135340
90991,3,0,135343
90992,1,0,135344
90993,3,0,135347
90994,4,0,135351
90995,4,0,135355
90996,1,0,135356
90997,1,0,135357
90998,2,0,135359
90999,2,0,135361
91000,1,0,135362
91001,1,0,135363
91002,1,0,135364
91003,1,0,135365
91004,1,0,135366
91005,1,0,135367
91006,1,0,135368
91007,2,0,135370
91008,1,0,135371
91009,1,0,135372
91010,1,0,135373
91011,1,0,135374
91012,2,0,135376
91013,1,0,135377
91014,1,0,135378
91015,1,0,135379
91016,1,0,135380
91017,2,0,135382
91018,1,0,135383
91019,1,0,135384
91020,1,0,135385
91021,1,0,135386
91022,1,0,135387
91023,3,0,135390
91024,1,0,135391
91025,1,0,135392
91026,1,0,135393
91027,1,0,135394
91028,1,0,135395
91029,1,0,135396
91030,1,0,135397
91031,1,0,135398
91032,1,0,135399
91033,1,0,135400
91034,1,0,135401
91035,1,0,135402
91036,1,0,135403
91037,1,0,135404
91038,1,0,135405
91039,1,0,135406
91040,1,0,135407
91041,4,0,135411
91042,1,0,135412
91043,1,0,135413
91044,1,0,135414
91045,2,0,135416
91046,2,0,135418
91047,1,0,135419
91048,1,0,135420
91049,1,0,135421
91050,1,0,135422
91051,1,0,135423
91052,2,0,135425
91053,2,0,135427
91054,2,0,135429
91055,2,0,135431
91056,1,0,135432
91057,3,0,135435
91058,1,0,135436
91059,2,0,135438
91060,1,0,135439
91061,1,0,135440
91062,3,0,135443
91063,2,0,135445
91064,1,0,135446
91065,2,0,135448
91066,2,0,135450
91067,1,0,135451
91068,1,0,135452
91069,1,0,135453
91070,1,0,135454
91071,1,0,135455
91072,1,0,135456
91073,3,0,135459
91074,3,0,135462
91075,1,0,135463
91076,2,0,135465
91077,2,0,135467
91078,1,0,135468
91079,1,0,135469
91080,1,0,135470
91081,1,0,135471
91082,3,0,135474
91083,1,0,135475
91084,1,0,135476
91085,1,0,135477
91086,3,0,135480
91087,2,0,135482
91088,2,0,135484
91089,2,0,135486
91090,1,0,135487
91091,1,0,135488
91092,6,0,135494
91093,1,0,135495
91094,1,0,135496
91095,4,0,135500
91096,1,0,135501
91097,1,0,135502
91098,1,0,135503
91099,2,0,135505
91100,2,0,135507
91101,1,0,135508
91102,2,0,135510
91103,1,0,135511
91104,2,0,135513
91105,1,0,135514
91106,1,0,135515
91107,2,0,135517
91108,2,0,135519
91109,1,0,135520
91110,1,0,135521
91111,3,0,135524
91112,1,0,135525
91113,1,0,135526
91114,1,0,135527
91115,1,0,135528
91116,2,0,135530
91117,3,0,135533
91118,1,0,135534
91119,1,0,135535
91120,1,0,135536
91121,1,0,135537
91122,2,0,135539
91123,1,0,135540
91124,1,0,135541
91125,1,0,135542
91126,2,0,135544
91127,1,0,135545
91128,3,0,135548
91129,3,0,135551
91130,1,0,135552
91131,2,0,135554
91132,2,0,135556
91133,1,0,135557
91134,1,0,135558
91135,1,0,135559
91136,3,0,135562
91137,2,0,135564
91138,1,0,135565
91139,1,0,135566
91140,1,0,135567
91141,1,0,135568
91142,2,0,135570
91143,1,0,135571
91144,4,0,135575
91145,1,0,135576
91146,1,0,135577
91147,1,0,135578
91148,1,0,135579
91149,1,0,135580
91150,1,0,135581
91151,1,0,135582
91152,2,0,135584
91153,1,0,135585
91154,1,0,135586
91155,1,0,135587
91156,2,0,135589
91157,2,0,135591
91158,2,0,135593
91159,3,0,135596
91160,1,0,135597
91161,2,0,135599
91162,3,0,135602
91163,1,0,135603
91164,1,0,135604
91165,2,0,135606
91166,1,0,135607
91167,3,0,135610
91168,1,0,135611
91169,2,0,135613
91170,1,0,135614
91171,1,0,135615
91172,1,0,135616
91173,1,0,135617
91174,1,0,135618
91175,2,0,135620
91176,5,0,135625
91177,1,0,135626
91178,3,0,135629
91179,1,0,135630
91180,1,0,135631
91181,1,0,135632
91182,1,0,135633
91183,1,0,135634
91184,1,0,135635
91185,1,0,135636
91186,1,0,135637
91187,1,0,135638
91188,1,0,135639
91189,1,0,135640
91190,1,0,135641
91191,1,0,135642
91192,1,0,135643
91193,2,0,135645
91194,1,0,135646
91195,1,0,135647
91196,4,0,135651
91197,1,0,135652
91198,1,0,135653
91199,1,0,135654
91200,1,0,135655
91201,1,0,135656
91202,1,0,135657
91203,1,0,135658
91204,2,0,135660
91205,1,0,135661
91206,1,0,135662
91207,1,0,135663
91208,1,0,135664
91209,1,0,135665
91210,2,0,135667
91211,2,0,135669
91212,1,0,135670
91213,1,0,135671
91214,1,0,135672
91215,1,0,135673
91216,1,0,135674
91217,1,0,135675
91218,2,0,135677
91219,1,0,135678
91220,1,0,135679
91221,2,0,135681
91222,1,0,135682
91223,2,0,135684
91224,1,0,135685
91225,2,0,135687
91226,1,0,135688
91227,2,0,135690
91228,1,0,135691
91229,1,0,135692
91230,1,0,135693
91231,1,0,135694
91232,2,0,135696
91233,1,0,135697
91234,4,0,135701
91235,2,0,135703
91236,2,0,135705
91237,2,0,135707
91238,2,0,135709
91239,2,0,135711
91240,1,0,135712
91241,1,0,135713
91242,1,0,135714
91243,1,0,135715
91244,1,0,135716
91245,1,0,135717
91246,1,0,135718
91247,1,0,135719
91248,2,0,135721
91249,3,0,135724
91250,2,0,135726
91251,1,0,135727
91252,1,0,135728
91253,2,0,135730
91254,2,0,135732
91255,1,0,135733
91256,1,0,135734
91257,1,0,135735
91258,1,0,135736
91259,2,0,135738
91260,3,0,135741
91261,1,0,135742
91262,1,0,135743
91263,1,0,135744
91264,1,0,135745
91265,1,0,135746
91266,1,0,135747
91267,2,0,135749
91268,2,0,135751
91269,1,0,135752
91270,1,0,135753
91271,1,0,135754
91272,4,0,135758
91273,1,0,135759
91274,1,0,135760
91275,1,0,135761
91276,1,0,135762
91277,1,0,135763
91278,1,0,135764
91279,1,0,135765
91280,1,0,135766
91281,1,0,135767
91282,1,0,135768
91283,1,0,135769
91284,3,0,135772
91285,3,0,135775
91286,1,0,135776
91287,1,0,135777
91288,1,0,135778
91289,1,0,135779
91290,2,0,135781
91291,1,0,135782
91292,3,0,135785
91293,1,0,135786
91294,1,0,135787
91295,1,0,135788
91296,5,0,135793
91297,1,0,135794
91298,1,0,135795
91299,2,0,135797
91300,2,0,135799
91301,2,0,135801
91302,1,0,135802
91303,1,0,135803
91304,1,0,135804
91305,2,0,135806
91306,2,0,135808
91307,1,0,135809
91308,1,0,135810
91309,1,0,135811
91310,1,0,135812
91311,1,0,135813
91312,1,0,135814
91313,1,0,135815
91314,2,0,135817
91315,1,0,135818
91316,1,0,135819
91317,2,0,135821
91318,1,0,135822
91319,2,0,135824
91320,2,0,135826
91321,1,0,135827
91322,2,0,135829
91323,1,0,135830
91324,1,0,135831
91325,1,0,135832
91326,1,0,135833
91327,3,0,135836
91328,1,0,135837
91329,2,0,135839
91330,1,0,135840
91331,1,0,135841
91332,1,0,135842
91333,2,0,135844
91334,1,0,135845
91335,6,0,135851
91336,1,0,135852
91337,1,0,135853
91338,1,0,135854
91339,1,0,135855
91340,1,0,135856
91341,1,0,135857
91342,5,0,135862
91343,1,0,135863
91344,2,0,135865
91345,1,0,135866
91346,1,0,135867
91347,3,0,135870
91348,1,0,135871
91349,1,0,135872
91350,2,0,135874
91351,2,0,135876
91352,1,0,135877
91353,1,0,135878
91354,2,0,135880
91355,1,0,135881
91356,1,0,135882
91357,2,0,135884
91358,1,0,135885
91359,1,0,135886
91360,1,0,135887
91361,1,0,135888
91362,2,0,135890
91363,3,0,135893
91364,2,0,135895
91365,4,0,135899
91366,3,0,135902
91367,2,0,135904
91368,1,0,135905
91369,1,0,135906
91370,1,0,135907
91371,2,0,135909
91372,2,0,135911
91373,1,0,135912
91374,1,0,135913
91375,1,0,135914
91376,1,0,135915
91377,4,0,135919
91378,1,0,135920
91379,1,0,135921
91380,2,0,135923
91381,1,0,135924
91382,2,0,135926
91383,1,0,135927
91384,1,0,135928
91385,1,0,135929
91386,1,0,135930
91387,2,0,135932
91388,3,0,135935
91389,1,0,135936
91390,1,0,135937
91391,1,0,135938
91392,1,0,135939
91393,2,0,135941
91394,3,0,135944
91395,1,0,135945
91396,3,0,135948
91397,1,0,135949
91398,1,0,135950
91399,1,0,135951
91400,1,0,135952
91401,6,0,135958
91402,2,0,135960
91403,1,0,135961
91404,3,0,135964
91405,1,0,135965
91406,1,0,135966
91407,1,0,135967
91408,1,0,135968
91409,1,0,135969
91410,1,0,135970
91411,1,0,135971
91412,2,0,135973
91413,1,0,135974
91414,2,0,135976
91415,2,0,135978
91416,1,0,135979
91417,2,0,135981
91418,1,0,135982
91419,1,0,135983
91420,1,0,135984
91421,1,0,135985
91422,1,0,135986
91423,3,0,135989
91424,2,0,135991
91425,1,0,135992
91426,4,0,135996
91427,1,0,135997
91428,2,0,135999
91429,1,0,136000
91430,3,0,136003
91431,1,0,136004
91432,1,0,136005
91433,1,0,136006
91434,1,0,136007
91435,1,0,136008
91436,1,0,136009
91437,1,0,136010
91438,2,0,136012
91439,2,0,136014
91440,1,0,136015
91441,2,0,136017
91442,1,0,136018
91443,1,0,136019
91444,2,0,136021
91445,1,0,136022
91446,1,0,136023
91447,1,0,136024
91448,1,0,136025
91449,1,0,136026
91450,1,0,136027
91451,2,0,136029
91452,1,0,136030
91453,1,0,136031
91454,3,0,136034
91455,1,0,136035
91456,2,0,136037
91457,2,0,136039
91458,3,0,136042
91459,1,0,136043
91460,2,0,136045
91461,2,0,136047
91462,1,0,136048
91463,2,0,136050
91464,3,0,136053
91465,1,0,136054
91466,1,0,136055
91467,3,0,136058
91468,2,0,136060
91469,1,0,136061
91470,3,0,136064
91471,1,0,136065
91472,2,0,136067
91473,2,0,136069
91474,2,0,136071
91475,1,0,136072
91476,1,0,136073
91477,4,0,136077
91478,2,0,136079
91479,1,0,136080
91480,3,0,136083
91481,3,0,136086
91482,1,0,136087
91483,1,0,136088
91484,1,0,136089
91485,2,0,136091
91486,1,0,136092
91487,2,0,136094
91488,1,0,136095
91489,1,0,136096
91490,1,0,136097
91491,5,0,136102
91492,2,0,136104
91493,2,0,136106
91494,1,0,136107
91495,1,0,136108
91496,1,0,136109
91497,1,0,136110
91498,1,0,136111
91499,1,0,136112
91500,1,0,136113
91501,1,0,136114
91502,1,0,136115
91503,3,0,136118
91504,1,0,136119
91505,1,0,136120
91506,2,0,136122
91507,2,0,136124
91508,1,0,136125
91509,1,0,136126
91510,1,0,136127
91511,2,0,136129
91512,1,0,136130
91513,1,0,136131
91514,1,0,136132
91515,1,0,136133
91516,1,0,136134
91517,1,0,136135
91518,1,0,136136
91519,1,0,136137
91520,1,0,136138
91521,1,0,136139
91522,2,0,136141
91523,1,0,136142
91524,1,0,136143
91525,1,0,136144
91526,2,0,136146
91527,2,0,136148
91528,1,0,136149
91529,1,0,136150
91530,1,0,136151
91531,1,0,136152
91532,1,0,136153
91533,1,0,136154
91534,1,0,136155
91535,1,0,136156
91536,1,0,136157
91537,1,0,136158
91538,1,0,136159
91539,1,0,136160
91540,1,0,136161
91541,1,0,136162
91542,1,0,136163
91543,1,0,136164
91544,2,0,136166
91545,1,0,136167
91546,1,0,136168
91547,1,0,136169
91548,1,0,136170
91549,2,0,136172
91550,1,0,136173
91551,1,0,136174
91552,1,0,136175
91553,1,0,136176
91554,1,0,136177
91555,3,0,136180
91556,1,0,136181
91557,1,0,136182
91558,2,0,136184
91559,1,0,136185
91560,1,0,136186
91561,1,0,136187
91562,2,0,136189
91563,1,0,136190
91564,3,0,136193
91565,1,0,136194
91566,1,0,136195
91567,1,0,136196
91568,1,0,136197
91569,1,0,136198
91570,2,0,136200
91571,2,0,136202
91572,2,0,136204
91573,1,0,136205
91574,1,0,136206
91575,2,0,136208
91576,1,0,136209
91577,2,0,136211
91578,1,0,136212
91579,1,0,136213
91580,2,0,136215
91581,2,0,136217
91582,1,0,136218
91583,1,0,136219
91584,1,0,136220
91585,1,0,136221
91586,2,0,136223
91587,4,0,136227
91588,1,0,136228
91589,1,0,136229
91590,2,0,136231
91591,1,0,136232
91592,2,0,136234
91593,2,0,136236
91594,1,0,136237
91595,1,0,136238
91596,1,0,136239
91597,1,0,136240
91598,1,0,136241
91599,2,0,136243
91600,1,0,136244
91601,1,0,136245
91602,1,0,136246
91603,1,0,136247
91604,1,0,136248
91605,1,0,136249
91606,1,0,136250
91607,1,0,136251
91608,2,0,136253
91609,1,0,136254
91610,1,0,136255
91611,1,0,136256
91612,1,0,136257
91613,2,0,136259
91614,1,0,136260
91615,1,0,136261
91616,3,0,136264
91617,3,0,136267
91618,1,0,136268
91619,1,0,136269
91620,1,0,136270
91621,1,0,136271
91622,1,0,136272
91623,1,0,136273
91624,1,0,136274
91625,1,0,136275
91626,1,0,136276
91627,1,0,136277
91628,2,0,136279
91629,1,0,136280
91630,1,0,136281
91631,1,0,136282
91632,3,0,136285
91633,2,0,136287
91634,1,0,136288
91635,1,0,136289
91636,2,0,136291
91637,1,0,136292
91638,1,0,136293
91639,1,0,136294
91640,1,0,136295
91641,1,0,136296
91642,1,0,136297
91643,1,0,136298
91644,1,0,136299
91645,1,0,136300
91646,1,0,136301
91647,1,0,136302
91648,1,0,136303
91649,3,0,136306
91650,1,0,136307
91651,1,0,136308
91652,2,0,136310
91653,1,0,136311
91654,2,0,136313
91655,2,0,136315
91656,1,0,136316
91657,1,0,136317
91658,3,0,136320
91659,1,0,136321
91660,1,0,136322
91661,3,0,136325
91662,1,0,136326
91663,1,0,136327
91664,1,0,136328
91665,1,0,136329
91666,1,0,136330
91667,1,0,136331
91668,1,0,136332
91669,1,0,136333
91670,1,0,136334
91671,1,0,136335
91672,3,0,136338
91673,2,0,136340
91674,2,0,136342
91675,3,0,136345
91676,1,0,136346
91677,1,0,136347
91678,1,0,136348
91679,1,0,136349
91680,4,0,136353
91681,2,0,136355
91682,1,0,136356
91683,1,0,136357
91684,4,0,136361
91685,1,0,136362
91686,2,0,136364
91687,1,0,136365
91688,1,0,136366
91689,1,0,136367
91690,2,0,136369
91691,1,0,136370
91692,1,0,136371
91693,8,0,136379
91694,1,0,136380
91695,1,0,136381
91696,3,0,136384
91697,2,0,136386
91698,2,0,136388
91699,1,0,136389
91700,1,0,136390
91701,1,0,136391
91702,1,0,136392
91703,1,0,136393
91704,2,0,136395
91705,1,0,136396
91706,1,0,136397
91707,1,0,136398
91708,1,0,136399
91709,2,0,136401
91710,1,0,136402
91711,2,0,136404
91712,6,0,136410
91713,1,0,136411
91714,2,0,136413
91715,1,0,136414
91716,1,0,136415
91717,1,0,136416
91718,4,0,136420
91719,2,0,136422
91720,3,0,136425
91721,1,0,136426
91722,1,0,136427
91723,1,0,136428
91724,2,0,136430
91725,3,0,136433
91726,1,0,136434
91727,2,0,136436
91728,1,0,136437
91729,1,0,136438
91730,1,0,136439
91731,1,0,136440
91732,2,0,136442
91733,1,0,136443
91734,2,0,136445
91735,1,0,136446
91736,4,0,136450
91737,2,0,136452
91738,1,0,136453
91739,1,0,136454
91740,1,0,136455
91741,1,0,136456
91742,2,0,136458
91743,2,0,136460
91744,2,0,136462
91745,2,0,136464
91746,1,0,136465
91747,3,0,136468
91748,2,0,136470
91749,1,0,136471
91750,1,0,136472
91751,1,0,136473
91752,1,0,136474
91753,4,0,136478
91754,2,0,136480
91755,1,0,136481
91756,1,0,136482
91757,4,0,136486
91758,2,0,136488
91759,2,0,136490
91760,2,0,136492
91761,3,0,136495
91762,1,0,136496
91763,1,0,136497
91764,2,0,136499
91765,2,0,136501
91766,2,0,136503
91767,3,0,136506
91768,1,0,136507
91769,2,0,136509
91770,1,0,136510
91771,1,0,136511
91772,2,0,136513
91773,1,0,136514
91774,1,0,136515
91775,1,0,136516
91776,3,0,136519
91777,2,0,136521
91778,1,0,136522
91779,1,0,136523
91780,3,0,136526
91781,2,0,136528
91782,2,0,136530
91783,1,0,136531
91784,2,0,136533
91785,3,0,136536
91786,2,0,136538
91787,1,0,136539
91788,1,0,136540
91789,1,0,136541
91790,2,0,136543
91791,1,0,136544
91792,3,0,136547
91793,1,0,136548
91794,1,0,136549
91795,1,0,136550
91796,1,0,136551
91797,1,0,136552
91798,1,0,136553
91799,1,0,136554
91800,3,0,136557
91801,1,0,136558
91802,1,0,136559
91803,2,0,136561
91804,1,0,136562
91805,1,0,136563
91806,1,0,136564
91807,1,0,136565
91808,1,0,136566
91809,2,0,136568
91810,2,0,136570
91811,1,0,136571
91812,2,0,136573
91813,3,0,136576
91814,1,0,136577
91815,1,0,136578
91816,1,0,136579
91817,1,0,136580
91818,2,0,136582
91819,1,0,136583
91820,2,0,136585
91821,1,0,136586
91822,2,0,136588
91823,1,0,136589
91824,1,0,136590
91825,1,0,136591
91826,1,0,136592
91827,2,0,136594
91828,1,0,136595
91829,2,0,136597
91830,1,0,136598
91831,1,0,136599
91832,1,0,136600
91833,2,0,136602
91834,1,0,136603
91835,1,0,136604
91836,3,0,136607
91837,1,0,136608
91838,1,0,136609
91839,2,0,136611
91840,2,0,136613
91841,1,0,136614
91842,1,0,136615
91843,1,0,136616
91844,1,0,136617
91845,1,0,136618
91846,1,0,136619
91847,1,0,136620
91848,2,0,136622
91849,1,0,136623
91850,1,0,136624
91851,1,0,136625
91852,2,0,136627
91853,1,0,136628
91854,3,0,136631
91855,3,0,136634
91856,1,0,136635
91857,1,0,136636
91858,1,0,136637
91859,2,0,136639
91860,1,0,136640
91861,1,0,136641
91862,1,0,136642
91863,2,0,136644
91864,1,0,136645
91865,1,0,136646
91866,3,0,136649
91867,2,0,136651
91868,1,0,136652
91869,1,0,136653
91870,2,0,136655
91871,1,0,136656
91872,2,0,136658
91873,1,0,136659
91874,2,0,136661
91875,1,0,136662
91876,1,0,136663
91877,1,0,136664
91878,1,0,136665
91879,1,0,136666
91880,1,0,136667
91881,1,0,136668
91882,1,0,136669
91883,1,0,136670
91884,1,0,136671
91885,2,0,136673
91886,1,0,136674
91887,1,0,136675
91888,1,0,136676
91889,1,0,136677
91890,2,0,136679
91891,2,0,136681
91892,2,0,136683
91893,1,0,136684
91894,5,0,136689
91895,1,0,136690
91896,1,0,136691
91897,1,0,136692
91898,1,0,136693
91899,1,0,136694
91900,5,0,136699
91901,1,0,136700
91902,1,0,136701
91903,1,0,136702
91904,1,0,136703
91905,1,0,136704
91906,1,0,136705
91907,1,0,136706
91908,3,0,136709
91909,1,0,136710
91910,2,0,136712
91911,1,0,136713
91912,2,0,136715
91913,1,0,136716
91914,1,0,136717
91915,1,0,136718
91916,1,0,136719
91917,1,0,136720
91918,2,0,136722
91919,1,0,136723
91920,1,0,136724
91921,2,0,136726
91922,2,0,136728
91923,1,0,136729
91924,2,0,136731
91925,1,0,136732
91926,1,0,136733
91927,1,0,136734
91928,1,0,136735
91929,2,0,136737
91930,1,0,136738
91931,4,0,136742
91932,1,0,136743
91933,1,0,136744
91934,1,0,136745
91935,1,0,136746
91936,1,0,136747
91937,1,0,136748
91938,1,0,136749
91939,2,0,136751
91940,1,0,136752
91941,1,0,136753
91942,1,0,136754
91943,1,0,136755
91944,1,0,136756
91945,1,0,136757
91946,2,0,136759
91947,2,0,136761
91948,2,0,136763
91949,5,0,136768
91950,2,0,136770
91951,1,0,136771
91952,4,0,136775
91953,1,0,136776
91954,2,0,136778
91955,1,0,136779
91956,1,0,136780
91957,1,0,136781
91958,1,0,136782
91959,1,0,136783
91960,1,0,136784
91961,2,0,136786
91962,4,0,136790
91963,1,0,136791
91964,1,0,136792
91965,1,0,136793
91966,1,0,136794
91967,1,0,136795
91968,2,0,136797
91969,1,0,136798
91970,1,0,136799
91971,1,0,136800
91972,1,0,136801
91973,1,0,136802
91974,1,0,136803
91975,2,0,136805
91976,3,0,136808
91977,1,0,136809
91978,1,0,136810
91979,2,0,136812
91980,1,0,136813
91981,1,0,136814
91982,2,0,136816
91983,1,0,136817
91984,2,0,136819
91985,1,0,136820
91986,1,0,136821
91987,1,0,136822
91988,1,0,136823
91989,1,0,136824
91990,2,0,136826
91991,1,0,136827
91992,1,0,136828
91993,3,0,136831
91994,1,0,136832
91995,1,0,136833
91996,2,0,136835
91997,1,0,136836
91998,1,0,136837
91999,2,0,136839
92000,1,0,136840
92001,1,0,136841
92002,2,0,136843
92003,2,0,136845
92004,1,0,136846
92005,1,0,136847
92006,1,0,136848
92007,1,0,136849
92008,2,0,136851
92009,1,0,136852
92010,1,0,136853
92011,1,0,136854
92012,2,0,136856
92013,1,0,136857
92014,4,0,136861
92015,2,0,136863
92016,1,0,136864
92017,1,0,136865
92018,1,0,136866
92019,1,0,136867
92020,1,0,136868
92021,2,0,136870
92022,1,0,136871
92023,1,0,136872
92024,1,0,136873
92025,1,0,136874
92026,3,0,136877
92027,2,0,136879
92028,1,0,136880
92029,1,0,136881
92030,1,0,136882
92031,1,0,136883
92032,1,0,136884
92033,3,0,136887
92034,1,0,136888
92035,1,0,136889
92036,1,0,136890
92037,1,0,136891
92038,1,0,136892
92039,1,0,136893
92040,1,0,136894
92041,1,0,136895
92042,1,0,136896
92043,3,0,136899
92044,1,0,136900
92045,2,0,136902
92046,1,0,136903
92047,1,0,136904
92048,2,0,136906
92049,1,0,136907
92050,2,0,136909
92051,1,0,136910
92052,1,0,136911
92053,1,0,136912
92054,2,0,136914
92055,1,0,136915
92056,3,0,136918
92057,1,0,136919
92058,1,0,136920
92059,1,0,136921
92060,5,0,136926
92061,3,0,136929
92062,1,0,136930
92063,1,0,136931
92064,1,0,136932
92065,1,0,136933
92066,1,0,136934
92067,3,0,136937
92068,1,0,136938
92069,2,0,136940
92070,2,0,136942
92071,3,0,136945
92072,1,0,136946
92073,1,0,136947
92074,2,0,136949
92075,3,0,136952
92076,2,0,136954
92077,3,0,136957
92078,1,0,136958
92079,1,0,136959
92080,3,0,136962
92081,1,0,136963
92082,1,0,136964
92083,2,0,136966
92084,1,0,136967
92085,1,0,136968
92086,3,0,136971
92087,1,0,136972
92088,1,0,136973
92089,1,0,136974
92090,3,0,136977
92091,1,0,136978
92092,1,0,136979
92093,1,0,136980
92094,3,0,136983
92095,1,0,136984
92096,1,0,136985
92097,1,0,136986
92098,1,0,136987
92099,3,0,136990
92100,1,0,136991
92101,1,0,136992
92102,1,0,136993
92103,1,0,136994
92104,1,0,136995
92105,4,0,136999
92106,1,0,137000
92107,2,0,137002
92108,1,0,137003
92109,2,0,137005
92110,1,0,137006
92111,3,0,137009
92112,1,0,137010
92113,1,0,137011
92114,1,0,137012
92115,1,0,137013
92116,7,0,137020
92117,1,0,137021
92118,1,0,137022
92119,1,0,137023
92120,1,0,137024
92121,2,0,137026
92122,2,0,137028
92123,4,0,137032
92124,4,0,137036
92125,1,0,137037
92126,1,0,137038
92127,2,0,137040
92128,3,0,137043
92129,1,0,137044
92130,1,0,137045
92131,1,0,137046
92132,1,0,137047
92133,2,0,137049
92134,1,0,137050
92135,1,0,137051
92136,1,0,137052
92137,1,0,137053
92138,1,0,137054
92139,1,0,137055
92140,1,0,137056
92141,1,0,137057
92142,1,0,137058
92143,2,0,137060
92144,2,0,137062
92145,1,0,137063
92146,3,0,137066
92147,1,0,137067
92148,2,0,137069
92149,1,0,137070
92150,1,0,137071
92151,1,0,137072
92152,1,0,137073
92153,1,0,137074
92154,1,0,137075
92155,1,0,137076
92156,1,0,137077
92157,2,0,137079
92158,2,0,137081
92159,1,0,137082
92160,1,0,137083
92161,1,0,137084
92162,2,0,137086
92163,2,0,137088
92164,1,0,137089
92165,1,0,137090
92166,1,0,137091
92167,1,0,137092
92168,1,0,137093
92169,3,0,137096
92170,2,0,137098
92171,1,0,137099
92172,1,0,137100
92173,1,0,137101
92174,3,0,137104
92175,3,0,137107
92176,2,0,137109
92177,1,0,137110
92178,3,0,137113
92179,1,0,137114
92180,1,0,137115
92181,1,0,137116
92182,1,0,137117
92183,1,0,137118
92184,1,0,137119
92185,1,0,137120
92186,1,0,137121
92187,1,0,137122
92188,1,0,137123
92189,2,0,137125
92190,2,0,137127
92191,1,0,137128
92192,1,0,137129
92193,2,0,137131
92194,1,0,137132
92195,2,0,137134
92196,1,0,137135
92197,1,0,137136
92198,6,0,137142
92199,2,0,137144
92200,1,0,137145
92201,1,0,137146
92202,1,0,137147
92203,1,0,137148
92204,3,0,137151
92205,1,0,137152
92206,1,0,137153
92207,3,0,137156
92208,4,0,137160
92209,2,0,137162
92210,1,0,137163
92211,1,0,137164
92212,3,0,137167
92213,2,0,137169
92214,2,0,137171
92215,2,0,137173
92216,1,0,137174
92217,3,0,137177
92218,1,0,137178
92219,2,0,137180
92220,1,0,137181
92221,1,0,137182
92222,1,0,137183
92223,1,0,137184
92224,1,0,137185
92225,1,0,137186
92226,1,0,137187
92227,1,0,137188
92228,1,0,137189
92229,1,0,137190
92230,1,0,137191
92231,1,0,137192
92232,3,0,137195
92233,1,0,137196
92234,1,0,137197
92235,1,0,137198
92236,1,0,137199
92237,3,0,137202
92238,1,0,137203
92239,1,0,137204
92240,1,0,137205
92241,1,0,137206
92242,1,0,137207
92243,1,0,137208
92244,1,0,137209
92245,3,0,137212
92246,1,0,137213
92247,1,0,137214
92248,1,0,137215
92249,1,0,137216
92250,1,0,137217
92251,1,0,137218
92252,2,0,137220
92253,2,0,137222
92254,3,0,137225
92255,1,0,137226
92256,2,0,137228
92257,2,0,137230
92258,1,0,137231
92259,1,0,137232
92260,1,0,137233
92261,2,0,137235
92262,2,0,137237
92263,1,0,137238
92264,1,0,137239
92265,2,0,137241
92266,1,0,137242
92267,1,0,137243
92268,1,0,137244
92269,1,0,137245
92270,2,0,137247
92271,1,0,137248
92272,1,0,137249
92273,2,0,137251
92274,2,0,137253
92275,1,0,137254
92276,2,0,137256
92277,1,0,137257
92278,5,0,137262
92279,2,0,137264
92280,2,0,137266
92281,2,0,137268
92282,1,0,137269
92283,1,0,137270
92284,1,0,137271
92285,2,0,137273
92286,1,0,137274
92287,1,0,137275
92288,1,0,137276
92289,2,0,137278
92290,1,0,137279
92291,1,0,137280
92292,1,0,137281
92293,3,0,137284
92294,1,0,137285
92295,1,0,137286
92296,1,0,137287
92297,1,0,137288
92298,3,0,137291
92299,1,0,137292
92300,1,0,137293
92301,7,0,137300
92302,3,0,137303
92303,1,0,137304
92304,1,0,137305
92305,4,0,137309
92306,1,0,137310
92307,1,0,137311
92308,2,0,137313
92309,1,0,137314
92310,2,0,137316
92311,3,0,137319
92312,4,0,137323
92313,2,0,137325
92314,1,0,137326
92315,1,0,137327
92316,1,0,137328
92317,3,0,137331
92318,3,0,137334
92319,1,0,137335
92320,1,0,137336
92321,1,0,137337
92322,1,0,137338
92323,1,0,137339
92324,3,0,137342
92325,3,0,137345
92326,2,0,137347
92327,1,0,137348
92328,1,0,137349
92329,2,0,137351
92330,1,0,137352
92331,3,0,137355
92332,1,0,137356
92333,1,0,137357
92334,1,0,137358
92335,1,0,137359
92336,4,0,137363
92337,1,0,137364
92338,1,0,137365
92339,1,0,137366
92340,2,0,137368
92341,1,0,137369
92342,2,0,137371
92343,1,0,137372
92344,1,0,137373
92345,1,0,137374
92346,3,0,137377
92347,1,0,137378
92348,3,0,137381
92349,2,0,137383
92350,1,0,137384
92351,1,0,137385
92352,1,0,137386
92353,2,0,137388
92354,1,0,137389
92355,1,0,137390
92356,1,0,137391
92357,2,0,137393
92358,1,0,137394
92359,2,0,137396
92360,3,0,137399
92361,1,0,137400
92362,1,0,137401
92363,3,0,137404
92364,1,0,137405
92365,2,0,137407
92366,1,0,137408
92367,1,0,137409
92368,1,0,137410
92369,1,0,137411
92370,1,0,137412
92371,5,0,137417
92372,2,0,137419
92373,2,0,137421
92374,2,0,137423
92375,1,0,137424
92376,4,0,137428
92377,3,0,137431
92378,1,0,137432
92379,1,0,137433
92380,2,0,137435
92381,2,0,137437
92382,1,0,137438
92383,5,0,137443
92384,1,0,137444
92385,2,0,137446
92386,1,0,137447
92387,2,0,137449
92388,2,0,137451
92389,1,0,137452
92390,1,0,137453
92391,2,0,137455
92392,2,0,137457
92393,1,0,137458
92394,1,0,137459
92395,3,0,137462
92396,1,0,137463
92397,4,0,137467
92398,1,0,137468
92399,2,0,137470
92400,1,0,137471
92401,1,0,137472
92402,3,0,137475
92403,1,0,137476
92404,1,0,137477
92405,1,0,137478
92406,1,0,137479
92407,1,0,137480
92408,1,0,137481
92409,1,0,137482
92410,3,0,137485
92411,3,0,137488
92412,1,0,137489
92413,1,0,137490
92414,1,0,137491
92415,1,0,137492
92416,2,0,137494
92417,1,0,137495
92418,1,0,137496
92419,1,0,137497
92420,1,0,137498
92421,3,0,137501
92422,1,0,137502
92423,2,0,137504
92424,1,0,137505
92425,3,0,137508
92426,1,0,137509
92427,1,0,137510
92428,2,0,137512
92429,4,0,137516
92430,1,0,137517
92431,3,0,137520
92432,5,0,137525
92433,3,0,137528
92434,1,0,137529
92435,1,0,137530
92436,1,0,137531
92437,1,0,137532
92438,4,0,137536
92439,4,0,137540
92440,3,0,137543
92441,1,0,137544
92442,1,0,137545
92443,1,0,137546
92444,1,0,137547
92445,1,0,137548
92446,1,0,137549
92447,4,0,137553
92448,1,0,137554
92449,1,0,137555
92450,1,0,137556
92451,1,0,137557
92452,1,0,137558
92453,2,0,137560
92454,1,0,137561
92455,2,0,137563
92456,2,0,137565
92457,1,0,137566
92458,1,0,137567
92459,1,0,137568
92460,2,0,137570
92461,4,0,137574
92462,2,0,137576
92463,1,0,137577
92464,1,0,137578
92465,1,0,137579
92466,1,0,137580
92467,2,0,137582
92468,1,0,137583
92469,1,0,137584
92470,2,0,137586
92471,1,0,137587
92472,3,0,137590
92473,1,0,137591
92474,2,0,137593
92475,1,0,137594
92476,1,0,137595
92477,1,0,137596
92478,1,0,137597
92479,2,0,137599
92480,4,0,137603
92481,3,0,137606
92482,1,0,137607
92483,2,0,137609
92484,1,0,137610
92485,2,0,137612
92486,1,0,137613
92487,3,0,137616
92488,1,0,137617
92489,1,0,137618
92490,1,0,137619
92491,1,0,137620
92492,2,0,137622
92493,2,0,137624
92494,2,0,137626
92495,1,0,137627
92496,1,0,137628
92497,1,0,137629
92498,1,0,137630
92499,1,0,137631
92500,2,0,137633
92501,1,0,137634
92502,1,0,137635
92503,3,0,137638
92504,1,0,137639
92505,3,0,137642
92506,1,0,137643
92507,1,0,137644
92508,2,0,137646
92509,1,0,137647
92510,2,0,137649
92511,1,0,137650
92512,2,0,137652
92513,1,0,137653
92514,1,0,137654
92515,1,0,137655
92516,1,0,137656
92517,2,0,137658
92518,1,0,137659
92519,2,0,137661
92520,2,0,137663
92521,4,0,137667
92522,3,0,137670
92523,1,0,137671
92524,2,0,137673
92525,1,0,137674
92526,1,0,137675
92527,3,0,137678
92528,1,0,137679
92529,2,0,137681
92530,1,0,137682
92531,1,0,137683
92532,1,0,137684
92533,2,0,137686
92534,1,0,137687
92535,1,0,137688
92536,1,0,137689
92537,2,0,137691
92538,2,0,137693
92539,1,0,137694
92540,1,0,137695
92541,2,0,137697
92542,1,0,137698
92543,2,0,137700
92544,1,0,137701
92545,2,0,137703
92546,1,0,137704
92547,3,0,137707
92548,1,0,137708
92549,2,0,137710
92550,3,0,137713
92551,1,0,137714
92552,1,0,137715
92553,1,0,137716
92554,1,0,137717
92555,3,0,137720
92556,1,0,137721
92557,1,0,137722
92558,2,0,137724
92559,1,0,137725
92560,1,0,137726
92561,1,0,137727
92562,2,0,137729
92563,1,0,137730
92564,2,0,137732
92565,1,0,137733
92566,1,0,137734
92567,1,0,137735
92568,1,0,137736
92569,1,0,137737
92570,2,0,137739
92571,1,0,137740
92572,1,0,137741
92573,1,0,137742
92574,2,0,137744
92575,1,0,137745
92576,1,0,137746
92577,2,0,137748
92578,1,0,137749
92579,1,0,137750
92580,1,0,137751
92581,1,0,137752
92582,2,0,137754
92583,2,0,137756
92584,3,0,137759
92585,1,0,137760
92586,1,0,137761
92587,2,0,137763
92588,2,0,137765
92589,1,0,137766
92590,1,0,137767
92591,1,0,137768
92592,7,0,137775
92593,1,0,137776
92594,2,0,137778
92595,1,0,137779
92596,2,0,137781
92597,1,0,137782
92598,1,0,137783
92599,2,0,137785
92600,1,0,137786
92601,3,0,137789
92602,1,0,137790
92603,1,0,137791
92604,1,0,137792
92605,1,0,137793
92606,3,0,137796
92607,1,0,137797
92608,1,0,137798
92609,1,0,137799
92610,3,0,137802
92611,2,0,137804
92612,1,0,137805
92613,1,0,137806
92614,1,0,137807
92615,1,0,137808
92616,1,0,137809
92617,3,0,137812
92618,1,0,137813
92619,1,0,137814
92620,1,0,137815
92621,1,0,137816
92622,1,0,137817
92623,1,0,137818
92624,3,0,137821
92625,1,0,137822
92626,1,0,137823
92627,1,0,137824
92628,1,0,137825
92629,3,0,137828
92630,1,0,137829
92631,1,0,137830
92632,1,0,137831
92633,5,0,137836
92634,1,0,137837
92635,2,0,137839
92636,1,0,137840
92637,1,0,137841
92638,3,0,137844
92639,1,0,137845
92640,1,0,137846
92641,1,0,137847
92642,2,0,137849
92643,1,0,137850
92644,1,0,137851
92645,1,0,137852
92646,1,0,137853
92647,2,0,137855
92648,1,0,137856
92649,4,0,137860
92650,1,0,137861
92651,3,0,137864
92652,1,0,137865
92653,1,0,137866
92654,2,0,137868
92655,1,0,137869
92656,3,0,137872
92657,2,0,137874
92658,1,0,137875
92659,1,0,137876
92660,2,0,137878
92661,3,0,137881
92662,1,0,137882
92663,2,0,137884
92664,1,0,137885
92665,1,0,137886
92666,1,0,137887
92667,1,0,137888
92668,3,0,137891
92669,1,0,137892
92670,1,0,137893
92671,2,0,137895
92672,1,0,137896
92673,1,0,137897
92674,1,0,137898
92675,2,0,137900
92676,1,0,137901
92677,1,0,137902
92678,2,0,137904
92679,1,0,137905
92680,2,0,137907
92681,3,0,137910
92682,1,0,137911
92683,2,0,137913
92684,1,0,137914
92685,1,0,137915
92686,2,0,137917
92687,2,0,137919
92688,1,0,137920
92689,1,0,137921
92690,2,0,137923
92691,2,0,137925
92692,1,0,137926
92693,2,0,137928
92694,1,0,137929
92695,2,0,137931
92696,1,0,137932
92697,1,0,137933
92698,2,0,137935
92699,1,0,137936
92700,2,0,137938
92701,2,0,137940
92702,1,0,137941
92703,1,0,137942
92704,1,0,137943
92705,2,0,137945
92706,1,0,137946
92707,1,0,137947
92708,1,0,137948
92709,1,0,137949
92710,1,0,137950
92711,1,0,137951
92712,2,0,137953
92713,1,0,137954
92714,1,0,137955
92715,1,0,137956
92716,1,0,137957
92717,1,0,137958
92718,4,0,137962
92719,1,0,137963
92720,3,0,137966
92721,1,0,137967
92722,2,0,137969
92723,1,0,137970
92724,3,0,137973
92725,1,0,137974
92726,1,0,137975
92727,1,0,137976
92728,2,0,137978
92729,2,0,137980
92730,4,0,137984
92731,2,0,137986
92732,3,0,137989
92733,1,0,137990
92734,2,0,137992
92735,1,0,137993
92736,3,0,137996
92737,1,0,137997
92738,1,0,137998
92739,1,0,137999
92740,1,0,138000
92741,1,0,138001
92742,1,0,138002
92743,2,0,138004
92744,2,0,138006
92745,2,0,138008
92746,3,0,138011
92747,1,0,138012
92748,1,0,138013
92749,2,0,138015
92750,2,0,138017
92751,2,0,138019
92752,2,0,138021
92753,1,0,138022
92754,2,0,138024
92755,1,0,138025
92756,1,0,138026
92757,1,0,138027
92758,1,0,138028
92759,2,0,138030
92760,1,0,138031
92761,1,0,138032
92762,1,0,138033
92763,1,0,138034
92764,2,0,138036
92765,4,0,138040
92766,2,0,138042
92767,1,0,138043
92768,2,0,138045
92769,2,0,138047
92770,2,0,138049
92771,2,0,138051
92772,1,0,138052
92773,3,0,138055
92774,1,0,138056
92775,1,0,138057
92776,2,0,138059
92777,1,0,138060
92778,2,0,138062
92779,1,0,138063
92780,3,0,138066
92781,1,0,138067
92782,1,0,138068
92783,1,0,138069
92784,1,0,138070
92785,3,0,138073
92786,6,0,138079
92787,2,0,138081
92788,1,0,138082
92789,2,0,138084
92790,1,0,138085
92791,1,0,138086
92792,1,0,138087
92793,1,0,138088
92794,1,0,138089
92795,1,0,138090
92796,1,0,138091
92797,1,0,138092
92798,1,0,138093
92799,2,0,138095
92800,3,0,138098
92801,1,0,138099
92802,2,0,138101
92803,1,0,138102
92804,1,0,138103
92805,2,0,138105
92806,1,0,138106
92807,1,0,138107
92808,3,0,138110
92809,2,0,138112
92810,2,0,138114
92811,4,0,138118
92812,1,0,138119
92813,1,0,138120
92814,1,0,138121
92815,2,0,138123
92816,2,0,138125
92817,1,0,138126
92818,1,0,138127
92819,1,0,138128
92820,1,0,138129
92821,1,0,138130
92822,1,0,138131
92823,2,0,138133
92824,1,0,138134
92825,1,0,138135
92826,1,0,138136
92827,2,0,138138
92828,1,0,138139
92829,1,0,138140
92830,2,0,138142
92831,2,0,138144
92832,1,0,138145
92833,1,0,138146
92834,2,0,138148
92835,1,0,138149
92836,2,0,138151
92837,1,0,138152
92838,2,0,138154
92839,2,0,138156
92840,1,0,138157
92841,2,0,138159
92842,1,0,138160
92843,2,0,138162
92844,1,0,138163
92845,1,0,138164
92846,1,0,138165
92847,2,0,138167
92848,2,0,138169
92849,1,0,138170
92850,1,0,138171
92851,1,0,138172
92852,2,0,138174
92853,2,0,138176
92854,2,0,138178
92855,3,0,138181
92856,1,0,138182
92857,1,0,138183
92858,1,0,138184
92859,1,0,138185
92860,1,0,138186
92861,1,0,138187
92862,2,0,138189
92863,1,0,138190
92864,1,0,138191
92865,1,0,138192
92866,1,0,138193
92867,1,0,138194
92868,1,0,138195
92869,1,0,138196
92870,2,0,138198
92871,1,0,138199
92872,1,0,138200
92873,2,0,138202
92874,1,0,138203
92875,2,0,138205
92876,1,0,138206
92877,1,0,138207
92878,1,0,138208
92879,1,0,138209
92880,1,0,138210
92881,1,0,138211
92882,2,0,138213
92883,1,0,138214
92884,1,0,138215
92885,1,0,138216
92886,2,0,138218
92887,2,0,138220
92888,1,0,138221
92889,4,0,138225
92890,1,0,138226
92891,1,0,138227
92892,2,0,138229
92893,5,0,138234
92894,2,0,138236
92895,1,0,138237
92896,1,0,138238
92897,2,0,138240
92898,1,0,138241
92899,1,0,138242
92900,1,0,138243
92901,3,0,138246
92902,1,0,138247
92903,1,0,138248
92904,1,0,138249
92905,1,0,138250
92906,1,0,138251
92907,2,0,138253
92908,1,0,138254
92909,1,0,138255
92910,2,0,138257
92911,1,0,138258
92912,1,0,138259
92913,1,0,138260
92914,2,0,138262
92915,1,0,138263
92916,1,0,138264
92917,5,0,138269
92918,1,0,138270
92919,2,0,138272
92920,2,0,138274
92921,1,0,138275
92922,1,0,138276
92923,1,0,138277
92924,2,0,138279
92925,1,0,138280
92926,1,0,138281
92927,2,0,138283
92928,1,0,138284
92929,1,0,138285
92930,1,0,138286
92931,2,0,138288
92932,1,0,138289
92933,1,0,138290
92934,1,0,138291
92935,4,0,138295
92936,4,0,138299
92937,1,0,138300
92938,3,0,138303
92939,2,0,138305
92940,2,0,138307
92941,1,0,138308
92942,2,0,138310
92943,1,0,138311
92944,1,0,138312
92945,1,0,138313
92946,2,0,138315
92947,2,0,138317
92948,1,0,138318
92949,1,0,138319
92950,1,0,138320
92951,1,0,138321
92952,2,0,138323
92953,1,0,138324
92954,1,0,138325
92955,1,0,138326
92956,2,0,138328
92957,1,0,138329
92958,1,0,138330
92959,1,0,138331
92960,1,0,138332
92961,1,0,138333
92962,2,0,138335
92963,2,0,138337
92964,2,0,138339
92965,3,0,138342
92966,1,0,138343
92967,2,0,138345
92968,1,0,138346
92969,2,0,138348
92970,1,0,138349
92971,2,0,138351
92972,2,0,138353
92973,1,0,138354
92974,2,0,138356
92975,2,0,138358
92976,1,0,138359
92977,2,0,138361
92978,1,0,138362
92979,1,0,138363
92980,1,0,138364
92981,1,0,138365
92982,1,0,138366
92983,3,0,138369
92984,2,0,138371
92985,2,0,138373
92986,1,0,138374
92987,1,0,138375
92988,2,0,138377
92989,1,0,138378
92990,1,0,138379
92991,1,0,138380
92992,1,0,138381
92993,2,0,138383
92994,3,0,138386
92995,1,0,138387
92996,4,0,138391
92997,1,0,138392
92998,1,0,138393
92999,1,0,138394
93000,1,0,138395
93001,1,0,138396
93002,1,0,138397
93003,1,0,138398
93004,1,0,138399
93005,1,0,138400
93006,2,0,138402
93007,3,0,138405
93008,1,0,138406
93009,1,0,138407
93010,1,0,138408
93011,1,0,138409
93012,2,0,138411
93013,1,0,138412
93014,1,0,138413
93015,1,0,138414
93016,2,0,138416
93017,2,0,138418
93018,1,0,138419
93019,3,0,138422
93020,2,0,138424
93021,2,0,138426
93022,1,0,138427
93023,2,0,138429
93024,2,0,138431
93025,1,0,138432
93026,1,0,138433
93027,1,0,138434
93028,1,0,138435
93029,4,0,138439
93030,1,0,138440
93031,3,0,138443
93032,1,0,138444
93033,1,0,138445
93034,2,0,138447
93035,1,0,138448
93036,1,0,138449
93037,3,0,138452
93038,1,0,138453
93039,1,0,138454
93040,1,0,138455
93041,1,0,138456
93042,2,0,138458
93043,1,0,138459
93044,3,0,138462
93045,1,0,138463
93046,1,0,138464
93047,1,0,138465
93048,3,0,138468
93049,1,0,138469
93050,1,0,138470
93051,1,0,138471
93052,1,0,138472
93053,1,0,138473
93054,1,0,138474
93055,2,0,138476
93056,2,0,138478
93057,2,0,138480
93058,1,0,138481
93059,1,0,138482
93060,1,0,138483
93061,1,0,138484
93062,1,0,138485
93063,1,0,138486
93064,1,0,138487
93065,2,0,138489
93066,4,0,138493
93067,1,0,138494
93068,1,0,138495
93069,1,0,138496
93070,1,0,138497
93071,1,0,138498
93072,2,0,138500
93073,1,0,138501
93074,1,0,138502
93075,3,0,138505
93076,1,0,138506
93077,1,0,138507
93078,1,0,138508
93079,5,0,138513
93080,1,0,138514
93081,2,0,138516
93082,2,0,138518
93083,1,0,138519
93084,2,0,138521
93085,3,0,138524
93086,2,0,138526
93087,1,0,138527
93088,2,0,138529
93089,3,0,138532
93090,1,0,138533
93091,1,0,138534
93092,2,0,138536
93093,1,0,138537
93094,1,0,138538
93095,1,0,138539
93096,2,0,138541
93097,1,0,138542
93098,1,0,138543
93099,1,0,138544
93100,2,0,138546
93101,1,0,138547
93102,2,0,138549
93103,1,0,138550
93104,2,0,138552
93105,1,0,138553
93106,3,0,138556
93107,1,0,138557
93108,1,0,138558
93109,4,0,138562
93110,2,0,138564
93111,2,0,138566
93112,2,0,138568
93113,1,0,138569
93114,1,0,138570
93115,2,0,138572
93116,1,0,138573
93117,3,0,138576
93118,1,0,138577
93119,1,0,138578
93120,1,0,138579
93121,1,0,138580
93122,4,0,138584
93123,3,0,138587
93124,3,0,138590
93125,1,0,138591
93126,2,0,138593
93127,2,0,138595
93128,2,0,138597
93129,1,0,138598
93130,1,0,138599
93131,2,0,138601
93132,1,0,138602
93133,1,0,138603
93134,1,0,138604
93135,2,0,138606
93136,1,0,138607
93137,1,0,138608
93138,1,0,138609
93139,3,0,138612
93140,1,0,138613
93141,1,0,138614
93142,2,0,138616
93143,1,0,138617
93144,2,0,138619
93145,1,0,138620
93146,1,0,138621
93147,1,0,138622
93148,1,0,138623
93149,1,0,138624
93150,1,0,138625
93151,1,0,138626
93152,1,0,138627
93153,2,0,138629
93154,2,0,138631
93155,2,0,138633
93156,1,0,138634
93157,5,0,138639
93158,1,0,138640
93159,1,0,138641
93160,1,0,138642
93161,1,0,138643
93162,1,0,138644
93163,1,0,138645
93164,1,0,138646
93165,1,0,138647
93166,1,0,138648
93167,1,0,138649
93168,1,0,138650
93169,2,0,138652
93170,1,0,138653
93171,1,0,138654
93172,1,0,138655
93173,1,0,138656
93174,2,0,138658
93175,3,0,138661
93176,2,0,138663
93177,1,0,138664
93178,1,0,138665
93179,4,0,138669
93180,1,0,138670
93181,1,0,138671
93182,1,0,138672
93183,1,0,138673
93184,1,0,138674
93185,1,0,138675
93186,1,0,138676
93187,1,0,138677
93188,5,0,138682
93189,1,0,138683
93190,1,0,138684
93191,1,0,138685
93192,1,0,138686
93193,1,0,138687
93194,1,0,138688
93195,2,0,138690
93196,1,0,138691
93197,1,0,138692
93198,1,0,138693
93199,2,0,138695
93200,2,0,138697
93201,1,0,138698
93202,1,0,138699
93203,1,0,138700
93204,1,0,138701
93205,1,0,138702
93206,2,0,138704
93207,1,0,138705
93208,3,0,138708
93209,1,0,138709
93210,1,0,138710
93211,3,0,138713
93212,1,0,138714
93213,1,0,138715
93214,3,0,138718
93215,3,0,138721
93216,1,0,138722
93217,1,0,138723
93218,1,0,138724
93219,2,0,138726
93220,1,0,138727
93221,2,0,138729
93222,1,0,138730
93223,1,0,138731
93224,1,0,138732
93225,1,0,138733
93226,1,0,138734
93227,1,0,138735
93228,2,0,138737
93229,1,0,138738
93230,1,0,138739
93231,6,0,138745
93232,3,0,138748
93233,1,0,138749
93234,2,0,138751
93235,3,0,138754
93236,1,0,138755
93237,1,0,138756
93238,2,0,138758
93239,1,0,138759
93240,1,0,138760
93241,1,0,138761
93242,1,0,138762
93243,1,0,138763
93244,1,0,138764
93245,1,0,138765
93246,1,0,138766
93247,1,0,138767
93248,2,0,138769
93249,1,0,138770
93250,1,0,138771
93251,1,0,138772
93252,1,0,138773
93253,1,0,138774
93254,3,0,138777
93255,2,0,138779
93256,2,0,138781
93257,1,0,138782
93258,2,0,138784
93259,1,0,138785
93260,2,0,138787
93261,1,0,138788
93262,1,0,138789
93263,1,0,138790
93264,1,0,138791
93265,1,0,138792
93266,2,0,138794
93267,1,0,138795
93268,1,0,138796
93269,1,0,138797
93270,1,0,138798
93271,1,0,138799
93272,1,0,138800
93273,4,0,138804
93274,2,0,138806
93275,1,0,138807
93276,2,0,138809
93277,1,0,138810
93278,1,0,138811
93279,1,0,138812
93280,1,0,138813
93281,1,0,138814
93282,4,0,138818
93283,1,0,138819
93284,1,0,138820
93285,1,0,138821
93286,1,0,138822
93287,2,0,138824
93288,1,0,138825
93289,1,0,138826
93290,1,0,138827
93291,1,0,138828
93292,1,0,138829
93293,2,0,138831
93294,2,0,138833
93295,1,0,138834
93296,1,0,138835
93297,1,0,138836
93298,1,0,138837
93299,1,0,138838
93300,1,0,138839
93301,1,0,138840
93302,2,0,138842
93303,1,0,138843
93304,4,0,138847
93305,2,0,138849
93306,1,0,138850
93307,1,0,138851
93308,1,0,138852
93309,1,0,138853
93310,1,0,138854
93311,1,0,138855
93312,1,0,138856
93313,2,0,138858
93314,2,0,138860
93315,1,0,138861
93316,1,0,138862
93317,2,0,138864
93318,3,0,138867
93319,1,0,138868
93320,1,0,138869
93321,1,0,138870
93322,3,0,138873
93323,4,0,138877
93324,1,0,138878
93325,1,0,138879
93326,5,0,138884
93327,1,0,138885
93328,1,0,138886
93329,1,0,138887
93330,1,0,138888
93331,1,0,138889
93332,5,0,138894
93333,1,0,138895
93334,1,0,138896
93335,1,0,138897
93336,2,0,138899
93337,1,0,138900
93338,1,0,138901
93339,1,0,138902
93340,2,0,138904
93341,4,0,138908
93342,2,0,138910
93343,1,0,138911
93344,1,0,138912
93345,1,0,138913
93346,1,0,138914
93347,1,0,138915
93348,1,0,138916
93349,3,0,138919
93350,3,0,138922
93351,1,0,138923
93352,4,0,138927
93353,3,0,138930
93354,1,0,138931
93355,2,0,138933
93356,4,0,138937
93357,1,0,138938
93358,1,0,138939
93359,1,0,138940
93360,2,0,138942
93361,1,0,138943
93362,1,0,138944
93363,1,0,138945
93364,1,0,138946
93365,1,0,138947
93366,1,0,138948
93367,4,0,138952
93368,4,0,138956
93369,1,0,138957
93370,2,0,138959
93371,1,0,138960
93372,1,0,138961
93373,1,0,138962
93374,1,0,138963
93375,3,0,138966
93376,1,0,138967
93377,4,0,138971
93378,1,0,138972
93379,1,0,138973
93380,1,0,138974
93381,1,0,138975
93382,1,0,138976
93383,1,0,138977
93384,1,0,138978
93385,1,0,138979
93386,1,0,138980
93387,2,0,138982
93388,2,0,138984
93389,1,0,138985
93390,2,0,138987
93391,1,0,138988
93392,1,0,138989
93393,3,0,138992
93394,1,0,138993
93395,1,0,138994
93396,1,0,138995
93397,1,0,138996
93398,1,0,138997
93399,1,0,138998
93400,1,0,138999
93401,1,0,139000
93402,1,0,139001
93403,1,0,139002
93404,4,0,139006
93405,1,0,139007
93406,1,0,139008
93407,1,0,139009
93408,4,0,139013
93409,1,0,139014
93410,1,0,139015
93411,1,0,139016
93412,1,0,139017
93413,1,0,139018
93414,2,0,139020
93415,1,0,139021
93416,2,0,139023
93417,1,0,139024
93418,2,0,139026
93419,2,0,139028
93420,1,0,139029
93421,1,0,139030
93422,1,0,139031
93423,1,0,139032
93424,1,0,139033
93425,1,0,139034
93426,2,0,139036
93427,2,0,139038
93428,1,0,139039
93429,1,0,139040
93430,3,0,139043
93431,2,0,139045
93432,1,0,139046
93433,1,0,139047
93434,3,0,139050
93435,1,0,139051
93436,2,0,139053
93437,1,0,139054
93438,1,0,139055
93439,5,0,139060
93440,1,0,139061
93441,1,0,139062
93442,1,0,139063
93443,1,0,139064
93444,3,0,139067
93445,3,0,139070
93446,1,0,139071
93447,1,0,139072
93448,2,0,139074
93449,1,0,139075
93450,2,0,139077
93451,1,0,139078
93452,2,0,139080
93453,1,0,139081
93454,3,0,139084
93455,2,0,139086
93456,5,0,139091
93457,1,0,139092
93458,1,0,139093
93459,5,0,139098
93460,1,0,139099
93461,1,0,139100
93462,2,0,139102
93463,2,0,139104
93464,3,0,139107
93465,2,0,139109
93466,1,0,139110
93467,1,0,139111
93468,3,0,139114
93469,1,0,139115
93470,1,0,139116
93471,1,0,139117
93472,1,0,139118
93473,1,0,139119
93474,2,0,139121
93475,2,0,139123
93476,1,0,139124
93477,2,0,139126
93478,2,0,139128
93479,1,0,139129
93480,1,0,139130
93481,1,0,139131
93482,2,0,139133
93483,2,0,139135
93484,1,0,139136
93485,1,0,139137
93486,1,0,139138
93487,1,0,139139
93488,1,0,139140
93489,1,0,139141
93490,1,0,139142
93491,1,0,139143
93492,1,0,139144
93493,1,0,139145
93494,2,0,139147
93495,1,0,139148
93496,1,0,139149
93497,2,0,139151
93498,1,0,139152
93499,1,0,139153
93500,1,0,139154
93501,1,0,139155
93502,1,0,139156
93503,2,0,139158
93504,1,0,139159
93505,2,0,139161
93506,2,0,139163
93507,1,0,139164
93508,2,0,139166
93509,1,0,139167
93510,1,0,139168
93511,3,0,139171
93512,2,0,139173
93513,1,0,139174
93514,2,0,139176
93515,2,0,139178
93516,4,0,139182
93517,3,0,139185
93518,1,0,139186
93519,1,0,139187
93520,3,0,139190
93521,1,0,139191
93522,2,0,139193
93523,1,0,139194
93524,1,0,139195
93525,1,0,139196
93526,2,0,139198
93527,2,0,139200
93528,3,0,139203
93529,2,0,139205
93530,3,0,139208
93531,2,0,139210
93532,2,0,139212
93533,2,0,139214
93534,1,0,139215
93535,3,0,139218
93536,1,0,139219
93537,1,0,139220
93538,1,0,139221
93539,1,0,139222
93540,2,0,139224
93541,3,0,139227
93542,1,0,139228
93543,2,0,139230
93544,1,0,139231
93545,1,0,139232
93546,1,0,139233
93547,2,0,139235
93548,1,0,139236
93549,1,0,139237
93550,1,0,139238
93551,2,0,139240
93552,1,0,139241
93553,1,0,139242
93554,2,0,139244
93555,1,0,139245
93556,1,0,139246
93557,1,0,139247
93558,1,0,139248
93559,3,0,139251
93560,2,0,139253
93561,4,0,139257
93562,1,0,139258
93563,1,0,139259
93564,1,0,139260
93565,1,0,139261
93566,3,0,139264
93567,2,0,139266
93568,4,0,139270
93569,2,0,139272
93570,1,0,139273
93571,1,0,139274
93572,1,0,139275
93573,1,0,139276
93574,1,0,139277
93575,1,0,139278
93576,2,0,139280
93577,1,0,139281
93578,2,0,139283
93579,2,0,139285
93580,1,0,139286
93581,1,0,139287
93582,1,0,139288
93583,1,0,139289
93584,1,0,139290
93585,1,0,139291
93586,1,0,139292
93587,3,0,139295
93588,2,0,139297
93589,2,0,139299
93590,1,0,139300
93591,2,0,139302
93592,3,0,139305
93593,4,0,139309
93594,1,0,139310
93595,1,0,139311
93596,1,0,139312
93597,1,0,139313
93598,1,0,139314
93599,2,0,139316
93600,4,0,139320
93601,3,0,139323
93602,2,0,139325
93603,2,0,139327
93604,1,0,139328
93605,2,0,139330
93606,1,0,139331
93607,1,0,139332
93608,1,0,139333
93609,3,0,139336
93610,1,0,139337
93611,1,0,139338
93612,3,0,139341
93613,3,0,139344
93614,3,0,139347
93615,1,0,139348
93616,1,0,139349
93617,1,0,139350
93618,1,0,139351
93619,2,0,139353
93620,3,0,139356
93621,2,0,139358
93622,2,0,139360
93623,1,0,139361
93624,1,0,139362
93625,1,0,139363
93626,1,0,139364
93627,1,0,139365
93628,1,0,139366
93629,1,0,139367
93630,1,0,139368
93631,1,0,139369
93632,2,0,139371
93633,1,0,139372
93634,1,0,139373
93635,1,0,139374
93636,1,0,139375
93637,1,0,139376
93638,4,0,139380
93639,2,0,139382
93640,2,0,139384
93641,1,0,139385
93642,1,0,139386
93643,1,0,139387
93644,1,0,139388
93645,1,0,139389
93646,1,0,139390
93647,1,0,139391
93648,1,0,139392
93649,1,0,139393
93650,3,0,139396
93651,1,0,139397
93652,2,0,139399
93653,1,0,139400
93654,1,0,139401
93655,1,0,139402
93656,3,0,139405
93657,2,0,139407
93658,2,0,139409
93659,1,0,139410
93660,1,0,139411
93661,1,0,139412
93662,1,0,139413
93663,2,0,139415
93664,2,0,139417
93665,2,0,139419
93666,1,0,139420
93667,1,0,139421
93668,1,0,139422
93669,3,0,139425
93670,1,0,139426
93671,1,0,139427
93672,1,0,139428
93673,2,0,139430
93674,4,0,139434
93675,3,0,139437
93676,1,0,139438
93677,1,0,139439
93678,1,0,139440
93679,1,0,139441
93680,3,0,139444
93681,4,0,139448
93682,2,0,139450
93683,1,0,139451
93684,2,0,139453
93685,1,0,139454
93686,1,0,139455
93687,2,0,139457
93688,1,0,139458
93689,2,0,139460
93690,1,0,139461
93691,1,0,139462
93692,1,0,139463
93693,1,0,139464
93694,1,0,139465
93695,1,0,139466
93696,3,0,139469
93697,1,0,139470
93698,1,0,139471
93699,5,0,139476
93700,1,0,139477
93701,1,0,139478
93702,2,0,139480
93703,2,0,139482
93704,1,0,139483
93705,1,0,139484
93706,2,0,139486
93707,1,0,139487
93708,1,0,139488
93709,1,0,139489
93710,1,0,139490
93711,1,0,139491
93712,1,0,139492
93713,1,0,139493
93714,1,0,139494
93715,2,0,139496
93716,1,0,139497
93717,1,0,139498
93718,2,0,139500
93719,1,0,139501
93720,2,0,139503
93721,5,0,139508
93722,2,0,139510
93723,1,0,139511
93724,1,0,139512
93725,2,0,139514
93726,3,0,139517
93727,1,0,139518
93728,1,0,139519
93729,4,0,139523
93730,2,0,139525
93731,1,0,139526
93732,1,0,139527
93733,1,0,139528
93734,1,0,139529
93735,2,0,139531
93736,4,0,139535
93737,1,0,139536
93738,2,0,139538
93739,1,0,139539
93740,1,0,139540
93741,1,0,139541
93742,1,0,139542
93743,2,0,139544
93744,1,0,139545
93745,1,0,139546
93746,1,0,139547
93747,1,0,139548
93748,1,0,139549
93749,1,0,139550
93750,2,0,139552
93751,2,0,139554
93752,1,0,139555
93753,1,0,139556
93754,3,0,139559
93755,1,0,139560
93756,4,0,139564
93757,1,0,139565
93758,2,0,139567
93759,2,0,139569
93760,1,0,139570
93761,1,0,139571
93762,1,0,139572
93763,1,0,139573
93764,8,0,139581
93765,1,0,139582
93766,2,0,139584
93767,1,0,139585
93768,3,0,139588
93769,2,0,139590
93770,2,0,139592
93771,2,0,139594
93772,1,0,139595
93773,1,0,139596
93774,1,0,139597
93775,2,0,139599
93776,1,0,139600
93777,2,0,139602
93778,1,0,139603
93779,1,0,139604
93780,6,0,139610
93781,1,0,139611
93782,6,0,139617
93783,1,0,139618
93784,4,0,139622
93785,1,0,139623
93786,1,0,139624
93787,1,0,139625
93788,2,0,139627
93789,3,0,139630
93790,2,0,139632
93791,1,0,139633
93792,1,0,139634
93793,1,0,139635
93794,1,0,139636
93795,2,0,139638
93796,1,0,139639
93797,1,0,139640
93798,1,0,139641
93799,1,0,139642
93800,1,0,139643
93801,3,0,139646
93802,3,0,139649
93803,1,0,139650
93804,1,0,139651
93805,1,0,139652
93806,2,0,139654
93807,3,0,139657
93808,2,0,139659
93809,2,0,139661
93810,1,0,139662
93811,3,0,139665
93812,2,0,139667
93813,1,0,139668
93814,1,0,139669
93815,1,0,139670
93816,2,0,139672
93817,2,0,139674
93818,1,0,139675
93819,1,0,139676
93820,2,0,139678
93821,1,0,139679
93822,1,0,139680
93823,3,0,139683
93824,2,0,139685
93825,1,0,139686
93826,1,0,139687
93827,1,0,139688
93828,1,0,139689
93829,1,0,139690
93830,1,0,139691
93831,1,0,139692
93832,1,0,139693
93833,1,0,139694
93834,1,0,139695
93835,1,0,139696
93836,1,0,139697
93837,1,0,139698
93838,1,0,139699
93839,1,0,139700
93840,2,0,139702
93841,2,0,139704
93842,1,0,139705
93843,1,0,139706
93844,1,0,139707
93845,1,0,139708
93846,2,0,139710
93847,2,0,139712
93848,1,0,139713
93849,1,0,139714
93850,2,0,139716
93851,4,0,139720
93852,1,0,139721
93853,1,0,139722
93854,1,0,139723
93855,1,0,139724
93856,1,0,139725
93857,1,0,139726
93858,1,0,139727
93859,1,0,139728
93860,2,0,139730
93861,1,0,139731
93862,2,0,139733
93863,1,0,139734
93864,2,0,139736
93865,2,0,139738
93866,1,0,139739
93867,1,0,139740
93868,1,0,139741
93869,1,0,139742
93870,1,0,139743
93871,1,0,139744
93872,1,0,139745
93873,1,0,139746
93874,1,0,139747
93875,3,0,139750
93876,3,0,139753
93877,1,0,139754
93878,1,0,139755
93879,1,0,139756
93880,1,0,139757
93881,2,0,139759
93882,1,0,139760
93883,1,0,139761
93884,2,0,139763
93885,1,0,139764
93886,1,0,139765
93887,6,0,139771
93888,2,0,139773
93889,1,0,139774
93890,1,0,139775
93891,1,0,139776
93892,2,0,139778
93893,1,0,139779
93894,1,0,139780
93895,2,0,139782
93896,2,0,139784
93897,2,0,139786
93898,2,0,139788
93899,1,0,139789
93900,2,0,139791
93901,1,0,139792
93902,1,0,139793
93903,2,0,139795
93904,1,0,139796
93905,1,0,139797
93906,2,0,139799
93907,1,0,139800
93908,1,0,139801
93909,1,0,139802
93910,1,0,139803
93911,2,0,139805
93912,4,0,139809
93913,1,0,139810
93914,1,0,139811
93915,1,0,139812
93916,3,0,139815
93917,1,0,139816
93918,1,0,139817
93919,2,0,139819
93920,2,0,139821
93921,2,0,139823
93922,3,0,139826
93923,1,0,139827
93924,1,0,139828
93925,1,0,139829
93926,1,0,139830
93927,1,0,139831
93928,1,0,139832
93929,1,0,139833
93930,1,0,139834
93931,1,0,139835
93932,1,0,139836
93933,1,0,139837
93934,1,0,139838
93935,2,0,139840
93936,1,0,139841
93937,1,0,139842
93938,1,0,139843
93939,1,0,139844
93940,1,0,139845
93941,3,0,139848
93942,2,0,139850
93943,2,0,139852
93944,2,0,139854
93945,1,0,139855
93946,1,0,139856
93947,1,0,139857
93948,1,0,139858
93949,2,0,139860
93950,2,0,139862
93951,1,0,139863
93952,1,0,139864
93953,2,0,139866
93954,5,0,139871
93955,1,0,139872
93956,2,0,139874
93957,1,0,139875
93958,1,0,139876
93959,1,0,139877
93960,1,0,139878
93961,2,0,139880
93962,1,0,139881
93963,2,0,139883
93964,2,0,139885
93965,2,0,139887
93966,1,0,139888
93967,1,0,139889
93968,1,0,139890
93969,2,0,139892
93970,1,0,139893
93971,2,0,139895
93972,1,0,139896
93973,1,0,139897
93974,1,0,139898
93975,1,0,139899
93976,1,0,139900
93977,3,0,139903
93978,1,0,139904
93979,2,0,139906
93980,1,0,139907
93981,1,0,139908
93982,2,0,139910
93983,1,0,139911
93984,1,0,139912
93985,1,0,139913
93986,1,0,139914
93987,2,0,139916
93988,1,0,139917
93989,1,0,139918
93990,2,0,139920
93991,1,0,139921
93992,1,0,139922
93993,1,0,139923
93994,1,0,139924
93995,2,0,139926
93996,1,0,139927
93997,1,0,139928
93998,1,0,139929
93999,1,0,139930
94000,1,0,139931
94001,2,0,139933
94002,2,0,139935
94003,2,0,139937
94004,1,0,139938
94005,4,0,139942
94006,2,0,139944
94007,2,0,139946
94008,1,0,139947
94009,3,0,139950
94010,1,0,139951
94011,1,0,139952
94012,1,0,139953
94013,2,0,139955
94014,1,0,139956
94015,2,0,139958
94016,2,0,139960
94017,1,0,139961
94018,3,0,139964
94019,4,0,139968
94020,1,0,139969
94021,1,0,139970
94022,1,0,139971
94023,1,0,139972
94024,1,0,139973
94025,1,0,139974
94026,2,0,139976
94027,1,0,139977
94028,2,0,139979
94029,1,0,139980
94030,1,0,139981
94031,2,0,139983
94032,1,0,139984
94033,1,0,139985
94034,1,0,139986
94035,1,0,139987
94036,1,0,139988
94037,2,0,139990
94038,1,0,139991
94039,3,0,139994
94040,1,0,139995
94041,1,0,139996
94042,1,0,139997
94043,4,0,140001
94044,1,0,140002
94045,2,0,140004
94046,3,0,140007
94047,1,0,140008
94048,1,0,140009
94049,3,0,140012
94050,1,0,140013
94051,1,0,140014
94052,2,0,140016
94053,1,0,140017
94054,1,0,140018
94055,2,0,140020
94056,3,0,140023
94057,1,0,140024
94058,1,0,140025
94059,1,0,140026
94060,1,0,140027
94061,2,0,140029
94062,1,0,140030
94063,1,0,140031
94064,2,0,140033
94065,1,0,140034
94066,1,0,140035
94067,1,0,140036
94068,2,0,140038
94069,1,0,140039
94070,1,0,140040
94071,1,0,140041
94072,1,0,140042
94073,1,0,140043
94074,1,0,140044
94075,1,0,140045
94076,1,0,140046
94077,1,0,140047
94078,2,0,140049
94079,1,0,140050
94080,2,0,140052
94081,1,0,140053
94082,2,0,140055
94083,1,0,140056
94084,1,0,140057
94085,1,0,140058
94086,3,0,140061
94087,2,0,140063
94088,2,0,140065
94089,2,0,140067
94090,3,0,140070
94091,3,0,140073
94092,1,0,140074
94093,4,0,140078
94094,1,0,140079
94095,2,0,140081
94096,3,0,140084
94097,1,0,140085
94098,4,0,140089
94099,1,0,140090
94100,1,0,140091
94101,1,0,140092
94102,2,0,140094
94103,1,0,140095
94104,1,0,140096
94105,1,0,140097
94106,2,0,140099
94107,2,0,140101
94108,1,0,140102
94109,2,0,140104
94110,1,0,140105
94111,1,0,140106
94112,1,0,140107
94113,3,0,140110
94114,2,0,140112
94115,3,0,140115
94116,1,0,140116
94117,1,0,140117
94118,3,0,140120
94119,3,0,140123
94120,1,0,140124
94121,1,0,140125
94122,2,0,140127
94123,2,0,140129
94124,1,0,140130
94125,1,0,140131
94126,1,0,140132
94127,2,0,140134
94128,4,0,140138
94129,2,0,140140
94130,2,0,140142
94131,1,0,140143
94132,1,0,140144
94133,2,0,140146
94134,1,0,140147
94135,2,0,140149
94136,1,0,140150
94137,2,0,140152
94138,1,0,140153
94139,1,0,140154
94140,1,0,140155
94141,1,0,140156
94142,1,0,140157
94143,2,0,140159
94144,3,0,140162
94145,1,0,140163
94146,1,0,140164
94147,1,0,140165
94148,4,0,140169
94149,1,0,140170
94150,1,0,140171
94151,4,0,140175
94152,3,0,140178
94153,2,0,140180
94154,1,0,140181
94155,1,0,140182
94156,3,0,140185
94157,1,0,140186
94158,1,0,140187
94159,1,0,140188
94160,2,0,140190
94161,1,0,140191
94162,1,0,140192
94163,2,0,140194
94164,1,0,140195
94165,1,0,140196
94166,1,0,140197
94167,1,0,140198
94168,1,0,140199
94169,1,0,140200
94170,1,0,140201
94171,3,0,140204
94172,5,0,140209
94173,1,0,140210
94174,1,0,140211
94175,1,0,140212
94176,1,0,140213
94177,1,0,140214
94178,4,0,140218
94179,1,0,140219
94180,1,0,140220
94181,1,0,140221
94182,1,0,140222
94183,2,0,140224
94184,1,0,140225
94185,1,0,140226
94186,1,0,140227
94187,1,0,140228
94188,4,0,140232
94189,2,0,140234
94190,3,0,140237
94191,1,0,140238
94192,3,0,140241
94193,1,0,140242
94194,1,0,140243
94195,2,0,140245
94196,3,0,140248
94197,1,0,140249
94198,3,0,140252
94199,2,0,140254
94200,1,0,140255
94201,2,0,140257
94202,1,0,140258
94203,2,0,140260
94204,1,0,140261
94205,1,0,140262
94206,1,0,140263
94207,1,0,140264
94208,3,0,140267
94209,1,0,140268
94210,2,0,140270
94211,1,0,140271
94212,2,0,140273
94213,1,0,140274
94214,2,0,140276
94215,1,0,140277
94216,2,0,140279
94217,1,0,140280
94218,1,0,140281
94219,1,0,140282
94220,3,0,140285
94221,1,0,140286
94222,1,0,140287
94223,1,0,140288
94224,1,0,140289
94225,4,0,140293
94226,1,0,140294
94227,3,0,140297
94228,1,0,140298
94229,3,0,140301
94230,3,0,140304
94231,1,0,140305
94232,2,0,140307
94233,2,0,140309
94234,1,0,140310
94235,2,0,140312
94236,1,0,140313
94237,1,0,140314
94238,1,0,140315
94239,1,0,140316
94240,1,0,140317
94241,1,0,140318
94242,1,0,140319
94243,1,0,140320
94244,1,0,140321
94245,1,0,140322
94246,1,0,140323
94247,1,0,140324
94248,1,0,140325
94249,2,0,140327
94250,1,0,140328
94251,2,0,140330
94252,1,0,140331
94253,2,0,140333
94254,2,0,140335
94255,1,0,140336
94256,1,0,140337
94257,1,0,140338
94258,1,0,140339
94259,3,0,140342
94260,1,0,140343
94261,1,0,140344
94262,1,0,140345
94263,1,0,140346
94264,2,0,140348
94265,1,0,140349
94266,1,0,140350
94267,1,0,140351
94268,3,0,140354
94269,1,0,140355
94270,2,0,140357
94271,1,0,140358
94272,2,0,140360
94273,1,0,140361
94274,1,0,140362
94275,1,0,140363
94276,1,0,140364
94277,2,0,140366
94278,1,0,140367
94279,1,0,140368
94280,1,0,140369
94281,1,0,140370
94282,2,0,140372
94283,2,0,140374
94284,1,0,140375
94285,1,0,140376
94286,1,0,140377
94287,1,0,140378
94288,1,0,140379
94289,1,0,140380
94290,1,0,140381
94291,2,0,140383
94292,1,0,140384
94293,2,0,140386
94294,1,0,140387
94295,1,0,140388
94296,1,0,140389
94297,1,0,140390
94298,1,0,140391
94299,1,0,140392
94300,1,0,140393
94301,1,0,140394
94302,1,0,140395
94303,1,0,140396
94304,2,0,140398
94305,2,0,140400
94306,1,0,140401
94307,1,0,140402
94308,1,0,140403
94309,1,0,140404
94310,2,0,140406
94311,1,0,140407
94312,1,0,140408
94313,1,0,140409
94314,2,0,140411
94315,3,0,140414
94316,1,0,140415
94317,3,0,140418
94318,2,0,140420
94319,3,0,140423
94320,3,0,140426
94321,1,0,140427
94322,2,0,140429
94323,1,0,140430
94324,1,0,140431
94325,2,0,140433
94326,1,0,140434
94327,1,0,140435
94328,1,0,140436
94329,1,0,140437
94330,1,0,140438
94331,1,0,140439
94332,1,0,140440
94333,1,0,140441
94334,1,0,140442
94335,1,0,140443
94336,2,0,140445
94337,1,0,140446
94338,1,0,140447
94339,1,0,140448
94340,4,0,140452
94341,1,0,140453
94342,1,0,140454
94343,1,0,140455
94344,1,0,140456
94345,2,0,140458
94346,1,0,140459
94347,1,0,140460
94348,2,0,140462
94349,1,0,140463
94350,1,0,140464
94351,2,0,140466
94352,1,0,140467
94353,1,0,140468
94354,1,0,140469
94355,3,0,140472
94356,1,0,140473
94357,2,0,140475
94358,1,0,140476
94359,1,0,140477
94360,2,0,140479
94361,2,0,140481
94362,1,0,140482
94363,3,0,140485
94364,1,0,140486
94365,2,0,140488
94366,2,0,140490
94367,2,0,140492
94368,2,0,140494
94369,2,0,140496
94370,1,0,140497
94371,1,0,140498
94372,1,0,140499
94373,3,0,140502
94374,1,0,140503
94375,1,0,140504
94376,1,0,140505
94377,1,0,140506
94378,1,0,140507
94379,1,0,140508
94380,1,0,140509
94381,4,0,140513
94382,5,0,140518
94383,1,0,140519
94384,1,0,140520
94385,1,0,140521
94386,1,0,140522
94387,3,0,140525
94388,1,0,140526
94389,1,0,140527
94390,1,0,140528
94391,1,0,140529
94392,1,0,140530
94393,2,0,140532
94394,1,0,140533
94395,1,0,140534
94396,1,0,140535
94397,1,0,140536
94398,6,0,140542
94399,1,0,140543
94400,1,0,140544
94401,1,0,140545
94402,2,0,140547
94403,1,0,140548
94404,1,0,140549
94405,1,0,140550
94406,1,0,140551
94407,1,0,140552
94408,3,0,140555
94409,1,0,140556
94410,1,0,140557
94411,2,0,140559
94412,2,0,140561
94413,2,0,140563
94414,1,0,140564
94415,2,0,140566
94416,2,0,140568
94417,1,0,140569
94418,2,0,140571
94419,1,0,140572
94420,5,0,140577
94421,2,0,140579
94422,1,0,140580
94423,1,0,140581
94424,2,0,140583
94425,2,0,140585
94426,1,0,140586
94427,2,0,140588
94428,7,0,140595
94429,2,0,140597
94430,1,0,140598
94431,2,0,140600
94432,2,0,140602
94433,2,0,140604
94434,1,0,140605
94435,1,0,140606
94436,4,0,140610
94437,2,0,140612
94438,1,0,140613
94439,1,0,140614
94440,1,0,140615
94441,3,0,140618
94442,2,0,140620
94443,2,0,140622
94444,1,0,140623
94445,1,0,140624
94446,2,0,140626
94447,1,0,140627
94448,1,0,140628
94449,1,0,140629
94450,2,0,140631
94451,3,0,140634
94452,1,0,140635
94453,1,0,140636
94454,2,0,140638
94455,1,0,140639
94456,2,0,140641
94457,3,0,140644
94458,2,0,140646
94459,5,0,140651
94460,2,0,140653
94461,1,0,140654
94462,1,0,140655
94463,1,0,140656
94464,1,0,140657
94465,1,0,140658
94466,3,0,140661
94467,2,0,140663
94468,3,0,140666
94469,2,0,140668
94470,2,0,140670
94471,1,0,140671
94472,1,0,140672
94473,1,0,140673
94474,1,0,140674
94475,1,0,140675
94476,3,0,140678
94477,1,0,140679
94478,1,0,140680
94479,4,0,140684
94480,1,0,140685
94481,3,0,140688
94482,1,0,140689
94483,1,0,140690
94484,1,0,140691
94485,3,0,140694
94486,2,0,140696
94487,2,0,140698
94488,2,0,140700
94489,2,0,140702
94490,1,0,140703
94491,1,0,140704
94492,2,0,140706
94493,1,0,140707
94494,2,0,140709
94495,1,0,140710
94496,1,0,140711
94497,3,0,140714
94498,1,0,140715
94499,1,0,140716
94500,1,0,140717
94501,1,0,140718
94502,2,0,140720
94503,1,0,140721
94504,1,0,140722
94505,1,0,140723
94506,1,0,140724
94507,1,0,140725
94508,1,0,140726
94509,1,0,140727
94510,1,0,140728
94511,3,0,140731
94512,2,0,140733
94513,2,0,140735
94514,2,0,140737
94515,6,0,140743
94516,1,0,140744
94517,1,0,140745
94518,1,0,140746
94519,1,0,140747
94520,1,0,140748
94521,1,0,140749
94522,1,0,140750
94523,3,0,140753
94524,3,0,140756
94525,1,0,140757
94526,1,0,140758
94527,2,0,140760
94528,1,0,140761
94529,1,0,140762
94530,1,0,140763
94531,1,0,140764
94532,1,0,140765
94533,3,0,140768
94534,1,0,140769
94535,1,0,140770
94536,3,0,140773
94537,3,0,140776
94538,6,0,140782
94539,1,0,140783
94540,1,0,140784
94541,1,0,140785
94542,2,0,140787
94543,1,0,140788
94544,1,0,140789
94545,1,0,140790
94546,1,0,140791
94547,1,0,140792
94548,1,0,140793
94549,2,0,140795
94550,1,0,140796
94551,1,0,140797
94552,2,0,140799
94553,2,0,140801
94554,1,0,140802
94555,1,0,140803
94556,1,0,140804
94557,1,0,140805
94558,3,0,140808
94559,1,0,140809
94560,1,0,140810
94561,1,0,140811
94562,1,0,140812
94563,1,0,140813
94564,1,0,140814
94565,1,0,140815
94566,1,0,140816
94567,1,0,140817
94568,2,0,140819
94569,1,0,140820
94570,1,0,140821
94571,1,0,140822
94572,3,0,140825
94573,3,0,140828
94574,3,0,140831
94575,1,0,140832
94576,3,0,140835
94577,1,0,140836
94578,1,0,140837
94579,1,0,140838
94580,1,0,140839
94581,3,0,140842
94582,1,0,140843
94583,3,0,140846
94584,1,0,140847
94585,1,0,140848
94586,1,0,140849
94587,1,0,140850
94588,3,0,140853
94589,2,0,140855
94590,1,0,140856
94591,1,0,140857
94592,1,0,140858
94593,2,0,140860
94594,1,0,140861
94595,1,0,140862
94596,2,0,140864
94597,1,0,140865
94598,2,0,140867
94599,2,0,140869
94600,2,0,140871
94601,1,0,140872
94602,4,0,140876
94603,3,0,140879
94604,1,0,140880
94605,1,0,140881
94606,1,0,140882
94607,2,0,140884
94608,1,0,140885
94609,2,0,140887
94610,2,0,140889
94611,1,0,140890
94612,1,0,140891
94613,1,0,140892
94614,2,0,140894
94615,3,0,140897
94616,2,0,140899
94617,1,0,140900
94618,2,0,140902
94619,3,0,140905
94620,2,0,140907
94621,2,0,140909
94622,1,0,140910
94623,1,0,140911
94624,1,0,140912
94625,1,0,140913
94626,3,0,140916
94627,1,0,140917
94628,1,0,140918
94629,2,0,140920
94630,1,0,140921
94631,1,0,140922
94632,1,0,140923
94633,1,0,140924
94634,1,0,140925
94635,1,0,140926
94636,1,0,140927
94637,1,0,140928
94638,2,0,140930
94639,1,0,140931
94640,1,0,140932
94641,1,0,140933
94642,3,0,140936
94643,2,0,140938
94644,1,0,140939
94645,1,0,140940
94646,2,0,140942
94647,1,0,140943
94648,1,0,140944
94649,1,0,140945
94650,1,0,140946
94651,1,0,140947
94652,1,0,140948
94653,1,0,140949
94654,4,0,140953
94655,1,0,140954
94656,1,0,140955
94657,2,0,140957
94658,1,0,140958
94659,1,0,140959
94660,1,0,140960
94661,1,0,140961
94662,1,0,140962
94663,2,0,140964
94664,1,0,140965
94665,1,0,140966
94666,2,0,140968
94667,2,0,140970
94668,1,0,140971
94669,2,0,140973
94670,1,0,140974
94671,1,0,140975
94672,4,0,140979
94673,2,0,140981
94674,2,0,140983
94675,1,0,140984
94676,1,0,140985
94677,4,0,140989
94678,2,0,140991
94679,1,0,140992
94680,3,0,140995
94681,1,0,140996
94682,3,0,140999
94683,1,0,141000
94684,1,0,141001
94685,2,0,141003
94686,1,0,141004
94687,1,0,141005
94688,3,0,141008
94689,1,0,141009
94690,1,0,141010
94691,1,0,141011
94692,1,0,141012
94693,1,0,141013
94694,2,0,141015
94695,1,0,141016
94696,1,0,141017
94697,1,0,141018
94698,1,0,141019
94699,1,0,141020
94700,2,0,141022
94701,1,0,141023
94702,1,0,141024
94703,1,0,141025
94704,3,0,141028
94705,1,0,141029
94706,2,0,141031
94707,2,0,141033
94708,1,0,141034
94709,4,0,141038
94710,1,0,141039
94711,1,0,141040
94712,2,0,141042
94713,1,0,141043
94714,3,0,141046
94715,1,0,141047
94716,1,0,141048
94717,1,0,141049
94718,1,0,141050
94719,1,0,141051
94720,2,0,141053
94721,1,0,141054
94722,1,0,141055
94723,1,0,141056
94724,2,0,141058
94725,1,0,141059
94726,3,0,141062
94727,3,0,141065
94728,1,0,141066
94729,1,0,141067
94730,1,0,141068
94731,1,0,141069
94732,1,0,141070
94733,1,0,141071
94734,1,0,141072
94735,1,0,141073
94736,1,0,141074
94737,1,0,141075
94738,1,0,141076
94739,3,0,141079
94740,1,0,141080
94741,1,0,141081
94742,1,0,141082
94743,2,0,141084
94744,3,0,141087
94745,1,0,141088
94746,1,0,141089
94747,1,0,141090
94748,1,0,141091
94749,2,0,141093
94750,1,0,141094
94751,1,0,141095
94752,1,0,141096
94753,1,0,141097
94754,1,0,141098
94755,1,0,141099
94756,1,0,141100
94757,2,0,141102
94758,1,0,141103
94759,2,0,141105
94760,1,0,141106
94761,1,0,141107
94762,1,0,141108
94763,1,0,141109
94764,5,0,141114
94765,1,0,141115
94766,3,0,141118
94767,2,0,141120
94768,1,0,141121
94769,2,0,141123
94770,1,0,141124
94771,2,0,141126
94772,1,0,141127
94773,1,0,141128
94774,3,0,141131
94775,2,0,141133
94776,1,0,141134
94777,2,0,141136
94778,3,0,141139
94779,7,0,141146
94780,1,0,141147
94781,2,0,141149
94782,1,0,141150
94783,1,0,141151
94784,3,0,141154
94785,1,0,141155
94786,3,0,141158
94787,1,0,141159
94788,1,0,141160
94789,1,0,141161
94790,1,0,141162
94791,1,0,141163
94792,1,0,141164
94793,1,0,141165
94794,2,0,141167
94795,2,0,141169
94796,1,0,141170
94797,1,0,141171
94798,1,0,141172
94799,1,0,141173
94800,1,0,141174
94801,1,0,141175
94802,1,0,141176
94803,2,0,141178
94804,1,0,141179
94805,1,0,141180
94806,1,0,141181
94807,1,0,141182
94808,2,0,141184
94809,2,0,141186
94810,3,0,141189
94811,1,0,141190
94812,1,0,141191
94813,2,0,141193
94814,3,0,141196
94815,2,0,141198
94816,1,0,141199
94817,1,0,141200
94818,2,0,141202
94819,4,0,141206
94820,1,0,141207
94821,4,0,141211
94822,1,0,141212
94823,1,0,141213
94824,1,0,141214
94825,1,0,141215
94826,2,0,141217
94827,4,0,141221
94828,1,0,141222
94829,1,0,141223
94830,2,0,141225
94831,2,0,141227
94832,1,0,141228
94833,1,0,141229
94834,2,0,141231
94835,1,0,141232
94836,2,0,141234
94837,2,0,141236
94838,1,0,141237
94839,1,0,141238
94840,1,0,141239
94841,3,0,141242
94842,1,0,141243
94843,1,0,141244
94844,1,0,141245
94845,2,0,141247
94846,1,0,141248
94847,1,0,141249
94848,4,0,141253
94849,2,0,141255
94850,1,0,141256
94851,1,0,141257
94852,1,0,141258
94853,2,0,141260
94854,1,0,141261
94855,1,0,141262
94856,2,0,141264
94857,1,0,141265
94858,1,0,141266
94859,1,0,141267
94860,1,0,141268
94861,1,0,141269
94862,1,0,141270
94863,1,0,141271
94864,1,0,141272
94865,1,0,141273
94866,2,0,141275
94867,4,0,141279
94868,1,0,141280
94869,1,0,141281
94870,2,0,141283
94871,3,0,141286
94872,2,0,141288
94873,1,0,141289
94874,1,0,141290
94875,2,0,141292
94876,1,0,141293
94877,1,0,141294
94878,1,0,141295
94879,1,0,141296
94880,1,0,141297
94881,1,0,141298
94882,1,0,141299
94883,2,0,141301
94884,1,0,141302
94885,2,0,141304
94886,1,0,141305
94887,1,0,141306
94888,6,0,141312
94889,2,0,141314
94890,1,0,141315
94891,2,0,141317
94892,1,0,141318
94893,1,0,141319
94894,1,0,141320
94895,2,0,141322
94896,1,0,141323
94897,1,0,141324
94898,1,0,141325
94899,1,0,141326
94900,2,0,141328
94901,1,0,141329
94902,1,0,141330
94903,1,0,141331
94904,1,0,141332
94905,2,0,141334
94906,1,0,141335
94907,1,0,141336
94908,1,0,141337
94909,1,0,141338
94910,1,0,141339
94911,1,0,141340
94912,2,0,141342
94913,1,0,141343
94914,1,0,141344
94915,1,0,141345
94916,3,0,141348
94917,2,0,141350
94918,1,0,141351
94919,3,0,141354
94920,2,0,141356
94921,1,0,141357
94922,1,0,141358
94923,1,0,141359
94924,2,0,141361
94925,2,0,141363
94926,1,0,141364
94927,1,0,141365
94928,3,0,141368
94929,2,0,141370
94930,1,0,141371
94931,2,0,141373
94932,1,0,141374
94933,1,0,141375
94934,1,0,141376
94935,1,0,141377
94936,2,0,141379
94937,1,0,141380
94938,1,0,141381
94939,1,0,141382
94940,1,0,141383
94941,1,0,141384
94942,1,0,141385
94943,1,0,141386
94944,3,0,141389
94945,3,0,141392
94946,1,0,141393
94947,2,0,141395
94948,1,0,141396
94949,3,0,141399
94950,1,0,141400
94951,2,0,141402
94952,1,0,141403
94953,1,0,141404
94954,1,0,141405
94955,1,0,141406
94956,1,0,141407
94957,3,0,141410
94958,1,0,141411
94959,1,0,141412
94960,1,0,141413
94961,1,0,141414
94962,1,0,141415
94963,2,0,141417
94964,1,0,141418
94965,1,0,141419
94966,1,0,141420
94967,1,0,141421
94968,1,0,141422
94969,1,0,141423
94970,3,0,141426
94971,1,0,141427
94972,1,0,141428
94973,1,0,141429
94974,1,0,141430
94975,2,0,141432
94976,1,0,141433
94977,1,0,141434
94978,1,0,141435
94979,1,0,141436
94980,3,0,141439
94981,2,0,141441
94982,1,0,141442
94983,1,0,141443
94984,2,0,141445
94985,2,0,141447
94986,1,0,141448
94987,1,0,141449
94988,2,0,141451
94989,1,0,141452
94990,1,0,141453
94991,1,0,141454
94992,1,0,141455
94993,3,0,141458
94994,1,0,141459
94995,3,0,141462
94996,2,0,141464
94997,3,0,141467
94998,1,0,141468
94999,1,0,141469
95000,1,0,141470
95001,2,0,141472
95002,1,0,141473
95003,2,0,141475
95004,3,0,141478
95005,2,0,141480
95006,2,0,141482
95007,3,0,141485
95008,2,0,141487
95009,2,0,141489
95010,2,0,141491
95011,1,0,141492
95012,1,0,141493
95013,1,0,141494
95014,1,0,141495
95015,1,0,141496
95016,1,0,141497
95017,1,0,141498
95018,1,0,141499
95019,2,0,141501
95020,1,0,141502
95021,1,0,141503
95022,2,0,141505
95023,1,0,141506
95024,2,0,141508
95025,1,0,141509
95026,1,0,141510
95027,2,0,141512
95028,1,0,141513
95029,1,0,141514
95030,2,0,141516
95031,1,0,141517
95032,2,0,141519
95033,1,0,141520
95034,1,0,141521
95035,1,0,141522
95036,1,0,141523
95037,1,0,141524
95038,6,0,141530
95039,1,0,141531
95040,3,0,141534
95041,1,0,141535
95042,1,0,141536
95043,1,0,141537
95044,1,0,141538
95045,4,0,141542
95046,1,0,141543
95047,4,0,141547
95048,1,0,141548
95049,3,0,141551
95050,1,0,141552
95051,1,0,141553
95052,1,0,141554
95053,4,0,141558
95054,1,0,141559
95055,2,0,141561
95056,2,0,141563
95057,1,0,141564
95058,2,0,141566
95059,1,0,141567
95060,1,0,141568
95061,3,0,141571
95062,1,0,141572
95063,1,0,141573
95064,1,0,141574
95065,1,0,141575
95066,1,0,141576
95067,1,0,141577
95068,1,0,141578
95069,1,0,141579
95070,1,0,141580
95071,1,0,141581
95072,1,0,141582
95073,2,0,141584
95074,1,0,141585
95075,1,0,141586
95076,2,0,141588
95077,1,0,141589
95078,6,0,141595
95079,2,0,141597
95080,4,0,141601
95081,1,0,141602
95082,2,0,141604
95083,1,0,141605
95084,1,0,141606
95085,1,0,141607
95086,1,0,141608
95087,1,0,141609
95088,2,0,141611
95089,2,0,141613
95090,1,0,141614
95091,4,0,141618
95092,1,0,141619
95093,1,0,141620
95094,1,0,141621
95095,1,0,141622
95096,1,0,141623
95097,2,0,141625
95098,1,0,141626
95099,1,0,141627
95100,2,0,141629
95101,2,0,141631
95102,3,0,141634
95103,4,0,141638
95104,1,0,141639
95105,1,0,141640
95106,1,0,141641
95107,1,0,141642
95108,1,0,141643
95109,1,0,141644
95110,1,0,141645
95111,2,0,141647
95112,4,0,141651
95113,1,0,141652
95114,1,0,141653
95115,1,0,141654
95116,2,0,141656
95117,2,0,141658
95118,1,0,141659
95119,1,0,141660
95120,1,0,141661
95121,4,0,141665
95122,1,0,141666
95123,1,0,141667
95124,1,0,141668
95125,1,0,141669
95126,1,0,141670
95127,1,0,141671
95128,1,0,141672
95129,2,0,141674
95130,3,0,141677
95131,1,0,141678
95132,1,0,141679
95133,4,0,141683
95134,1,0,141684
95135,1,0,141685
95136,1,0,141686
95137,1,0,141687
95138,2,0,141689
95139,1,0,141690
95140,1,0,141691
95141,2,0,141693
95142,1,0,141694
95143,1,0,141695
95144,1,0,141696
95145,1,0,141697
95146,2,0,141699
95147,1,0,141700
95148,1,0,141701
95149,2,0,141703
95150,1,0,141704
95151,1,0,141705
95152,1,0,141706
95153,1,0,141707
95154,2,0,141709
95155,1,0,141710
95156,1,0,141711
95157,2,0,141713
95158,1,0,141714
95159,1,0,141715
95160,2,0,141717
95161,2,0,141719
95162,1,0,141720
95163,1,0,141721
95164,3,0,141724
95165,1,0,141725
95166,1,0,141726
95167,1,0,141727
95168,1,0,141728
95169,2,0,141730
95170,1,0,141731
95171,2,0,141733
95172,1,0,141734
95173,1,0,141735
95174,2,0,141737
95175,1,0,141738
95176,1,0,141739
95177,6,0,141745
95178,1,0,141746
95179,1,0,141747
95180,1,0,141748
95181,2,0,141750
95182,2,0,141752
95183,1,0,141753
95184,2,0,141755
95185,1,0,141756
95186,1,0,141757
95187,3,0,141760
95188,1,0,141761
95189,1,0,141762
95190,1,0,141763
95191,1,0,141764
95192,1,0,141765
95193,1,0,141766
95194,2,0,141768
95195,1,0,141769
95196,1,0,141770
95197,1,0,141771
95198,1,0,141772
95199,4,0,141776
95200,1,0,141777
95201,2,0,141779
95202,1,0,141780
95203,2,0,141782
95204,1,0,141783
95205,1,0,141784
95206,3,0,141787
95207,1,0,141788
95208,1,0,141789
95209,1,0,141790
95210,1,0,141791
95211,1,0,141792
95212,2,0,141794
95213,1,0,141795
95214,1,0,141796
95215,1,0,141797
95216,2,0,141799
95217,2,0,141801
95218,1,0,141802
95219,1,0,141803
95220,1,0,141804
95221,1,0,141805
95222,15,0,141820
95223,3,0,141823
95224,3,0,141826
95225,1,0,141827
95226,1,0,141828
95227,1,0,141829
95228,3,0,141832
95229,1,0,141833
95230,1,0,141834
95231,1,0,141835
95232,1,0,141836
95233,2,0,141838
95234,1,0,141839
95235,2,0,141841
95236,2,0,141843
95237,1,0,141844
95238,1,0,141845
95239,2,0,141847
95240,5,0,141852
95241,4,0,141856
95242,1,0,141857
95243,1,0,141858
95244,1,0,141859
95245,1,0,141860
95246,1,0,141861
95247,2,0,141863
95248,1,0,141864
95249,1,0,141865
95250,1,0,141866
95251,1,0,141867
95252,1,0,141868
95253,1,0,141869
95254,3,0,141872
95255,2,0,141874
95256,1,0,141875
95257,1,0,141876
95258,1,0,141877
95259,1,0,141878
95260,1,0,141879
95261,1,0,141880
95262,2,0,141882
95263,1,0,141883
95264,6,0,141889
95265,1,0,141890
95266,1,0,141891
95267,2,0,141893
95268,1,0,141894
95269,2,0,141896
95270,1,0,141897
95271,1,0,141898
95272,1,0,141899
95273,3,0,141902
95274,1,0,141903
95275,2,0,141905
95276,1,0,141906
95277,2,0,141908
95278,1,0,141909
95279,1,0,141910
95280,3,0,141913
95281,1,0,141914
95282,1,0,141915
95283,1,0,141916
95284,2,0,141918
95285,1,0,141919
95286,2,0,141921
95287,1,0,141922
95288,2,0,141924
95289,2,0,141926
95290,1,0,141927
95291,1,0,141928
95292,2,0,141930
95293,1,0,141931
95294,1,0,141932
95295,2,0,141934
95296,1,0,141935
95297,1,0,141936
95298,2,0,141938
95299,1,0,141939
95300,2,0,141941
95301,1,0,141942
95302,1,0,141943
95303,2,0,141945
95304,1,0,141946
95305,1,0,141947
95306,1,0,141948
95307,2,0,141950
95308,3,0,141953
95309,1,0,141954
95310,1,0,141955
95311,2,0,141957
95312,1,0,141958
95313,2,0,141960
95314,1,0,141961
95315,1,0,141962
95316,2,0,141964
95317,1,0,141965
95318,3,0,141968
95319,1,0,141969
95320,1,0,141970
95321,3,0,141973
95322,3,0,141976
95323,4,0,141980
95324,2,0,141982
95325,1,0,141983
95326,1,0,141984
95327,1,0,141985
95328,2,0,141987
95329,2,0,141989
95330,1,0,141990
95331,3,0,141993
95332,1,0,141994
95333,1,0,141995
95334,1,0,141996
95335,2,0,141998
95336,2,0,142000
95337,3,0,142003
95338,1,0,142004
95339,2,0,142006
95340,1,0,142007
95341,1,0,142008
95342,1,0,142009
95343,1,0,142010
95344,3,0,142013
95345,1,0,142014
95346,1,0,142015
95347,2,0,142017
95348,2,0,142019
95349,1,0,142020
95350,1,0,142021
95351,1,0,142022
95352,4,0,142026
95353,2,0,142028
95354,1,0,142029
95355,1,0,142030
95356,1,0,142031
95357,2,0,142033
95358,1,0,142034
95359,3,0,142037
95360,1,0,142038
95361,1,0,142039
95362,1,0,142040
95363,1,0,142041
95364,1,0,142042
95365,1,0,142043
95366,1,0,142044
95367,1,0,142045
95368,3,0,142048
95369,1,0,142049
95370,1,0,142050
95371,1,0,142051
95372,4,0,142055
95373,1,0,142056
95374,2,0,142058
95375,1,0,142059
95376,1,0,142060
95377,2,0,142062
95378,1,0,142063
95379,1,0,142064
95380,2,0,142066
95381,1,0,142067
95382,2,0,142069
95383,2,0,142071
95384,2,0,142073
95385,1,0,142074
95386,2,0,142076
95387,2,0,142078
95388,2,0,142080
95389,1,0,142081
95390,1,0,142082
95391,1,0,142083
95392,1,0,142084
95393,1,0,142085
95394,2,0,142087
95395,1,0,142088
95396,1,0,142089
95397,2,0,142091
95398,1,0,142092
95399,1,0,142093
95400,1,0,142094
95401,1,0,142095
95402,1,0,142096
95403,3,0,142099
95404,1,0,142100
95405,1,0,142101
95406,2,0,142103
95407,1,0,142104
95408,1,0,142105
95409,1,0,142106
95410,1,0,142107
95411,2,0,142109
95412,2,0,142111
95413,1,0,142112
95414,2,0,142114
95415,1,0,142115
95416,2,0,142117
95417,2,0,142119
95418,1,0,142120
95419,1,0,142121
95420,1,0,142122
95421,2,0,142124
95422,3,0,142127
95423,1,0,142128
95424,1,0,142129
95425,1,0,142130
95426,5,0,142135
95427,1,0,142136
95428,2,0,142138
95429,1,0,142139
95430,2,0,142141
95431,3,0,142144
95432,1,0,142145
95433,2,0,142147
95434,1,0,142148
95435,1,0,142149
95436,1,0,142150
95437,1,0,142151
95438,3,0,142154
95439,1,0,142155
95440,1,0,142156
95441,1,0,142157
95442,2,0,142159
95443,1,0,142160
95444,2,0,142162
95445,6,0,142168
95446,1,0,142169
95447,4,0,142173
95448,1,0,142174
95449,1,0,142175
95450,1,0,142176
95451,1,0,142177
95452,1,0,142178
95453,1,0,142179
95454,1,0,142180
95455,1,0,142181
95456,1,0,142182
95457,1,0,142183
95458,1,0,142184
95459,2,0,142186
95460,3,0,142189
95461,3,0,142192
95462,1,0,142193
95463,1,0,142194
95464,1,0,142195
95465,2,0,142197
95466,1,0,142198
95467,1,0,142199
95468,4,0,142203
95469,2,0,142205
95470,4,0,142209
95471,2,0,142211
95472,3,0,142214
95473,1,0,142215
95474,1,0,142216
95475,1,0,142217
95476,2,0,142219
95477,3,0,142222
95478,1,0,142223
95479,1,0,142224
95480,1,0,142225
95481,1,0,142226
95482,2,0,142228
95483,1,0,142229
95484,3,0,142232
95485,1,0,142233
95486,1,0,142234
95487,1,0,142235
95488,2,0,142237
95489,1,0,142238
95490,2,0,142240
95491,1,0,142241
95492,1,0,142242
95493,1,0,142243
95494,3,0,142246
95495,1,0,142247
95496,1,0,142248
95497,7,0,142255
95498,1,0,142256
95499,2,0,142258
95500,2,0,142260
95501,3,0,142263
95502,1,0,142264
95503,4,0,142268
95504,1,0,142269
95505,3,0,142272
95506,3,0,142275
95507,1,0,142276
95508,2,0,142278
95509,1,0,142279
95510,1,0,142280
95511,1,0,142281
95512,1,0,142282
95513,1,0,142283
95514,1,0,142284
95515,2,0,142286
95516,1,0,142287
95517,1,0,142288
95518,3,0,142291
95519,1,0,142292
95520,1,0,142293
95521,1,0,142294
95522,1,0,142295
95523,1,0,142296
95524,1,0,142297
95525,1,0,142298
95526,1,0,142299
95527,2,0,142301
95528,3,0,142304
95529,2,0,142306
95530,1,0,142307
95531,1,0,142308
95532,1,0,142309
95533,1,0,142310
95534,1,0,142311
95535,1,0,142312
95536,1,0,142313
95537,2,0,142315
95538,1,0,142316
95539,1,0,142317
95540,2,0,142319
95541,2,0,142321
95542,1,0,142322
95543,1,0,142323
95544,1,0,142324
95545,2,0,142326
95546,1,0,142327
95547,2,0,142329
95548,1,0,142330
95549,1,0,142331
95550,1,0,142332
95551,1,0,142333
95552,2,0,142335
95553,1,0,142336
95554,1,0,142337
95555,1,0,142338
95556,2,0,142340
95557,3,0,142343
95558,5,0,142348
95559,1,0,142349
95560,1,0,142350
95561,1,0,142351
95562,1,0,142352
95563,1,0,142353
95564,1,0,142354
95565,1,0,142355
95566,1,0,142356
95567,1,0,142357
95568,1,0,142358
95569,1,0,142359
95570,2,0,142361
95571,1,0,142362
95572,1,0,142363
95573,3,0,142366
95574,4,0,142370
95575,1,0,142371
95576,1,0,142372
95577,1,0,142373
95578,2,0,142375
95579,1,0,142376
95580,2,0,142378
95581,1,0,142379
95582,1,0,142380
95583,1,0,142381
95584,1,0,142382
95585,1,0,142383
95586,1,0,142384
95587,1,0,142385
95588,1,0,142386
95589,1,0,142387
95590,3,0,142390
95591,2,0,142392
95592,1,0,142393
95593,3,0,142396
95594,1,0,142397
95595,1,0,142398
95596,2,0,142400
95597,2,0,142402
95598,3,0,142405
95599,3,0,142408
95600,1,0,142409
95601,1,0,142410
95602,1,0,142411
95603,1,0,142412
95604,2,0,142414
95605,1,0,142415
95606,1,0,142416
95607,1,0,142417
95608,1,0,142418
95609,1,0,142419
95610,1,0,142420
95611,1,0,142421
95612,2,0,142423
95613,1,0,142424
95614,1,0,142425
95615,1,0,142426
95616,1,0,142427
95617,1,0,142428
95618,1,0,142429
95619,2,0,142431
95620,1,0,142432
95621,1,0,142433
95622,3,0,142436
95623,1,0,142437
95624,2,0,142439
95625,2,0,142441
95626,1,0,142442
95627,1,0,142443
95628,1,0,142444
95629,2,0,142446
95630,1,0,142447
95631,1,0,142448
95632,2,0,142450
95633,1,0,142451
95634,1,0,142452
95635,1,0,142453
95636,1,0,142454
95637,3,0,142457
95638,3,0,142460
95639,1,0,142461
95640,1,0,142462
95641,3,0,142465
95642,1,0,142466
95643,2,0,142468
95644,1,0,142469
95645,1,0,142470
95646,2,0,142472
95647,3,0,142475
95648,1,0,142476
95649,2,0,142478
95650,3,0,142481
95651,2,0,142483
95652,1,0,142484
95653,2,0,142486
95654,1,0,142487
95655,1,0,142488
95656,2,0,142490
95657,1,0,142491
95658,1,0,142492
95659,2,0,142494
95660,1,0,142495
95661,1,0,142496
95662,1,0,142497
95663,1,0,142498
95664,1,0,142499
95665,1,0,142500
95666,1,0,142501
95667,4,0,142505
95668,1,0,142506
95669,1,0,142507
95670,2,0,142509
95671,1,0,142510
95672,1,0,142511
95673,1,0,142512
95674,1,0,142513
95675,2,0,142515
95676,1,0,142516
95677,1,0,142517
95678,1,0,142518
95679,1,0,142519
95680,1,0,142520
95681,2,0,142522
95682,1,0,142523
95683,2,0,142525
95684,1,0,142526
95685,1,0,142527
95686,4,0,142531
95687,4,0,142535
95688,5,0,142540
95689,1,0,142541
95690,1,0,142542
95691,4,0,142546
95692,2,0,142548
95693,1,0,142549
95694,1,0,142550
95695,3,0,142553
95696,1,0,142554
95697,3,0,142557
95698,1,0,142558
95699,1,0,142559
95700,1,0,142560
95701,1,0,142561
95702,1,0,142562
95703,1,0,142563
95704,1,0,142564
95705,2,0,142566
95706,2,0,142568
95707,1,0,142569
95708,1,0,142570
95709,1,0,142571
95710,1,0,142572
95711,1,0,142573
95712,2,0,142575
95713,2,0,142577
95714,1,0,142578
95715,1,0,142579
95716,2,0,142581
95717,1,0,142582
95718,1,0,142583
95719,1,0,142584
95720,1,0,142585
95721,3,0,142588
95722,1,0,142589
95723,1,0,142590
95724,1,0,142591
95725,1,0,142592
95726,2,0,142594
95727,5,0,142599
95728,1,0,142600
95729,3,0,142603
95730,2,0,142605
95731,5,0,142610
95732,2,0,142612
95733,2,0,142614
95734,1,0,142615
95735,1,0,142616
95736,1,0,142617
95737,1,0,142618
95738,1,0,142619
95739,1,0,142620
95740,1,0,142621
95741,1,0,142622
95742,1,0,142623
95743,2,0,142625
95744,1,0,142626
95745,1,0,142627
95746,1,0,142628
95747,1,0,142629
95748,1,0,142630
95749,1,0,142631
95750,1,0,142632
95751,2,0,142634
95752,1,0,142635
95753,2,0,142637
95754,1,0,142638
95755,1,0,142639
95756,1,0,142640
95757,1,0,142641
95758,2,0,142643
95759,1,0,142644
95760,1,0,142645
95761,1,0,142646
95762,3,0,142649
95763,1,0,142650
95764,1,0,142651
95765,1,0,142652
95766,1,0,142653
95767,2,0,142655
95768,2,0,142657
95769,1,0,142658
95770,1,0,142659
95771,1,0,142660
95772,1,0,142661
95773,1,0,142662
95774,1,0,142663
95775,1,0,142664
95776,2,0,142666
95777,3,0,142669
95778,2,0,142671
95779,1,0,142672
95780,2,0,142674
95781,4,0,142678
95782,1,0,142679
95783,2,0,142681
95784,1,0,142682
95785,3,0,142685
95786,2,0,142687
95787,1,0,142688
95788,1,0,142689
95789,3,0,142692
95790,1,0,142693
95791,4,0,142697
95792,1,0,142698
95793,1,0,142699
95794,1,0,142700
95795,3,0,142703
95796,1,0,142704
95797,1,0,142705
95798,1,0,142706
95799,2,0,142708
95800,1,0,142709
95801,2,0,142711
95802,3,0,142714
95803,1,0,142715
95804,1,0,142716
95805,2,0,142718
95806,1,0,142719
95807,1,0,142720
95808,2,0,142722
95809,1,0,142723
95810,1,0,142724
95811,1,0,142725
95812,1,0,142726
95813,4,0,142730
95814,1,0,142731
95815,1,0,142732
95816,1,0,142733
95817,1,0,142734
95818,3,0,142737
95819,1,0,142738
95820,2,0,142740
95821,1,0,142741
95822,2,0,142743
95823,1,0,142744
95824,1,0,142745
95825,3,0,142748
95826,1,0,142749
95827,1,0,142750
95828,2,0,142752
95829,2,0,142754
95830,2,0,142756
95831,1,0,142757
95832,1,0,142758
95833,2,0,142760
95834,1,0,142761
95835,1,0,142762
95836,1,0,142763
95837,1,0,142764
95838,3,0,142767
95839,1,0,142768
95840,1,0,142769
95841,1,0,142770
95842,1,0,142771
95843,2,0,142773
95844,2,0,142775
95845,2,0,142777
95846,1,0,142778
95847,2,0,142780
95848,2,0,142782
95849,3,0,142785
95850,2,0,142787
95851,3,0,142790
95852,1,0,142791
95853,1,0,142792
95854,1,0,142793
95855,2,0,142795
95856,1,0,142796
95857,2,0,142798
95858,1,0,142799
95859,1,0,142800
95860,2,0,142802
95861,1,0,142803
95862,1,0,142804
95863,1,0,142805
95864,1,0,142806
95865,1,0,142807
95866,1,0,142808
95867,2,0,142810
95868,2,0,142812
95869,2,0,142814
95870,1,0,142815
95871,2,0,142817
95872,1,0,142818
95873,2,0,142820
95874,1,0,142821
95875,3,0,142824
95876,1,0,142825
95877,1,0,142826
95878,1,0,142827
95879,2,0,142829
95880,1,0,142830
95881,1,0,142831
95882,1,0,142832
95883,1,0,142833
95884,4,0,142837
95885,1,0,142838
95886,1,0,142839
95887,1,0,142840
95888,3,0,142843
95889,1,0,142844
95890,1,0,142845
95891,1,0,142846
95892,1,0,142847
95893,1,0,142848
95894,2,0,142850
95895,1,0,142851
95896,1,0,142852
95897,1,0,142853
95898,1,0,142854
95899,1,0,142855
95900,3,0,142858
95901,1,0,142859
95902,1,0,142860
95903,3,0,142863
95904,1,0,142864
95905,1,0,142865
95906,1,0,142866
95907,1,0,142867
95908,1,0,142868
95909,2,0,142870
95910,1,0,142871
95911,1,0,142872
95912,1,0,142873
95913,2,0,142875
95914,1,0,142876
95915,1,0,142877
95916,7,0,142884
95917,1,0,142885
95918,1,0,142886
95919,1,0,142887
95920,1,0,142888
95921,2,0,142890
95922,1,0,142891
95923,1,0,142892
95924,2,0,142894
95925,2,0,142896
95926,1,0,142897
95927,2,0,142899
95928,1,0,142900
95929,1,0,142901
95930,1,0,142902
95931,1,0,142903
95932,1,0,142904
95933,1,0,142905
95934,1,0,142906
95935,1,0,142907
95936,1,0,142908
95937,3,0,142911
95938,4,0,142915
95939,1,0,142916
95940,1,0,142917
95941,1,0,142918
95942,2,0,142920
95943,1,0,142921
95944,1,0,142922
95945,1,0,142923
95946,1,0,142924
95947,1,0,142925
95948,1,0,142926
95949,1,0,142927
95950,2,0,142929
95951,3,0,142932
95952,1,0,142933
95953,1,0,142934
95954,1,0,142935
95955,1,0,142936
95956,2,0,142938
95957,5,0,142943
95958,2,0,142945
95959,1,0,142946
95960,1,0,142947
95961,1,0,142948
95962,1,0,142949
95963,1,0,142950
95964,1,0,142951
95965,1,0,142952
95966,1,0,142953
95967,4,0,142957
95968,1,0,142958
95969,1,0,142959
95970,1,0,142960
95971,1,0,142961
95972,2,0,142963
95973,1,0,142964
95974,1,0,142965
95975,2,0,142967
95976,1,0,142968
95977,1,0,142969
95978,3,0,142972
95979,2,0,142974
95980,2,0,142976
95981,1,0,142977
95982,2,0,142979
95983,2,0,142981
95984,1,0,142982
95985,1,0,142983
95986,1,0,142984
95987,3,0,142987
95988,1,0,142988
95989,3,0,142991
95990,1,0,142992
95991,2,0,142994
95992,1,0,142995
95993,1,0,142996
95994,2,0,142998
95995,2,0,143000
95996,1,0,143001
95997,1,0,143002
95998,2,0,143004
95999,1,0,143005
96000,3,0,143008
96001,1,0,143009
96002,1,0,143010
96003,1,0,143011
96004,1,0,143012
96005,3,0,143015
96006,1,0,143016
96007,1,0,143017
96008,2,0,143019
96009,1,0,143020
96010,1,0,143021
96011,1,0,143022
96012,1,0,143023
96013,1,0,143024
96014,1,0,143025
96015,1,0,143026
96016,1,0,143027
96017,2,0,143029
96018,1,0,143030
96019,1,0,143031
96020,1,0,143032
96021,1,0,143033
96022,1,0,143034
96023,2,0,143036
96024,1,0,143037
96025,1,0,143038
96026,1,0,143039
96027,3,0,143042
96028,2,0,143044
96029,1,0,143045
96030,2,0,143047
96031,2,0,143049
96032,1,0,143050
96033,1,0,143051
96034,2,0,143053
96035,1,0,143054
96036,1,0,143055
96037,1,0,143056
96038,1,0,143057
96039,1,0,143058
96040,2,0,143060
96041,2,0,143062
96042,1,0,143063
96043,1,0,143064
96044,1,0,143065
96045,1,0,143066
96046,2,0,143068
96047,1,0,143069
96048,1,0,143070
96049,1,0,143071
96050,1,0,143072
96051,1,0,143073
96052,1,0,143074
96053,1,0,143075
96054,1,0,143076
96055,1,0,143077
96056,2,0,143079
96057,1,0,143080
96058,1,0,143081
96059,1,0,143082
96060,2,0,143084
96061,2,0,143086
96062,1,0,143087
96063,1,0,143088
96064,1,0,143089
96065,2,0,143091
96066,1,0,143092
96067,1,0,143093
96068,1,0,143094
96069,1,0,143095
96070,1,0,143096
96071,1,0,143097
96072,1,0,143098
96073,1,0,143099
96074,1,0,143100
96075,1,0,143101
96076,1,0,143102
96077,2,0,143104
96078,1,0,143105
96079,1,0,143106
96080,2,0,143108
96081,1,0,143109
96082,2,0,143111
96083,1,0,143112
96084,2,0,143114
96085,2,0,143116
96086,1,0,143117
96087,1,0,143118
96088,1,0,143119
96089,1,0,143120
96090,2,0,143122
96091,2,0,143124
96092,2,0,143126
96093,1,0,143127
96094,1,0,143128
96095,1,0,143129
96096,1,0,143130
96097,1,0,143131
96098,1,0,143132
96099,2,0,143134
96100,1,0,143135
96101,1,0,143136
96102,2,0,143138
96103,1,0,143139
96104,1,0,143140
96105,1,0,143141
96106,1,0,143142
96107,1,0,143143
96108,1,0,143144
96109,1,0,143145
96110,1,0,143146
96111,1,0,143147
96112,2,0,143149
96113,1,0,143150
96114,2,0,143152
96115,1,0,143153
96116,1,0,143154
96117,1,0,143155
96118,1,0,143156
96119,2,0,143158
96120,1,0,143159
96121,1,0,143160
96122,1,0,143161
96123,2,0,143163
96124,1,0,143164
96125,1,0,143165
96126,2,0,143167
96127,1,0,143168
96128,1,0,143169
96129,1,0,143170
96130,1,0,143171
96131,1,0,143172
96132,1,0,143173
96133,2,0,143175
96134,1,0,143176
96135,3,0,143179
96136,1,0,143180
96137,2,0,143182
96138,3,0,143185
96139,1,0,143186
96140,1,0,143187
96141,1,0,143188
96142,2,0,143190
96143,2,0,143192
96144,1,0,143193
96145,3,0,143196
96146,1,0,143197
96147,1,0,143198
96148,4,0,143202
96149,1,0,143203
96150,3,0,143206
96151,2,0,143208
96152,2,0,143210
96153,2,0,143212
96154,2,0,143214
96155,1,0,143215
96156,1,0,143216
96157,3,0,143219
96158,1,0,143220
96159,1,0,143221
96160,1,0,143222
96161,1,0,143223
96162,2,0,143225
96163,2,0,143227
96164,1,0,143228
96165,2,0,143230
96166,1,0,143231
96167,1,0,143232
96168,2,0,143234
96169,1,0,143235
96170,1,0,143236
96171,3,0,143239
96172,1,0,143240
96173,1,0,143241
96174,3,0,143244
96175,2,0,143246
96176,1,0,143247
96177,2,0,143249
96178,1,0,143250
96179,1,0,143251
96180,3,0,143254
96181,3,0,143257
96182,1,0,143258
96183,2,0,143260
96184,1,0,143261
96185,1,0,143262
96186,2,0,143264
96187,1,0,143265
96188,1,0,143266
96189,1,0,143267
96190,1,0,143268
96191,1,0,143269
96192,2,0,143271
96193,1,0,143272
96194,2,0,143274
96195,2,0,143276
96196,1,0,143277
96197,1,0,143278
96198,1,0,143279
96199,1,0,143280
96200,1,0,143281
96201,2,0,143283
96202,1,0,143284
96203,1,0,143285
96204,1,0,143286
96205,2,0,143288
96206,1,0,143289
96207,1,0,143290
96208,2,0,143292
96209,1,0,143293
96210,2,0,143295
96211,1,0,143296
96212,1,0,143297
96213,1,0,143298
96214,2,0,143300
96215,1,0,143301
96216,1,0,143302
96217,1,0,143303
96218,1,0,143304
96219,1,0,143305
96220,1,0,143306
96221,4,0,143310
96222,2,0,143312
96223,5,0,143317
96224,1,0,143318
96225,1,0,143319
96226,2,0,143321
96227,1,0,143322
96228,1,0,143323
96229,1,0,143324
96230,1,0,143325
96231,1,0,143326
96232,1,0,143327
96233,1,0,143328
96234,3,0,143331
96235,2,0,143333
96236,1,0,143334
96237,2,0,143336
96238,1,0,143337
96239,1,0,143338
96240,1,0,143339
96241,1,0,143340
96242,2,0,143342
96243,1,0,143343
96244,1,0,143344
96245,2,0,143346
96246,2,0,143348
96247,2,0,143350
96248,1,0,143351
96249,1,0,143352
96250,3,0,143355
96251,1,0,143356
96252,1,0,143357
96253,1,0,143358
96254,1,0,143359
96255,1,0,143360
96256,1,0,143361
96257,1,0,143362
96258,1,0,143363
96259,3,0,143366
96260,1,0,143367
96261,3,0,143370
96262,1,0,143371
96263,1,0,143372
96264,1,0,143373
96265,3,0,143376
96266,3,0,143379
96267,2,0,143381
96268,2,0,143383
96269,1,0,143384
96270,2,0,143386
96271,2,0,143388
96272,2,0,143390
96273,1,0,143391
96274,2,0,143393
96275,1,0,143394
96276,2,0,143396
96277,2,0,143398
96278,1,0,143399
96279,3,0,143402
96280,4,0,143406
96281,2,0,143408
96282,1,0,143409
96283,1,0,143410
96284,1,0,143411
96285,1,0,143412
96286,2,0,143414
96287,1,0,143415
96288,1,0,143416
96289,1,0,143417
96290,1,0,143418
96291,1,0,143419
96292,1,0,143420
96293,3,0,143423
96294,1,0,143424
96295,1,0,143425
96296,1,0,143426
96297,2,0,143428
96298,1,0,143429
96299,1,0,143430
96300,3,0,143433
96301,2,0,143435
96302,4,0,143439
96303,2,0,143441
96304,1,0,143442
96305,1,0,143443
96306,1,0,143444
96307,1,0,143445
96308,1,0,143446
96309,2,0,143448
96310,1,0,143449
96311,3,0,143452
96312,1,0,143453
96313,1,0,143454
96314,2,0,143456
96315,1,0,143457
96316,1,0,143458
96317,1,0,143459
96318,2,0,143461
96319,2,0,143463
96320,1,0,143464
96321,4,0,143468
96322,2,0,143470
96323,1,0,143471
96324,1,0,143472
96325,1,0,143473
96326,2,0,143475
96327,1,0,143476
96328,1,0,143477
96329,1,0,143478
96330,1,0,143479
96331,1,0,143480
96332,2,0,143482
96333,1,0,143483
96334,1,0,143484
96335,4,0,143488
96336,1,0,143489
96337,1,0,143490
96338,1,0,143491
96339,1,0,143492
96340,3,0,143495
96341,1,0,143496
96342,1,0,143497
96343,1,0,143498
96344,1,0,143499
96345,1,0,143500
96346,1,0,143501
96347,1,0,143502
96348,1,0,143503
96349,1,0,143504
96350,1,0,143505
96351,2,0,143507
96352,3,0,143510
96353,2,0,143512
96354,1,0,143513
96355,1,0,143514
96356,1,0,143515
96357,2,0,143517
96358,1,0,143518
96359,1,0,143519
96360,3,0,143522
96361,1,0,143523
96362,1,0,143524
96363,1,0,143525
96364,3,0,143528
96365,1,0,143529
96366,3,0,143532
96367,2,0,143534
96368,2,0,143536
96369,1,0,143537
96370,1,0,143538
96371,2,0,143540
96372,3,0,143543
96373,5,0,143548
96374,1,0,143549
96375,2,0,143551
96376,2,0,143553
96377,1,0,143554
96378,1,0,143555
96379,1,0,143556
96380,1,0,143557
96381,1,0,143558
96382,2,0,143560
96383,1,0,143561
96384,1,0,143562
96385,1,0,143563
96386,1,0,143564
96387,2,0,143566
96388,2,0,143568
96389,3,0,143571
96390,1,0,143572
96391,1,0,143573
96392,2,0,143575
96393,2,0,143577
96394,4,0,143581
96395,1,0,143582
96396,1,0,143583
96397,1,0,143584
96398,2,0,143586
96399,4,0,143590
96400,4,0,143594
96401,1,0,143595
96402,1,0,143596
96403,2,0,143598
96404,1,0,143599
96405,1,0,143600
96406,1,0,143601
96407,1,0,143602
96408,2,0,143604
96409,1,0,143605
96410,2,0,143607
96411,1,0,143608
96412,3,0,143611
96413,1,0,143612
96414,1,0,143613
96415,1,0,143614
96416,1,0,143615
96417,1,0,143616
96418,1,0,143617
96419,3,0,143620
96420,1,0,143621
96421,2,0,143623
96422,2,0,143625
96423,2,0,143627
96424,3,0,143630
96425,4,0,143634
96426,1,0,143635
96427,4,0,143639
96428,4,0,143643
96429,1,0,143644
96430,1,0,143645
96431,1,0,143646
96432,1,0,143647
96433,1,0,143648
96434,1,0,143649
96435,2,0,143651
96436,1,0,143652
96437,2,0,143654
96438,2,0,143656
96439,1,0,143657
96440,2,0,143659
96441,1,0,143660
96442,2,0,143662
96443,1,0,143663
96444,1,0,143664
96445,1,0,143665
96446,1,0,143666
96447,2,0,143668
96448,1,0,143669
96449,2,0,143671
96450,1,0,143672
96451,1,0,143673
96452,2,0,143675
96453,2,0,143677
96454,2,0,143679
96455,1,0,143680
96456,2,0,143682
96457,1,0,143683
96458,2,0,143685
96459,1,0,143686
96460,1,0,143687
96461,2,0,143689
96462,2,0,143691
96463,3,0,143694
96464,1,0,143695
96465,1,0,143696
96466,4,0,143700
96467,1,0,143701
96468,1,0,143702
96469,1,0,143703
96470,1,0,143704
96471,1,0,143705
96472,1,0,143706
96473,1,0,143707
96474,1,0,143708
96475,1,0,143709
96476,1,0,143710
96477,2,0,143712
96478,1,0,143713
96479,1,0,143714
96480,2,0,143716
96481,1,0,143717
96482,2,0,143719
96483,3,0,143722
96484,1,0,143723
96485,3,0,143726
96486,1,0,143727
96487,1,0,143728
96488,2,0,143730
96489,2,0,143732
96490,3,0,143735
96491,1,0,143736
96492,3,0,143739
96493,1,0,143740
96494,2,0,143742
96495,1,0,143743
96496,1,0,143744
96497,1,0,143745
96498,1,0,143746
96499,2,0,143748
96500,1,0,143749
96501,2,0,143751
96502,5,0,143756
96503,2,0,143758
96504,1,0,143759
96505,4,0,143763
96506,2,0,143765
96507,1,0,143766
96508,1,0,143767
96509,1,0,143768
96510,1,0,143769
96511,1,0,143770
96512,2,0,143772
96513,1,0,143773
96514,2,0,143775
96515,2,0,143777
96516,1,0,143778
96517,2,0,143780
96518,1,0,143781
96519,1,0,143782
96520,2,0,143784
96521,3,0,143787
96522,1,0,143788
96523,3,0,143791
96524,2,0,143793
96525,1,0,143794
96526,1,0,143795
96527,1,0,143796
96528,1,0,143797
96529,1,0,143798
96530,1,0,143799
96531,2,0,143801
96532,2,0,143803
96533,2,0,143805
96534,1,0,143806
96535,2,0,143808
96536,3,0,143811
96537,3,0,143814
96538,1,0,143815
96539,1,0,143816
96540,1,0,143817
96541,1,0,143818
96542,1,0,143819
96543,1,0,143820
96544,1,0,143821
96545,1,0,143822
96546,1,0,143823
96547,1,0,143824
96548,1,0,143825
96549,1,0,143826
96550,1,0,143827
96551,1,0,143828
96552,2,0,143830
96553,1,0,143831
96554,1,0,143832
96555,1,0,143833
96556,1,0,143834
96557,2,0,143836
96558,1,0,143837
96559,1,0,143838
96560,1,0,143839
96561,1,0,143840
96562,1,0,143841
96563,8,0,143849
96564,3,0,143852
96565,2,0,143854
96566,1,0,143855
96567,1,0,143856
96568,2,0,143858
96569,1,0,143859
96570,2,0,143861
96571,3,0,143864
96572,1,0,143865
96573,1,0,143866
96574,1,0,143867
96575,1,0,143868
96576,1,0,143869
96577,1,0,143870
96578,2,0,143872
96579,1,0,143873
96580,1,0,143874
96581,1,0,143875
96582,2,0,143877
96583,1,0,143878
96584,2,0,143880
96585,1,0,143881
96586,1,0,143882
96587,1,0,143883
96588,1,0,143884
96589,1,0,143885
96590,1,0,143886
96591,1,0,143887
96592,2,0,143889
96593,1,0,143890
96594,1,0,143891
96595,1,0,143892
96596,1,0,143893
96597,1,0,143894
96598,1,0,143895
96599,3,0,143898
96600,1,0,143899
96601,1,0,143900
96602,1,0,143901
96603,1,0,143902
96604,1,0,143903
96605,3,0,143906
96606,1,0,143907
96607,1,0,143908
96608,1,0,143909
96609,1,0,143910
96610,1,0,143911
96611,1,0,143912
96612,1,0,143913
96613,6,0,143919
96614,1,0,143920
96615,3,0,143923
96616,1,0,143924
96617,1,0,143925
96618,1,0,143926
96619,1,0,143927
96620,1,0,143928
96621,2,0,143930
96622,3,0,143933
96623,1,0,143934
96624,1,0,143935
96625,2,0,143937
96626,3,0,143940
96627,1,0,143941
96628,1,0,143942
96629,1,0,143943
96630,2,0,143945
96631,2,0,143947
96632,1,0,143948
96633,2,0,143950
96634,1,0,143951
96635,2,0,143953
96636,2,0,143955
96637,1,0,143956
96638,1,0,143957
96639,1,0,143958
96640,2,0,143960
96641,2,0,143962
96642,1,0,143963
96643,1,0,143964
96644,1,0,143965
96645,2,0,143967
96646,1,0,143968
96647,1,0,143969
96648,1,0,143970
96649,2,0,143972
96650,2,0,143974
96651,2,0,143976
96652,2,0,143978
96653,1,0,143979
96654,2,0,143981
96655,2,0,143983
96656,2,0,143985
96657,1,0,143986
96658,1,0,143987
96659,1,0,143988
96660,3,0,143991
96661,1,0,143992
96662,2,0,143994
96663,3,0,143997
96664,1,0,143998
96665,2,0,144000
96666,1,0,144001
96667,1,0,144002
96668,1,0,144003
96669,2,0,144005
96670,3,0,144008
96671,3,0,144011
96672,1,0,144012
96673,3,0,144015
96674,1,0,144016
96675,3,0,144019
96676,2,0,144021
96677,1,0,144022
96678,1,0,144023
96679,1,0,144024
96680,1,0,144025
96681,4,0,144029
96682,3,0,144032
96683,1,0,144033
96684,3,0,144036
96685,2,0,144038
96686,1,0,144039
96687,1,0,144040
96688,1,0,144041
96689,1,0,144042
96690,1,0,144043
96691,2,0,144045
96692,1,0,144046
96693,1,0,144047
96694,1,0,144048
96695,1,0,144049
96696,1,0,144050
96697,1,0,144051
96698,1,0,144052
96699,1,0,144053
96700,1,0,144054
96701,4,0,144058
96702,1,0,144059
96703,2,0,144061
96704,1,0,144062
96705,1,0,144063
96706,1,0,144064
96707,2,0,144066
96708,1,0,144067
96709,1,0,144068
96710,2,0,144070
96711,1,0,144071
96712,1,0,144072
96713,1,0,144073
96714,1,0,144074
96715,1,0,144075
96716,1,0,144076
96717,2,0,144078
96718,2,0,144080
96719,1,0,144081
96720,1,0,144082
96721,1,0,144083
96722,1,0,144084
96723,1,0,144085
96724,1,0,144086
96725,1,0,144087
96726,1,0,144088
96727,1,0,144089
96728,1,0,144090
96729,1,0,144091
96730,1,0,144092
96731,4,0,144096
96732,1,0,144097
96733,3,0,144100
96734,3,0,144103
96735,1,0,144104
96736,1,0,144105
96737,1,0,144106
96738,3,0,144109
96739,3,0,144112
96740,1,0,144113
96741,2,0,144115
96742,1,0,144116
96743,1,0,144117
96744,1,0,144118
96745,1,0,144119
96746,1,0,144120
96747,1,0,144121
96748,1,0,144122
96749,2,0,144124
96750,1,0,144125
96751,1,0,144126
96752,2,0,144128
96753,1,0,144129
96754,2,0,144131
96755,2,0,144133
96756,1,0,144134
96757,1,0,144135
96758,2,0,144137
96759,2,0,144139
96760,1,0,144140
96761,1,0,144141
96762,1,0,144142
96763,2,0,144144
96764,3,0,144147
96765,2,0,144149
96766,1,0,144150
96767,1,0,144151
96768,3,0,144154
96769,1,0,144155
96770,1,0,144156
96771,1,0,144157
96772,5,0,144162
96773,2,0,144164
96774,4,0,144168
96775,1,0,144169
96776,1,0,144170
96777,2,0,144172
96778,1,0,144173
96779,1,0,144174
96780,1,0,144175
96781,2,0,144177
96782,1,0,144178
96783,1,0,144179
96784,2,0,144181
96785,1,0,144182
96786,1,0,144183
96787,1,0,144184
96788,2,0,144186
96789,1,0,144187
96790,1,0,144188
96791,1,0,144189
96792,1,0,144190
96793,1,0,144191
96794,1,0,144192
96795,4,0,144196
96796,3,0,144199
96797,1,0,144200
96798,3,0,144203
96799,1,0,144204
96800,1,0,144205
96801,1,0,144206
96802,1,0,144207
96803,1,0,144208
96804,1,0,144209
96805,2,0,144211
96806,1,0,144212
96807,1,0,144213
96808,1,0,144214
96809,1,0,144215
96810,1,0,144216
96811,2,0,144218
96812,1,0,144219
96813,2,0,144221
96814,1,0,144222
96815,1,0,144223
96816,1,0,144224
96817,1,0,144225
96818,1,0,144226
96819,1,0,144227
96820,2,0,144229
96821,1,0,144230
96822,1,0,144231
96823,1,0,144232
96824,1,0,144233
96825,1,0,144234
96826,1,0,144235
96827,1,0,144236
96828,5,0,144241
96829,1,0,144242
96830,1,0,144243
96831,3,0,144246
96832,2,0,144248
96833,1,0,144249
96834,2,0,144251
96835,1,0,144252
96836,1,0,144253
96837,1,0,144254
96838,1,0,144255
96839,3,0,144258
96840,4,0,144262
96841,1,0,144263
96842,1,0,144264
96843,1,0,144265
96844,1,0,144266
96845,1,0,144267
96846,1,0,144268
96847,1,0,144269
96848,3,0,144272
96849,1,0,144273
96850,1,0,144274
96851,3,0,144277
96852,1,0,144278
96853,2,0,144280
96854,2,0,144282
96855,1,0,144283
96856,1,0,144284
96857,1,0,144285
96858,1,0,144286
96859,1,0,144287
96860,2,0,144289
96861,2,0,144291
96862,1,0,144292
96863,1,0,144293
96864,1,0,144294
96865,1,0,144295
96866,1,0,144296
96867,3,0,144299
96868,1,0,144300
96869,1,0,144301
96870,1,0,144302
96871,1,0,144303
96872,1,0,144304
96873,1,0,144305
96874,1,0,144306
96875,2,0,144308
96876,1,0,144309
96877,1,0,144310
96878,1,0,144311
96879,1,0,144312
96880,1,0,144313
96881,1,0,144314
96882,1,0,144315
96883,1,0,144316
96884,1,0,144317
96885,1,0,144318
96886,1,0,144319
96887,3,0,144322
96888,1,0,144323
96889,2,0,144325
96890,1,0,144326
96891,1,0,144327
96892,3,0,144330
96893,3,0,144333
96894,1,0,144334
96895,3,0,144337
96896,1,0,144338
96897,1,0,144339
96898,4,0,144343
96899,3,0,144346
96900,1,0,144347
96901,2,0,144349
96902,1,0,144350
96903,2,0,144352
96904,1,0,144353
96905,1,0,144354
96906,1,0,144355
96907,1,0,144356
96908,1,0,144357
96909,1,0,144358
96910,1,0,144359
96911,2,0,144361
96912,3,0,144364
96913,1,0,144365
96914,1,0,144366
96915,1,0,144367
96916,2,0,144369
96917,1,0,144370
96918,1,0,144371
96919,1,0,144372
96920,2,0,144374
96921,1,0,144375
96922,2,0,144377
96923,1,0,144378
96924,2,0,144380
96925,1,0,144381
96926,1,0,144382
96927,1,0,144383
96928,1,0,144384
96929,1,0,144385
96930,2,0,144387
96931,2,0,144389
96932,2,0,144391
96933,2,0,144393
96934,2,0,144395
96935,1,0,144396
96936,1,0,144397
96937,1,0,144398
96938,1,0,144399
96939,2,0,144401
96940,1,0,144402
96941,1,0,144403
96942,1,0,144404
96943,1,0,144405
96944,1,0,144406
96945,2,0,144408
96946,1,0,144409
96947,3,0,144412
96948,4,0,144416
96949,1,0,144417
96950,1,0,144418
96951,1,0,144419
96952,1,0,144420
96953,1,0,144421
96954,1,0,144422
96955,2,0,144424
96956,1,0,144425
96957,1,0,144426
96958,2,0,144428
96959,2,0,144430
96960,1,0,144431
96961,2,0,144433
96962,1,0,144434
96963,1,0,144435
96964,2,0,144437
96965,1,0,144438
96966,1,0,144439
96967,2,0,144441
96968,1,0,144442
96969,2,0,144444
96970,2,0,144446
96971,1,0,144447
96972,1,0,144448
96973,1,0,144449
96974,1,0,144450
96975,1,0,144451
96976,1,0,144452
96977,1,0,144453
96978,1,0,144454
96979,2,0,144456
96980,1,0,144457
96981,1,0,144458
96982,2,0,144460
96983,2,0,144462
96984,1,0,144463
96985,3,0,144466
96986,3,0,144469
96987,1,0,144470
96988,2,0,144472
96989,1,0,144473
96990,1,0,144474
96991,8,0,144482
96992,3,0,144485
96993,1,0,144486
96994,4,0,144490
96995,4,0,144494
96996,1,0,144495
96997,1,0,144496
96998,1,0,144497
96999,2,0,144499
97000,1,0,144500
97001,2,0,144502
97002,2,0,144504
97003,1,0,144505
97004,2,0,144507
97005,1,0,144508
97006,1,0,144509
97007,3,0,144512
97008,1,0,144513
97009,1,0,144514
97010,2,0,144516
97011,2,0,144518
97012,1,0,144519
97013,1,0,144520
97014,1,0,144521
97015,1,0,144522
97016,2,0,144524
97017,1,0,144525
97018,3,0,144528
97019,1,0,144529
97020,1,0,144530
97021,1,0,144531
97022,1,0,144532
97023,1,0,144533
97024,5,0,144538
97025,2,0,144540
97026,3,0,144543
97027,2,0,144545
97028,1,0,144546
97029,1,0,144547
97030,1,0,144548
97031,3,0,144551
97032,4,0,144555
97033,1,0,144556
97034,2,0,144558
97035,2,0,144560
97036,1,0,144561
97037,3,0,144564
97038,5,0,144569
97039,1,0,144570
97040,2,0,144572
97041,2,0,144574
97042,1,0,144575
97043,1,0,144576
97044,1,0,144577
97045,1,0,144578
97046,1,0,144579
97047,1,0,144580
97048,1,0,144581
97049,3,0,144584
97050,1,0,144585
97051,1,0,144586
97052,2,0,144588
97053,2,0,144590
97054,1,0,144591
97055,3,0,144594
97056,1,0,144595
97057,1,0,144596
97058,3,0,144599
97059,1,0,144600
97060,1,0,144601
97061,1,0,144602
97062,2,0,144604
97063,1,0,144605
97064,3,0,144608
97065,1,0,144609
97066,1,0,144610
97067,1,0,144611
97068,1,0,144612
97069,1,0,144613
97070,2,0,144615
97071,3,0,144618
97072,4,0,144622
97073,2,0,144624
97074,1,0,144625
97075,2,0,144627
97076,2,0,144629
97077,2,0,144631
97078,1,0,144632
97079,1,0,144633
97080,2,0,144635
97081,2,0,144637
97082,1,0,144638
97083,1,0,144639
97084,1,0,144640
97085,1,0,144641
97086,1,0,144642
97087,1,0,144643
97088,1,0,144644
97089,6,0,144650
97090,1,0,144651
97091,3,0,144654
97092,2,0,144656
97093,2,0,144658
97094,1,0,144659
97095,2,0,144661
97096,1,0,144662
97097,1,0,144663
97098,1,0,144664
97099,1,0,144665
97100,3,0,144668
97101,4,0,144672
97102,3,0,144675
97103,2,0,144677
97104,1,0,144678
97105,3,0,144681
97106,1,0,144682
97107,1,0,144683
97108,1,0,144684
97109,1,0,144685
97110,4,0,144689
97111,1,0,144690
97112,1,0,144691
97113,3,0,144694
97114,1,0,144695
97115,1,0,144696
97116,1,0,144697
97117,1,0,144698
97118,1,0,144699
97119,2,0,144701
97120,1,0,144702
97121,1,0,144703
97122,1,0,144704
97123,1,0,144705
97124,2,0,144707
97125,1,0,144708
97126,2,0,144710
97127,1,0,144711
97128,1,0,144712
97129,1,0,144713
97130,1,0,144714
97131,1,0,144715
97132,2,0,144717
97133,1,0,144718
97134,2,0,144720
97135,1,0,144721
97136,1,0,144722
97137,1,0,144723
97138,2,0,144725
97139,3,0,144728
97140,3,0,144731
97141,1,0,144732
97142,2,0,144734
97143,1,0,144735
97144,1,0,144736
97145,1,0,144737
97146,1,0,144738
97147,1,0,144739
97148,1,0,144740
97149,2,0,144742
97150,3,0,144745
97151,2,0,144747
97152,1,0,144748
97153,1,0,144749
97154,1,0,144750
97155,3,0,144753
97156,1,0,144754
97157,2,0,144756
97158,1,0,144757
97159,1,0,144758
97160,1,0,144759
97161,1,0,144760
97162,2,0,144762
97163,2,0,144764
97164,2,0,144766
97165,1,0,144767
97166,1,0,144768
97167,1,0,144769
97168,1,0,144770
97169,1,0,144771
97170,2,0,144773
97171,2,0,144775
97172,1,0,144776
97173,1,0,144777
97174,1,0,144778
97175,1,0,144779
97176,2,0,144781
97177,1,0,144782
97178,1,0,144783
97179,1,0,144784
97180,1,0,144785
97181,1,0,144786
97182,1,0,144787
97183,2,0,144789
97184,1,0,144790
97185,1,0,144791
97186,1,0,144792
97187,1,0,144793
97188,3,0,144796
97189,1,0,144797
97190,3,0,144800
97191,2,0,144802
97192,1,0,144803
97193,3,0,144806
97194,1,0,144807
97195,1,0,144808
97196,1,0,144809
97197,1,0,144810
97198,1,0,144811
97199,2,0,144813
97200,2,0,144815
97201,1,0,144816
97202,1,0,144817
97203,1,0,144818
97204,1,0,144819
97205,1,0,144820
97206,1,0,144821
97207,1,0,144822
97208,2,0,144824
97209,2,0,144826
97210,2,0,144828
97211,3,0,144831
97212,1,0,144832
97213,1,0,144833
97214,1,0,144834
97215,2,0,144836
97216,1,0,144837
97217,2,0,144839
97218,1,0,144840
97219,1,0,144841
97220,2,0,144843
97221,1,0,144844
97222,1,0,144845
97223,1,0,144846
97224,1,0,144847
97225,1,0,144848
97226,1,0,144849
97227,3,0,144852
97228,1,0,144853
97229,1,0,144854
97230,2,0,144856
97231,2,0,144858
97232,2,0,144860
97233,3,0,144863
97234,1,0,144864
97235,1,0,144865
97236,1,0,144866
97237,2,0,144868
97238,2,0,144870
97239,2,0,144872
97240,1,0,144873
97241,2,0,144875
97242,1,0,144876
97243,1,0,144877
97244,2,0,144879
97245,2,0,144881
97246,2,0,144883
97247,1,0,144884
97248,1,0,144885
97249,1,0,144886
97250,1,0,144887
97251,1,0,144888
97252,1,0,144889
97253,1,0,144890
97254,1,0,144891
97255,1,0,144892
97256,1,0,144893
97257,1,0,144894
97258,1,0,144895
97259,1,0,144896
97260,3,0,144899
97261,2,0,144901
97262,1,0,144902
97263,5,0,144907
97264,1,0,144908
97265,2,0,144910
97266,1,0,144911
97267,1,0,144912
97268,1,0,144913
97269,1,0,144914
97270,1,0,144915
97271,1,0,144916
97272,2,0,144918
97273,1,0,144919
97274,1,0,144920
97275,1,0,144921
97276,1,0,144922
97277,4,0,144926
97278,1,0,144927
97279,1,0,144928
97280,4,0,144932
97281,2,0,144934
97282,4,0,144938
97283,4,0,144942
97284,2,0,144944
97285,1,0,144945
97286,3,0,144948
97287,4,0,144952
97288,3,0,144955
97289,2,0,144957
97290,1,0,144958
97291,2,0,144960
97292,2,0,144962
97293,1,0,144963
97294,2,0,144965
97295,3,0,144968
97296,1,0,144969
97297,1,0,144970
97298,1,0,144971
97299,1,0,144972
97300,1,0,144973
97301,1,0,144974
97302,2,0,144976
97303,1,0,144977
97304,1,0,144978
97305,1,0,144979
97306,1,0,144980
97307,2,0,144982
97308,2,0,144984
97309,1,0,144985
97310,1,0,144986
97311,1,0,144987
97312,1,0,144988
97313,2,0,144990
97314,1,0,144991
97315,1,0,144992
97316,2,0,144994
97317,1,0,144995
97318,1,0,144996
97319,1,0,144997
97320,2,0,144999
97321,3,0,145002
97322,1,0,145003
97323,1,0,145004
97324,1,0,145005
97325,2,0,145007
97326,1,0,145008
97327,1,0,145009
97328,1,0,145010
97329,1,0,145011
97330,1,0,145012
97331,1,0,145013
97332,2,0,145015
97333,1,0,145016
97334,1,0,145017
97335,1,0,145018
97336,4,0,145022
97337,2,0,145024
97338,1,0,145025
97339,2,0,145027
97340,1,0,145028
97341,2,0,145030
97342,5,0,145035
97343,1,0,145036
97344,1,0,145037
97345,2,0,145039
97346,1,0,145040
97347,1,0,145041
97348,1,0,145042
97349,1,0,145043
97350,3,0,145046
97351,1,0,145047
97352,1,0,145048
97353,1,0,145049
97354,1,0,145050
97355,3,0,145053
97356,1,0,145054
97357,3,0,145057
97358,1,0,145058
97359,1,0,145059
97360,1,0,145060
97361,2,0,145062
97362,1,0,145063
97363,3,0,145066
97364,2,0,145068
97365,4,0,145072
97366,1,0,145073
97367,3,0,145076
97368,1,0,145077
97369,1,0,145078
97370,1,0,145079
97371,3,0,145082
97372,3,0,145085
97373,1,0,145086
97374,3,0,145089
97375,1,0,145090
97376,1,0,145091
97377,2,0,145093
97378,1,0,145094
97379,2,0,145096
97380,1,0,145097
97381,2,0,145099
97382,2,0,145101
97383,2,0,145103
97384,1,0,145104
97385,4,0,145108
97386,1,0,145109
97387,1,0,145110
97388,1,0,145111
97389,2,0,145113
97390,1,0,145114
97391,2,0,145116
97392,1,0,145117
97393,3,0,145120
97394,1,0,145121
97395,1,0,145122
97396,1,0,145123
97397,1,0,145124
97398,1,0,145125
97399,1,0,145126
97400,1,0,145127
97401,1,0,145128
97402,1,0,145129
97403,1,0,145130
97404,1,0,145131
97405,1,0,145132
97406,1,0,145133
97407,1,0,145134
97408,1,0,145135
97409,3,0,145138
97410,1,0,145139
97411,1,0,145140
97412,2,0,145142
97413,2,0,145144
97414,1,0,145145
97415,1,0,145146
97416,1,0,145147
97417,1,0,145148
97418,2,0,145150
97419,1,0,145151
97420,1,0,145152
97421,1,0,145153
97422,2,0,145155
97423,2,0,145157
97424,1,0,145158
97425,2,0,145160
97426,3,0,145163
97427,1,0,145164
97428,2,0,145166
97429,1,0,145167
97430,1,0,145168
97431,1,0,145169
97432,1,0,145170
97433,1,0,145171
97434,1,0,145172
97435,1,0,145173
97436,1,0,145174
97437,1,0,145175
97438,2,0,145177
97439,1,0,145178
97440,1,0,145179
97441,1,0,145180
97442,2,0,145182
97443,2,0,145184
97444,2,0,145186
97445,1,0,145187
97446,2,0,145189
97447,1,0,145190
97448,1,0,145191
97449,1,0,145192
97450,1,0,145193
97451,1,0,145194
97452,1,0,145195
97453,1,0,145196
97454,1,0,145197
97455,1,0,145198
97456,1,0,145199
97457,1,0,145200
97458,1,0,145201
97459,3,0,145204
97460,3,0,145207
97461,1,0,145208
97462,3,0,145211
97463,2,0,145213
97464,3,0,145216
97465,2,0,145218
97466,2,0,145220
97467,1,0,145221
97468,1,0,145222
97469,1,0,145223
97470,1,0,145224
97471,1,0,145225
97472,1,0,145226
97473,3,0,145229
97474,1,0,145230
97475,2,0,145232
97476,1,0,145233
97477,2,0,145235
97478,1,0,145236
97479,4,0,145240
97480,2,0,145242
97481,5,0,145247
97482,1,0,145248
97483,1,0,145249
97484,2,0,145251
97485,1,0,145252
97486,1,0,145253
97487,4,0,145257
97488,1,0,145258
97489,2,0,145260
97490,2,0,145262
97491,4,0,145266
97492,1,0,145267
97493,1,0,145268
97494,1,0,145269
97495,1,0,145270
97496,1,0,145271
97497,1,0,145272
97498,2,0,145274
97499,3,0,145277
97500,1,0,145278
97501,1,0,145279
97502,1,0,145280
97503,3,0,145283
97504,1,0,145284
97505,2,0,145286
97506,1,0,145287
97507,1,0,145288
97508,1,0,145289
97509,2,0,145291
97510,3,0,145294
97511,1,0,145295
97512,1,0,145296
97513,2,0,145298
97514,1,0,145299
97515,1,0,145300
97516,1,0,145301
97517,1,0,145302
97518,2,0,145304
97519,1,0,145305
97520,2,0,145307
97521,4,0,145311
97522,2,0,145313
97523,1,0,145314
97524,1,0,145315
97525,3,0,145318
97526,2,0,145320
97527,1,0,145321
97528,4,0,145325
97529,1,0,145326
97530,1,0,145327
97531,1,0,145328
97532,1,0,145329
97533,2,0,145331
97534,4,0,145335
97535,2,0,145337
97536,1,0,145338
97537,1,0,145339
97538,2,0,145341
97539,2,0,145343
97540,2,0,145345
97541,2,0,145347
97542,1,0,145348
97543,2,0,145350
97544,1,0,145351
97545,1,0,145352
97546,1,0,145353
97547,1,0,145354
97548,1,0,145355
97549,1,0,145356
97550,1,0,145357
97551,2,0,145359
97552,1,0,145360
97553,2,0,145362
97554,2,0,145364
97555,2,0,145366
97556,1,0,145367
97557,2,0,145369
97558,1,0,145370
97559,1,0,145371
97560,3,0,145374
97561,1,0,145375
97562,1,0,145376
97563,1,0,145377
97564,1,0,145378
97565,1,0,145379
97566,2,0,145381
97567,1,0,145382
97568,1,0,145383
97569,1,0,145384
97570,2,0,145386
97571,2,0,145388
97572,2,0,145390
97573,3,0,145393
97574,1,0,145394
97575,1,0,145395
97576,1,0,145396
97577,1,0,145397
97578,1,0,145398
97579,2,0,145400
97580,1,0,145401
97581,1,0,145402
97582,1,0,145403
97583,1,0,145404
97584,1,0,145405
97585,2,0,145407
97586,2,0,145409
97587,1,0,145410
97588,1,0,145411
97589,1,0,145412
97590,3,0,145415
97591,1,0,145416
97592,1,0,145417
97593,1,0,145418
97594,2,0,145420
97595,1,0,145421
97596,1,0,145422
97597,1,0,145423
97598,2,0,145425
97599,1,0,145426
97600,1,0,145427
97601,1,0,145428
97602,1,0,145429
97603,1,0,145430
97604,3,0,145433
97605,1,0,145434
97606,1,0,145435
97607,4,0,145439
97608,1,0,145440
97609,1,0,145441
97610,2,0,145443
97611,2,0,145445
97612,1,0,145446
97613,1,0,145447
97614,3,0,145450
97615,1,0,145451
97616,1,0,145452
97617,1,0,145453
97618,1,0,145454
97619,2,0,145456
97620,1,0,145457
97621,1,0,145458
97622,1,0,145459
97623,1,0,145460
97624,2,0,145462
97625,2,0,145464
97626,2,0,145466
97627,1,0,145467
97628,1,0,145468
97629,2,0,145470
97630,1,0,145471
97631,1,0,145472
97632,1,0,145473
97633,1,0,145474
97634,2,0,145476
97635,3,0,145479
97636,2,0,145481
97637,1,0,145482
97638,1,0,145483
97639,1,0,145484
97640,1,0,145485
97641,1,0,145486
97642,1,0,145487
97643,1,0,145488
97644,2,0,145490
97645,1,0,145491
97646,1,0,145492
97647,3,0,145495
97648,1,0,145496
97649,1,0,145497
97650,1,0,145498
97651,1,0,145499
97652,1,0,145500
97653,1,0,145501
97654,1,0,145502
97655,3,0,145505
97656,1,0,145506
97657,1,0,145507
97658,1,0,145508
97659,1,0,145509
97660,1,0,145510
97661,3,0,145513
97662,1,0,145514
97663,3,0,145517
97664,2,0,145519
97665,1,0,145520
97666,3,0,145523
97667,1,0,145524
97668,1,0,145525
97669,2,0,145527
97670,3,0,145530
97671,1,0,145531
97672,1,0,145532
97673,1,0,145533
97674,1,0,145534
97675,2,0,145536
97676,1,0,145537
97677,1,0,145538
97678,1,0,145539
97679,2,0,145541
97680,1,0,145542
97681,1,0,145543
97682,1,0,145544
97683,1,0,145545
97684,2,0,145547
97685,1,0,145548
97686,1,0,145549
97687,1,0,145550
97688,2,0,145552
97689,1,0,145553
97690,1,0,145554
97691,1,0,145555
97692,1,0,145556
97693,1,0,145557
97694,3,0,145560
97695,1,0,145561
97696,1,0,145562
97697,4,0,145566
97698,1,0,145567
97699,1,0,145568
97700,1,0,145569
97701,2,0,145571
97702,5,0,145576
97703,1,0,145577
97704,2,0,145579
97705,1,0,145580
97706,1,0,145581
97707,1,0,145582
97708,2,0,145584
97709,4,0,145588
97710,1,0,145589
97711,1,0,145590
97712,2,0,145592
97713,1,0,145593
97714,5,0,145598
97715,2,0,145600
97716,1,0,145601
97717,2,0,145603
97718,2,0,145605
97719,1,0,145606
97720,1,0,145607
97721,3,0,145610
97722,2,0,145612
97723,1,0,145613
97724,1,0,145614
97725,1,0,145615
97726,1,0,145616
97727,2,0,145618
97728,1,0,145619
97729,2,0,145621
97730,3,0,145624
97731,1,0,145625
97732,1,0,145626
97733,1,0,145627
97734,1,0,145628
97735,1,0,145629
97736,2,0,145631
97737,3,0,145634
97738,2,0,145636
97739,1,0,145637
97740,1,0,145638
97741,1,0,145639
97742,1,0,145640
97743,2,0,145642
97744,1,0,145643
97745,1,0,145644
97746,2,0,145646
97747,1,0,145647
97748,1,0,145648
97749,3,0,145651
97750,1,0,145652
97751,3,0,145655
97752,1,0,145656
97753,1,0,145657
97754,4,0,145661
97755,2,0,145663
97756,2,0,145665
97757,2,0,145667
97758,3,0,145670
97759,1,0,145671
97760,1,0,145672
97761,1,0,145673
97762,2,0,145675
97763,1,0,145676
97764,1,0,145677
97765,1,0,145678
97766,2,0,145680
97767,1,0,145681
97768,1,0,145682
97769,1,0,145683
97770,3,0,145686
97771,1,0,145687
97772,1,0,145688
97773,1,0,145689
97774,3,0,145692
97775,1,0,145693
97776,1,0,145694
97777,4,0,145698
97778,1,0,145699
97779,1,0,145700
97780,5,0,145705
97781,4,0,145709
97782,1,0,145710
97783,2,0,145712
97784,1,0,145713
97785,1,0,145714
97786,3,0,145717
97787,1,0,145718
97788,1,0,145719
97789,1,0,145720
97790,1,0,145721
97791,1,0,145722
97792,1,0,145723
97793,1,0,145724
97794,1,0,145725
97795,1,0,145726
97796,1,0,145727
97797,1,0,145728
97798,1,0,145729
97799,1,0,145730
97800,1,0,145731
97801,1,0,145732
97802,1,0,145733
97803,2,0,145735
97804,2,0,145737
97805,2,0,145739
97806,2,0,145741
97807,1,0,145742
97808,4,0,145746
97809,2,0,145748
97810,2,0,145750
97811,1,0,145751
97812,1,0,145752
97813,1,0,145753
97814,2,0,145755
97815,1,0,145756
97816,2,0,145758
97817,1,0,145759
97818,1,0,145760
97819,1,0,145761
97820,3,0,145764
97821,1,0,145765
97822,2,0,145767
97823,2,0,145769
97824,3,0,145772
97825,1,0,145773
97826,2,0,145775
97827,1,0,145776
97828,1,0,145777
97829,1,0,145778
97830,1,0,145779
97831,1,0,145780
97832,1,0,145781
97833,4,0,145785
97834,1,0,145786
97835,2,0,145788
97836,2,0,145790
97837,2,0,145792
97838,2,0,145794
97839,1,0,145795
97840,5,0,145800
97841,2,0,145802
97842,1,0,145803
97843,1,0,145804
97844,1,0,145805
97845,1,0,145806
97846,3,0,145809
97847,1,0,145810
97848,1,0,145811
97849,3,0,145814
97850,1,0,145815
97851,1,0,145816
97852,1,0,145817
97853,3,0,145820
97854,1,0,145821
97855,2,0,145823
97856,1,0,145824
97857,1,0,145825
97858,1,0,145826
97859,1,0,145827
97860,2,0,145829
97861,3,0,145832
97862,2,0,145834
97863,2,0,145836
97864,1,0,145837
97865,1,0,145838
97866,1,0,145839
97867,1,0,145840
97868,2,0,145842
97869,1,0,145843
97870,1,0,145844
97871,1,0,145845
97872,1,0,145846
97873,1,0,145847
97874,4,0,145851
97875,1,0,145852
97876,2,0,145854
97877,1,0,145855
97878,2,0,145857
97879,1,0,145858
97880,5,0,145863
97881,2,0,145865
97882,1,0,145866
97883,1,0,145867
97884,1,0,145868
97885,1,0,145869
97886,1,0,145870
97887,2,0,145872
97888,2,0,145874
97889,4,0,145878
97890,2,0,145880
97891,1,0,145881
97892,1,0,145882
97893,2,0,145884
97894,2,0,145886
97895,1,0,145887
97896,1,0,145888
97897,1,0,145889
97898,1,0,145890
97899,2,0,145892
97900,5,0,145897
97901,1,0,145898
97902,1,0,145899
97903,1,0,145900
97904,4,0,145904
97905,1,0,145905
97906,1,0,145906
97907,1,0,145907
97908,3,0,145910
97909,1,0,145911
97910,1,0,145912
97911,1,0,145913
97912,1,0,145914
97913,1,0,145915
97914,2,0,145917
97915,2,0,145919
97916,1,0,145920
97917,2,0,145922
97918,1,0,145923
97919,1,0,145924
97920,1,0,145925
97921,3,0,145928
97922,1,0,145929
97923,1,0,145930
97924,2,0,145932
97925,3,0,145935
97926,1,0,145936
97927,2,0,145938
97928,1,0,145939
97929,2,0,145941
97930,1,0,145942
97931,1,0,145943
97932,1,0,145944
97933,1,0,145945
97934,2,0,145947
97935,4,0,145951
97936,1,0,145952
97937,1,0,145953
97938,1,0,145954
97939,1,0,145955
97940,1,0,145956
97941,1,0,145957
97942,1,0,145958
97943,1,0,145959
97944,2,0,145961
97945,1,0,145962
97946,4,0,145966
97947,2,0,145968
97948,1,0,145969
97949,2,0,145971
97950,1,0,145972
97951,1,0,145973
97952,2,0,145975
97953,1,0,145976
97954,1,0,145977
97955,1,0,145978
97956,1,0,145979
97957,1,0,145980
97958,1,0,145981
97959,1,0,145982
97960,1,0,145983
97961,3,0,145986
97962,1,0,145987
97963,2,0,145989
97964,3,0,145992
97965,1,0,145993
97966,1,0,145994
97967,1,0,145995
97968,2,0,145997
97969,1,0,145998
97970,2,0,146000
97971,1,0,146001
97972,2,0,146003
97973,4,0,146007
97974,1,0,146008
97975,1,0,146009
97976,2,0,146011
97977,2,0,146013
97978,1,0,146014
97979,1,0,146015
97980,1,0,146016
97981,1,0,146017
97982,1,0,146018
97983,1,0,146019
97984,1,0,146020
97985,2,0,146022
97986,1,0,146023
97987,4,0,146027
97988,1,0,146028
97989,2,0,146030
97990,2,0,146032
97991,1,0,146033
97992,1,0,146034
97993,1,0,146035
97994,2,0,146037
97995,2,0,146039
97996,1,0,146040
97997,1,0,146041
97998,2,0,146043
97999,2,0,146045
98000,2,0,146047
98001,1,0,146048
98002,1,0,146049
98003,1,0,146050
98004,1,0,146051
98005,3,0,146054
98006,2,0,146056
98007,1,0,146057
98008,2,0,146059
98009,1,0,146060
98010,2,0,146062
98011,1,0,146063
98012,1,0,146064
98013,2,0,146066
98014,2,0,146068
98015,1,0,146069
98016,2,0,146071
98017,3,0,146074
98018,1,0,146075
98019,1,0,146076
98020,1,0,146077
98021,2,0,146079
98022,2,0,146081
98023,1,0,146082
98024,2,0,146084
98025,3,0,146087
98026,1,0,146088
98027,1,0,146089
98028,1,0,146090
98029,1,0,146091
98030,1,0,146092
98031,2,0,146094
98032,1,0,146095
98033,1,0,146096
98034,1,0,146097
98035,1,0,146098
98036,1,0,146099
98037,1,0,146100
98038,1,0,146101
98039,6,0,146107
98040,1,0,146108
98041,1,0,146109
98042,1,0,146110
98043,2,0,146112
98044,1,0,146113
98045,3,0,146116
98046,2,0,146118
98047,1,0,146119
98048,3,0,146122
98049,2,0,146124
98050,1,0,146125
98051,3,0,146128
98052,2,0,146130
98053,1,0,146131
98054,2,0,146133
98055,2,0,146135
98056,1,0,146136
98057,1,0,146137
98058,1,0,146138
98059,1,0,146139
98060,1,0,146140
98061,1,0,146141
98062,1,0,146142
98063,1,0,146143
98064,1,0,146144
98065,1,0,146145
98066,1,0,146146
98067,1,0,146147
98068,2,0,146149
98069,1,0,146150
98070,1,0,146151
98071,2,0,146153
98072,1,0,146154
98073,1,0,146155
98074,1,0,146156
98075,1,0,146157
98076,1,0,146158
98077,1,0,146159
98078,1,0,146160
98079,1,0,146161
98080,1,0,146162
98081,1,0,146163
98082,1,0,146164
98083,1,0,146165
98084,2,0,146167
98085,1,0,146168
98086,1,0,146169
98087,1,0,146170
98088,1,0,146171
98089,1,0,146172
98090,3,0,146175
98091,3,0,146178
98092,3,0,146181
98093,1,0,146182
98094,3,0,146185
98095,1,0,146186
98096,1,0,146187
98097,3,0,146190
98098,1,0,146191
98099,1,0,146192
98100,2,0,146194
98101,2,0,146196
98102,2,0,146198
98103,1,0,146199
98104,1,0,146200
98105,2,0,146202
98106,1,0,146203
98107,1,0,146204
98108,2,0,146206
98109,2,0,146208
98110,1,0,146209
98111,1,0,146210
98112,1,0,146211
98113,1,0,146212
98114,1,0,146213
98115,1,0,146214
98116,3,0,146217
98117,2,0,146219
98118,1,0,146220
98119,1,0,146221
98120,1,0,146222
98121,2,0,146224
98122,2,0,146226
98123,1,0,146227
98124,1,0,146228
98125,1,0,146229
98126,3,0,146232
98127,1,0,146233
98128,1,0,146234
98129,2,0,146236
98130,1,0,146237
98131,1,0,146238
98132,1,0,146239
98133,2,0,146241
98134,1,0,146242
98135,1,0,146243
98136,3,0,146246
98137,1,0,146247
98138,1,0,146248
98139,2,0,146250
98140,2,0,146252
98141,2,0,146254
98142,3,0,146257
98143,1,0,146258
98144,1,0,146259
98145,3,0,146262
98146,1,0,146263
98147,2,0,146265
98148,1,0,146266
98149,1,0,146267
98150,2,0,146269
98151,1,0,146270
98152,1,0,146271
98153,2,0,146273
98154,1,0,146274
98155,1,0,146275
98156,1,0,146276
98157,1,0,146277
98158,1,0,146278
98159,1,0,146279
98160,1,0,146280
98161,2,0,146282
98162,1,0,146283
98163,1,0,146284
98164,4,0,146288
98165,1,0,146289
98166,2,0,146291
98167,1,0,146292
98168,3,0,146295
98169,2,0,146297
98170,1,0,146298
98171,2,0,146300
98172,2,0,146302
98173,1,0,146303
98174,2,0,146305
98175,1,0,146306
98176,2,0,146308
98177,1,0,146309
98178,1,0,146310
98179,2,0,146312
98180,4,0,146316
98181,2,0,146318
98182,1,0,146319
98183,1,0,146320
98184,1,0,146321
98185,1,0,146322
98186,6,0,146328
98187,1,0,146329
98188,1,0,146330
98189,3,0,146333
98190,3,0,146336
98191,1,0,146337
98192,1,0,146338
98193,3,0,146341
98194,1,0,146342
98195,1,0,146343
98196,1,0,146344
98197,1,0,146345
98198,1,0,146346
98199,1,0,146347
98200,2,0,146349
98201,2,0,146351
98202,1,0,146352
98203,1,0,146353
98204,1,0,146354
98205,1,0,146355
98206,1,0,146356
98207,1,0,146357
98208,2,0,146359
98209,2,0,146361
98210,6,0,146367
98211,1,0,146368
98212,2,0,146370
98213,6,0,146376
98214,2,0,146378
98215,3,0,146381
98216,1,0,146382
98217,1,0,146383
98218,1,0,146384
98219,3,0,146387
98220,1,0,146388
98221,1,0,146389
98222,1,0,146390
98223,1,0,146391
98224,2,0,146393
98225,1,0,146394
98226,1,0,146395
98227,1,0,146396
98228,1,0,146397
98229,2,0,146399
98230,1,0,146400
98231,2,0,146402
98232,1,0,146403
98233,1,0,146404
98234,2,0,146406
98235,1,0,146407
98236,1,0,146408
98237,1,0,146409
98238,1,0,146410
98239,3,0,146413
98240,1,0,146414
98241,2,0,146416
98242,3,0,146419
98243,2,0,146421
98244,2,0,146423
98245,1,0,146424
98246,1,0,146425
98247,1,0,146426
98248,1,0,146427
98249,1,0,146428
98250,1,0,146429
98251,2,0,146431
98252,1,0,146432
98253,1,0,146433
98254,3,0,146436
98255,1,0,146437
98256,1,0,146438
98257,3,0,146441
98258,1,0,146442
98259,1,0,146443
98260,1,0,146444
98261,1,0,146445
98262,1,0,146446
98263,1,0,146447
98264,1,0,146448
98265,3,0,146451
98266,2,0,146453
98267,2,0,146455
98268,1,0,146456
98269,2,0,146458
98270,2,0,146460
98271,3,0,146463
98272,1,0,146464
98273,1,0,146465
98274,4,0,146469
98275,1,0,146470
98276,3,0,146473
98277,1,0,146474
98278,2,0,146476
98279,1,0,146477
98280,1,0,146478
98281,1,0,146479
98282,1,0,146480
98283,4,0,146484
98284,2,0,146486
98285,1,0,146487
98286,2,0,146489
98287,2,0,146491
98288,1,0,146492
98289,1,0,146493
98290,2,0,146495
98291,2,0,146497
98292,1,0,146498
98293,1,0,146499
98294,1,0,146500
98295,1,0,146501
98296,2,0,146503
98297,1,0,146504
98298,3,0,146507
98299,1,0,146508
98300,1,0,146509
98301,1,0,146510
98302,1,0,146511
98303,1,0,146512
98304,3,0,146515
98305,1,0,146516
98306,4,0,146520
98307,2,0,146522
98308,1,0,146523
98309,1,0,146524
98310,1,0,146525
98311,1,0,146526
98312,1,0,146527
98313,1,0,146528
98314,3,0,146531
98315,1,0,146532
98316,2,0,146534
98317,1,0,146535
98318,3,0,146538
98319,1,0,146539
98320,3,0,146542
98321,2,0,146544
98322,2,0,146546
98323,1,0,146547
98324,1,0,146548
98325,1,0,146549
98326,2,0,146551
98327,1,0,146552
98328,2,0,146554
98329,2,0,146556
98330,1,0,146557
98331,1,0,146558
98332,4,0,146562
98333,3,0,146565
98334,3,0,146568
98335,1,0,146569
98336,2,0,146571
98337,1,0,146572
98338,1,0,146573
98339,1,0,146574
98340,1,0,146575
98341,2,0,146577
98342,1,0,146578
98343,1,0,146579
98344,4,0,146583
98345,2,0,146585
98346,2,0,146587
98347,4,0,146591
98348,3,0,146594
98349,1,0,146595
98350,3,0,146598
98351,1,0,146599
98352,1,0,146600
98353,1,0,146601
98354,1,0,146602
98355,1,0,146603
98356,3,0,146606
98357,1,0,146607
98358,1,0,146608
98359,2,0,146610
98360,1,0,146611
98361,1,0,146612
98362,1,0,146613
98363,1,0,146614
98364,2,0,146616
98365,1,0,146617
98366,1,0,146618
98367,1,0,146619
98368,3,0,146622
98369,1,0,146623
98370,3,0,146626
98371,1,0,146627
98372,2,0,146629
98373,2,0,146631
98374,1,0,146632
98375,2,0,146634
98376,2,0,146636
98377,1,0,146637
98378,1,0,146638
98379,1,0,146639
98380,1,0,146640
98381,2,0,146642
98382,1,0,146643
98383,1,0,146644
98384,2,0,146646
98385,2,0,146648
98386,1,0,146649
98387,2,0,146651
98388,2,0,146653
98389,1,0,146654
98390,1,0,146655
98391,3,0,146658
98392,1,0,146659
98393,1,0,146660
98394,2,0,146662
98395,1,0,146663
98396,2,0,146665
98397,1,0,146666
98398,3,0,146669
98399,3,0,146672
98400,1,0,146673
98401,1,0,146674
98402,2,0,146676
98403,1,0,146677
98404,2,0,146679
98405,1,0,146680
98406,1,0,146681
98407,5,0,146686
98408,2,0,146688
98409,1,0,146689
98410,1,0,146690
98411,1,0,146691
98412,1,0,146692
98413,1,0,146693
98414,1,0,146694
98415,2,0,146696
98416,1,0,146697
98417,2,0,146699
98418,1,0,146700
98419,1,0,146701
98420,1,0,146702
98421,1,0,146703
98422,1,0,146704
98423,1,0,146705
98424,2,0,146707
98425,2,0,146709
98426,2,0,146711
98427,1,0,146712
98428,1,0,146713
98429,2,0,146715
98430,1,0,146716
98431,2,0,146718
98432,1,0,146719
98433,2,0,146721
98434,2,0,146723
98435,2,0,146725
98436,5,0,146730
98437,3,0,146733
98438,5,0,146738
98439,1,0,146739
98440,2,0,146741
98441,1,0,146742
98442,1,0,146743
98443,1,0,146744
98444,1,0,146745
98445,1,0,146746
98446,1,0,146747
98447,1,0,146748
98448,1,0,146749
98449,1,0,146750
98450,1,0,146751
98451,1,0,146752
98452,2,0,146754
98453,1,0,146755
98454,1,0,146756
98455,1,0,146757
98456,1,0,146758
98457,1,0,146759
98458,2,0,146761
98459,1,0,146762
98460,1,0,146763
98461,1,0,146764
98462,3,0,146767
98463,1,0,146768
98464,1,0,146769
98465,1,0,146770
98466,3,0,146773
98467,1,0,146774
98468,2,0,146776
98469,2,0,146778
98470,1,0,146779
98471,1,0,146780
98472,1,0,146781
98473,1,0,146782
98474,1,0,146783
98475,3,0,146786
98476,1,0,146787
98477,1,0,146788
98478,1,0,146789
98479,2,0,146791
98480,1,0,146792
98481,1,0,146793
98482,1,0,146794
98483,1,0,146795
98484,1,0,146796
98485,1,0,146797
98486,1,0,146798
98487,1,0,146799
98488,2,0,146801
98489,1,0,146802
98490,1,0,146803
98491,3,0,146806
98492,1,0,146807
98493,1,0,146808
98494,3,0,146811
98495,1,0,146812
98496,3,0,146815
98497,1,0,146816
98498,1,0,146817
98499,1,0,146818
98500,1,0,146819
98501,1,0,146820
98502,3,0,146823
98503,3,0,146826
98504,1,0,146827
98505,1,0,146828
98506,3,0,146831
98507,1,0,146832
98508,1,0,146833
98509,2,0,146835
98510,1,0,146836
98511,2,0,146838
98512,1,0,146839
98513,2,0,146841
98514,1,0,146842
98515,1,0,146843
98516,1,0,146844
98517,2,0,146846
98518,1,0,146847
98519,1,0,146848
98520,1,0,146849
98521,1,0,146850
98522,1,0,146851
98523,1,0,146852
98524,1,0,146853
98525,1,0,146854
98526,1,0,146855
98527,1,0,146856
98528,2,0,146858
98529,6,0,146864
98530,3,0,146867
98531,2,0,146869
98532,2,0,146871
98533,3,0,146874
98534,1,0,146875
98535,1,0,146876
98536,3,0,146879
98537,2,0,146881
98538,1,0,146882
98539,1,0,146883
98540,1,0,146884
98541,1,0,146885
98542,1,0,146886
98543,1,0,146887
98544,1,0,146888
98545,2,0,146890
98546,1,0,146891
98547,6,0,146897
98548,1,0,146898
98549,1,0,146899
98550,1,0,146900
98551,1,0,146901
98552,2,0,146903
98553,1,0,146904
98554,1,0,146905
98555,1,0,146906
98556,3,0,146909
98557,2,0,146911
98558,2,0,146913
98559,1,0,146914
98560,1,0,146915
98561,1,0,146916
98562,3,0,146919
98563,1,0,146920
98564,2,0,146922
98565,3,0,146925
98566,1,0,146926
98567,2,0,146928
98568,1,0,146929
98569,1,0,146930
98570,1,0,146931
98571,1,0,146932
98572,1,0,146933
98573,1,0,146934
98574,2,0,146936
98575,1,0,146937
98576,1,0,146938
98577,1,0,146939
98578,4,0,146943
98579,1,0,146944
98580,1,0,146945
98581,1,0,146946
98582,2,0,146948
98583,2,0,146950
98584,1,0,146951
98585,1,0,146952
98586,1,0,146953
98587,2,0,146955
98588,1,0,146956
98589,2,0,146958
98590,2,0,146960
98591,1,0,146961
98592,3,0,146964
98593,1,0,146965
98594,1,0,146966
98595,1,0,146967
98596,2,0,146969
98597,1,0,146970
98598,3,0,146973
98599,2,0,146975
98600,1,0,146976
98601,1,0,146977
98602,3,0,146980
98603,2,0,146982
98604,1,0,146983
98605,3,0,146986
98606,1,0,146987
98607,1,0,146988
98608,1,0,146989
98609,1,0,146990
98610,1,0,146991
98611,1,0,146992
98612,2,0,146994
98613,1,0,146995
98614,1,0,146996
98615,1,0,146997
98616,1,0,146998
98617,1,0,146999
98618,1,0,147000
98619,1,0,147001
98620,1,0,147002
98621,1,0,147003
98622,1,0,147004
98623,1,0,147005
98624,2,0,147007
98625,1,0,147008
98626,1,0,147009
98627,1,0,147010
98628,2,0,147012
98629,1,0,147013
98630,1,0,147014
98631,2,0,147016
98632,1,0,147017
98633,2,0,147019
98634,1,0,147020
98635,1,0,147021
98636,1,0,147022
98637,1,0,147023
98638,1,0,147024
98639,2,0,147026
98640,2,0,147028
98641,1,0,147029
98642,1,0,147030
98643,1,0,147031
98644,3,0,147034
98645,1,0,147035
98646,6,0,147041
98647,1,0,147042
98648,1,0,147043
98649,1,0,147044
98650,1,0,147045
98651,1,0,147046
98652,2,0,147048
98653,2,0,147050
98654,1,0,147051
98655,1,0,147052
98656,1,0,147053
98657,1,0,147054
98658,1,0,147055
98659,1,0,147056
98660,1,0,147057
98661,1,0,147058
98662,1,0,147059
98663,2,0,147061
98664,1,0,147062
98665,1,0,147063
98666,1,0,147064
98667,1,0,147065
98668,1,0,147066
98669,1,0,147067
98670,2,0,147069
98671,4,0,147073
98672,1,0,147074
98673,1,0,147075
98674,1,0,147076
98675,1,0,147077
98676,1,0,147078
98677,1,0,147079
98678,1,0,147080
98679,2,0,147082
98680,1,0,147083
98681,1,0,147084
98682,1,0,147085
98683,2,0,147087
98684,3,0,147090
98685,1,0,147091
98686,1,0,147092
98687,1,0,147093
98688,1,0,147094
98689,1,0,147095
98690,1,0,147096
98691,1,0,147097
98692,1,0,147098
98693,1,0,147099
98694,1,0,147100
98695,1,0,147101
98696,1,0,147102
98697,2,0,147104
98698,4,0,147108
98699,2,0,147110
98700,1,0,147111
98701,1,0,147112
98702,1,0,147113
98703,1,0,147114
98704,3,0,147117
98705,1,0,147118
98706,1,0,147119
98707,2,0,147121
98708,2,0,147123
98709,1,0,147124
98710,1,0,147125
98711,4,0,147129
98712,2,0,147131
98713,2,0,147133
98714,1,0,147134
98715,1,0,147135
98716,1,0,147136
98717,1,0,147137
98718,1,0,147138
98719,2,0,147140
98720,1,0,147141
98721,1,0,147142
98722,1,0,147143
98723,1,0,147144
98724,1,0,147145
98725,1,0,147146
98726,1,0,147147
98727,2,0,147149
98728,2,0,147151
98729,1,0,147152
98730,1,0,147153
98731,4,0,147157
98732,1,0,147158
98733,1,0,147159
98734,1,0,147160
98735,2,0,147162
98736,2,0,147164
98737,1,0,147165
98738,2,0,147167
98739,1,0,147168
98740,2,0,147170
98741,3,0,147173
98742,1,0,147174
98743,1,0,147175
98744,3,0,147178
98745,1,0,147179
98746,3,0,147182
98747,3,0,147185
98748,2,0,147187
98749,2,0,147189
98750,3,0,147192
98751,2,0,147194
98752,1,0,147195
98753,1,0,147196
98754,1,0,147197
98755,1,0,147198
98756,1,0,147199
98757,3,0,147202
98758,1,0,147203
98759,1,0,147204
98760,1,0,147205
98761,1,0,147206
98762,1,0,147207
98763,1,0,147208
98764,1,0,147209
98765,1,0,147210
98766,2,0,147212
98767,1,0,147213
98768,1,0,147214
98769,1,0,147215
98770,1,0,147216
98771,2,0,147218
98772,1,0,147219
98773,1,0,147220
98774,1,0,147221
98775,2,0,147223
98776,1,0,147224
98777,2,0,147226
98778,3,0,147229
98779,1,0,147230
98780,2,0,147232
98781,1,0,147233
98782,1,0,147234
98783,1,0,147235
98784,3,0,147238
98785,1,0,147239
98786,1,0,147240
98787,1,0,147241
98788,2,0,147243
98789,1,0,147244
98790,1,0,147245
98791,1,0,147246
98792,1,0,147247
98793,1,0,147248
98794,1,0,147249
98795,1,0,147250
98796,1,0,147251
98797,1,0,147252
98798,1,0,147253
98799,1,0,147254
98800,1,0,147255
98801,1,0,147256
98802,1,0,147257
98803,1,0,147258
98804,1,0,147259
98805,1,0,147260
98806,1,0,147261
98807,1,0,147262
98808,1,0,147263
98809,1,0,147264
98810,1,0,147265
98811,1,0,147266
98812,1,0,147267
98813,2,0,147269
98814,1,0,147270
98815,2,0,147272
98816,1,0,147273
98817,3,0,147276
98818,2,0,147278
98819,1,0,147279
98820,4,0,147283
98821,2,0,147285
98822,4,0,147289
98823,1,0,147290
98824,2,0,147292
98825,1,0,147293
98826,2,0,147295
98827,1,0,147296
98828,1,0,147297
98829,1,0,147298
98830,2,0,147300
98831,2,0,147302
98832,1,0,147303
98833,1,0,147304
98834,2,0,147306
98835,1,0,147307
98836,1,0,147308
98837,4,0,147312
98838,1,0,147313
98839,1,0,147314
98840,3,0,147317
98841,1,0,147318
98842,1,0,147319
98843,1,0,147320
98844,1,0,147321
98845,1,0,147322
98846,3,0,147325
98847,4,0,147329
98848,2,0,147331
98849,1,0,147332
98850,2,0,147334
98851,1,0,147335
98852,3,0,147338
98853,1,0,147339
98854,1,0,147340
98855,3,0,147343
98856,1,0,147344
98857,2,0,147346
98858,1,0,147347
98859,1,0,147348
98860,1,0,147349
98861,1,0,147350
98862,2,0,147352
98863,2,0,147354
98864,2,0,147356
98865,1,0,147357
98866,3,0,147360
98867,1,0,147361
98868,1,0,147362
98869,1,0,147363
98870,3,0,147366
98871,2,0,147368
98872,3,0,147371
98873,1,0,147372
98874,1,0,147373
98875,1,0,147374
98876,2,0,147376
98877,1,0,147377
98878,5,0,147382
98879,2,0,147384
98880,2,0,147386
98881,1,0,147387
98882,5,0,147392
98883,1,0,147393
98884,1,0,147394
98885,1,0,147395
98886,1,0,147396
98887,3,0,147399
98888,1,0,147400
98889,3,0,147403
98890,1,0,147404
98891,4,0,147408
98892,1,0,147409
98893,1,0,147410
98894,1,0,147411
98895,1,0,147412
98896,1,0,147413
98897,1,0,147414
98898,1,0,147415
98899,1,0,147416
98900,1,0,147417
98901,1,0,147418
98902,1,0,147419
98903,1,0,147420
98904,4,0,147424
98905,1,0,147425
98906,1,0,147426
98907,2,0,147428
98908,3,0,147431
98909,2,0,147433
98910,1,0,147434
98911,2,0,147436
98912,1,0,147437
98913,1,0,147438
98914,2,0,147440
98915,2,0,147442
98916,1,0,147443
98917,2,0,147445
98918,2,0,147447
98919,3,0,147450
98920,3,0,147453
98921,1,0,147454
98922,1,0,147455
98923,1,0,147456
98924,2,0,147458
98925,3,0,147461
98926,2,0,147463
98927,1,0,147464
98928,1,0,147465
98929,2,0,147467
98930,2,0,147469
98931,1,0,147470
98932,2,0,147472
98933,1,0,147473
98934,2,0,147475
98935,1,0,147476
98936,1,0,147477
98937,2,0,147479
98938,1,0,147480
98939,1,0,147481
98940,1,0,147482
98941,1,0,147483
98942,2,0,147485
98943,1,0,147486
98944,1,0,147487
98945,1,0,147488
98946,1,0,147489
98947,1,0,147490
98948,1,0,147491
98949,1,0,147492
98950,1,0,147493
98951,1,0,147494
98952,1,0,147495
98953,1,0,147496
98954,1,0,147497
98955,1,0,147498
98956,1,0,147499
98957,2,0,147501
98958,1,0,147502
98959,1,0,147503
98960,2,0,147505
98961,3,0,147508
98962,3,0,147511
98963,1,0,147512
98964,1,0,147513
98965,3,0,147516
98966,1,0,147517
98967,1,0,147518
98968,1,0,147519
98969,1,0,147520
98970,1,0,147521
98971,1,0,147522
98972,2,0,147524
98973,2,0,147526
98974,1,0,147527
98975,1,0,147528
98976,1,0,147529
98977,4,0,147533
98978,2,0,147535
98979,1,0,147536
98980,2,0,147538
98981,1,0,147539
98982,1,0,147540
98983,2,0,147542
98984,1,0,147543
98985,1,0,147544
98986,2,0,147546
98987,1,0,147547
98988,1,0,147548
98989,1,0,147549
98990,1,0,147550
98991,1,0,147551
98992,1,0,147552
98993,3,0,147555
98994,1,0,147556
98995,1,0,147557
98996,2,0,147559
98997,1,0,147560
98998,2,0,147562
98999,1,0,147563
99000,1,0,147564
99001,1,0,147565
99002,2,0,147567
99003,1,0,147568
99004,1,0,147569
99005,1,0,147570
99006,2,0,147572
99007,1,0,147573
99008,1,0,147574
99009,1,0,147575
99010,3,0,147578
99011,1,0,147579
99012,1,0,147580
99013,1,0,147581
99014,1,0,147582
99015,1,0,147583
99016,4,0,147587
99017,1,0,147588
99018,1,0,147589
99019,1,0,147590
99020,1,0,147591
99021,1,0,147592
99022,2,0,147594
99023,1,0,147595
99024,2,0,147597
99025,1,0,147598
99026,1,0,147599
99027,1,0,147600
99028,1,0,147601
99029,2,0,147603
99030,3,0,147606
99031,1,0,147607
99032,1,0,147608
99033,3,0,147611
99034,1,0,147612
99035,4,0,147616
99036,1,0,147617
99037,1,0,147618
99038,1,0,147619
99039,2,0,147621
99040,1,0,147622
99041,1,0,147623
99042,1,0,147624
99043,2,0,147626
99044,3,0,147629
99045,5,0,147634
99046,2,0,147636
99047,1,0,147637
99048,1,0,147638
99049,3,0,147641
99050,1,0,147642
99051,1,0,147643
99052,1,0,147644
99053,3,0,147647
99054,3,0,147650
99055,1,0,147651
99056,1,0,147652
99057,1,0,147653
99058,1,0,147654
99059,1,0,147655
99060,1,0,147656
99061,1,0,147657
99062,3,0,147660
99063,1,0,147661
99064,1,0,147662
99065,1,0,147663
99066,1,0,147664
99067,2,0,147666
99068,1,0,147667
99069,1,0,147668
99070,1,0,147669
99071,3,0,147672
99072,1,0,147673
99073,1,0,147674
99074,1,0,147675
99075,1,0,147676
99076,1,0,147677
99077,1,0,147678
99078,1,0,147679
99079,1,0,147680
99080,3,0,147683
99081,1,0,147684
99082,1,0,147685
99083,1,0,147686
99084,2,0,147688
99085,6,0,147694
99086,2,0,147696
99087,1,0,147697
99088,2,0,147699
99089,4,0,147703
99090,2,0,147705
99091,1,0,147706
99092,2,0,147708
99093,2,0,147710
99094,2,0,147712
99095,1,0,147713
99096,2,0,147715
99097,1,0,147716
99098,1,0,147717
99099,1,0,147718
99100,1,0,147719
99101,1,0,147720
99102,1,0,147721
99103,2,0,147723
99104,1,0,147724
99105,3,0,147727
99106,1,0,147728
99107,1,0,147729
99108,1,0,147730
99109,1,0,147731
99110,1,0,147732
99111,1,0,147733
99112,1,0,147734
99113,1,0,147735
99114,1,0,147736
99115,1,0,147737
99116,1,0,147738
99117,1,0,147739
99118,1,0,147740
99119,1,0,147741
99120,1,0,147742
99121,1,0,147743
99122,1,0,147744
99123,1,0,147745
99124,1,0,147746
99125,1,0,147747
99126,3,0,147750
99127,1,0,147751
99128,1,0,147752
99129,1,0,147753
99130,1,0,147754
99131,2,0,147756
99132,1,0,147757
99133,2,0,147759
99134,3,0,147762
99135,2,0,147764
99136,1,0,147765
99137,2,0,147767
99138,1,0,147768
99139,1,0,147769
99140,3,0,147772
99141,1,0,147773
99142,2,0,147775
99143,1,0,147776
99144,1,0,147777
99145,1,0,147778
99146,1,0,147779
99147,1,0,147780
99148,1,0,147781
99149,2,0,147783
99150,1,0,147784
99151,1,0,147785
99152,3,0,147788
99153,1,0,147789
99154,3,0,147792
99155,2,0,147794
99156,1,0,147795
99157,1,0,147796
99158,2,0,147798
99159,1,0,147799
99160,1,0,147800
99161,1,0,147801
99162,1,0,147802
99163,3,0,147805
99164,2,0,147807
99165,1,0,147808
99166,1,0,147809
99167,3,0,147812
99168,2,0,147814
99169,1,0,147815
99170,2,0,147817
99171,1,0,147818
99172,1,0,147819
99173,1,0,147820
99174,6,0,147826
99175,4,0,147830
99176,1,0,147831
99177,1,0,147832
99178,1,0,147833
99179,1,0,147834
99180,1,0,147835
99181,3,0,147838
99182,1,0,147839
99183,3,0,147842
99184,1,0,147843
99185,1,0,147844
99186,1,0,147845
99187,3,0,147848
99188,1,0,147849
99189,1,0,147850
99190,2,0,147852
99191,1,0,147853
99192,1,0,147854
99193,1,0,147855
99194,2,0,147857
99195,1,0,147858
99196,1,0,147859
99197,1,0,147860
99198,1,0,147861
99199,1,0,147862
99200,1,0,147863
99201,1,0,147864
99202,2,0,147866
99203,1,0,147867
99204,1,0,147868
99205,1,0,147869
99206,1,0,147870
99207,2,0,147872
99208,1,0,147873
99209,1,0,147874
99210,1,0,147875
99211,2,0,147877
99212,1,0,147878
99213,1,0,147879
99214,3,0,147882
99215,1,0,147883
99216,1,0,147884
99217,6,0,147890
99218,1,0,147891
99219,1,0,147892
99220,2,0,147894
99221,4,0,147898
99222,1,0,147899
99223,2,0,147901
99224,2,0,147903
99225,2,0,147905
99226,1,0,147906
99227,2,0,147908
99228,1,0,147909
99229,1,0,147910
99230,1,0,147911
99231,1,0,147912
99232,1,0,147913
99233,2,0,147915
99234,1,0,147916
99235,2,0,147918
99236,1,0,147919
99237,1,0,147920
99238,3,0,147923
99239,1,0,147924
99240,1,0,147925
99241,1,0,147926
99242,1,0,147927
99243,2,0,147929
99244,1,0,147930
99245,1,0,147931
99246,1,0,147932
99247,4,0,147936
99248,1,0,147937
99249,3,0,147940
99250,2,0,147942
99251,1,0,147943
99252,1,0,147944
99253,1,0,147945
99254,1,0,147946
99255,1,0,147947
99256,1,0,147948
99257,3,0,147951
99258,1,0,147952
99259,1,0,147953
99260,1,0,147954
99261,3,0,147957
99262,1,0,147958
99263,1,0,147959
99264,1,0,147960
99265,1,0,147961
99266,3,0,147964
99267,1,0,147965
99268,2,0,147967
99269,1,0,147968
99270,2,0,147970
99271,1,0,147971
99272,1,0,147972
99273,1,0,147973
99274,1,0,147974
99275,1,0,147975
99276,1,0,147976
99277,2,0,147978
99278,1,0,147979
99279,1,0,147980
99280,11,0,147991
99281,1,0,147992
99282,3,0,147995
99283,3,0,147998
99284,1,0,147999
99285,1,0,148000
99286,1,0,148001
99287,1,0,148002
99288,1,0,148003
99289,1,0,148004
99290,3,0,148007
99291,1,0,148008
99292,2,0,148010
99293,1,0,148011
99294,1,0,148012
99295,1,0,148013
99296,2,0,148015
99297,1,0,148016
99298,1,0,148017
99299,1,0,148018
99300,1,0,148019
99301,2,0,148021
99302,1,0,148022
99303,1,0,148023
99304,1,0,148024
99305,1,0,148025
99306,4,0,148029
99307,3,0,148032
99308,2,0,148034
99309,1,0,148035
99310,2,0,148037
99311,2,0,148039
99312,2,0,148041
99313,1,0,148042
99314,1,0,148043
99315,1,0,148044
99316,4,0,148048
99317,3,0,148051
99318,1,0,148052
99319,2,0,148054
99320,1,0,148055
99321,1,0,148056
99322,1,0,148057
99323,1,0,148058
99324,1,0,148059
99325,1,0,148060
99326,1,0,148061
99327,1,0,148062
99328,2,0,148064
99329,1,0,148065
99330,1,0,148066
99331,1,0,148067
99332,1,0,148068
99333,3,0,148071
99334,1,0,148072
99335,1,0,148073
99336,2,0,148075
99337,1,0,148076
99338,1,0,148077
99339,1,0,148078
99340,1,0,148079
99341,1,0,148080
99342,1,0,148081
99343,1,0,148082
99344,1,0,148083
99345,1,0,148084
99346,3,0,148087
99347,1,0,148088
99348,2,0,148090
99349,1,0,148091
99350,1,0,148092
99351,1,0,148093
99352,1,0,148094
99353,1,0,148095
99354,1,0,148096
99355,1,0,148097
99356,1,0,148098
99357,2,0,148100
99358,1,0,148101
99359,3,0,148104
99360,2,0,148106
99361,1,0,148107
99362,1,0,148108
99363,1,0,148109
99364,1,0,148110
99365,2,0,148112
99366,1,0,148113
99367,2,0,148115
99368,1,0,148116
99369,1,0,148117
99370,1,0,148118
99371,1,0,148119
99372,1,0,148120
99373,1,0,148121
99374,1,0,148122
99375,1,0,148123
99376,3,0,148126
99377,1,0,148127
99378,2,0,148129
99379,1,0,148130
99380,1,0,148131
99381,1,0,148132
99382,1,0,148133
99383,1,0,148134
99384,1,0,148135
99385,1,0,148136
99386,2,0,148138
99387,2,0,148140
99388,1,0,148141
99389,1,0,148142
99390,1,0,148143
99391,1,0,148144
99392,1,0,148145
99393,1,0,148146
99394,1,0,148147
99395,1,0,148148
99396,2,0,148150
99397,1,0,148151
99398,2,0,148153
99399,1,0,148154
99400,1,0,148155
99401,1,0,148156
99402,2,0,148158
99403,1,0,148159
99404,3,0,148162
99405,1,0,148163
99406,2,0,148165
99407,2,0,148167
99408,1,0,148168
99409,1,0,148169
99410,1,0,148170
99411,4,0,148174
99412,4,0,148178
99413,1,0,148179
99414,2,0,148181
99415,4,0,148185
99416,1,0,148186
99417,1,0,148187
99418,1,0,148188
99419,4,0,148192
99420,1,0,148193
99421,1,0,148194
99422,2,0,148196
99423,1,0,148197
99424,1,0,148198
99425,1,0,148199
99426,2,0,148201
99427,1,0,148202
99428,2,0,148204
99429,2,0,148206
99430,1,0,148207
99431,4,0,148211
99432,1,0,148212
99433,1,0,148213
99434,2,0,148215
99435,2,0,148217
99436,1,0,148218
99437,2,0,148220
99438,1,0,148221
99439,1,0,148222
99440,1,0,148223
99441,1,0,148224
99442,1,0,148225
99443,1,0,148226
99444,1,0,148227
99445,2,0,148229
99446,1,0,148230
99447,3,0,148233
99448,2,0,148235
99449,2,0,148237
99450,1,0,148238
99451,1,0,148239
99452,1,0,148240
99453,1,0,148241
99454,2,0,148243
99455,1,0,148244
99456,1,0,148245
99457,2,0,148247
99458,2,0,148249
99459,2,0,148251
99460,1,0,148252
99461,2,0,148254
99462,1,0,148255
99463,1,0,148256
99464,1,0,148257
99465,1,0,148258
99466,2,0,148260
99467,1,0,148261
99468,2,0,148263
99469,3,0,148266
99470,1,0,148267
99471,3,0,148270
99472,2,0,148272
99473,1,0,148273
99474,1,0,148274
99475,1,0,148275
99476,1,0,148276
99477,3,0,148279
99478,2,0,148281
99479,2,0,148283
99480,1,0,148284
99481,1,0,148285
99482,2,0,148287
99483,1,0,148288
99484,2,0,148290
99485,4,0,148294
99486,1,0,148295
99487,2,0,148297
99488,2,0,148299
99489,1,0,148300
99490,2,0,148302
99491,2,0,148304
99492,2,0,148306
99493,1,0,148307
99494,1,0,148308
99495,2,0,148310
99496,2,0,148312
99497,1,0,148313
99498,1,0,148314
99499,3,0,148317
99500,1,0,148318
99501,1,0,148319
99502,2,0,148321
99503,1,0,148322
99504,4,0,148326
99505,1,0,148327
99506,1,0,148328
99507,3,0,148331
99508,3,0,148334
99509,1,0,148335
99510,1,0,148336
99511,1,0,148337
99512,3,0,148340
99513,1,0,148341
99514,2,0,148343
99515,2,0,148345
99516,1,0,148346
99517,2,0,148348
99518,1,0,148349
99519,3,0,148352
99520,1,0,148353
99521,3,0,148356
99522,1,0,148357
99523,1,0,148358
99524,2,0,148360
99525,1,0,148361
99526,1,0,148362
99527,2,0,148364
99528,1,0,148365
99529,2,0,148367
99530,1,0,148368
99531,1,0,148369
99532,2,0,148371
99533,1,0,148372
99534,1,0,148373
99535,3,0,148376
99536,3,0,148379
99537,1,0,148380
99538,2,0,148382
99539,1,0,148383
99540,1,0,148384
99541,1,0,148385
99542,1,0,148386
99543,1,0,148387
99544,1,0,148388
99545,1,0,148389
99546,2,0,148391
99547,1,0,148392
99548,3,0,148395
99549,3,0,148398
99550,2,0,148400
99551,1,0,148401
99552,1,0,148402
99553,3,0,148405
99554,1,0,148406
99555,4,0,148410
99556,1,0,148411
99557,1,0,148412
99558,3,0,148415
99559,1,0,148416
99560,1,0,148417
99561,1,0,148418
99562,1,0,148419
99563,1,0,148420
99564,1,0,148421
99565,2,0,148423
99566,2,0,148425
99567,1,0,148426
99568,2,0,148428
99569,2,0,148430
99570,1,0,148431
99571,1,0,148432
99572,1,0,148433
99573,1,0,148434
99574,2,0,148436
99575,2,0,148438
99576,3,0,148441
99577,2,0,148443
99578,3,0,148446
99579,1,0,148447
99580,1,0,148448
99581,1,0,148449
99582,1,0,148450
99583,1,0,148451
99584,1,0,148452
99585,1,0,148453
99586,3,0,148456
99587,1,0,148457
99588,2,0,148459
99589,3,0,148462
99590,2,0,148464
99591,2,0,148466
99592,1,0,148467
99593,1,0,148468
99594,3,0,148471
99595,1,0,148472
99596,1,0,148473
99597,1,0,148474
99598,1,0,148475
99599,4,0,148479
99600,1,0,148480
99601,1,0,148481
99602,1,0,148482
99603,1,0,148483
99604,1,0,148484
99605,2,0,148486
99606,1,0,148487
99607,2,0,148489
99608,3,0,148492
99609,2,0,148494
99610,1,0,148495
99611,1,0,148496
99612,1,0,148497
99613,1,0,148498
99614,1,0,148499
99615,1,0,148500
99616,2,0,148502
99617,1,0,148503
99618,2,0,148505
99619,2,0,148507
99620,1,0,148508
99621,1,0,148509
99622,2,0,148511
99623,3,0,148514
99624,1,0,148515
99625,1,0,148516
99626,1,0,148517
99627,6,0,148523
99628,1,0,148524
99629,1,0,148525
99630,1,0,148526
99631,2,0,148528
99632,1,0,148529
99633,1,0,148530
99634,3,0,148533
99635,2,0,148535
99636,2,0,148537
99637,1,0,148538
99638,4,0,148542
99639,1,0,148543
99640,3,0,148546
99641,1,0,148547
99642,2,0,148549
99643,1,0,148550
99644,1,0,148551
99645,1,0,148552
99646,1,0,148553
99647,1,0,148554
99648,1,0,148555
99649,1,0,148556
99650,1,0,148557
99651,3,0,148560
99652,3,0,148563
99653,2,0,148565
99654,1,0,148566
99655,1,0,148567
99656,1,0,148568
99657,2,0,148570
99658,1,0,148571
99659,1,0,148572
99660,1,0,148573
99661,2,0,148575
99662,1,0,148576
99663,1,0,148577
99664,2,0,148579
99665,2,0,148581
99666,1,0,148582
99667,2,0,148584
99668,2,0,148586
99669,2,0,148588
99670,1,0,148589
99671,2,0,148591
99672,1,0,148592
99673,2,0,148594
99674,1,0,148595
99675,2,0,148597
99676,1,0,148598
99677,1,0,148599
99678,1,0,148600
99679,1,0,148601
99680,2,0,148603
99681,1,0,148604
99682,3,0,148607
99683,1,0,148608
99684,1,0,148609
99685,1,0,148610
99686,1,0,148611
99687,1,0,148612
99688,1,0,148613
99689,1,0,148614
99690,2,0,148616
99691,1,0,148617
99692,1,0,148618
99693,2,0,148620
99694,2,0,148622
99695,2,0,148624
99696,2,0,148626
99697,1,0,148627
99698,1,0,148628
99699,1,0,148629
99700,1,0,148630
99701,1,0,148631
99702,1,0,148632
99703,2,0,148634
99704,1,0,148635
99705,1,0,148636
99706,1,0,148637
99707,1,0,148638
99708,1,0,148639
99709,1,0,148640
99710,1,0,148641
99711,1,0,148642
99712,1,0,148643
99713,1,0,148644
99714,1,0,148645
99715,2,0,148647
99716,1,0,148648
99717,2,0,148650
99718,1,0,148651
99719,2,0,148653
99720,1,0,148654
99721,2,0,148656
99722,1,0,148657
99723,1,0,148658
99724,1,0,148659
99725,1,0,148660
99726,1,0,148661
99727,1,0,148662
99728,1,0,148663
99729,2,0,148665
99730,1,0,148666
99731,2,0,148668
99732,1,0,148669
99733,1,0,148670
99734,1,0,148671
99735,2,0,148673
99736,3,0,148676
99737,2,0,148678
99738,1,0,148679
99739,3,0,148682
99740,2,0,148684
99741,2,0,148686
99742,1,0,148687
99743,2,0,148689
99744,2,0,148691
99745,1,0,148692
99746,1,0,148693
99747,2,0,148695
99748,3,0,148698
99749,1,0,148699
99750,1,0,148700
99751,1,0,148701
99752,1,0,148702
99753,1,0,148703
99754,2,0,148705
99755,4,0,148709
99756,1,0,148710
99757,1,0,148711
99758,1,0,148712
99759,1,0,148713
99760,1,0,148714
99761,2,0,148716
99762,2,0,148718
99763,1,0,148719
99764,1,0,148720
99765,1,0,148721
99766,1,0,148722
99767,3,0,148725
99768,2,0,148727
99769,2,0,148729
99770,4,0,148733
99771,1,0,148734
99772,1,0,148735
99773,1,0,148736
99774,2,0,148738
99775,1,0,148739
99776,3,0,148742
99777,2,0,148744
99778,1,0,148745
99779,1,0,148746
99780,2,0,148748
99781,1,0,148749
99782,1,0,148750
99783,1,0,148751
99784,1,0,148752
99785,1,0,148753
99786,2,0,148755
99787,1,0,148756
99788,1,0,148757
99789,1,0,148758
99790,1,0,148759
99791,1,0,148760
99792,1,0,148761
99793,2,0,148763
99794,1,0,148764
99795,2,0,148766
99796,8,0,148774
99797,1,0,148775
99798,3,0,148778
99799,2,0,148780
99800,2,0,148782
99801,2,0,148784
99802,1,0,148785
99803,1,0,148786
99804,1,0,148787
99805,2,0,148789
99806,2,0,148791
99807,1,0,148792
99808,1,0,148793
99809,1,0,148794
99810,1,0,148795
99811,1,0,148796
99812,1,0,148797
99813,1,0,148798
99814,1,0,148799
99815,1,0,148800
99816,2,0,148802
99817,1,0,148803
99818,3,0,148806
99819,2,0,148808
99820,1,0,148809
99821,1,0,148810
99822,2,0,148812
99823,2,0,148814
99824,1,0,148815
99825,1,0,148816
99826,2,0,148818
99827,2,0,148820
99828,2,0,148822
99829,2,0,148824
99830,1,0,148825
99831,2,0,148827
99832,2,0,148829
99833,3,0,148832
99834,4,0,148836
99835,1,0,148837
99836,1,0,148838
99837,1,0,148839
99838,3,0,148842
99839,1,0,148843
99840,1,0,148844
99841,2,0,148846
99842,3,0,148849
99843,1,0,148850
99844,3,0,148853
99845,2,0,148855
99846,1,0,148856
99847,1,0,148857
99848,2,0,148859
99849,1,0,148860
99850,1,0,148861
99851,2,0,148863
99852,1,0,148864
99853,2,0,148866
99854,3,0,148869
99855,2,0,148871
99856,2,0,148873
99857,1,0,148874
99858,1,0,148875
99859,1,0,148876
99860,1,0,148877
99861,1,0,148878
99862,1,0,148879
99863,2,0,148881
99864,1,0,148882
99865,1,0,148883
99866,2,0,148885
99867,1,0,148886
99868,1,0,148887
99869,2,0,148889
99870,1,0,148890
99871,1,0,148891
99872,1,0,148892
99873,3,0,148895
99874,1,0,148896
99875,2,0,148898
99876,3,0,148901
99877,5,0,148906
99878,1,0,148907
99879,2,0,148909
99880,3,0,148912
99881,2,0,148914
99882,1,0,148915
99883,1,0,148916
99884,3,0,148919
99885,3,0,148922
99886,1,0,148923
99887,1,0,148924
99888,2,0,148926
99889,3,0,148929
99890,1,0,148930
99891,1,0,148931
99892,1,0,148932
99893,1,0,148933
99894,1,0,148934
99895,1,0,148935
99896,4,0,148939
99897,3,0,148942
99898,1,0,148943
99899,1,0,148944
99900,1,0,148945
99901,1,0,148946
99902,1,0,148947
99903,1,0,148948
99904,2,0,148950
99905,1,0,148951
99906,1,0,148952
99907,2,0,148954
99908,2,0,148956
99909,1,0,148957
99910,1,0,148958
99911,1,0,148959
99912,1,0,148960
99913,3,0,148963
99914,2,0,148965
99915,1,0,148966
99916,2,0,148968
99917,2,0,148970
99918,1,0,148971
99919,1,0,148972
99920,1,0,148973
99921,1,0,148974
99922,1,0,148975
99923,2,0,148977
99924,1,0,148978
99925,3,0,148981
99926,1,0,148982
99927,8,0,148990
99928,1,0,148991
99929,1,0,148992
99930,1,0,148993
99931,1,0,148994
99932,2,0,148996
99933,1,0,148997
99934,1,0,148998
99935,2,0,149000
99936,2,0,149002
99937,3,0,149005
99938,1,0,149006
99939,1,0,149007
99940,1,0,149008
99941,1,0,149009
99942,1,0,149010
99943,1,0,149011
99944,2,0,149013
99945,1,0,149014
99946,1,0,149015
99947,2,0,149017
99948,2,0,149019
99949,1,0,149020
99950,1,0,149021
99951,1,0,149022
99952,1,0,149023
99953,2,0,149025
99954,1,0,149026
99955,1,0,149027
99956,1,0,149028
99957,1,0,149029
99958,1,0,149030
99959,2,0,149032
99960,1,0,149033
99961,1,0,149034
99962,1,0,149035
99963,1,0,149036
99964,1,0,149037
99965,5,0,149042
99966,2,0,149044
99967,1,0,149045
99968,2,0,149047
99969,2,0,149049
99970,2,0,149051
99971,1,0,149052
99972,1,0,149053
99973,2,0,149055
99974,2,0,149057
99975,1,0,149058
99976,1,0,149059
99977,1,0,149060
99978,1,0,149061
99979,2,0,149063
99980,1,0,149064
99981,2,0,149066
99982,2,0,149068
99983,1,0,149069
99984,1,0,149070
99985,2,0,149072
99986,1,0,149073
99987,1,0,149074
99988,1,0,149075
99989,4,0,149079
99990,1,0,149080
99991,3,0,149083
99992,2,0,149085
99993,2,0,149087
99994,1,0,149088
99995,1,0,149089
99996,1,0,149090
99997,1,0,149091
99998,1,0,149092
99999,2,0,149094
100000,1,0,149095
100001,1,0,149096
100002,1,0,149097
100003,1,0,149098
100004,1,0,149099
100005,2,0,149101
100006,2,0,149103
100007,1,0,149104
100008,1,0,149105
100009,1,0,149106
100010,3,0,149109
100011,2,0,149111
100012,2,0,149113
100013,1,0,149114
100014,2,0,149116
100015,1,0,149117
100016,2,0,149119
100017,3,0,149122
100018,1,0,149123
100019,1,0,149124
100020,1,0,149125
100021,4,0,149129
100022,1,0,149130
100023,1,0,149131
100024,4,0,149135
100025,3,0,149138
100026,3,0,149141
100027,1,0,149142
100028,3,0,149145
100029,1,0,149146
100030,1,0,149147
100031,3,0,149150
100032,2,0,149152
100033,3,0,149155
100034,3,0,149158
100035,2,0,149160
100036,1,0,149161
100037,1,0,149162
100038,1,0,149163
100039,3,0,149166
100040,1,0,149167
100041,2,0,149169
100042,6,0,149175
100043,1,0,149176
100044,1,0,149177
100045,2,0,149179
100046,1,0,149180
100047,1,0,149181
100048,1,0,149182
100049,3,0,149185
100050,1,0,149186
100051,2,0,149188
100052,1,0,149189
100053,3,0,149192
100054,1,0,149193
100055,1,0,149194
100056,1,0,149195
100057,2,0,149197
100058,1,0,149198
100059,1,0,149199
100060,1,0,149200
100061,1,0,149201
100062,4,0,149205
100063,1,0,149206
100064,1,0,149207
100065,1,0,149208
100066,1,0,149209
100067,1,0,149210
100068,1,0,149211
100069,1,0,149212
100070,2,0,149214
100071,1,0,149215
100072,1,0,149216
100073,1,0,149217
100074,2,0,149219
100075,3,0,149222
100076,1,0,149223
100077,2,0,149225
100078,2,0,149227
100079,2,0,149229
100080,3,0,149232
100081,1,0,149233
100082,6,0,149239
100083,1,0,149240
100084,1,0,149241
100085,1,0,149242
100086,1,0,149243
100087,1,0,149244
100088,1,0,149245
100089,1,0,149246
100090,2,0,149248
100091,2,0,149250
100092,1,0,149251
100093,2,0,149253
100094,2,0,149255
100095,2,0,149257
100096,1,0,149258
100097,1,0,149259
100098,1,0,149260
100099,2,0,149262
100100,1,0,149263
100101,1,0,149264
100102,1,0,149265
100103,1,0,149266
100104,1,0,149267
100105,1,0,149268
100106,1,0,149269
100107,1,0,149270
100108,4,0,149274
100109,2,0,149276
100110,1,0,149277
100111,1,0,149278
100112,1,0,149279
100113,1,0,149280
100114,2,0,149282
100115,1,0,149283
100116,1,0,149284
100117,1,0,149285
100118,1,0,149286
100119,3,0,149289
100120,1,0,149290
100121,2,0,149292
100122,1,0,149293
100123,1,0,149294
100124,3,0,149297
100125,1,0,149298
100126,3,0,149301
100127,1,0,149302
100128,4,0,149306
100129,1,0,149307
100130,2,0,149309
100131,4,0,149313
100132,1,0,149314
100133,1,0,149315
100134,1,0,149316
100135,2,0,149318
100136,1,0,149319
100137,1,0,149320
100138,6,0,149326
100139,1,0,149327
100140,2,0,149329
100141,3,0,149332
100142,1,0,149333
100143,1,0,149334
100144,1,0,149335
100145,1,0,149336
100146,2,0,149338
100147,2,0,149340
100148,1,0,149341
100149,5,0,149346
100150,1,0,149347
100151,1,0,149348
100152,1,0,149349
100153,1,0,149350
100154,1,0,149351
100155,3,0,149354
100156,1,0,149355
100157,1,0,149356
100158,1,0,149357
100159,2,0,149359
100160,1,0,149360
100161,1,0,149361
100162,1,0,149362
100163,1,0,149363
100164,2,0,149365
100165,2,0,149367
100166,1,0,149368
100167,1,0,149369
100168,2,0,149371
100169,1,0,149372
100170,1,0,149373
100171,1,0,149374
100172,1,0,149375
100173,2,0,149377
100174,2,0,149379
100175,1,0,149380
100176,1,0,149381
100177,1,0,149382
100178,1,0,149383
100179,1,0,149384
100180,1,0,149385
100181,1,0,149386
100182,4,0,149390
100183,2,0,149392
100184,2,0,149394
100185,1,0,149395
100186,3,0,149398
100187,2,0,149400
100188,1,0,149401
100189,1,0,149402
100190,1,0,149403
100191,3,0,149406
100192,2,0,149408
100193,1,0,149409
100194,2,0,149411
100195,2,0,149413
100196,1,0,149414
100197,1,0,149415
100198,1,0,149416
100199,2,0,149418
100200,2,0,149420
100201,1,0,149421
100202,1,0,149422
100203,1,0,149423
100204,1,0,149424
100205,1,0,149425
100206,1,0,149426
100207,1,0,149427
100208,1,0,149428
100209,1,0,149429
100210,2,0,149431
100211,1,0,149432
100212,1,0,149433
100213,2,0,149435
100214,1,0,149436
100215,1,0,149437
100216,1,0,149438
100217,2,0,149440
100218,1,0,149441
100219,2,0,149443
100220,1,0,149444
100221,3,0,149447
100222,1,0,149448
100223,1,0,149449
100224,1,0,149450
100225,1,0,149451
100226,1,0,149452
100227,1,0,149453
100228,2,0,149455
100229,2,0,149457
100230,1,0,149458
100231,2,0,149460
100232,1,0,149461
100233,2,0,149463
100234,1,0,149464
100235,1,0,149465
100236,1,0,149466
100237,2,0,149468
100238,1,0,149469
100239,1,0,149470
100240,2,0,149472
100241,1,0,149473
100242,1,0,149474
100243,1,0,149475
100244,1,0,149476
100245,1,0,149477
100246,3,0,149480
100247,2,0,149482
100248,2,0,149484
100249,2,0,149486
100250,1,0,149487
100251,1,0,149488
100252,1,0,149489
100253,1,0,149490
100254,1,0,149491
100255,1,0,149492
100256,1,0,149493
100257,1,0,149494
100258,1,0,149495
100259,1,0,149496
100260,1,0,149497
100261,3,0,149500
100262,1,0,149501
100263,2,0,149503
100264,1,0,149504
100265,2,0,149506
100266,1,0,149507
100267,1,0,149508
100268,1,0,149509
100269,4,0,149513
100270,1,0,149514
100271,1,0,149515
100272,1,0,149516
100273,2,0,149518
100274,1,0,149519
100275,1,0,149520
100276,2,0,149522
100277,3,0,149525
100278,1,0,149526
100279,1,0,149527
100280,1,0,149528
100281,1,0,149529
100282,1,0,149530
100283,1,0,149531
100284,3,0,149534
100285,1,0,149535
100286,2,0,149537
100287,1,0,149538
100288,1,0,149539
100289,2,0,149541
100290,3,0,149544
100291,3,0,149547
100292,1,0,149548
100293,1,0,149549
100294,1,0,149550
100295,2,0,149552
100296,1,0,149553
100297,1,0,149554
100298,1,0,149555
100299,3,0,149558
100300,1,0,149559
100301,1,0,149560
100302,1,0,149561
100303,1,0,149562
100304,1,0,149563
100305,3,0,149566
100306,1,0,149567
100307,2,0,149569
100308,3,0,149572
100309,1,0,149573
100310,2,0,149575
100311,1,0,149576
100312,1,0,149577
100313,2,0,149579
100314,2,0,149581
100315,1,0,149582
100316,1,0,149583
100317,1,0,149584
100318,4,0,149588
100319,4,0,149592
100320,2,0,149594
100321,3,0,149597
100322,3,0,149600
100323,1,0,149601
100324,1,0,149602
100325,1,0,149603
100326,1,0,149604
100327,1,0,149605
100328,2,0,149607
100329,1,0,149608
100330,5,0,149613
100331,2,0,149615
100332,1,0,149616
100333,1,0,149617
100334,1,0,149618
100335,4,0,149622
100336,2,0,149624
100337,1,0,149625
100338,1,0,149626
100339,1,0,149627
100340,1,0,149628
100341,1,0,149629
100342,1,0,149630
100343,1,0,149631
100344,1,0,149632
100345,2,0,149634
100346,1,0,149635
100347,1,0,149636
100348,1,0,149637
100349,1,0,149638
100350,2,0,149640
100351,1,0,149641
100352,1,0,149642
100353,3,0,149645
100354,1,0,149646
100355,3,0,149649
100356,1,0,149650
100357,1,0,149651
100358,2,0,149653
100359,3,0,149656
100360,1,0,149657
100361,1,0,149658
100362,1,0,149659
100363,4,0,149663
100364,5,0,149668
100365,1,0,149669
100366,2,0,149671
100367,1,0,149672
100368,1,0,149673
100369,1,0,149674
100370,1,0,149675
100371,2,0,149677
100372,3,0,149680
100373,3,0,149683
100374,1,0,149684
100375,3,0,149687
100376,2,0,149689
100377,1,0,149690
100378,2,0,149692
100379,4,0,149696
100380,2,0,149698
100381,1,0,149699
100382,2,0,149701
100383,1,0,149702
100384,2,0,149704
100385,2,0,149706
100386,1,0,149707
100387,3,0,149710
100388,1,0,149711
100389,2,0,149713
100390,1,0,149714
100391,1,0,149715
100392,3,0,149718
100393,1,0,149719
100394,1,0,149720
100395,1,0,149721
100396,3,0,149724
100397,1,0,149725
100398,2,0,149727
100399,1,0,149728
100400,1,0,149729
100401,1,0,149730
100402,2,0,149732
100403,1,0,149733
100404,1,0,149734
100405,1,0,149735
100406,1,0,149736
100407,1,0,149737
100408,4,0,149741
100409,1,0,149742
100410,1,0,149743
100411,1,0,149744
100412,1,0,149745
100413,2,0,149747
100414,3,0,149750
100415,1,0,149751
100416,2,0,149753
100417,1,0,149754
100418,2,0,149756
100419,1,0,149757
100420,1,0,149758
100421,1,0,149759
100422,1,0,149760
100423,1,0,149761
100424,1,0,149762
100425,1,0,149763
100426,1,0,149764
100427,1,0,149765
100428,3,0,149768
100429,1,0,149769
100430,2,0,149771
100431,3,0,149774
100432,2,0,149776
100433,1,0,149777
100434,1,0,149778
100435,1,0,149779
100436,2,0,149781
100437,1,0,149782
100438,2,0,149784
100439,1,0,149785
100440,1,0,149786
100441,3,0,149789
100442,2,0,149791
100443,3,0,149794
100444,2,0,149796
100445,1,0,149797
100446,1,0,149798
100447,1,0,149799
100448,1,0,149800
100449,1,0,149801
100450,1,0,149802
100451,1,0,149803
100452,1,0,149804
100453,1,0,149805
100454,1,0,149806
100455,2,0,149808
100456,1,0,149809
100457,1,0,149810
100458,1,0,149811
100459,2,0,149813
100460,1,0,149814
100461,1,0,149815
100462,2,0,149817
100463,1,0,149818
100464,4,0,149822
100465,2,0,149824
100466,6,0,149830
100467,2,0,149832
100468,4,0,149836
100469,1,0,149837
100470,2,0,149839
100471,1,0,149840
100472,1,0,149841
100473,2,0,149843
100474,1,0,149844
100475,2,0,149846
100476,2,0,149848
100477,1,0,149849
100478,1,0,149850
100479,2,0,149852
100480,1,0,149853
100481,1,0,149854
100482,2,0,149856
100483,1,0,149857
100484,4,0,149861
100485,2,0,149863
100486,4,0,149867
100487,1,0,149868
100488,1,0,149869
100489,1,0,149870
100490,1,0,149871
100491,1,0,149872
100492,1,0,149873
100493,1,0,149874
100494,4,0,149878
100495,1,0,149879
100496,1,0,149880
100497,1,0,149881
100498,1,0,149882
100499,2,0,149884
100500,2,0,149886
100501,1,0,149887
100502,2,0,149889
100503,1,0,149890
100504,1,0,149891
100505,2,0,149893
100506,3,0,149896
100507,1,0,149897
100508,3,0,149900
100509,1,0,149901
100510,1,0,149902
100511,2,0,149904
100512,2,0,149906
100513,2,0,149908
100514,3,0,149911
100515,2,0,149913
100516,1,0,149914
100517,1,0,149915
100518,1,0,149916
100519,2,0,149918
100520,1,0,149919
100521,2,0,149921
100522,1,0,149922
100523,1,0,149923
100524,1,0,149924
100525,1,0,149925
100526,2,0,149927
100527,3,0,149930
100528,4,0,149934
100529,1,0,149935
100530,1,0,149936
100531,1,0,149937
100532,1,0,149938
100533,2,0,149940
100534,2,0,149942
100535,1,0,149943
100536,1,0,149944
100537,1,0,149945
100538,1,0,149946
100539,1,0,149947
100540,2,0,149949
100541,2,0,149951
100542,1,0,149952
100543,2,0,149954
100544,2,0,149956
100545,2,0,149958
100546,1,0,149959
100547,1,0,149960
100548,1,0,149961
100549,1,0,149962
100550,2,0,149964
100551,1,0,149965
100552,3,0,149968
100553,1,0,149969
100554,2,0,149971
100555,1,0,149972
100556,1,0,149973
100557,3,0,149976
100558,2,0,149978
100559,1,0,149979
100560,1,0,149980
100561,1,0,149981
100562,1,0,149982
100563,1,0,149983
100564,2,0,149985
100565,1,0,149986
100566,1,0,149987
100567,2,0,149989
100568,1,0,149990
100569,2,0,149992
100570,2,0,149994
100571,2,0,149996
100572,1,0,149997
100573,1,0,149998
100574,2,0,150000
100575,1,0,150001
100576,2,0,150003
100577,1,0,150004
100578,1,0,150005
100579,2,0,150007
100580,2,0,150009
100581,1,0,150010
100582,1,0,150011
100583,1,0,150012
100584,1,0,150013
100585,1,0,150014
100586,2,0,150016
100587,1,0,150017
100588,1,0,150018
100589,2,0,150020
100590,1,0,150021
100591,1,0,150022
100592,1,0,150023
100593,3,0,150026
100594,1,0,150027
100595,1,0,150028
100596,1,0,150029
100597,1,0,150030
100598,1,0,150031
100599,2,0,150033
100600,2,0,150035
100601,1,0,150036
100602,4,0,150040
100603,2,0,150042
100604,7,0,150049
100605,2,0,150051
100606,2,0,150053
100607,3,0,150056
100608,1,0,150057
100609,3,0,150060
100610,1,0,150061
100611,1,0,150062
100612,1,0,150063
100613,2,0,150065
100614,1,0,150066
100615,1,0,150067
100616,1,0,150068
100617,1,0,150069
100618,2,0,150071
100619,2,0,150073
100620,2,0,150075
100621,2,0,150077
100622,5,0,150082
100623,3,0,150085
100624,1,0,150086
100625,1,0,150087
100626,2,0,150089
100627,3,0,150092
100628,1,0,150093
100629,2,0,150095
100630,1,0,150096
100631,1,0,150097
100632,1,0,150098
100633,1,0,150099
100634,1,0,150100
100635,2,0,150102
100636,1,0,150103
100637,1,0,150104
100638,1,0,150105
100639,2,0,150107
100640,2,0,150109
100641,1,0,150110
100642,4,0,150114
100643,1,0,150115
100644,1,0,150116
100645,2,0,150118
100646,1,0,150119
100647,1,0,150120
100648,1,0,150121
100649,1,0,150122
100650,3,0,150125
100651,1,0,150126
100652,2,0,150128
100653,1,0,150129
100654,1,0,150130
100655,1,0,150131
100656,1,0,150132
100657,1,0,150133
100658,3,0,150136
100659,1,0,150137
100660,3,0,150140
100661,2,0,150142
100662,1,0,150143
100663,1,0,150144
100664,1,0,150145
100665,1,0,150146
100666,1,0,150147
100667,3,0,150150
100668,2,0,150152
100669,2,0,150154
100670,1,0,150155
100671,1,0,150156
100672,2,0,150158
100673,2,0,150160
100674,3,0,150163
100675,1,0,150164
100676,1,0,150165
100677,4,0,150169
100678,2,0,150171
100679,2,0,150173
100680,1,0,150174
100681,2,0,150176
100682,1,0,150177
100683,2,0,150179
100684,2,0,150181
100685,2,0,150183
100686,2,0,150185
100687,1,0,150186
100688,1,0,150187
100689,1,0,150188
100690,1,0,150189
100691,1,0,150190
100692,3,0,150193
100693,1,0,150194
100694,2,0,150196
100695,1,0,150197
100696,1,0,150198
100697,1,0,150199
100698,1,0,150200
100699,3,0,150203
100700,2,0,150205
100701,3,0,150208
100702,1,0,150209
100703,1,0,150210
100704,1,0,150211
100705,1,0,150212
100706,1,0,150213
100707,1,0,150214
100708,1,0,150215
100709,1,0,150216
100710,1,0,150217
100711,1,0,150218
100712,3,0,150221
100713,1,0,150222
100714,1,0,150223
100715,2,0,150225
100716,2,0,150227
100717,1,0,150228
100718,1,0,150229
100719,3,0,150232
100720,1,0,150233
100721,2,0,150235
100722,2,0,150237
100723,1,0,150238
100724,1,0,150239
100725,2,0,150241
100726,1,0,150242
100727,1,0,150243
100728,3,0,150246
100729,1,0,150247
100730,1,0,150248
100731,1,0,150249
100732,1,0,150250
100733,2,0,150252
100734,1,0,150253
100735,1,0,150254
100736,2,0,150256
100737,1,0,150257
100738,2,0,150259
100739,1,0,150260
100740,2,0,150262
100741,1,0,150263
100742,1,0,150264
100743,1,0,150265
100744,2,0,150267
100745,1,0,150268
100746,1,0,150269
100747,1,0,150270
100748,1,0,150271
100749,1,0,150272
100750,1,0,150273
100751,3,0,150276
100752,1,0,150277
100753,1,0,150278
100754,1,0,150279
100755,1,0,150280
100756,1,0,150281
100757,1,0,150282
100758,1,0,150283
100759,1,0,150284
100760,1,0,150285
100761,2,0,150287
100762,1,0,150288
100763,3,0,150291
100764,4,0,150295
100765,1,0,150296
100766,1,0,150297
100767,1,0,150298
100768,2,0,150300
100769,1,0,150301
100770,2,0,150303
100771,1,0,150304
100772,1,0,150305
100773,4,0,150309
100774,2,0,150311
100775,1,0,150312
100776,5,0,150317
100777,1,0,150318
100778,1,0,150319
100779,1,0,150320
100780,2,0,150322
100781,1,0,150323
100782,1,0,150324
100783,1,0,150325
100784,1,0,150326
100785,1,0,150327
100786,1,0,150328
100787,1,0,150329
100788,2,0,150331
100789,1,0,150332
100790,1,0,150333
100791,1,0,150334
100792,2,0,150336
100793,1,0,150337
100794,1,0,150338
100795,1,0,150339
100796,1,0,150340
100797,2,0,150342
100798,2,0,150344
100799,1,0,150345
100800,3,0,150348
100801,1,0,150349
100802,1,0,150350
100803,1,0,150351
100804,2,0,150353
100805,1,0,150354
100806,2,0,150356
100807,1,0,150357
100808,1,0,150358
100809,2,0,150360
100810,2,0,150362
100811,1,0,150363
100812,1,0,150364
100813,2,0,150366
100814,3,0,150369
100815,1,0,150370
100816,2,0,150372
100817,4,0,150376
100818,1,0,150377
100819,1,0,150378
100820,2,0,150380
100821,3,0,150383
100822,1,0,150384
100823,1,0,150385
100824,1,0,150386
100825,2,0,150388
100826,2,0,150390
100827,1,0,150391
100828,3,0,150394
100829,1,0,150395
100830,2,0,150397
100831,1,0,150398
100832,3,0,150401
100833,2,0,150403
100834,2,0,150405
100835,2,0,150407
100836,1,0,150408
100837,1,0,150409
100838,1,0,150410
100839,1,0,150411
100840,1,0,150412
100841,3,0,150415
100842,1,0,150416
100843,5,0,150421
100844,1,0,150422
100845,2,0,150424
100846,1,0,150425
100847,3,0,150428
100848,1,0,150429
100849,1,0,150430
100850,1,0,150431
100851,2,0,150433
100852,1,0,150434
100853,1,0,150435
100854,1,0,150436
100855,2,0,150438
100856,3,0,150441
100857,2,0,150443
100858,3,0,150446
100859,2,0,150448
100860,1,0,150449
100861,1,0,150450
100862,1,0,150451
100863,2,0,150453
100864,2,0,150455
100865,2,0,150457
100866,2,0,150459
100867,3,0,150462
100868,1,0,150463
100869,1,0,150464
100870,1,0,150465
100871,1,0,150466
100872,1,0,150467
100873,1,0,150468
100874,3,0,150471
100875,1,0,150472
100876,1,0,150473
100877,1,0,150474
100878,3,0,150477
100879,2,0,150479
100880,2,0,150481
100881,2,0,150483
100882,1,0,150484
100883,3,0,150487
100884,1,0,150488
100885,1,0,150489
100886,2,0,150491
100887,1,0,150492
100888,1,0,150493
100889,2,0,150495
100890,1,0,150496
100891,2,0,150498
100892,2,0,150500
100893,1,0,150501
100894,1,0,150502
100895,1,0,150503
100896,1,0,150504
100897,1,0,150505
100898,3,0,150508
100899,1,0,150509
100900,1,0,150510
100901,2,0,150512
100902,1,0,150513
100903,1,0,150514
100904,1,0,150515
100905,1,0,150516
100906,1,0,150517
100907,1,0,150518
100908,2,0,150520
100909,2,0,150522
100910,3,0,150525
100911,1,0,150526
100912,1,0,150527
100913,1,0,150528
100914,1,0,150529
100915,2,0,150531
100916,1,0,150532
100917,3,0,150535
100918,1,0,150536
100919,2,0,150538
100920,1,0,150539
100921,2,0,150541
100922,1,0,150542
100923,1,0,150543
100924,1,0,150544
100925,3,0,150547
100926,1,0,150548
100927,2,0,150550
100928,1,0,150551
100929,1,0,150552
100930,1,0,150553
100931,1,0,150554
100932,1,0,150555
100933,1,0,150556
100934,1,0,150557
100935,2,0,150559
100936,1,0,150560
100937,1,0,150561
100938,2,0,150563
100939,1,0,150564
100940,1,0,150565
100941,1,0,150566
100942,1,0,150567
100943,1,0,150568
100944,2,0,150570
100945,1,0,150571
100946,2,0,150573
100947,1,0,150574
100948,2,0,150576
100949,1,0,150577
100950,4,0,150581
100951,1,0,150582
100952,2,0,150584
100953,1,0,150585
100954,1,0,150586
100955,2,0,150588
100956,1,0,150589
100957,2,0,150591
100958,1,0,150592
100959,1,0,150593
100960,2,0,150595
100961,1,0,150596
100962,2,0,150598
100963,3,0,150601
100964,2,0,150603
100965,1,0,150604
100966,2,0,150606
100967,1,0,150607
100968,1,0,150608
100969,1,0,150609
100970,2,0,150611
100971,1,0,150612
100972,1,0,150613
100973,2,0,150615
100974,2,0,150617
100975,1,0,150618
100976,1,0,150619
100977,1,0,150620
100978,1,0,150621
100979,1,0,150622
100980,1,0,150623
100981,1,0,150624
100982,1,0,150625
100983,2,0,150627
100984,1,0,150628
100985,1,0,150629
100986,2,0,150631
100987,1,0,150632
100988,1,0,150633
100989,1,0,150634
100990,3,0,150637
100991,1,0,150638
100992,5,0,150643
100993,3,0,150646
100994,1,0,150647
100995,2,0,150649
100996,1,0,150650
100997,2,0,150652
100998,3,0,150655
100999,2,0,150657
101000,1,0,150658
101001,1,0,150659
101002,1,0,150660
101003,1,0,150661
101004,1,0,150662
101005,1,0,150663
101006,1,0,150664
101007,1,0,150665
101008,1,0,150666
101009,1,0,150667
101010,1,0,150668
101011,1,0,150669
101012,2,0,150671
101013,1,0,150672
101014,1,0,150673
101015,1,0,150674
101016,1,0,150675
101017,2,0,150677
101018,1,0,150678
101019,1,0,150679
101020,2,0,150681
101021,2,0,150683
101022,1,0,150684
101023,3,0,150687
101024,1,0,150688
101025,1,0,150689
101026,1,0,150690
101027,1,0,150691
101028,1,0,150692
101029,4,0,150696
101030,1,0,150697
101031,1,0,150698
101032,1,0,150699
101033,1,0,150700
101034,1,0,150701
101035,2,0,150703
101036,3,0,150706
101037,1,0,150707
101038,2,0,150709
101039,3,0,150712
101040,1,0,150713
101041,1,0,150714
101042,2,0,150716
101043,1,0,150717
101044,1,0,150718
101045,1,0,150719
101046,1,0,150720
101047,2,0,150722
101048,4,0,150726
101049,4,0,150730
101050,1,0,150731
101051,1,0,150732
101052,1,0,150733
101053,1,0,150734
101054,1,0,150735
101055,3,0,150738
101056,1,0,150739
101057,1,0,150740
101058,2,0,150742
101059,1,0,150743
101060,1,0,150744
101061,2,0,150746
101062,1,0,150747
101063,1,0,150748
101064,1,0,150749
101065,1,0,150750
101066,6,0,150756
101067,1,0,150757
101068,1,0,150758
101069,1,0,150759
101070,1,0,150760
101071,1,0,150761
101072,1,0,150762
101073,4,0,150766
101074,2,0,150768
101075,3,0,150771
101076,2,0,150773
101077,2,0,150775
101078,1,0,150776
101079,3,0,150779
101080,1,0,150780
101081,1,0,150781
101082,1,0,150782
101083,2,0,150784
101084,2,0,150786
101085,1,0,150787
101086,1,0,150788
101087,1,0,150789
101088,1,0,150790
101089,1,0,150791
101090,2,0,150793
101091,1,0,150794
101092,1,0,150795
101093,1,0,150796
101094,1,0,150797
101095,3,0,150800
101096,1,0,150801
101097,1,0,150802
101098,2,0,150804
101099,3,0,150807
101100,1,0,150808
101101,1,0,150809
101102,2,0,150811
101103,2,0,150813
101104,2,0,150815
101105,1,0,150816
101106,2,0,150818
101107,1,0,150819
101108,2,0,150821
101109,5,0,150826
101110,2,0,150828
101111,3,0,150831
101112,1,0,150832
101113,2,0,150834
101114,3,0,150837
101115,1,0,150838
101116,1,0,150839
101117,1,0,150840
101118,1,0,150841
101119,1,0,150842
101120,1,0,150843
101121,4,0,150847
101122,2,0,150849
101123,4,0,150853
101124,1,0,150854
101125,1,0,150855
101126,1,0,150856
101127,1,0,150857
101128,2,0,150859
101129,2,0,150861
101130,1,0,150862
101131,1,0,150863
101132,1,0,150864
101133,3,0,150867
101134,1,0,150868
101135,2,0,150870
101136,1,0,150871
101137,1,0,150872
101138,1,0,150873
101139,2,0,150875
101140,1,0,150876
101141,2,0,150878
101142,1,0,150879
101143,1,0,150880
101144,1,0,150881
101145,2,0,150883
101146,1,0,150884
101147,1,0,150885
101148,1,0,150886
101149,2,0,150888
101150,2,0,150890
101151,3,0,150893
101152,1,0,150894
101153,1,0,150895
101154,3,0,150898
101155,1,0,150899
101156,1,0,150900
101157,2,0,150902
101158,1,0,150903
101159,1,0,150904
101160,1,0,150905
101161,1,0,150906
101162,2,0,150908
101163,3,0,150911
101164,2,0,150913
101165,2,0,150915
101166,3,0,150918
101167,2,0,150920
101168,2,0,150922
101169,1,0,150923
101170,1,0,150924
101171,3,0,150927
101172,1,0,150928
101173,1,0,150929
101174,1,0,150930
101175,1,0,150931
101176,2,0,150933
101177,1,0,150934
101178,1,0,150935
101179,1,0,150936
101180,1,0,150937
101181,1,0,150938
101182,1,0,150939
101183,1,0,150940
101184,4,0,150944
101185,2,0,150946
101186,3,0,150949
101187,1,0,150950
101188,2,0,150952
101189,2,0,150954
101190,6,0,150960
101191,1,0,150961
101192,2,0,150963
101193,2,0,150965
101194,3,0,150968
101195,4,0,150972
101196,3,0,150975
101197,1,0,150976
101198,1,0,150977
101199,1,0,150978
101200,5,0,150983
101201,1,0,150984
101202,1,0,150985
101203,1,0,150986
101204,1,0,150987
101205,1,0,150988
101206,1,0,150989
101207,5,0,150994
101208,1,0,150995
101209,1,0,150996
101210,4,0,151000
101211,3,0,151003
101212,1,0,151004
101213,1,0,151005
101214,1,0,151006
101215,1,0,151007
101216,1,0,151008
101217,4,0,151012
101218,2,0,151014
101219,3,0,151017
101220,2,0,151019
101221,2,0,151021
101222,2,0,151023
101223,1,0,151024
101224,2,0,151026
101225,2,0,151028
101226,1,0,151029
101227,1,0,151030
101228,1,0,151031
101229,1,0,151032
101230,1,0,151033
101231,1,0,151034
101232,3,0,151037
101233,5,0,151042
101234,1,0,151043
101235,2,0,151045
101236,3,0,151048
101237,1,0,151049
101238,1,0,151050
101239,1,0,151051
101240,3,0,151054
101241,2,0,151056
101242,2,0,151058
101243,1,0,151059
101244,3,0,151062
101245,2,0,151064
101246,2,0,151066
101247,1,0,151067
101248,1,0,151068
101249,1,0,151069
101250,1,0,151070
101251,1,0,151071
101252,1,0,151072
101253,3,0,151075
101254,1,0,151076
101255,2,0,151078
101256,3,0,151081
101257,1,0,151082
101258,1,0,151083
101259,6,0,151089
101260,1,0,151090
101261,1,0,151091
101262,1,0,151092
101263,1,0,151093
101264,1,0,151094
101265,1,0,151095
101266,1,0,151096
101267,2,0,151098
101268,1,0,151099
101269,1,0,151100
101270,1,0,151101
101271,3,0,151104
101272,1,0,151105
101273,4,0,151109
101274,2,0,151111
101275,1,0,151112
101276,1,0,151113
101277,1,0,151114
101278,3,0,151117
101279,1,0,151118
101280,1,0,151119
101281,1,0,151120
101282,1,0,151121
101283,1,0,151122
101284,1,0,151123
101285,1,0,151124
101286,2,0,151126
101287,1,0,151127
101288,1,0,151128
101289,2,0,151130
101290,1,0,151131
101291,1,0,151132
101292,3,0,151135
101293,3,0,151138
101294,1,0,151139
101295,1,0,151140
101296,2,0,151142
101297,1,0,151143
101298,1,0,151144
101299,1,0,151145
101300,1,0,151146
101301,3,0,151149
101302,1,0,151150
101303,1,0,151151
101304,1,0,151152
101305,1,0,151153
101306,1,0,151154
101307,1,0,151155
101308,1,0,151156
101309,1,0,151157
101310,4,0,151161
101311,1,0,151162
101312,1,0,151163
101313,1,0,151164
101314,3,0,151167
101315,1,0,151168
101316,1,0,151169
101317,1,0,151170
101318,1,0,151171
101319,1,0,151172
101320,1,0,151173
101321,1,0,151174
101322,1,0,151175
101323,3,0,151178
101324,2,0,151180
101325,1,0,151181
101326,1,0,151182
101327,1,0,151183
101328,1,0,151184
101329,1,0,151185
101330,1,0,151186
101331,1,0,151187
101332,2,0,151189
101333,1,0,151190
101334,3,0,151193
101335,1,0,151194
101336,1,0,151195
101337,2,0,151197
101338,1,0,151198
101339,2,0,151200
101340,3,0,151203
101341,2,0,151205
101342,1,0,151206
101343,1,0,151207
101344,1,0,151208
101345,1,0,151209
101346,2,0,151211
101347,1,0,151212
101348,1,0,151213
101349,1,0,151214
101350,1,0,151215
101351,2,0,151217
101352,1,0,151218
101353,3,0,151221
101354,1,0,151222
101355,1,0,151223
101356,1,0,151224
101357,3,0,151227
101358,1,0,151228
101359,1,0,151229
101360,1,0,151230
101361,3,0,151233
101362,1,0,151234
101363,1,0,151235
101364,1,0,151236
101365,4,0,151240
101366,3,0,151243
101367,1,0,151244
101368,1,0,151245
101369,1,0,151246
101370,1,0,151247
101371,2,0,151249
101372,3,0,151252
101373,1,0,151253
101374,1,0,151254
101375,2,0,151256
101376,3,0,151259
101377,1,0,151260
101378,1,0,151261
101379,2,0,151263
101380,1,0,151264
101381,1,0,151265
101382,2,0,151267
101383,1,0,151268
101384,1,0,151269
101385,1,0,151270
101386,2,0,151272
101387,1,0,151273
101388,1,0,151274
101389,1,0,151275
101390,1,0,151276
101391,1,0,151277
101392,1,0,151278
101393,1,0,151279
101394,1,0,151280
101395,6,0,151286
101396,1,0,151287
101397,3,0,151290
101398,1,0,151291
101399,2,0,151293
101400,1,0,151294
101401,1,0,151295
101402,2,0,151297
101403,1,0,151298
101404,1,0,151299
101405,1,0,151300
101406,1,0,151301
101407,3,0,151304
101408,2,0,151306
101409,2,0,151308
101410,2,0,151310
101411,1,0,151311
101412,2,0,151313
101413,2,0,151315
101414,1,0,151316
101415,4,0,151320
101416,1,0,151321
101417,2,0,151323
101418,2,0,151325
101419,3,0,151328
101420,1,0,151329
101421,2,0,151331
101422,1,0,151332
101423,1,0,151333
101424,1,0,151334
101425,1,0,151335
101426,2,0,151337
101427,1,0,151338
101428,1,0,151339
101429,2,0,151341
101430,1,0,151342
101431,2,0,151344
101432,1,0,151345
101433,1,0,151346
101434,1,0,151347
101435,3,0,151350
101436,1,0,151351
101437,1,0,151352
101438,3,0,151355
101439,1,0,151356
101440,1,0,151357
101441,3,0,151360
101442,3,0,151363
101443,1,0,151364
101444,1,0,151365
101445,1,0,151366
101446,7,0,151373
101447,2,0,151375
101448,1,0,151376
101449,3,0,151379
101450,1,0,151380
101451,1,0,151381
101452,2,0,151383
101453,1,0,151384
101454,2,0,151386
101455,3,0,151389
101456,1,0,151390
101457,1,0,151391
101458,1,0,151392
101459,3,0,151395
101460,1,0,151396
101461,2,0,151398
101462,2,0,151400
101463,1,0,151401
101464,2,0,151403
101465,3,0,151406
101466,1,0,151407
101467,5,0,151412
101468,1,0,151413
101469,1,0,151414
101470,3,0,151417
101471,1,0,151418
101472,2,0,151420
101473,3,0,151423
101474,2,0,151425
101475,1,0,151426
101476,2,0,151428
101477,2,0,151430
101478,1,0,151431
101479,1,0,151432
101480,1,0,151433
101481,4,0,151437
101482,1,0,151438
101483,1,0,151439
101484,1,0,151440
101485,2,0,151442
101486,1,0,151443
101487,1,0,151444
101488,2,0,151446
101489,2,0,151448
101490,2,0,151450
101491,2,0,151452
101492,1,0,151453
101493,1,0,151454
101494,4,0,151458
101495,3,0,151461
101496,2,0,151463
101497,1,0,151464
101498,2,0,151466
101499,1,0,151467
101500,1,0,151468
101501,1,0,151469
101502,1,0,151470
101503,1,0,151471
101504,1,0,151472
101505,1,0,151473
101506,1,0,151474
101507,1,0,151475
101508,1,0,151476
101509,1,0,151477
101510,1,0,151478
101511,1,0,151479
101512,2,0,151481
101513,2,0,151483
101514,1,0,151484
101515,1,0,151485
101516,1,0,151486
101517,3,0,151489
101518,1,0,151490
101519,1,0,151491
101520,2,0,151493
101521,1,0,151494
101522,1,0,151495
101523,1,0,151496
101524,1,0,151497
101525,1,0,151498
101526,1,0,151499
101527,2,0,151501
101528,1,0,151502
101529,2,0,151504
101530,3,0,151507
101531,3,0,151510
101532,2,0,151512
101533,1,0,151513
101534,2,0,151515
101535,1,0,151516
101536,1,0,151517
101537,1,0,151518
101538,1,0,151519
101539,1,0,151520
101540,1,0,151521
101541,1,0,151522
101542,1,0,151523
101543,1,0,151524
101544,1,0,151525
101545,1,0,151526
101546,1,0,151527
101547,1,0,151528
101548,1,0,151529
101549,1,0,151530
101550,1,0,151531
101551,1,0,151532
101552,1,0,151533
101553,1,0,151534
101554,1,0,151535
101555,2,0,151537
101556,1,0,151538
101557,1,0,151539
101558,1,0,151540
101559,1,0,151541
101560,2,0,151543
101561,1,0,151544
101562,1,0,151545
101563,1,0,151546
101564,2,0,151548
101565,1,0,151549
101566,1,0,151550
101567,2,0,151552
101568,2,0,151554
101569,1,0,151555
101570,1,0,151556
101571,2,0,151558
101572,1,0,151559
101573,1,0,151560
101574,2,0,151562
101575,1,0,151563
101576,1,0,151564
101577,2,0,151566
101578,1,0,151567
101579,3,0,151570
101580,1,0,151571
101581,1,0,151572
101582,2,0,151574
101583,2,0,151576
101584,2,0,151578
101585,1,0,151579
101586,3,0,151582
101587,2,0,151584
101588,1,0,151585
101589,1,0,151586
101590,1,0,151587
101591,2,0,151589
101592,1,0,151590
101593,1,0,151591
101594,1,0,151592
101595,1,0,151593
101596,1,0,151594
101597,1,0,151595
101598,1,0,151596
101599,1,0,151597
101600,1,0,151598
101601,1,0,151599
101602,2,0,151601
101603,1,0,151602
101604,1,0,151603
101605,2,0,151605
101606,2,0,151607
101607,3,0,151610
101608,4,0,151614
101609,1,0,151615
101610,1,0,151616
101611,1,0,151617
101612,3,0,151620
101613,3,0,151623
101614,1,0,151624
101615,1,0,151625
101616,2,0,151627
101617,3,0,151630
101618,5,0,151635
101619,1,0,151636
101620,1,0,151637
101621,1,0,151638
101622,2,0,151640
101623,1,0,151641
101624,1,0,151642
101625,1,0,151643
101626,1,0,151644
101627,3,0,151647
101628,3,0,151650
101629,3,0,151653
101630,1,0,151654
101631,4,0,151658
101632,1,0,151659
101633,1,0,151660
101634,2,0,151662
101635,1,0,151663
101636,1,0,151664
101637,1,0,151665
101638,3,0,151668
101639,1,0,151669
101640,3,0,151672
101641,1,0,151673
101642,1,0,151674
101643,1,0,151675
101644,2,0,151677
101645,2,0,151679
101646,1,0,151680
101647,1,0,151681
101648,1,0,151682
101649,1,0,151683
101650,3,0,151686
101651,1,0,151687
101652,1,0,151688
101653,1,0,151689
101654,1,0,151690
101655,1,0,151691
101656,2,0,151693
101657,1,0,151694
101658,2,0,151696
101659,6,0,151702
101660,1,0,151703
101661,1,0,151704
101662,1,0,151705
101663,1,0,151706
101664,1,0,151707
101665,3,0,151710
101666,1,0,151711
101667,1,0,151712
101668,1,0,151713
101669,1,0,151714
101670,1,0,151715
101671,1,0,151716
101672,2,0,151718
101673,3,0,151721
101674,1,0,151722
101675,1,0,151723
101676,1,0,151724
101677,2,0,151726
101678,3,0,151729
101679,1,0,151730
101680,1,0,151731
101681,4,0,151735
101682,1,0,151736
101683,1,0,151737
101684,1,0,151738
101685,1,0,151739
101686,1,0,151740
101687,1,0,151741
101688,1,0,151742
101689,2,0,151744
101690,1,0,151745
101691,1,0,151746
101692,1,0,151747
101693,1,0,151748
101694,1,0,151749
101695,1,0,151750
101696,3,0,151753
101697,1,0,151754
101698,1,0,151755
101699,1,0,151756
101700,1,0,151757
101701,1,0,151758
101702,2,0,151760
101703,2,0,151762
101704,1,0,151763
101705,1,0,151764
101706,1,0,151765
101707,2,0,151767
101708,1,0,151768
101709,1,0,151769
101710,1,0,151770
101711,1,0,151771
101712,1,0,151772
101713,1,0,151773
101714,1,0,151774
101715,1,0,151775
101716,1,0,151776
101717,2,0,151778
101718,2,0,151780
101719,1,0,151781
101720,2,0,151783
101721,1,0,151784
101722,1,0,151785
101723,1,0,151786
101724,1,0,151787
101725,1,0,151788
101726,2,0,151790
101727,1,0,151791
101728,1,0,151792
101729,1,0,151793
101730,3,0,151796
101731,2,0,151798
101732,1,0,151799
101733,1,0,151800
101734,1,0,151801
101735,1,0,151802
101736,7,0,151809
101737,1,0,151810
101738,2,0,151812
101739,1,0,151813
101740,1,0,151814
101741,1,0,151815
101742,1,0,151816
101743,1,0,151817
101744,1,0,151818
101745,1,0,151819
101746,1,0,151820
101747,1,0,151821
101748,1,0,151822
101749,1,0,151823
101750,3,0,151826
101751,1,0,151827
101752,1,0,151828
101753,3,0,151831
101754,1,0,151832
101755,2,0,151834
101756,1,0,151835
101757,1,0,151836
101758,1,0,151837
101759,3,0,151840
101760,1,0,151841
101761,2,0,151843
101762,1,0,151844
101763,1,0,151845
101764,2,0,151847
101765,1,0,151848
101766,2,0,151850
101767,2,0,151852
101768,1,0,151853
101769,1,0,151854
101770,6,0,151860
101771,1,0,151861
101772,2,0,151863
101773,3,0,151866
101774,1,0,151867
101775,1,0,151868
101776,2,0,151870
101777,1,0,151871
101778,1,0,151872
101779,1,0,151873
101780,1,0,151874
101781,1,0,151875
101782,1,0,151876
101783,1,0,151877
101784,3,0,151880
101785,1,0,151881
101786,1,0,151882
101787,1,0,151883
101788,1,0,151884
101789,3,0,151887
101790,1,0,151888
101791,1,0,151889
101792,1,0,151890
101793,1,0,151891
101794,2,0,151893
101795,1,0,151894
101796,1,0,151895
101797,1,0,151896
101798,1,0,151897
101799,1,0,151898
101800,3,0,151901
101801,2,0,151903
101802,1,0,151904
101803,1,0,151905
101804,1,0,151906
101805,2,0,151908
101806,1,0,151909
101807,1,0,151910
101808,1,0,151911
101809,1,0,151912
101810,1,0,151913
101811,1,0,151914
101812,4,0,151918
101813,1,0,151919
101814,1,0,151920
101815,2,0,151922
101816,1,0,151923
101817,1,0,151924
101818,1,0,151925
101819,1,0,151926
101820,4,0,151930
101821,2,0,151932
101822,1,0,151933
101823,2,0,151935
101824,1,0,151936
101825,2,0,151938
101826,2,0,151940
101827,2,0,151942
101828,1,0,151943
101829,2,0,151945
101830,1,0,151946
101831,3,0,151949
101832,2,0,151951
101833,1,0,151952
101834,1,0,151953
101835,1,0,151954
101836,5,0,151959
101837,1,0,151960
101838,1,0,151961
101839,1,0,151962
101840,1,0,151963
101841,2,0,151965
101842,1,0,151966
101843,1,0,151967
101844,1,0,151968
101845,2,0,151970
101846,1,0,151971
101847,1,0,151972
101848,4,0,151976
101849,2,0,151978
101850,1,0,151979
101851,1,0,151980
101852,1,0,151981
101853,1,0,151982
101854,1,0,151983
101855,2,0,151985
101856,1,0,151986
101857,1,0,151987
101858,1,0,151988
101859,1,0,151989
101860,1,0,151990
101861,1,0,151991
101862,1,0,151992
101863,1,0,151993
101864,1,0,151994
101865,2,0,151996
101866,1,0,151997
101867,1,0,151998
101868,1,0,151999
101869,2,0,152001
101870,1,0,152002
101871,1,0,152003
101872,1,0,152004
101873,2,0,152006
101874,1,0,152007
101875,2,0,152009
101876,1,0,152010
101877,2,0,152012
101878,1,0,152013
101879,1,0,152014
101880,1,0,152015
101881,1,0,152016
101882,1,0,152017
101883,2,0,152019
101884,1,0,152020
101885,1,0,152021
101886,2,0,152023
101887,1,0,152024
101888,1,0,152025
101889,1,0,152026
101890,2,0,152028
101891,3,0,152031
101892,1,0,152032
101893,1,0,152033
101894,1,0,152034
101895,1,0,152035
101896,1,0,152036
101897,2,0,152038
101898,2,0,152040
101899,3,0,152043
101900,2,0,152045
101901,2,0,152047
101902,2,0,152049
101903,1,0,152050
101904,1,0,152051
101905,1,0,152052
101906,1,0,152053
101907,1,0,152054
101908,1,0,152055
101909,2,0,152057
101910,2,0,152059
101911,1,0,152060
101912,1,0,152061
101913,1,0,152062
101914,1,0,152063
101915,3,0,152066
101916,2,0,152068
101917,1,0,152069
101918,1,0,152070
101919,1,0,152071
101920,1,0,152072
101921,1,0,152073
101922,2,0,152075
101923,2,0,152077
101924,1,0,152078
101925,3,0,152081
101926,1,0,152082
101927,2,0,152084
101928,1,0,152085
101929,2,0,152087
101930,1,0,152088
101931,1,0,152089
101932,2,0,152091
101933,2,0,152093
101934,1,0,152094
101935,1,0,152095
101936,2,0,152097
101937,5,0,152102
101938,1,0,152103
101939,5,0,152108
101940,1,0,152109
101941,2,0,152111
101942,1,0,152112
101943,4,0,152116
101944,2,0,152118
101945,1,0,152119
101946,2,0,152121
101947,1,0,152122
101948,1,0,152123
101949,1,0,152124
101950,2,0,152126
101951,2,0,152128
101952,1,0,152129
101953,1,0,152130
101954,1,0,152131
101955,1,0,152132
101956,1,0,152133
101957,3,0,152136
101958,1,0,152137
101959,2,0,152139
101960,2,0,152141
101961,3,0,152144
101962,2,0,152146
101963,3,0,152149
101964,1,0,152150
101965,5,0,152155
101966,1,0,152156
101967,2,0,152158
101968,1,0,152159
101969,1,0,152160
101970,3,0,152163
101971,1,0,152164
101972,1,0,152165
101973,7,0,152172
101974,1,0,152173
101975,2,0,152175
101976,3,0,152178
101977,2,0,152180
101978,1,0,152181
101979,1,0,152182
101980,1,0,152183
101981,2,0,152185
101982,5,0,152190
101983,1,0,152191
101984,1,0,152192
101985,1,0,152193
101986,2,0,152195
101987,1,0,152196
101988,1,0,152197
101989,1,0,152198
101990,1,0,152199
101991,2,0,152201
101992,1,0,152202
101993,2,0,152204
101994,1,0,152205
101995,1,0,152206
101996,1,0,152207
101997,2,0,152209
101998,1,0,152210
101999,1,0,152211
102000,1,0,152212
102001,1,0,152213
102002,1,0,152214
102003,2,0,152216
102004,1,0,152217
102005,1,0,152218
102006,2,0,152220
102007,1,0,152221
102008,1,0,152222
102009,1,0,152223
102010,1,0,152224
102011,1,0,152225
102012,1,0,152226
102013,1,0,152227
102014,3,0,152230
102015,1,0,152231
102016,1,0,152232
102017,1,0,152233
102018,1,0,152234
102019,1,0,152235
102020,1,0,152236
102021,2,0,152238
102022,2,0,152240
102023,1,0,152241
102024,1,0,152242
102025,1,0,152243
102026,4,0,152247
102027,1,0,152248
102028,2,0,152250
102029,1,0,152251
102030,1,0,152252
102031,3,0,152255
102032,1,0,152256
102033,4,0,152260
102034,1,0,152261
102035,1,0,152262
102036,2,0,152264
102037,1,0,152265
102038,1,0,152266
102039,1,0,152267
102040,1,0,152268
102041,1,0,152269
102042,3,0,152272
102043,1,0,152273
102044,1,0,152274
102045,1,0,152275
102046,1,0,152276
102047,2,0,152278
102048,1,0,152279
102049,4,0,152283
102050,1,0,152284
102051,1,0,152285
102052,3,0,152288
102053,1,0,152289
102054,2,0,152291
102055,1,0,152292
102056,1,0,152293
102057,1,0,152294
102058,1,0,152295
102059,1,0,152296
102060,1,0,152297
102061,2,0,152299
102062,2,0,152301
102063,1,0,152302
102064,1,0,152303
102065,1,0,152304
102066,3,0,152307
102067,2,0,152309
102068,3,0,152312
102069,2,0,152314
102070,1,0,152315
102071,1,0,152316
102072,1,0,152317
102073,1,0,152318
102074,1,0,152319
102075,1,0,152320
102076,3,0,152323
102077,1,0,152324
102078,1,0,152325
102079,1,0,152326
102080,2,0,152328
102081,1,0,152329
102082,1,0,152330
102083,1,0,152331
102084,1,0,152332
102085,1,0,152333
102086,2,0,152335
102087,4,0,152339
102088,2,0,152341
102089,1,0,152342
102090,1,0,152343
102091,1,0,152344
102092,3,0,152347
102093,1,0,152348
102094,4,0,152352
102095,3,0,152355
102096,1,0,152356
102097,2,0,152358
102098,1,0,152359
102099,1,0,152360
102100,2,0,152362
102101,2,0,152364
102102,1,0,152365
102103,1,0,152366
102104,2,0,152368
102105,2,0,152370
102106,2,0,152372
102107,2,0,152374
102108,3,0,152377
102109,2,0,152379
102110,2,0,152381
102111,2,0,152383
102112,1,0,152384
102113,2,0,152386
102114,3,0,152389
102115,2,0,152391
102116,1,0,152392
102117,1,0,152393
102118,1,0,152394
102119,2,0,152396
102120,1,0,152397
102121,1,0,152398
102122,1,0,152399
102123,1,0,152400
102124,1,0,152401
102125,1,0,152402
102126,1,0,152403
102127,1,0,152404
102128,2,0,152406
102129,1,0,152407
102130,1,0,152408
102131,1,0,152409
102132,1,0,152410
102133,1,0,152411
102134,3,0,152414
102135,1,0,152415
102136,1,0,152416
102137,1,0,152417
102138,1,0,152418
102139,3,0,152421
102140,1,0,152422
102141,2,0,152424
102142,1,0,152425
102143,1,0,152426
102144,1,0,152427
102145,1,0,152428
102146,2,0,152430
102147,1,0,152431
102148,1,0,152432
102149,2,0,152434
102150,2,0,152436
102151,3,0,152439
102152,1,0,152440
102153,2,0,152442
102154,1,0,152443
102155,1,0,152444
102156,1,0,152445
102157,1,0,152446
102158,2,0,152448
102159,1,0,152449
102160,1,0,152450
102161,2,0,152452
102162,1,0,152453
102163,1,0,152454
102164,3,0,152457
102165,1,0,152458
102166,1,0,152459
102167,3,0,152462
102168,2,0,152464
102169,1,0,152465
102170,1,0,152466
102171,2,0,152468
102172,1,0,152469
102173,2,0,152471
102174,1,0,152472
102175,1,0,152473
102176,1,0,152474
102177,1,0,152475
102178,1,0,152476
102179,3,0,152479
102180,5,0,152484
102181,1,0,152485
102182,1,0,152486
102183,1,0,152487
102184,1,0,152488
102185,3,0,152491
102186,1,0,152492
102187,2,0,152494
102188,1,0,152495
102189,1,0,152496
102190,1,0,152497
102191,1,0,152498
102192,2,0,152500
102193,2,0,152502
102194,1,0,152503
102195,1,0,152504
102196,2,0,152506
102197,2,0,152508
102198,3,0,152511
102199,1,0,152512
102200,1,0,152513
102201,1,0,152514
102202,1,0,152515
102203,3,0,152518
102204,4,0,152522
102205,1,0,152523
102206,1,0,152524
102207,1,0,152525
102208,1,0,152526
102209,2,0,152528
102210,1,0,152529
102211,1,0,152530
102212,2,0,152532
102213,2,0,152534
102214,2,0,152536
102215,2,0,152538
102216,1,0,152539
102217,1,0,152540
102218,1,0,152541
102219,2,0,152543
102220,2,0,152545
102221,3,0,152548
102222,3,0,152551
102223,2,0,152553
102224,1,0,152554
102225,1,0,152555
102226,1,0,152556
102227,2,0,152558
102228,3,0,152561
102229,3,0,152564
102230,2,0,152566
102231,1,0,152567
102232,1,0,152568
102233,1,0,152569
102234,1,0,152570
102235,1,0,152571
102236,1,0,152572
102237,1,0,152573
102238,2,0,152575
102239,1,0,152576
102240,1,0,152577
102241,2,0,152579
102242,2,0,152581
102243,2,0,152583
102244,1,0,152584
102245,1,0,152585
102246,2,0,152587
102247,1,0,152588
102248,3,0,152591
102249,1,0,152592
102250,1,0,152593
102251,2,0,152595
102252,1,0,152596
102253,1,0,152597
102254,2,0,152599
102255,1,0,152600
102256,1,0,152601
102257,2,0,152603
102258,2,0,152605
102259,2,0,152607
102260,2,0,152609
102261,1,0,152610
102262,1,0,152611
102263,1,0,152612
102264,1,0,152613
102265,1,0,152614
102266,1,0,152615
102267,2,0,152617
102268,1,0,152618
102269,1,0,152619
102270,2,0,152621
102271,2,0,152623
102272,1,0,152624
102273,1,0,152625
102274,2,0,152627
102275,1,0,152628
102276,2,0,152630
102277,2,0,152632
102278,1,0,152633
102279,1,0,152634
102280,1,0,152635
102281,1,0,152636
102282,1,0,152637
102283,3,0,152640
102284,1,0,152641
102285,2,0,152643
102286,1,0,152644
102287,1,0,152645
102288,2,0,152647
102289,2,0,152649
102290,1,0,152650
102291,1,0,152651
102292,2,0,152653
102293,1,0,152654
102294,1,0,152655
102295,2,0,152657
102296,1,0,152658
102297,2,0,152660
102298,1,0,152661
102299,1,0,152662
102300,3,0,152665
102301,3,0,152668
102302,1,0,152669
102303,1,0,152670
102304,1,0,152671
102305,2,0,152673
102306,1,0,152674
102307,1,0,152675
102308,1,0,152676
102309,1,0,152677
102310,2,0,152679
102311,2,0,152681
102312,1,0,152682
102313,1,0,152683
102314,3,0,152686
102315,1,0,152687
102316,1,0,152688
102317,2,0,152690
102318,1,0,152691
102319,3,0,152694
102320,2,0,152696
102321,1,0,152697
102322,1,0,152698
102323,1,0,152699
102324,1,0,152700
102325,1,0,152701
102326,1,0,152702
102327,2,0,152704
102328,4,0,152708
102329,4,0,152712
102330,5,0,152717
102331,1,0,152718
102332,5,0,152723
102333,1,0,152724
102334,2,0,152726
102335,3,0,152729
102336,1,0,152730
102337,1,0,152731
102338,1,0,152732
102339,1,0,152733
102340,1,0,152734
102341,2,0,152736
102342,3,0,152739
102343,3,0,152742
102344,1,0,152743
102345,1,0,152744
102346,1,0,152745
102347,1,0,152746
102348,1,0,152747
102349,1,0,152748
102350,1,0,152749
102351,1,0,152750
102352,2,0,152752
102353,1,0,152753
102354,1,0,152754
102355,3,0,152757
102356,1,0,152758
102357,4,0,152762
102358,1,0,152763
102359,4,0,152767
102360,2,0,152769
102361,3,0,152772
102362,2,0,152774
102363,1,0,152775
102364,1,0,152776
102365,1,0,152777
102366,1,0,152778
102367,1,0,152779
102368,1,0,152780
102369,1,0,152781
102370,3,0,152784
102371,1,0,152785
102372,1,0,152786
102373,2,0,152788
102374,1,0,152789
102375,1,0,152790
102376,1,0,152791
102377,2,0,152793
102378,1,0,152794
102379,2,0,152796
102380,1,0,152797
102381,3,0,152800
102382,1,0,152801
102383,1,0,152802
102384,2,0,152804
102385,2,0,152806
102386,1,0,152807
102387,2,0,152809
102388,4,0,152813
102389,1,0,152814
102390,2,0,152816
102391,1,0,152817
102392,1,0,152818
102393,1,0,152819
102394,1,0,152820
102395,1,0,152821
102396,3,0,152824
102397,1,0,152825
102398,2,0,152827
102399,1,0,152828
102400,1,0,152829
102401,3,0,152832
102402,1,0,152833
102403,1,0,152834
102404,1,0,152835
102405,1,0,152836
102406,2,0,152838
102407,1,0,152839
102408,1,0,152840
102409,1,0,152841
102410,1,0,152842
102411,1,0,152843
102412,1,0,152844
102413,1,0,152845
102414,1,0,152846
102415,1,0,152847
102416,1,0,152848
102417,2,0,152850
102418,1,0,152851
102419,1,0,152852
102420,1,0,152853
102421,2,0,152855
102422,1,0,152856
102423,5,0,152861
102424,1,0,152862
102425,2,0,152864
102426,1,0,152865
102427,4,0,152869
102428,2,0,152871
102429,1,0,152872
102430,1,0,152873
102431,1,0,152874
102432,1,0,152875
102433,1,0,152876
102434,1,0,152877
102435,1,0,152878
102436,1,0,152879
102437,2,0,152881
102438,3,0,152884
102439,1,0,152885
102440,1,0,152886
102441,1,0,152887
102442,1,0,152888
102443,2,0,152890
102444,1,0,152891
102445,1,0,152892
102446,2,0,152894
102447,3,0,152897
102448,1,0,152898
102449,3,0,152901
102450,1,0,152902
102451,5,0,152907
102452,2,0,152909
102453,1,0,152910
102454,1,0,152911
102455,3,0,152914
102456,1,0,152915
102457,1,0,152916
102458,1,0,152917
102459,1,0,152918
102460,1,0,152919
102461,1,0,152920
102462,2,0,152922
102463,2,0,152924
102464,3,0,152927
102465,1,0,152928
102466,2,0,152930
102467,2,0,152932
102468,1,0,152933
102469,3,0,152936
102470,5,0,152941
102471,1,0,152942
102472,2,0,152944
102473,1,0,152945
102474,1,0,152946
102475,1,0,152947
102476,2,0,152949
102477,2,0,152951
102478,1,0,152952
102479,1,0,152953
102480,2,0,152955
102481,1,0,152956
102482,2,0,152958
102483,2,0,152960
102484,1,0,152961
102485,1,0,152962
102486,2,0,152964
102487,1,0,152965
102488,1,0,152966
102489,2,0,152968
102490,2,0,152970
102491,1,0,152971
102492,1,0,152972
102493,2,0,152974
102494,1,0,152975
102495,2,0,152977
102496,2,0,152979
102497,2,0,152981
102498,1,0,152982
102499,2,0,152984
102500,1,0,152985
102501,1,0,152986
102502,2,0,152988
102503,1,0,152989
102504,1,0,152990
102505,1,0,152991
102506,1,0,152992
102507,2,0,152994
102508,2,0,152996
102509,1,0,152997
102510,2,0,152999
102511,1,0,153000
102512,2,0,153002
102513,1,0,153003
102514,1,0,153004
102515,1,0,153005
102516,1,0,153006
102517,1,0,153007
102518,1,0,153008
102519,1,0,153009
102520,4,0,153013
102521,1,0,153014
102522,2,0,153016
102523,1,0,153017
102524,1,0,153018
102525,1,0,153019
102526,2,0,153021
102527,1,0,153022
102528,1,0,153023
102529,3,0,153026
102530,1,0,153027
102531,1,0,153028
102532,1,0,153029
102533,1,0,153030
102534,2,0,153032
102535,1,0,153033
102536,2,0,153035
102537,2,0,153037
102538,1,0,153038
102539,2,0,153040
102540,1,0,153041
102541,1,0,153042
102542,1,0,153043
102543,1,0,153044
102544,1,0,153045
102545,1,0,153046
102546,1,0,153047
102547,1,0,153048
102548,1,0,153049
102549,1,0,153050
102550,1,0,153051
102551,1,0,153052
102552,1,0,153053
102553,1,0,153054
102554,1,0,153055
102555,1,0,153056
102556,1,0,153057
102557,3,0,153060
102558,3,0,153063
102559,1,0,153064
102560,1,0,153065
102561,1,0,153066
102562,1,0,153067
102563,1,0,153068
102564,1,0,153069
102565,1,0,153070
102566,1,0,153071
102567,1,0,153072
102568,1,0,153073
102569,2,0,153075
102570,1,0,153076
102571,2,0,153078
102572,1,0,153079
102573,1,0,153080
102574,2,0,153082
102575,1,0,153083
102576,1,0,153084
102577,1,0,153085
102578,2,0,153087
102579,1,0,153088
102580,1,0,153089
102581,1,0,153090
102582,2,0,153092
102583,1,0,153093
102584,1,0,153094
102585,1,0,153095
102586,1,0,153096
102587,2,0,153098
102588,2,0,153100
102589,3,0,153103
102590,1,0,153104
102591,2,0,153106
102592,1,0,153107
102593,1,0,153108
102594,1,0,153109
102595,1,0,153110
102596,5,0,153115
102597,1,0,153116
102598,1,0,153117
102599,1,0,153118
102600,1,0,153119
102601,2,0,153121
102602,1,0,153122
102603,2,0,153124
102604,1,0,153125
102605,1,0,153126
102606,1,0,153127
102607,1,0,153128
102608,2,0,153130
102609,1,0,153131
102610,1,0,153132
102611,1,0,153133
102612,1,0,153134
102613,1,0,153135
102614,3,0,153138
102615,1,0,153139
102616,1,0,153140
102617,1,0,153141
102618,1,0,153142
102619,1,0,153143
102620,1,0,153144
102621,1,0,153145
102622,1,0,153146
102623,1,0,153147
102624,1,0,153148
102625,1,0,153149
102626,1,0,153150
102627,2,0,153152
102628,1,0,153153
102629,2,0,153155
102630,1,0,153156
102631,1,0,153157
102632,2,0,153159
102633,1,0,153160
102634,1,0,153161
102635,1,0,153162
102636,1,0,153163
102637,1,0,153164
102638,1,0,153165
102639,2,0,153167
102640,1,0,153168
102641,1,0,153169
102642,1,0,153170
102643,1,0,153171
102644,3,0,153174
102645,1,0,153175
102646,1,0,153176
102647,1,0,153177
102648,2,0,153179
102649,1,0,153180
102650,2,0,153182
102651,1,0,153183
102652,1,0,153184
102653,1,0,153185
102654,2,0,153187
102655,2,0,153189
102656,1,0,153190
102657,1,0,153191
102658,1,0,153192
102659,1,0,153193
102660,1,0,153194
102661,1,0,153195
102662,1,0,153196
102663,2,0,153198
102664,2,0,153200
102665,1,0,153201
102666,1,0,153202
102667,2,0,153204
102668,1,0,153205
102669,1,0,153206
102670,1,0,153207
102671,1,0,153208
102672,2,0,153210
102673,1,0,153211
102674,3,0,153214
102675,6,0,153220
102676,2,0,153222
102677,1,0,153223
102678,1,0,153224
102679,1,0,153225
102680,1,0,153226
102681,3,0,153229
102682,1,0,153230
102683,1,0,153231
102684,1,0,153232
102685,2,0,153234
102686,2,0,153236
102687,1,0,153237
102688,3,0,153240
102689,4,0,153244
102690,1,0,153245
102691,2,0,153247
102692,1,0,153248
102693,1,0,153249
102694,3,0,153252
102695,2,0,153254
102696,2,0,153256
102697,2,0,153258
102698,1,0,153259
102699,2,0,153261
102700,1,0,153262
102701,1,0,153263
102702,3,0,153266
102703,1,0,153267
102704,2,0,153269
102705,1,0,153270
102706,1,0,153271
102707,2,0,153273
102708,2,0,153275
102709,2,0,153277
102710,2,0,153279
102711,1,0,153280
102712,1,0,153281
102713,2,0,153283
102714,1,0,153284
102715,4,0,153288
102716,1,0,153289
102717,1,0,153290
102718,2,0,153292
102719,1,0,153293
102720,1,0,153294
102721,1,0,153295
102722,4,0,153299
102723,2,0,153301
102724,1,0,153302
102725,1,0,153303
102726,3,0,153306
102727,1,0,153307
102728,2,0,153309
102729,1,0,153310
102730,1,0,153311
102731,1,0,153312
102732,4,0,153316
102733,1,0,153317
102734,1,0,153318
102735,1,0,153319
102736,3,0,153322
102737,1,0,153323
102738,1,0,153324
102739,1,0,153325
102740,1,0,153326
102741,1,0,153327
102742,1,0,153328
102743,1,0,153329
102744,1,0,153330
102745,1,0,153331
102746,1,0,153332
102747,5,0,153337
102748,1,0,153338
102749,2,0,153340
102750,1,0,153341
102751,2,0,153343
102752,1,0,153344
102753,2,0,153346
102754,1,0,153347
102755,2,0,153349
102756,2,0,153351
102757,1,0,153352
102758,1,0,153353
102759,2,0,153355
102760,2,0,153357
102761,1,0,153358
102762,2,0,153360
102763,1,0,153361
102764,1,0,153362
102765,1,0,153363
102766,4,0,153367
102767,5,0,153372
102768,1,0,153373
102769,1,0,153374
102770,2,0,153376
102771,1,0,153377
102772,2,0,153379
102773,1,0,153380
102774,3,0,153383
102775,1,0,153384
102776,2,0,153386
102777,1,0,153387
102778,2,0,153389
102779,2,0,153391
102780,1,0,153392
102781,1,0,153393
102782,1,0,153394
102783,2,0,153396
102784,1,0,153397
102785,1,0,153398
102786,1,0,153399
102787,1,0,153400
102788,1,0,153401
102789,1,0,153402
102790,1,0,153403
102791,2,0,153405
102792,1,0,153406
102793,1,0,153407
102794,1,0,153408
102795,3,0,153411
102796,1,0,153412
102797,1,0,153413
102798,1,0,153414
102799,1,0,153415
102800,1,0,153416
102801,1,0,153417
102802,1,0,153418
102803,1,0,153419
102804,3,0,153422
102805,1,0,153423
102806,1,0,153424
102807,8,0,153432
102808,1,0,153433
102809,1,0,153434
102810,1,0,153435
102811,1,0,153436
102812,1,0,153437
102813,1,0,153438
102814,2,0,153440
102815,1,0,153441
102816,1,0,153442
102817,1,0,153443
102818,1,0,153444
102819,2,0,153446
102820,1,0,153447
102821,1,0,153448
102822,1,0,153449
102823,2,0,153451
102824,1,0,153452
102825,1,0,153453
102826,4,0,153457
102827,1,0,153458
102828,2,0,153460
102829,1,0,153461
102830,1,0,153462
102831,1,0,153463
102832,2,0,153465
102833,1,0,153466
102834,1,0,153467
102835,1,0,153468
102836,4,0,153472
102837,2,0,153474
102838,1,0,153475
102839,1,0,153476
102840,2,0,153478
102841,1,0,153479
102842,1,0,153480
102843,1,0,153481
102844,1,0,153482
102845,1,0,153483
102846,1,0,153484
102847,1,0,153485
102848,1,0,153486
102849,1,0,153487
102850,2,0,153489
102851,1,0,153490
102852,3,0,153493
102853,3,0,153496
102854,1,0,153497
102855,2,0,153499
102856,1,0,153500
102857,1,0,153501
102858,2,0,153503
102859,1,0,153504
102860,3,0,153507
102861,4,0,153511
102862,1,0,153512
102863,1,0,153513
102864,1,0,153514
102865,1,0,153515
102866,2,0,153517
102867,1,0,153518
102868,1,0,153519
102869,1,0,153520
102870,5,0,153525
102871,2,0,153527
102872,2,0,153529
102873,1,0,153530
102874,1,0,153531
102875,1,0,153532
102876,1,0,153533
102877,2,0,153535
102878,1,0,153536
102879,1,0,153537
102880,1,0,153538
102881,1,0,153539
102882,1,0,153540
102883,1,0,153541
102884,2,0,153543
102885,3,0,153546
102886,1,0,153547
102887,1,0,153548
102888,2,0,153550
102889,3,0,153553
102890,1,0,153554
102891,1,0,153555
102892,2,0,153557
102893,1,0,153558
102894,1,0,153559
102895,1,0,153560
102896,1,0,153561
102897,1,0,153562
102898,2,0,153564
102899,2,0,153566
102900,1,0,153567
102901,1,0,153568
102902,4,0,153572
102903,1,0,153573
102904,1,0,153574
102905,1,0,153575
102906,4,0,153579
102907,1,0,153580
102908,1,0,153581
102909,5,0,153586
102910,3,0,153589
102911,1,0,153590
102912,1,0,153591
102913,1,0,153592
102914,1,0,153593
102915,1,0,153594
102916,1,0,153595
102917,2,0,153597
102918,4,0,153601
102919,4,0,153605
102920,1,0,153606
102921,1,0,153607
102922,1,0,153608
102923,1,0,153609
102924,1,0,153610
102925,1,0,153611
102926,1,0,153612
102927,2,0,153614
102928,1,0,153615
102929,1,0,153616
102930,1,0,153617
102931,1,0,153618
102932,1,0,153619
102933,1,0,153620
102934,1,0,153621
102935,1,0,153622
102936,1,0,153623
102937,1,0,153624
102938,1,0,153625
102939,1,0,153626
102940,3,0,153629
102941,1,0,153630
102942,1,0,153631
102943,1,0,153632
102944,1,0,153633
102945,1,0,153634
102946,2,0,153636
102947,2,0,153638
102948,2,0,153640
102949,1,0,153641
102950,1,0,153642
102951,1,0,153643
102952,1,0,153644
102953,2,0,153646
102954,1,0,153647
102955,1,0,153648
102956,1,0,153649
102957,1,0,153650
102958,1,0,153651
102959,4,0,153655
102960,1,0,153656
102961,2,0,153658
102962,1,0,153659
102963,2,0,153661
102964,1,0,153662
102965,2,0,153664
102966,1,0,153665
102967,1,0,153666
102968,1,0,153667
102969,2,0,153669
102970,3,0,153672
102971,1,0,153673
102972,1,0,153674
102973,3,0,153677
102974,4,0,153681
102975,3,0,153684
102976,1,0,153685
102977,3,0,153688
102978,1,0,153689
102979,2,0,153691
102980,2,0,153693
102981,2,0,153695
102982,2,0,153697
102983,1,0,153698
102984,1,0,153699
102985,1,0,153700
102986,1,0,153701
102987,1,0,153702
102988,1,0,153703
102989,1,0,153704
102990,1,0,153705
102991,1,0,153706
102992,1,0,153707
102993,1,0,153708
102994,1,0,153709
102995,2,0,153711
102996,4,0,153715
102997,1,0,153716
102998,1,0,153717
102999,2,0,153719
103000,1,0,153720
103001,1,0,153721
103002,1,0,153722
103003,1,0,153723
103004,3,0,153726
103005,1,0,153727
103006,1,0,153728
103007,4,0,153732
103008,1,0,153733
103009,1,0,153734
103010,1,0,153735
103011,1,0,153736
103012,1,0,153737
103013,2,0,153739
103014,1,0,153740
103015,2,0,153742
103016,3,0,153745
103017,1,0,153746
103018,1,0,153747
103019,2,0,153749
103020,1,0,153750
103021,1,0,153751
103022,1,0,153752
103023,2,0,153754
103024,1,0,153755
103025,1,0,153756
103026,2,0,153758
103027,2,0,153760
103028,1,0,153761
103029,2,0,153763
103030,2,0,153765
103031,2,0,153767
103032,1,0,153768
103033,1,0,153769
103034,1,0,153770
103035,1,0,153771
103036,1,0,153772
103037,1,0,153773
103038,1,0,153774
103039,3,0,153777
103040,1,0,153778
103041,3,0,153781
103042,1,0,153782
103043,2,0,153784
103044,2,0,153786
103045,3,0,153789
103046,1,0,153790
103047,2,0,153792
103048,1,0,153793
103049,2,0,153795
103050,1,0,153796
103051,1,0,153797
103052,1,0,153798
103053,2,0,153800
103054,2,0,153802
103055,1,0,153803
103056,1,0,153804
103057,1,0,153805
103058,3,0,153808
103059,1,0,153809
103060,1,0,153810
103061,1,0,153811
103062,1,0,153812
103063,1,0,153813
103064,4,0,153817
103065,1,0,153818
103066,5,0,153823
103067,3,0,153826
103068,1,0,153827
103069,1,0,153828
103070,2,0,153830
103071,1,0,153831
103072,3,0,153834
103073,1,0,153835
103074,1,0,153836
103075,1,0,153837
103076,1,0,153838
103077,1,0,153839
103078,1,0,153840
103079,2,0,153842
103080,1,0,153843
103081,2,0,153845
103082,1,0,153846
103083,2,0,153848
103084,1,0,153849
103085,1,0,153850
103086,1,0,153851
103087,1,0,153852
103088,1,0,153853
103089,1,0,153854
103090,1,0,153855
103091,1,0,153856
103092,2,0,153858
103093,2,0,153860
103094,1,0,153861
103095,1,0,153862
103096,6,0,153868
103097,2,0,153870
103098,9,0,153879
103099,1,0,153880
103100,2,0,153882
103101,2,0,153884
103102,1,0,153885
103103,4,0,153889
103104,2,0,153891
103105,1,0,153892
103106,2,0,153894
103107,1,0,153895
103108,1,0,153896
103109,3,0,153899
103110,2,0,153901
103111,1,0,153902
103112,1,0,153903
103113,1,0,153904
103114,1,0,153905
103115,1,0,153906
103116,3,0,153909
103117,1,0,153910
103118,3,0,153913
103119,1,0,153914
103120,1,0,153915
103121,2,0,153917
103122,1,0,153918
103123,1,0,153919
103124,1,0,153920
103125,3,0,153923
103126,1,0,153924
103127,4,0,153928
103128,5,0,153933
103129,1,0,153934
103130,1,0,153935
103131,1,0,153936
103132,2,0,153938
103133,1,0,153939
103134,1,0,153940
103135,1,0,153941
103136,1,0,153942
103137,1,0,153943
103138,2,0,153945
103139,1,0,153946
103140,1,0,153947
103141,1,0,153948
103142,1,0,153949
103143,1,0,153950
103144,2,0,153952
103145,1,0,153953
103146,3,0,153956
103147,1,0,153957
103148,2,0,153959
103149,2,0,153961
103150,1,0,153962
103151,3,0,153965
103152,1,0,153966
103153,2,0,153968
103154,8,0,153976
103155,1,0,153977
103156,5,0,153982
103157,1,0,153983
103158,1,0,153984
103159,3,0,153987
103160,2,0,153989
103161,1,0,153990
103162,2,0,153992
103163,1,0,153993
103164,1,0,153994
103165,2,0,153996
103166,1,0,153997
103167,1,0,153998
103168,1,0,153999
103169,1,0,154000
103170,3,0,154003
103171,1,0,154004
103172,1,0,154005
103173,2,0,154007
103174,1,0,154008
103175,2,0,154010
103176,2,0,154012
103177,1,0,154013
103178,1,0,154014
103179,1,0,154015
103180,1,0,154016
103181,1,0,154017
103182,1,0,154018
103183,1,0,154019
103184,1,0,154020
103185,1,0,154021
103186,1,0,154022
103187,2,0,154024
103188,1,0,154025
103189,2,0,154027
103190,1,0,154028
103191,2,0,154030
103192,1,0,154031
103193,3,0,154034
103194,1,0,154035
103195,1,0,154036
103196,1,0,154037
103197,1,0,154038
103198,1,0,154039
103199,1,0,154040
103200,1,0,154041
103201,1,0,154042
103202,1,0,154043
103203,1,0,154044
103204,1,0,154045
103205,1,0,154046
103206,2,0,154048
103207,3,0,154051
103208,2,0,154053
103209,2,0,154055
103210,1,0,154056
103211,1,0,154057
103212,2,0,154059
103213,3,0,154062
103214,1,0,154063
103215,1,0,154064
103216,2,0,154066
103217,2,0,154068
103218,2,0,154070
103219,1,0,154071
103220,1,0,154072
103221,1,0,154073
103222,3,0,154076
103223,1,0,154077
103224,3,0,154080
103225,1,0,154081
103226,2,0,154083
103227,1,0,154084
103228,1,0,154085
103229,2,0,154087
103230,2,0,154089
103231,1,0,154090
103232,1,0,154091
103233,1,0,154092
103234,2,0,154094
103235,1,0,154095
103236,1,0,154096
103237,2,0,154098
103238,1,0,154099
103239,1,0,154100
103240,1,0,154101
103241,1,0,154102
103242,1,0,154103
103243,1,0,154104
103244,1,0,154105
103245,1,0,154106
103246,1,0,154107
103247,1,0,154108
103248,3,0,154111
103249,2,0,154113
103250,1,0,154114
103251,1,0,154115
103252,1,0,154116
103253,1,0,154117
103254,1,0,154118
103255,1,0,154119
103256,6,0,154125
103257,5,0,154130
103258,1,0,154131
103259,3,0,154134
103260,2,0,154136
103261,1,0,154137
103262,1,0,154138
103263,4,0,154142
103264,1,0,154143
103265,1,0,154144
103266,1,0,154145
103267,1,0,154146
103268,1,0,154147
103269,1,0,154148
103270,2,0,154150
103271,1,0,154151
103272,1,0,154152
103273,3,0,154155
103274,2,0,154157
103275,1,0,154158
103276,1,0,154159
103277,4,0,154163
103278,1,0,154164
103279,2,0,154166
103280,1,0,154167
103281,2,0,154169
103282,1,0,154170
103283,8,0,154178
103284,1,0,154179
103285,4,0,154183
103286,1,0,154184
103287,2,0,154186
103288,2,0,154188
103289,3,0,154191
103290,1,0,154192
103291,2,0,154194
103292,2,0,154196
103293,1,0,154197
103294,1,0,154198
103295,4,0,154202
103296,1,0,154203
103297,1,0,154204
103298,1,0,154205
103299,2,0,154207
103300,2,0,154209
103301,1,0,154210
103302,2,0,154212
103303,1,0,154213
103304,1,0,154214
103305,2,0,154216
103306,1,0,154217
103307,2,0,154219
103308,1,0,154220
103309,1,0,154221
103310,1,0,154222
103311,2,0,154224
103312,2,0,154226
103313,2,0,154228
103314,2,0,154230
103315,1,0,154231
103316,2,0,154233
103317,1,0,154234
103318,1,0,154235
103319,1,0,154236
103320,1,0,154237
103321,4,0,154241
103322,1,0,154242
103323,1,0,154243
103324,1,0,154244
103325,1,0,154245
103326,1,0,154246
103327,1,0,154247
103328,1,0,154248
103329,1,0,154249
103330,1,0,154250
103331,1,0,154251
103332,1,0,154252
103333,3,0,154255
103334,1,0,154256
103335,1,0,154257
103336,1,0,154258
103337,1,0,154259
103338,1,0,154260
103339,1,0,154261
103340,1,0,154262
103341,1,0,154263
103342,1,0,154264
103343,1,0,154265
103344,3,0,154268
103345,1,0,154269
103346,1,0,154270
103347,1,0,154271
103348,1,0,154272
103349,2,0,154274
103350,2,0,154276
103351,1,0,154277
103352,4,0,154281
103353,1,0,154282
103354,4,0,154286
103355,2,0,154288
103356,1,0,154289
103357,4,0,154293
103358,6,0,154299
103359,1,0,154300
103360,2,0,154302
103361,1,0,154303
103362,1,0,154304
103363,1,0,154305
103364,1,0,154306
103365,1,0,154307
103366,1,0,154308
103367,2,0,154310
103368,4,0,154314
103369,1,0,154315
103370,3,0,154318
103371,2,0,154320
103372,2,0,154322
103373,2,0,154324
103374,1,0,154325
103375,1,0,154326
103376,1,0,154327
103377,1,0,154328
103378,2,0,154330
103379,3,0,154333
103380,1,0,154334
103381,2,0,154336
103382,1,0,154337
103383,1,0,154338
103384,1,0,154339
103385,2,0,154341
103386,3,0,154344
103387,2,0,154346
103388,1,0,154347
103389,1,0,154348
103390,2,0,154350
103391,2,0,154352
103392,1,0,154353
103393,1,0,154354
103394,1,0,154355
103395,1,0,154356
103396,1,0,154357
103397,1,0,154358
103398,1,0,154359
103399,1,0,154360
103400,1,0,154361
103401,1,0,154362
103402,1,0,154363
103403,1,0,154364
103404,1,0,154365
103405,2,0,154367
103406,1,0,154368
103407,1,0,154369
103408,1,0,154370
103409,1,0,154371
103410,1,0,154372
103411,1,0,154373
103412,1,0,154374
103413,1,0,154375
103414,1,0,154376
103415,2,0,154378
103416,2,0,154380
103417,1,0,154381
103418,4,0,154385
103419,2,0,154387
103420,1,0,154388
103421,1,0,154389
103422,1,0,154390
103423,1,0,154391
103424,1,0,154392
103425,1,0,154393
103426,2,0,154395
103427,3,0,154398
103428,2,0,154400
103429,1,0,154401
103430,1,0,154402
103431,1,0,154403
103432,1,0,154404
103433,1,0,154405
103434,1,0,154406
103435,2,0,154408
103436,2,0,154410
103437,1,0,154411
103438,4,0,154415
103439,1,0,154416
103440,1,0,154417
103441,2,0,154419
103442,4,0,154423
103443,1,0,154424
103444,1,0,154425
103445,2,0,154427
103446,1,0,154428
103447,1,0,154429
103448,3,0,154432
103449,2,0,154434
103450,1,0,154435
103451,2,0,154437
103452,1,0,154438
103453,1,0,154439
103454,1,0,154440
103455,3,0,154443
103456,1,0,154444
103457,3,0,154447
103458,1,0,154448
103459,1,0,154449
103460,2,0,154451
103461,3,0,154454
103462,1,0,154455
103463,1,0,154456
103464,2,0,154458
103465,1,0,154459
103466,2,0,154461
103467,4,0,154465
103468,2,0,154467
103469,1,0,154468
103470,2,0,154470
103471,1,0,154471
103472,1,0,154472
103473,1,0,154473
103474,1,0,154474
103475,1,0,154475
103476,1,0,154476
103477,3,0,154479
103478,1,0,154480
103479,2,0,154482
103480,1,0,154483
103481,1,0,154484
103482,1,0,154485
103483,1,0,154486
103484,1,0,154487
103485,2,0,154489
103486,4,0,154493
103487,1,0,154494
103488,1,0,154495
103489,2,0,154497
103490,1,0,154498
103491,1,0,154499
103492,1,0,154500
103493,1,0,154501
103494,1,0,154502
103495,1,0,154503
103496,3,0,154506
103497,1,0,154507
103498,2,0,154509
103499,1,0,154510
103500,2,0,154512
103501,1,0,154513
103502,1,0,154514
103503,1,0,154515
103504,4,0,154519
103505,2,0,154521
103506,3,0,154524
103507,2,0,154526
103508,1,0,154527
103509,3,0,154530
103510,1,0,154531
103511,1,0,154532
103512,1,0,154533
103513,1,0,154534
103514,2,0,154536
103515,1,0,154537
103516,1,0,154538
103517,1,0,154539
103518,1,0,154540
103519,2,0,154542
103520,1,0,154543
103521,1,0,154544
103522,2,0,154546
103523,1,0,154547
103524,2,0,154549
103525,1,0,154550
103526,1,0,154551
103527,2,0,154553
103528,3,0,154556
103529,2,0,154558
103530,2,0,154560
103531,2,0,154562
103532,1,0,154563
103533,2,0,154565
103534,2,0,154567
103535,1,0,154568
103536,1,0,154569
103537,1,0,154570
103538,3,0,154573
103539,1,0,154574
103540,1,0,154575
103541,1,0,154576
103542,2,0,154578
103543,1,0,154579
103544,5,0,154584
103545,1,0,154585
103546,2,0,154587
103547,3,0,154590
103548,1,0,154591
103549,1,0,154592
103550,3,0,154595
103551,1,0,154596
103552,1,0,154597
103553,2,0,154599
103554,1,0,154600
103555,2,0,154602
103556,2,0,154604
103557,1,0,154605
103558,1,0,154606
103559,1,0,154607
103560,1,0,154608
103561,1,0,154609
103562,1,0,154610
103563,1,0,154611
103564,3,0,154614
103565,2,0,154616
103566,1,0,154617
103567,1,0,154618
103568,3,0,154621
103569,1,0,154622
103570,1,0,154623
103571,2,0,154625
103572,3,0,154628
103573,1,0,154629
103574,1,0,154630
103575,1,0,154631
103576,1,0,154632
103577,3,0,154635
103578,1,0,154636
103579,1,0,154637
103580,1,0,154638
103581,3,0,154641
103582,2,0,154643
103583,1,0,154644
103584,1,0,154645
103585,1,0,154646
103586,1,0,154647
103587,1,0,154648
103588,1,0,154649
103589,1,0,154650
103590,2,0,154652
103591,1,0,154653
103592,1,0,154654
103593,1,0,154655
103594,2,0,154657
103595,1,0,154658
103596,2,0,154660
103597,1,0,154661
103598,2,0,154663
103599,1,0,154664
103600,1,0,154665
103601,1,0,154666
103602,1,0,154667
103603,2,0,154669
103604,4,0,154673
103605,2,0,154675
103606,2,0,154677
103607,1,0,154678
103608,1,0,154679
103609,1,0,154680
103610,3,0,154683
103611,1,0,154684
103612,1,0,154685
103613,2,0,154687
103614,2,0,154689
103615,1,0,154690
103616,4,0,154694
103617,1,0,154695
103618,1,0,154696
103619,2,0,154698
103620,1,0,154699
103621,1,0,154700
103622,1,0,154701
103623,3,0,154704
103624,4,0,154708
103625,2,0,154710
103626,2,0,154712
103627,1,0,154713
103628,1,0,154714
103629,1,0,154715
103630,1,0,154716
103631,1,0,154717
103632,1,0,154718
103633,1,0,154719
103634,1,0,154720
103635,1,0,154721
103636,1,0,154722
103637,3,0,154725
103638,1,0,154726
103639,1,0,154727
103640,1,0,154728
103641,1,0,154729
103642,1,0,154730
103643,1,0,154731
103644,3,0,154734
103645,3,0,154737
103646,3,0,154740
103647,2,0,154742
103648,1,0,154743
103649,2,0,154745
103650,1,0,154746
103651,1,0,154747
103652,5,0,154752
103653,3,0,154755
103654,1,0,154756
103655,2,0,154758
103656,2,0,154760
103657,1,0,154761
103658,1,0,154762
103659,1,0,154763
103660,2,0,154765
103661,2,0,154767
103662,1,0,154768
103663,3,0,154771
103664,1,0,154772
103665,1,0,154773
103666,1,0,154774
103667,2,0,154776
103668,1,0,154777
103669,1,0,154778
103670,1,0,154779
103671,1,0,154780
103672,4,0,154784
103673,1,0,154785
103674,1,0,154786
103675,1,0,154787
103676,3,0,154790
103677,1,0,154791
103678,1,0,154792
103679,1,0,154793
103680,1,0,154794
103681,1,0,154795
103682,1,0,154796
103683,5,0,154801
103684,3,0,154804
103685,1,0,154805
103686,1,0,154806
103687,2,0,154808
103688,1,0,154809
103689,1,0,154810
103690,1,0,154811
103691,3,0,154814
103692,1,0,154815
103693,2,0,154817
103694,1,0,154818
103695,1,0,154819
103696,2,0,154821
103697,1,0,154822
103698,2,0,154824
103699,3,0,154827
103700,1,0,154828
103701,2,0,154830
103702,1,0,154831
103703,1,0,154832
103704,1,0,154833
103705,1,0,154834
103706,3,0,154837
103707,1,0,154838
103708,1,0,154839
103709,1,0,154840
103710,2,0,154842
103711,1,0,154843
103712,1,0,154844
103713,1,0,154845
103714,3,0,154848
103715,1,0,154849
103716,2,0,154851
103717,1,0,154852
103718,1,0,154853
103719,2,0,154855
103720,3,0,154858
103721,4,0,154862
103722,1,0,154863
103723,1,0,154864
103724,1,0,154865
103725,1,0,154866
103726,1,0,154867
103727,1,0,154868
103728,1,0,154869
103729,1,0,154870
103730,1,0,154871
103731,1,0,154872
103732,1,0,154873
103733,1,0,154874
103734,3,0,154877
103735,2,0,154879
103736,1,0,154880
103737,2,0,154882
103738,1,0,154883
103739,3,0,154886
103740,1,0,154887
103741,1,0,154888
103742,1,0,154889
103743,1,0,154890
103744,3,0,154893
103745,2,0,154895
103746,1,0,154896
103747,1,0,154897
103748,2,0,154899
103749,1,0,154900
103750,1,0,154901
103751,2,0,154903
103752,1,0,154904
103753,2,0,154906
103754,2,0,154908
103755,1,0,154909
103756,1,0,154910
103757,9,0,154919
103758,2,0,154921
103759,3,0,154924
103760,28,0,154952
103761,3,0,154955
103762,1,0,154956
103763,2,0,154958
103764,1,0,154959
103765,2,0,154961
103766,2,0,154963
103767,1,0,154964
103768,1,0,154965
103769,3,0,154968
103770,1,0,154969
103771,1,0,154970
103772,1,0,154971
103773,1,0,154972
103774,1,0,154973
103775,1,0,154974
103776,1,0,154975
103777,1,0,154976
103778,2,0,154978
103779,1,0,154979
103780,1,0,154980
103781,1,0,154981
103782,1,0,154982
103783,1,0,154983
103784,1,0,154984
103785,1,0,154985
103786,2,0,154987
103787,1,0,154988
103788,1,0,154989
103789,1,0,154990
103790,2,0,154992
103791,2,0,154994
103792,2,0,154996
103793,3,0,154999
103794,3,0,155002
103795,1,0,155003
103796,2,0,155005
103797,1,0,155006
103798,1,0,155007
103799,1,0,155008
103800,1,0,155009
103801,1,0,155010
103802,1,0,155011
103803,1,0,155012
103804,2,0,155014
103805,1,0,155015
103806,1,0,155016
103807,2,0,155018
103808,3,0,155021
103809,1,0,155022
103810,1,0,155023
103811,2,0,155025
103812,1,0,155026
103813,2,0,155028
103814,2,0,155030
103815,1,0,155031
103816,1,0,155032
103817,1,0,155033
103818,2,0,155035
103819,1,0,155036
103820,3,0,155039
103821,1,0,155040
103822,1,0,155041
103823,1,0,155042
103824,1,0,155043
103825,2,0,155045
103826,1,0,155046
103827,1,0,155047
103828,1,0,155048
103829,2,0,155050
103830,1,0,155051
103831,1,0,155052
103832,1,0,155053
103833,1,0,155054
103834,1,0,155055
103835,1,0,155056
103836,2,0,155058
103837,2,0,155060
103838,3,0,155063
103839,1,0,155064
103840,6,0,155070
103841,1,0,155071
103842,1,0,155072
103843,1,0,155073
103844,1,0,155074
103845,1,0,155075
103846,1,0,155076
103847,2,0,155078
103848,1,0,155079
103849,2,0,155081
103850,1,0,155082
103851,1,0,155083
103852,1,0,155084
103853,1,0,155085
103854,1,0,155086
103855,1,0,155087
103856,1,0,155088
103857,2,0,155090
103858,1,0,155091
103859,1,0,155092
103860,1,0,155093
103861,1,0,155094
103862,1,0,155095
103863,1,0,155096
103864,1,0,155097
103865,1,0,155098
103866,2,0,155100
103867,1,0,155101
103868,2,0,155103
103869,2,0,155105
103870,2,0,155107
103871,1,0,155108
103872,1,0,155109
103873,3,0,155112
103874,1,0,155113
103875,1,0,155114
103876,2,0,155116
103877,1,0,155117
103878,1,0,155118
103879,1,0,155119
103880,1,0,155120
103881,2,0,155122
103882,1,0,155123
103883,1,0,155124
103884,1,0,155125
103885,1,0,155126
103886,1,0,155127
103887,1,0,155128
103888,1,0,155129
103889,1,0,155130
103890,1,0,155131
103891,1,0,155132
103892,1,0,155133
103893,1,0,155134
103894,2,0,155136
103895,1,0,155137
103896,1,0,155138
103897,1,0,155139
103898,2,0,155141
103899,1,0,155142
103900,1,0,155143
103901,1,0,155144
103902,1,0,155145
103903,2,0,155147
103904,1,0,155148
103905,3,0,155151
103906,2,0,155153
103907,2,0,155155
103908,3,0,155158
103909,1,0,155159
103910,1,0,155160
103911,2,0,155162
103912,1,0,155163
103913,1,0,155164
103914,1,0,155165
103915,1,0,155166
103916,1,0,155167
103917,1,0,155168
103918,3,0,155171
103919,4,0,155175
103920,1,0,155176
103921,1,0,155177
103922,2,0,155179
103923,2,0,155181
103924,2,0,155183
103925,1,0,155184
103926,1,0,155185
103927,1,0,155186
103928,1,0,155187
103929,1,0,155188
103930,1,0,155189
103931,1,0,155190
103932,1,0,155191
103933,1,0,155192
103934,1,0,155193
103935,2,0,155195
103936,2,0,155197
103937,1,0,155198
103938,3,0,155201
103939,1,0,155202
103940,2,0,155204
103941,2,0,155206
103942,1,0,155207
103943,1,0,155208
103944,1,0,155209
103945,1,0,155210
103946,1,0,155211
103947,1,0,155212
103948,2,0,155214
103949,1,0,155215
103950,1,0,155216
103951,2,0,155218
103952,2,0,155220
103953,2,0,155222
103954,2,0,155224
103955,2,0,155226
103956,1,0,155227
103957,1,0,155228
103958,1,0,155229
103959,3,0,155232
103960,1,0,155233
103961,1,0,155234
103962,1,0,155235
103963,1,0,155236
103964,1,0,155237
103965,1,0,155238
103966,1,0,155239
103967,1,0,155240
103968,3,0,155243
103969,1,0,155244
103970,2,0,155246
103971,1,0,155247
103972,1,0,155248
103973,1,0,155249
103974,2,0,155251
103975,9,0,155260
103976,1,0,155261
103977,1,0,155262
103978,2,0,155264
103979,1,0,155265
103980,1,0,155266
103981,3,0,155269
103982,1,0,155270
103983,1,0,155271
103984,1,0,155272
103985,1,0,155273
103986,1,0,155274
103987,1,0,155275
103988,1,0,155276
103989,1,0,155277
103990,1,0,155278
103991,1,0,155279
103992,1,0,155280
103993,3,0,155283
103994,1,0,155284
103995,1,0,155285
103996,1,0,155286
103997,5,0,155291
103998,1,0,155292
103999,1,0,155293
104000,2,0,155295
104001,1,0,155296
104002,1,0,155297
104003,1,0,155298
104004,1,0,155299
104005,1,0,155300
104006,1,0,155301
104007,1,0,155302
104008,1,0,155303
104009,1,0,155304
104010,1,0,155305
104011,1,0,155306
104012,2,0,155308
104013,1,0,155309
104014,1,0,155310
104015,1,0,155311
104016,1,0,155312
104017,2,0,155314
104018,2,0,155316
104019,2,0,155318
104020,2,0,155320
104021,2,0,155322
104022,1,0,155323
104023,1,0,155324
104024,1,0,155325
104025,2,0,155327
104026,1,0,155328
104027,1,0,155329
104028,2,0,155331
104029,1,0,155332
104030,1,0,155333
104031,2,0,155335
104032,2,0,155337
104033,1,0,155338
104034,1,0,155339
104035,2,0,155341
104036,3,0,155344
104037,1,0,155345
104038,1,0,155346
104039,2,0,155348
104040,1,0,155349
104041,2,0,155351
104042,1,0,155352
104043,1,0,155353
104044,1,0,155354
104045,1,0,155355
104046,1,0,155356
104047,1,0,155357
104048,3,0,155360
104049,1,0,155361
104050,1,0,155362
104051,1,0,155363
104052,1,0,155364
104053,1,0,155365
104054,1,0,155366
104055,2,0,155368
104056,2,0,155370
104057,2,0,155372
104058,2,0,155374
104059,2,0,155376
104060,1,0,155377
104061,1,0,155378
104062,2,0,155380
104063,3,0,155383
104064,2,0,155385
104065,3,0,155388
104066,1,0,155389
104067,2,0,155391
104068,1,0,155392
104069,3,0,155395
104070,1,0,155396
104071,2,0,155398
104072,1,0,155399
104073,1,0,155400
104074,2,0,155402
104075,1,0,155403
104076,1,0,155404
104077,2,0,155406
104078,3,0,155409
104079,1,0,155410
104080,2,0,155412
104081,2,0,155414
104082,1,0,155415
104083,2,0,155417
104084,1,0,155418
104085,1,0,155419
104086,2,0,155421
104087,1,0,155422
104088,1,0,155423
104089,2,0,155425
104090,2,0,155427
104091,1,0,155428
104092,4,0,155432
104093,1,0,155433
104094,3,0,155436
104095,1,0,155437
104096,1,0,155438
104097,1,0,155439
104098,1,0,155440
104099,1,0,155441
104100,7,0,155448
104101,2,0,155450
104102,1,0,155451
104103,1,0,155452
104104,1,0,155453
104105,1,0,155454
104106,1,0,155455
104107,1,0,155456
104108,1,0,155457
104109,1,0,155458
104110,3,0,155461
104111,3,0,155464
104112,1,0,155465
104113,1,0,155466
104114,1,0,155467
104115,5,0,155472
104116,1,0,155473
104117,1,0,155474
104118,1,0,155475
104119,1,0,155476
104120,1,0,155477
104121,3,0,155480
104122,1,0,155481
104123,1,0,155482
104124,1,0,155483
104125,1,0,155484
104126,1,0,155485
104127,2,0,155487
104128,1,0,155488
104129,1,0,155489
104130,1,0,155490
104131,1,0,155491
104132,1,0,155492
104133,1,0,155493
104134,1,0,155494
104135,1,0,155495
104136,2,0,155497
104137,2,0,155499
104138,1,0,155500
104139,1,0,155501
104140,2,0,155503
104141,1,0,155504
104142,1,0,155505
104143,1,0,155506
104144,1,0,155507
104145,1,0,155508
104146,1,0,155509
104147,3,0,155512
104148,2,0,155514
104149,1,0,155515
104150,3,0,155518
104151,1,0,155519
104152,1,0,155520
104153,1,0,155521
104154,3,0,155524
104155,1,0,155525
104156,1,0,155526
104157,3,0,155529
104158,1,0,155530
104159,1,0,155531
104160,1,0,155532
104161,1,0,155533
104162,1,0,155534
104163,2,0,155536
104164,1,0,155537
104165,2,0,155539
104166,3,0,155542
104167,1,0,155543
104168,1,0,155544
104169,2,0,155546
104170,2,0,155548
104171,2,0,155550
104172,1,0,155551
104173,1,0,155552
104174,1,0,155553
104175,1,0,155554
104176,1,0,155555
104177,1,0,155556
104178,2,0,155558
104179,1,0,155559
104180,3,0,155562
104181,1,0,155563
104182,1,0,155564
104183,1,0,155565
104184,3,0,155568
104185,1,0,155569
104186,1,0,155570
104187,2,0,155572
104188,2,0,155574
104189,1,0,155575
104190,1,0,155576
104191,1,0,155577
104192,1,0,155578
104193,2,0,155580
104194,1,0,155581
104195,2,0,155583
104196,1,0,155584
104197,1,0,155585
104198,5,0,155590
104199,1,0,155591
104200,1,0,155592
104201,3,0,155595
104202,1,0,155596
104203,2,0,155598
104204,1,0,155599
104205,3,0,155602
104206,1,0,155603
104207,2,0,155605
104208,3,0,155608
104209,1,0,155609
104210,4,0,155613
104211,1,0,155614
104212,1,0,155615
104213,3,0,155618
104214,2,0,155620
104215,2,0,155622
104216,2,0,155624
104217,3,0,155627
104218,1,0,155628
104219,1,0,155629
104220,1,0,155630
104221,1,0,155631
104222,2,0,155633
104223,1,0,155634
104224,1,0,155635
104225,1,0,155636
104226,1,0,155637
104227,1,0,155638
104228,2,0,155640
104229,1,0,155641
104230,1,0,155642
104231,4,0,155646
104232,1,0,155647
104233,2,0,155649
104234,3,0,155652
104235,1,0,155653
104236,1,0,155654
104237,1,0,155655
104238,1,0,155656
104239,2,0,155658
104240,1,0,155659
104241,1,0,155660
104242,2,0,155662
104243,1,0,155663
104244,1,0,155664
104245,1,0,155665
104246,2,0,155667
104247,2,0,155669
104248,5,0,155674
104249,1,0,155675
104250,1,0,155676
104251,2,0,155678
104252,3,0,155681
104253,4,0,155685
104254,4,0,155689
104255,1,0,155690
104256,1,0,155691
104257,2,0,155693
104258,1,0,155694
104259,2,0,155696
104260,1,0,155697
104261,2,0,155699
104262,3,0,155702
104263,1,0,155703
104264,1,0,155704
104265,1,0,155705
104266,2,0,155707
104267,1,0,155708
104268,3,0,155711
104269,2,0,155713
104270,1,0,155714
104271,1,0,155715
104272,1,0,155716
104273,1,0,155717
104274,1,0,155718
104275,3,0,155721
104276,1,0,155722
104277,1,0,155723
104278,1,0,155724
104279,1,0,155725
104280,6,0,155731
104281,1,0,155732
104282,1,0,155733
104283,2,0,155735
104284,1,0,155736
104285,2,0,155738
104286,1,0,155739
104287,1,0,155740
104288,3,0,155743
104289,1,0,155744
104290,1,0,155745
104291,1,0,155746
104292,2,0,155748
104293,1,0,155749
104294,2,0,155751
104295,2,0,155753
104296,1,0,155754
104297,1,0,155755
104298,1,0,155756
104299,4,0,155760
104300,1,0,155761
104301,2,0,155763
104302,6,0,155769
104303,1,0,155770
104304,1,0,155771
104305,3,0,155774
104306,2,0,155776
104307,1,0,155777
104308,1,0,155778
104309,2,0,155780
104310,1,0,155781
104311,1,0,155782
104312,1,0,155783
104313,4,0,155787
104314,1,0,155788
104315,3,0,155791
104316,1,0,155792
104317,1,0,155793
104318,1,0,155794
104319,1,0,155795
104320,5,0,155800
104321,1,0,155801
104322,1,0,155802
104323,1,0,155803
104324,6,0,155809
104325,2,0,155811
104326,1,0,155812
104327,1,0,155813
104328,2,0,155815
104329,1,0,155816
104330,1,0,155817
104331,1,0,155818
104332,1,0,155819
104333,1,0,155820
104334,1,0,155821
104335,1,0,155822
104336,1,0,155823
104337,1,0,155824
104338,1,0,155825
104339,1,0,155826
104340,1,0,155827
104341,1,0,155828
104342,1,0,155829
104343,1,0,155830
104344,1,0,155831
104345,1,0,155832
104346,2,0,155834
104347,1,0,155835
104348,1,0,155836
104349,2,0,155838
104350,1,0,155839
104351,2,0,155841
104352,1,0,155842
104353,2,0,155844
104354,1,0,155845
104355,2,0,155847
104356,1,0,155848
104357,3,0,155851
104358,1,0,155852
104359,1,0,155853
104360,1,0,155854
104361,1,0,155855
104362,1,0,155856
104363,2,0,155858
104364,1,0,155859
104365,2,0,155861
104366,1,0,155862
104367,1,0,155863
104368,1,0,155864
104369,1,0,155865
104370,1,0,155866
104371,1,0,155867
104372,1,0,155868
104373,2,0,155870
104374,2,0,155872
104375,1,0,155873
104376,2,0,155875
104377,1,0,155876
104378,2,0,155878
104379,2,0,155880
104380,1,0,155881
104381,3,0,155884
104382,2,0,155886
104383,2,0,155888
104384,1,0,155889
104385,1,0,155890
104386,2,0,155892
104387,2,0,155894
104388,1,0,155895
104389,2,0,155897
104390,1,0,155898
104391,1,0,155899
104392,2,0,155901
104393,1,0,155902
104394,2,0,155904
104395,2,0,155906
104396,1,0,155907
104397,1,0,155908
104398,2,0,155910
104399,1,0,155911
104400,2,0,155913
104401,1,0,155914
104402,2,0,155916
104403,1,0,155917
104404,2,0,155919
104405,1,0,155920
104406,1,0,155921
104407,1,0,155922
104408,1,0,155923
104409,1,0,155924
104410,1,0,155925
104411,2,0,155927
104412,3,0,155930
104413,1,0,155931
104414,1,0,155932
104415,2,0,155934
104416,2,0,155936
104417,1,0,155937
104418,1,0,155938
104419,1,0,155939
104420,1,0,155940
104421,2,0,155942
104422,2,0,155944
104423,2,0,155946
104424,1,0,155947
104425,1,0,155948
104426,2,0,155950
104427,1,0,155951
104428,1,0,155952
104429,1,0,155953
104430,1,0,155954
104431,4,0,155958
104432,1,0,155959
104433,2,0,155961
104434,2,0,155963
104435,1,0,155964
104436,2,0,155966
104437,1,0,155967
104438,1,0,155968
104439,1,0,155969
104440,1,0,155970
104441,2,0,155972
104442,1,0,155973
104443,1,0,155974
104444,1,0,155975
104445,1,0,155976
104446,3,0,155979
104447,1,0,155980
104448,2,0,155982
104449,1,0,155983
104450,1,0,155984
104451,3,0,155987
104452,1,0,155988
104453,1,0,155989
104454,1,0,155990
104455,1,0,155991
104456,1,0,155992
104457,1,0,155993
104458,1,0,155994
104459,1,0,155995
104460,1,0,155996
104461,1,0,155997
104462,1,0,155998
104463,1,0,155999
104464,1,0,156000
104465,2,0,156002
104466,1,0,156003
104467,3,0,156006
104468,1,0,156007
104469,2,0,156009
104470,1,0,156010
104471,3,0,156013
104472,1,0,156014
104473,1,0,156015
104474,1,0,156016
104475,1,0,156017
104476,3,0,156020
104477,1,0,156021
104478,1,0,156022
104479,2,0,156024
104480,1,0,156025
104481,1,0,156026
104482,1,0,156027
104483,1,0,156028
104484,2,0,156030
104485,1,0,156031
104486,1,0,156032
104487,1,0,156033
104488,3,0,156036
104489,3,0,156039
104490,1,0,156040
104491,1,0,156041
104492,1,0,156042
104493,1,0,156043
104494,2,0,156045
104495,1,0,156046
104496,1,0,156047
104497,1,0,156048
104498,2,0,156050
104499,1,0,156051
104500,1,0,156052
104501,1,0,156053
104502,1,0,156054
104503,1,0,156055
104504,1,0,156056
104505,1,0,156057
104506,1,0,156058
104507,1,0,156059
104508,1,0,156060
104509,2,0,156062
104510,1,0,156063
104511,2,0,156065
104512,1,0,156066
104513,3,0,156069
104514,2,0,156071
104515,1,0,156072
104516,1,0,156073
104517,2,0,156075
104518,3,0,156078
104519,1,0,156079
104520,1,0,156080
104521,1,0,156081
104522,1,0,156082
104523,3,0,156085
104524,1,0,156086
104525,3,0,156089
104526,2,0,156091
104527,1,0,156092
104528,2,0,156094
104529,1,0,156095
104530,1,0,156096
104531,2,0,156098
104532,1,0,156099
104533,2,0,156101
104534,1,0,156102
104535,1,0,156103
104536,4,0,156107
104537,1,0,156108
104538,1,0,156109
104539,1,0,156110
104540,3,0,156113
104541,1,0,156114
104542,1,0,156115
104543,1,0,156116
104544,4,0,156120
104545,1,0,156121
104546,1,0,156122
104547,1,0,156123
104548,1,0,156124
104549,1,0,156125
104550,1,0,156126
104551,5,0,156131
104552,1,0,156132
104553,1,0,156133
104554,2,0,156135
104555,1,0,156136
104556,1,0,156137
104557,2,0,156139
104558,4,0,156143
104559,1,0,156144
104560,2,0,156146
104561,1,0,156147
104562,5,0,156152
104563,1,0,156153
104564,1,0,156154
104565,3,0,156157
104566,2,0,156159
104567,2,0,156161
104568,2,0,156163
104569,1,0,156164
104570,1,0,156165
104571,1,0,156166
104572,1,0,156167
104573,1,0,156168
104574,3,0,156171
104575,1,0,156172
104576,1,0,156173
104577,2,0,156175
104578,1,0,156176
104579,1,0,156177
104580,1,0,156178
104581,1,0,156179
104582,1,0,156180
104583,1,0,156181
104584,1,0,156182
104585,3,0,156185
104586,1,0,156186
104587,1,0,156187
104588,1,0,156188
104589,2,0,156190
104590,1,0,156191
104591,3,0,156194
104592,1,0,156195
104593,1,0,156196
104594,1,0,156197
104595,1,0,156198
104596,1,0,156199
104597,3,0,156202
104598,2,0,156204
104599,2,0,156206
104600,1,0,156207
104601,1,0,156208
104602,1,0,156209
104603,1,0,156210
104604,3,0,156213
104605,1,0,156214
104606,1,0,156215
104607,1,0,156216
104608,1,0,156217
104609,1,0,156218
104610,1,0,156219
104611,2,0,156221
104612,1,0,156222
104613,1,0,156223
104614,3,0,156226
104615,2,0,156228
104616,1,0,156229
104617,1,0,156230
104618,1,0,156231
104619,1,0,156232
104620,1,0,156233
104621,1,0,156234
104622,1,0,156235
104623,2,0,156237
104624,1,0,156238
104625,1,0,156239
104626,1,0,156240
104627,1,0,156241
104628,1,0,156242
104629,2,0,156244
104630,1,0,156245
104631,1,0,156246
104632,1,0,156247
104633,3,0,156250
104634,1,0,156251
104635,3,0,156254
104636,1,0,156255
104637,1,0,156256
104638,1,0,156257
104639,1,0,156258
104640,1,0,156259
104641,1,0,156260
104642,2,0,156262
104643,1,0,156263
104644,2,0,156265
104645,1,0,156266
104646,1,0,156267
104647,2,0,156269
104648,2,0,156271
104649,4,0,156275
104650,1,0,156276
104651,1,0,156277
104652,1,0,156278
104653,3,0,156281
104654,1,0,156282
104655,3,0,156285
104656,1,0,156286
104657,1,0,156287
104658,2,0,156289
104659,1,0,156290
104660,4,0,156294
104661,1,0,156295
104662,1,0,156296
104663,1,0,156297
104664,2,0,156299
104665,1,0,156300
104666,2,0,156302
104667,1,0,156303
104668,2,0,156305
104669,1,0,156306
104670,1,0,156307
104671,4,0,156311
104672,2,0,156313
104673,3,0,156316
104674,6,0,156322
104675,2,0,156324
104676,1,0,156325
104677,1,0,156326
104678,1,0,156327
104679,2,0,156329
104680,1,0,156330
104681,2,0,156332
104682,1,0,156333
104683,1,0,156334
104684,1,0,156335
104685,1,0,156336
104686,2,0,156338
104687,1,0,156339
104688,1,0,156340
104689,1,0,156341
104690,1,0,156342
104691,1,0,156343
104692,1,0,156344
104693,1,0,156345
104694,2,0,156347
104695,1,0,156348
104696,2,0,156350
104697,2,0,156352
104698,1,0,156353
104699,1,0,156354
104700,1,0,156355
104701,2,0,156357
104702,3,0,156360
104703,1,0,156361
104704,3,0,156364
104705,1,0,156365
104706,1,0,156366
104707,1,0,156367
104708,2,0,156369
104709,1,0,156370
104710,1,0,156371
104711,4,0,156375
104712,1,0,156376
104713,1,0,156377
104714,1,0,156378
104715,1,0,156379
104716,1,0,156380
104717,2,0,156382
104718,3,0,156385
104719,1,0,156386
104720,3,0,156389
104721,1,0,156390
104722,1,0,156391
104723,1,0,156392
104724,1,0,156393
104725,1,0,156394
104726,2,0,156396
104727,1,0,156397
104728,2,0,156399
104729,3,0,156402
104730,1,0,156403
104731,1,0,156404
104732,2,0,156406
104733,2,0,156408
104734,1,0,156409
104735,1,0,156410
104736,1,0,156411
104737,3,0,156414
104738,1,0,156415
104739,3,0,156418
104740,1,0,156419
104741,1,0,156420
104742,1,0,156421
104743,1,0,156422
104744,1,0,156423
104745,2,0,156425
104746,2,0,156427
104747,1,0,156428
104748,1,0,156429
104749,2,0,156431
104750,1,0,156432
104751,1,0,156433
104752,1,0,156434
104753,1,0,156435
104754,1,0,156436
104755,1,0,156437
104756,1,0,156438
104757,1,0,156439
104758,1,0,156440
104759,1,0,156441
104760,1,0,156442
104761,1,0,156443
104762,2,0,156445
104763,1,0,156446
104764,1,0,156447
104765,1,0,156448
104766,2,0,156450
104767,1,0,156451
104768,1,0,156452
104769,5,0,156457
104770,4,0,156461
104771,2,0,156463
104772,1,0,156464
104773,1,0,156465
104774,1,0,156466
104775,2,0,156468
104776,1,0,156469
104777,2,0,156471
104778,1,0,156472
104779,1,0,156473
104780,1,0,156474
104781,1,0,156475
104782,1,0,156476
104783,1,0,156477
104784,1,0,156478
104785,1,0,156479
104786,2,0,156481
104787,1,0,156482
104788,1,0,156483
104789,1,0,156484
104790,1,0,156485
104791,1,0,156486
104792,1,0,156487
104793,1,0,156488
104794,1,0,156489
104795,2,0,156491
104796,2,0,156493
104797,1,0,156494
104798,1,0,156495
104799,1,0,156496
104800,1,0,156497
104801,1,0,156498
104802,5,0,156503
104803,2,0,156505
104804,1,0,156506
104805,2,0,156508
104806,1,0,156509
104807,1,0,156510
104808,1,0,156511
104809,1,0,156512
104810,4,0,156516
104811,1,0,156517
104812,1,0,156518
104813,1,0,156519
104814,2,0,156521
104815,1,0,156522
104816,1,0,156523
104817,1,0,156524
104818,1,0,156525
104819,2,0,156527
104820,1,0,156528
104821,1,0,156529
104822,4,0,156533
104823,1,0,156534
104824,3,0,156537
104825,2,0,156539
104826,1,0,156540
104827,1,0,156541
104828,4,0,156545
104829,4,0,156549
104830,1,0,156550
104831,1,0,156551
104832,1,0,156552
104833,1,0,156553
104834,1,0,156554
104835,1,0,156555
104836,1,0,156556
104837,2,0,156558
104838,1,0,156559
104839,1,0,156560
104840,2,0,156562
104841,2,0,156564
104842,2,0,156566
104843,1,0,156567
104844,1,0,156568
104845,3,0,156571
104846,1,0,156572
104847,1,0,156573
104848,3,0,156576
104849,1,0,156577
104850,2,0,156579
104851,2,0,156581
104852,1,0,156582
104853,1,0,156583
104854,1,0,156584
104855,5,0,156589
104856,1,0,156590
104857,1,0,156591
104858,1,0,156592
104859,2,0,156594
104860,1,0,156595
104861,1,0,156596
104862,1,0,156597
104863,1,0,156598
104864,1,0,156599
104865,2,0,156601
104866,1,0,156602
104867,1,0,156603
104868,1,0,156604
104869,1,0,156605
104870,1,0,156606
104871,1,0,156607
104872,1,0,156608
104873,1,0,156609
104874,1,0,156610
104875,1,0,156611
104876,1,0,156612
104877,3,0,156615
104878,1,0,156616
104879,1,0,156617
104880,1,0,156618
104881,1,0,156619
104882,2,0,156621
104883,1,0,156622
104884,2,0,156624
104885,1,0,156625
104886,3,0,156628
104887,1,0,156629
104888,2,0,156631
104889,1,0,156632
104890,1,0,156633
104891,1,0,156634
104892,1,0,156635
104893,5,0,156640
104894,1,0,156641
104895,1,0,156642
104896,1,0,156643
104897,1,0,156644
104898,1,0,156645
104899,1,0,156646
104900,1,0,156647
104901,2,0,156649
104902,2,0,156651
104903,1,0,156652
104904,4,0,156656
104905,2,0,156658
104906,2,0,156660
104907,1,0,156661
104908,1,0,156662
104909,2,0,156664
104910,6,0,156670
104911,1,0,156671
104912,1,0,156672
104913,2,0,156674
104914,2,0,156676
104915,1,0,156677
104916,3,0,156680
104917,1,0,156681
104918,2,0,156683
104919,1,0,156684
104920,1,0,156685
104921,1,0,156686
104922,2,0,156688
104923,1,0,156689
104924,1,0,156690
104925,2,0,156692
104926,1,0,156693
104927,1,0,156694
104928,2,0,156696
104929,5,0,156701
104930,2,0,156703
104931,1,0,156704
104932,3,0,156707
104933,3,0,156710
104934,1,0,156711
104935,2,0,156713
104936,2,0,156715
104937,2,0,156717
104938,3,0,156720
104939,1,0,156721
104940,1,0,156722
104941,1,0,156723
104942,2,0,156725
104943,1,0,156726
104944,1,0,156727
104945,1,0,156728
104946,1,0,156729
104947,1,0,156730
104948,1,0,156731
104949,2,0,156733
104950,1,0,156734
104951,1,0,156735
104952,1,0,156736
104953,1,0,156737
104954,1,0,156738
104955,1,0,156739
104956,1,0,156740
104957,1,0,156741
104958,1,0,156742
104959,1,0,156743
104960,1,0,156744
104961,1,0,156745
104962,2,0,156747
104963,2,0,156749
104964,3,0,156752
104965,1,0,156753
104966,1,0,156754
104967,1,0,156755
104968,3,0,156758
104969,1,0,156759
104970,1,0,156760
104971,2,0,156762
104972,4,0,156766
104973,4,0,156770
104974,3,0,156773
104975,2,0,156775
104976,3,0,156778
104977,1,0,156779
104978,1,0,156780
104979,1,0,156781
104980,1,0,156782
104981,1,0,156783
104982,1,0,156784
104983,1,0,156785
104984,1,0,156786
104985,2,0,156788
104986,1,0,156789
104987,1,0,156790
104988,1,0,156791
104989,1,0,156792
104990,2,0,156794
104991,1,0,156795
104992,1,0,156796
104993,1,0,156797
104994,1,0,156798
104995,1,0,156799
104996,1,0,156800
104997,1,0,156801
104998,1,0,156802
104999,2,0,156804
105000,1,0,156805
105001,1,0,156806
105002,3,0,156809
105003,1,0,156810
105004,2,0,156812
105005,1,0,156813
105006,1,0,156814
105007,1,0,156815
105008,1,0,156816
105009,4,0,156820
105010,1,0,156821
105011,3,0,156824
105012,1,0,156825
105013,1,0,156826
105014,2,0,156828
105015,1,0,156829
105016,1,0,156830
105017,1,0,156831
105018,1,0,156832
105019,1,0,156833
105020,2,0,156835
105021,1,0,156836
105022,1,0,156837
105023,1,0,156838
105024,2,0,156840
105025,1,0,156841
105026,2,0,156843
105027,1,0,156844
105028,1,0,156845
105029,1,0,156846
105030,2,0,156848
105031,1,0,156849
105032,2,0,156851
105033,3,0,156854
105034,1,0,156855
105035,1,0,156856
105036,1,0,156857
105037,1,0,156858
105038,1,0,156859
105039,1,0,156860
105040,1,0,156861
105041,3,0,156864
105042,4,0,156868
105043,1,0,156869
105044,1,0,156870
105045,1,0,156871
105046,1,0,156872
105047,1,0,156873
105048,5,0,156878
105049,1,0,156879
105050,1,0,156880
105051,3,0,156883
105052,1,0,156884
105053,1,0,156885
105054,2,0,156887
105055,2,0,156889
105056,1,0,156890
105057,1,0,156891
105058,1,0,156892
105059,1,0,156893
105060,1,0,156894
105061,1,0,156895
105062,2,0,156897
105063,1,0,156898
105064,2,0,156900
105065,1,0,156901
105066,2,0,156903
105067,1,0,156904
105068,1,0,156905
105069,1,0,156906
105070,1,0,156907
105071,1,0,156908
105072,1,0,156909
105073,1,0,156910
105074,1,0,156911
105075,2,0,156913
105076,1,0,156914
105077,1,0,156915
105078,3,0,156918
105079,1,0,156919
105080,1,0,156920
105081,1,0,156921
105082,1,0,156922
105083,2,0,156924
105084,1,0,156925
105085,3,0,156928
105086,1,0,156929
105087,2,0,156931
105088,1,0,156932
105089,1,0,156933
105090,1,0,156934
105091,1,0,156935
105092,2,0,156937
105093,1,0,156938
105094,1,0,156939
105095,1,0,156940
105096,3,0,156943
105097,1,0,156944
105098,1,0,156945
105099,1,0,156946
105100,1,0,156947
105101,1,0,156948
105102,1,0,156949
105103,2,0,156951
105104,1,0,156952
105105,1,0,156953
105106,1,0,156954
105107,2,0,156956
105108,5,0,156961
105109,1,0,156962
105110,1,0,156963
105111,2,0,156965
105112,1,0,156966
105113,1,0,156967
105114,4,0,156971
105115,2,0,156973
105116,1,0,156974
105117,2,0,156976
105118,1,0,156977
105119,1,0,156978
105120,1,0,156979
105121,1,0,156980
105122,1,0,156981
105123,2,0,156983
105124,2,0,156985
105125,2,0,156987
105126,2,0,156989
105127,1,0,156990
105128,1,0,156991
105129,1,0,156992
105130,1,0,156993
105131,1,0,156994
105132,1,0,156995
105133,3,0,156998
105134,1,0,156999
105135,1,0,157000
105136,2,0,157002
105137,2,0,157004
105138,1,0,157005
105139,1,0,157006
105140,3,0,157009
105141,5,0,157014
105142,3,0,157017
105143,2,0,157019
105144,1,0,157020
105145,1,0,157021
105146,2,0,157023
105147,1,0,157024
105148,1,0,157025
105149,3,0,157028
105150,1,0,157029
105151,4,0,157033
105152,1,0,157034
105153,1,0,157035
105154,1,0,157036
105155,1,0,157037
105156,1,0,157038
105157,1,0,157039
105158,1,0,157040
105159,2,0,157042
105160,3,0,157045
105161,1,0,157046
105162,1,0,157047
105163,1,0,157048
105164,1,0,157049
105165,1,0,157050
105166,1,0,157051
105167,2,0,157053
105168,1,0,157054
105169,1,0,157055
105170,2,0,157057
105171,1,0,157058
105172,1,0,157059
105173,1,0,157060
105174,2,0,157062
105175,1,0,157063
105176,1,0,157064
105177,1,0,157065
105178,1,0,157066
105179,3,0,157069
105180,1,0,157070
105181,1,0,157071
105182,1,0,157072
105183,3,0,157075
105184,1,0,157076
105185,2,0,157078
105186,2,0,157080
105187,4,0,157084
105188,2,0,157086
105189,2,0,157088
105190,1,0,157089
105191,1,0,157090
105192,1,0,157091
105193,3,0,157094
105194,2,0,157096
105195,1,0,157097
105196,1,0,157098
105197,1,0,157099
105198,1,0,157100
105199,2,0,157102
105200,1,0,157103
105201,1,0,157104
105202,1,0,157105
105203,3,0,157108
105204,1,0,157109
105205,1,0,157110
105206,1,0,157111
105207,1,0,157112
105208,2,0,157114
105209,3,0,157117
105210,1,0,157118
105211,1,0,157119
105212,1,0,157120
105213,1,0,157121
105214,2,0,157123
105215,1,0,157124
105216,1,0,157125
105217,1,0,157126
105218,1,0,157127
105219,1,0,157128
105220,1,0,157129
105221,1,0,157130
105222,3,0,157133
105223,2,0,157135
105224,2,0,157137
105225,2,0,157139
105226,1,0,157140
105227,1,0,157141
105228,1,0,157142
105229,5,0,157147
105230,1,0,157148
105231,1,0,157149
105232,1,0,157150
105233,1,0,157151
105234,1,0,157152
105235,1,0,157153
105236,1,0,157154
105237,1,0,157155
105238,2,0,157157
105239,2,0,157159
105240,1,0,157160
105241,1,0,157161
105242,1,0,157162
105243,2,0,157164
105244,2,0,157166
105245,3,0,157169
105246,1,0,157170
105247,4,0,157174
105248,3,0,157177
105249,1,0,157178
105250,1,0,157179
105251,2,0,157181
105252,4,0,157185
105253,2,0,157187
105254,1,0,157188
105255,1,0,157189
105256,1,0,157190
105257,1,0,157191
105258,1,0,157192
105259,1,0,157193
105260,1,0,157194
105261,1,0,157195
105262,2,0,157197
105263,4,0,157201
105264,1,0,157202
105265,1,0,157203
105266,1,0,157204
105267,1,0,157205
105268,1,0,157206
105269,1,0,157207
105270,1,0,157208
105271,1,0,157209
105272,1,0,157210
105273,1,0,157211
105274,1,0,157212
105275,2,0,157214
105276,2,0,157216
105277,1,0,157217
105278,3,0,157220
105279,1,0,157221
105280,1,0,157222
105281,1,0,157223
105282,2,0,157225
105283,1,0,157226
105284,1,0,157227
105285,1,0,157228
105286,1,0,157229
105287,1,0,157230
105288,1,0,157231
105289,1,0,157232
105290,1,0,157233
105291,1,0,157234
105292,2,0,157236
105293,1,0,157237
105294,1,0,157238
105295,1,0,157239
105296,2,0,157241
105297,1,0,157242
105298,5,0,157247
105299,1,0,157248
105300,1,0,157249
105301,1,0,157250
105302,1,0,157251
105303,2,0,157253
105304,2,0,157255
105305,1,0,157256
105306,1,0,157257
105307,1,0,157258
105308,1,0,157259
105309,1,0,157260
105310,2,0,157262
105311,1,0,157263
105312,1,0,157264
105313,2,0,157266
105314,1,0,157267
105315,1,0,157268
105316,2,0,157270
105317,1,0,157271
105318,2,0,157273
105319,3,0,157276
105320,1,0,157277
105321,1,0,157278
105322,2,0,157280
105323,2,0,157282
105324,1,0,157283
105325,2,0,157285
105326,1,0,157286
105327,1,0,157287
105328,2,0,157289
105329,1,0,157290
105330,1,0,157291
105331,1,0,157292
105332,1,0,157293
105333,2,0,157295
105334,1,0,157296
105335,2,0,157298
105336,1,0,157299
105337,2,0,157301
105338,1,0,157302
105339,2,0,157304
105340,2,0,157306
105341,1,0,157307
105342,1,0,157308
105343,2,0,157310
105344,5,0,157315
105345,3,0,157318
105346,3,0,157321
105347,1,0,157322
105348,1,0,157323
105349,1,0,157324
105350,1,0,157325
105351,4,0,157329
105352,2,0,157331
105353,1,0,157332
105354,1,0,157333
105355,3,0,157336
105356,1,0,157337
105357,2,0,157339
105358,1,0,157340
105359,1,0,157341
105360,1,0,157342
105361,1,0,157343
105362,3,0,157346
105363,2,0,157348
105364,1,0,157349
105365,1,0,157350
105366,1,0,157351
105367,1,0,157352
105368,1,0,157353
105369,2,0,157355
105370,1,0,157356
105371,1,0,157357
105372,1,0,157358
105373,2,0,157360
105374,1,0,157361
105375,4,0,157365
105376,1,0,157366
105377,1,0,157367
105378,4,0,157371
105379,4,0,157375
105380,1,0,157376
105381,1,0,157377
105382,1,0,157378
105383,3,0,157381
105384,1,0,157382
105385,2,0,157384
105386,1,0,157385
105387,1,0,157386
105388,1,0,157387
105389,1,0,157388
105390,1,0,157389
105391,1,0,157390
105392,1,0,157391
105393,1,0,157392
105394,1,0,157393
105395,1,0,157394
105396,1,0,157395
105397,1,0,157396
105398,2,0,157398
105399,1,0,157399
105400,1,0,157400
105401,1,0,157401
105402,1,0,157402
105403,4,0,157406
105404,3,0,157409
105405,2,0,157411
105406,1,0,157412
105407,2,0,157414
105408,1,0,157415
105409,3,0,157418
105410,1,0,157419
105411,1,0,157420
105412,1,0,157421
105413,1,0,157422
105414,1,0,157423
105415,1,0,157424
105416,1,0,157425
105417,1,0,157426
105418,1,0,157427
105419,3,0,157430
105420,1,0,157431
105421,2,0,157433
105422,2,0,157435
105423,1,0,157436
105424,2,0,157438
105425,2,0,157440
105426,1,0,157441
105427,2,0,157443
105428,1,0,157444
105429,1,0,157445
105430,2,0,157447
105431,1,0,157448
105432,1,0,157449
105433,1,0,157450
105434,1,0,157451
105435,1,0,157452
105436,1,0,157453
105437,2,0,157455
105438,1,0,157456
105439,2,0,157458
105440,2,0,157460
105441,1,0,157461
105442,1,0,157462
105443,2,0,157464
105444,1,0,157465
105445,1,0,157466
105446,1,0,157467
105447,3,0,157470
105448,1,0,157471
105449,1,0,157472
105450,1,0,157473
105451,1,0,157474
105452,1,0,157475
105453,1,0,157476
105454,1,0,157477
105455,1,0,157478
105456,1,0,157479
105457,1,0,157480
105458,1,0,157481
105459,4,0,157485
105460,1,0,157486
105461,1,0,157487
105462,1,0,157488
105463,2,0,157490
105464,1,0,157491
105465,3,0,157494
105466,2,0,157496
105467,1,0,157497
105468,1,0,157498
105469,1,0,157499
105470,1,0,157500
105471,1,0,157501
105472,1,0,157502
105473,2,0,157504
105474,1,0,157505
105475,1,0,157506
105476,1,0,157507
105477,2,0,157509
105478,1,0,157510
105479,1,0,157511
105480,2,0,157513
105481,1,0,157514
105482,1,0,157515
105483,1,0,157516
105484,2,0,157518
105485,1,0,157519
105486,2,0,157521
105487,1,0,157522
105488,2,0,157524
105489,1,0,157525
105490,1,0,157526
105491,2,0,157528
105492,1,0,157529
105493,2,0,157531
105494,1,0,157532
105495,1,0,157533
105496,1,0,157534
105497,1,0,157535
105498,2,0,157537
105499,1,0,157538
105500,3,0,157541
105501,2,0,157543
105502,1,0,157544
105503,1,0,157545
105504,1,0,157546
105505,1,0,157547
105506,1,0,157548
105507,1,0,157549
105508,2,0,157551
105509,1,0,157552
105510,2,0,157554
105511,1,0,157555
105512,1,0,157556
105513,1,0,157557
105514,1,0,157558
105515,1,0,157559
105516,2,0,157561
105517,2,0,157563
105518,3,0,157566
105519,2,0,157568
105520,1,0,157569
105521,1,0,157570
105522,2,0,157572
105523,1,0,157573
105524,1,0,157574
105525,2,0,157576
105526,2,0,157578
105527,1,0,157579
105528,1,0,157580
105529,1,0,157581
105530,1,0,157582
105531,1,0,157583
105532,3,0,157586
105533,2,0,157588
105534,1,0,157589
105535,1,0,157590
105536,1,0,157591
105537,2,0,157593
105538,1,0,157594
105539,2,0,157596
105540,1,0,157597
105541,1,0,157598
105542,1,0,157599
105543,1,0,157600
105544,1,0,157601
105545,1,0,157602
105546,1,0,157603
105547,1,0,157604
105548,1,0,157605
105549,2,0,157607
105550,1,0,157608
105551,3,0,157611
105552,2,0,157613
105553,2,0,157615
105554,1,0,157616
105555,1,0,157617
105556,2,0,157619
105557,2,0,157621
105558,4,0,157625
105559,1,0,157626
105560,2,0,157628
105561,2,0,157630
105562,1,0,157631
105563,1,0,157632
105564,3,0,157635
105565,1,0,157636
105566,2,0,157638
105567,2,0,157640
105568,1,0,157641
105569,1,0,157642
105570,4,0,157646
105571,2,0,157648
105572,1,0,157649
105573,1,0,157650
105574,3,0,157653
105575,1,0,157654
105576,3,0,157657
105577,6,0,157663
105578,1,0,157664
105579,3,0,157667
105580,2,0,157669
105581,1,0,157670
105582,2,0,157672
105583,2,0,157674
105584,1,0,157675
105585,1,0,157676
105586,2,0,157678
105587,1,0,157679
105588,3,0,157682
105589,2,0,157684
105590,1,0,157685
105591,1,0,157686
105592,1,0,157687
105593,1,0,157688
105594,6,0,157694
105595,3,0,157697
105596,1,0,157698
105597,2,0,157700
105598,2,0,157702
105599,2,0,157704
105600,1,0,157705
105601,2,0,157707
105602,1,0,157708
105603,2,0,157710
105604,1,0,157711
105605,2,0,157713
105606,1,0,157714
105607,2,0,157716
105608,1,0,157717
105609,1,0,157718
105610,1,0,157719
105611,1,0,157720
105612,1,0,157721
105613,1,0,157722
105614,1,0,157723
105615,1,0,157724
105616,1,0,157725
105617,1,0,157726
105618,1,0,157727
105619,1,0,157728
105620,1,0,157729
105621,1,0,157730
105622,2,0,157732
105623,1,0,157733
105624,2,0,157735
105625,2,0,157737
105626,1,0,157738
105627,2,0,157740
105628,1,0,157741
105629,1,0,157742
105630,2,0,157744
105631,1,0,157745
105632,2,0,157747
105633,1,0,157748
105634,1,0,157749
105635,1,0,157750
105636,2,0,157752
105637,1,0,157753
105638,1,0,157754
105639,1,0,157755
105640,2,0,157757
105641,1,0,157758
105642,1,0,157759
105643,1,0,157760
105644,1,0,157761
105645,1,0,157762
105646,3,0,157765
105647,2,0,157767
105648,2,0,157769
105649,1,0,157770
105650,1,0,157771
105651,1,0,157772
105652,2,0,157774
105653,1,0,157775
105654,1,0,157776
105655,1,0,157777
105656,2,0,157779
105657,1,0,157780
105658,1,0,157781
105659,1,0,157782
105660,1,0,157783
105661,1,0,157784
105662,1,0,157785
105663,1,0,157786
105664,1,0,157787
105665,1,0,157788
105666,1,0,157789
105667,2,0,157791
105668,1,0,157792
105669,2,0,157794
105670,1,0,157795
105671,1,0,157796
105672,3,0,157799
105673,2,0,157801
105674,1,0,157802
105675,1,0,157803
105676,2,0,157805
105677,1,0,157806
105678,1,0,157807
105679,3,0,157810
105680,2,0,157812
105681,1,0,157813
105682,1,0,157814
105683,1,0,157815
105684,1,0,157816
105685,1,0,157817
105686,2,0,157819
105687,2,0,157821
105688,1,0,157822
105689,3,0,157825
105690,2,0,157827
105691,2,0,157829
105692,2,0,157831
105693,1,0,157832
105694,3,0,157835
105695,1,0,157836
105696,1,0,157837
105697,1,0,157838
105698,1,0,157839
105699,2,0,157841
105700,1,0,157842
105701,4,0,157846
105702,2,0,157848
105703,1,0,157849
105704,1,0,157850
105705,4,0,157854
105706,2,0,157856
105707,1,0,157857
105708,1,0,157858
105709,1,0,157859
105710,1,0,157860
105711,1,0,157861
105712,1,0,157862
105713,1,0,157863
105714,1,0,157864
105715,3,0,157867
105716,1,0,157868
105717,1,0,157869
105718,1,0,157870
105719,1,0,157871
105720,1,0,157872
105721,1,0,157873
105722,1,0,157874
105723,3,0,157877
105724,1,0,157878
105725,2,0,157880
105726,1,0,157881
105727,1,0,157882
105728,2,0,157884
105729,1,0,157885
105730,1,0,157886
105731,1,0,157887
105732,1,0,157888
105733,2,0,157890
105734,1,0,157891
105735,1,0,157892
105736,1,0,157893
105737,1,0,157894
105738,1,0,157895
105739,1,0,157896
105740,1,0,157897
105741,1,0,157898
105742,1,0,157899
105743,1,0,157900
105744,1,0,157901
105745,1,0,157902
105746,2,0,157904
105747,1,0,157905
105748,2,0,157907
105749,1,0,157908
105750,2,0,157910
105751,3,0,157913
105752,2,0,157915
105753,1,0,157916
105754,4,0,157920
105755,1,0,157921
105756,3,0,157924
105757,2,0,157926
105758,2,0,157928
105759,3,0,157931
105760,1,0,157932
105761,1,0,157933
105762,1,0,157934
105763,2,0,157936
105764,1,0,157937
105765,1,0,157938
105766,2,0,157940
105767,1,0,157941
105768,2,0,157943
105769,2,0,157945
105770,1,0,157946
105771,1,0,157947
105772,1,0,157948
105773,1,0,157949
105774,1,0,157950
105775,2,0,157952
105776,2,0,157954
105777,1,0,157955
105778,1,0,157956
105779,1,0,157957
105780,1,0,157958
105781,1,0,157959
105782,1,0,157960
105783,1,0,157961
105784,1,0,157962
105785,4,0,157966
105786,1,0,157967
105787,1,0,157968
105788,1,0,157969
105789,1,0,157970
105790,1,0,157971
105791,1,0,157972
105792,1,0,157973
105793,1,0,157974
105794,1,0,157975
105795,1,0,157976
105796,1,0,157977
105797,1,0,157978
105798,2,0,157980
105799,1,0,157981
105800,2,0,157983
105801,1,0,157984
105802,1,0,157985
105803,1,0,157986
105804,1,0,157987
105805,1,0,157988
105806,1,0,157989
105807,2,0,157991
105808,1,0,157992
105809,2,0,157994
105810,2,0,157996
105811,1,0,157997
105812,1,0,157998
105813,1,0,157999
105814,2,0,158001
105815,1,0,158002
105816,2,0,158004
105817,1,0,158005
105818,1,0,158006
105819,1,0,158007
105820,2,0,158009
105821,1,0,158010
105822,1,0,158011
105823,1,0,158012
105824,1,0,158013
105825,1,0,158014
105826,1,0,158015
105827,3,0,158018
105828,1,0,158019
105829,1,0,158020
105830,3,0,158023
105831,1,0,158024
105832,1,0,158025
105833,1,0,158026
105834,1,0,158027
105835,1,0,158028
105836,3,0,158031
105837,3,0,158034
105838,1,0,158035
105839,3,0,158038
105840,1,0,158039
105841,2,0,158041
105842,2,0,158043
105843,5,0,158048
105844,1,0,158049
105845,2,0,158051
105846,1,0,158052
105847,2,0,158054
105848,1,0,158055
105849,2,0,158057
105850,1,0,158058
105851,1,0,158059
105852,3,0,158062
105853,1,0,158063
105854,1,0,158064
105855,2,0,158066
105856,1,0,158067
105857,2,0,158069
105858,3,0,158072
105859,1,0,158073
105860,1,0,158074
105861,1,0,158075
105862,2,0,158077
105863,3,0,158080
105864,1,0,158081
105865,1,0,158082
105866,1,0,158083
105867,1,0,158084
105868,2,0,158086
105869,1,0,158087
105870,1,0,158088
105871,1,0,158089
105872,1,0,158090
105873,3,0,158093
105874,2,0,158095
105875,2,0,158097
105876,1,0,158098
105877,1,0,158099
105878,2,0,158101
105879,2,0,158103
105880,2,0,158105
105881,1,0,158106
105882,4,0,158110
105883,2,0,158112
105884,1,0,158113
105885,2,0,158115
105886,1,0,158116
105887,2,0,158118
105888,4,0,158122
105889,1,0,158123
105890,5,0,158128
105891,1,0,158129
105892,1,0,158130
105893,1,0,158131
105894,1,0,158132
105895,1,0,158133
105896,3,0,158136
105897,1,0,158137
105898,1,0,158138
105899,1,0,158139
105900,1,0,158140
105901,1,0,158141
105902,2,0,158143
105903,2,0,158145
105904,6,0,158151
105905,1,0,158152
105906,1,0,158153
105907,1,0,158154
105908,2,0,158156
105909,4,0,158160
105910,1,0,158161
105911,1,0,158162
105912,1,0,158163
105913,1,0,158164
105914,2,0,158166
105915,1,0,158167
105916,1,0,158168
105917,1,0,158169
105918,2,0,158171
105919,2,0,158173
105920,3,0,158176
105921,1,0,158177
105922,1,0,158178
105923,3,0,158181
105924,1,0,158182
105925,1,0,158183
105926,1,0,158184
105927,1,0,158185
105928,1,0,158186
105929,1,0,158187
105930,1,0,158188
105931,2,0,158190
105932,3,0,158193
105933,1,0,158194
105934,1,0,158195
105935,2,0,158197
105936,1,0,158198
105937,1,0,158199
105938,1,0,158200
105939,3,0,158203
105940,1,0,158204
105941,1,0,158205
105942,1,0,158206
105943,1,0,158207
105944,1,0,158208
105945,2,0,158210
105946,1,0,158211
105947,1,0,158212
105948,2,0,158214
105949,1,0,158215
105950,1,0,158216
105951,1,0,158217
105952,1,0,158218
105953,1,0,158219
105954,1,0,158220
105955,1,0,158221
105956,1,0,158222
105957,1,0,158223
105958,5,0,158228
105959,3,0,158231
105960,2,0,158233
105961,1,0,158234
105962,2,0,158236
105963,4,0,158240
105964,1,0,158241
105965,1,0,158242
105966,2,0,158244
105967,1,0,158245
105968,3,0,158248
105969,1,0,158249
105970,1,0,158250
105971,3,0,158253
105972,1,0,158254
105973,1,0,158255
105974,1,0,158256
105975,3,0,158259
105976,5,0,158264
105977,1,0,158265
105978,2,0,158267
105979,1,0,158268
105980,2,0,158270
105981,1,0,158271
105982,1,0,158272
105983,4,0,158276
105984,3,0,158279
105985,2,0,158281
105986,1,0,158282
105987,4,0,158286
105988,1,0,158287
105989,1,0,158288
105990,2,0,158290
105991,1,0,158291
105992,1,0,158292
105993,1,0,158293
105994,2,0,158295
105995,2,0,158297
105996,1,0,158298
105997,1,0,158299
105998,1,0,158300
105999,1,0,158301
106000,2,0,158303
106001,1,0,158304
106002,2,0,158306
106003,1,0,158307
106004,1,0,158308
106005,2,0,158310
106006,3,0,158313
106007,1,0,158314
106008,1,0,158315
106009,3,0,158318
106010,2,0,158320
106011,1,0,158321
106012,5,0,158326
106013,2,0,158328
106014,2,0,158330
106015,1,0,158331
106016,3,0,158334
106017,1,0,158335
106018,1,0,158336
106019,1,0,158337
106020,1,0,158338
106021,6,0,158344
106022,1,0,158345
106023,2,0,158347
106024,1,0,158348
106025,2,0,158350
106026,2,0,158352
106027,3,0,158355
106028,2,0,158357
106029,1,0,158358
106030,2,0,158360
106031,2,0,158362
106032,1,0,158363
106033,2,0,158365
106034,2,0,158367
106035,1,0,158368
106036,2,0,158370
106037,1,0,158371
106038,1,0,158372
106039,1,0,158373
106040,2,0,158375
106041,1,0,158376
106042,1,0,158377
106043,2,0,158379
106044,1,0,158380
106045,3,0,158383
106046,1,0,158384
106047,1,0,158385
106048,1,0,158386
106049,1,0,158387
106050,3,0,158390
106051,1,0,158391
106052,1,0,158392
106053,1,0,158393
106054,1,0,158394
106055,1,0,158395
106056,1,0,158396
106057,1,0,158397
106058,1,0,158398
106059,2,0,158400
106060,1,0,158401
106061,1,0,158402
106062,2,0,158404
106063,1,0,158405
106064,1,0,158406
106065,1,0,158407
106066,2,0,158409
106067,3,0,158412
106068,3,0,158415
106069,1,0,158416
106070,1,0,158417
106071,1,0,158418
106072,3,0,158421
106073,2,0,158423
106074,1,0,158424
106075,2,0,158426
106076,1,0,158427
106077,1,0,158428
106078,1,0,158429
106079,1,0,158430
106080,1,0,158431
106081,3,0,158434
106082,1,0,158435
106083,1,0,158436
106084,2,0,158438
106085,2,0,158440
106086,2,0,158442
106087,2,0,158444
106088,1,0,158445
106089,1,0,158446
106090,1,0,158447
106091,1,0,158448
106092,1,0,158449
106093,3,0,158452
106094,1,0,158453
106095,1,0,158454
106096,2,0,158456
106097,1,0,158457
106098,1,0,158458
106099,1,0,158459
106100,4,0,158463
106101,1,0,158464
106102,2,0,158466
106103,2,0,158468
106104,1,0,158469
106105,1,0,158470
106106,1,0,158471
106107,1,0,158472
106108,1,0,158473
106109,1,0,158474
106110,2,0,158476
106111,2,0,158478
106112,1,0,158479
106113,1,0,158480
106114,1,0,158481
106115,1,0,158482
106116,1,0,158483
106117,1,0,158484
106118,1,0,158485
106119,1,0,158486
106120,1,0,158487
106121,1,0,158488
106122,1,0,158489
106123,2,0,158491
106124,1,0,158492
106125,2,0,158494
106126,1,0,158495
106127,4,0,158499
106128,1,0,158500
106129,1,0,158501
106130,1,0,158502
106131,1,0,158503
106132,2,0,158505
106133,2,0,158507
106134,1,0,158508
106135,1,0,158509
106136,2,0,158511
106137,1,0,158512
106138,1,0,158513
106139,1,0,158514
106140,1,0,158515
106141,1,0,158516
106142,1,0,158517
106143,1,0,158518
106144,2,0,158520
106145,1,0,158521
106146,2,0,158523
106147,1,0,158524
106148,1,0,158525
106149,1,0,158526
106150,2,0,158528
106151,2,0,158530
106152,5,0,158535
106153,1,0,158536
106154,2,0,158538
106155,1,0,158539
106156,1,0,158540
106157,2,0,158542
106158,1,0,158543
106159,3,0,158546
106160,1,0,158547
106161,1,0,158548
106162,1,0,158549
106163,1,0,158550
106164,2,0,158552
106165,3,0,158555
106166,1,0,158556
106167,2,0,158558
106168,1,0,158559
106169,1,0,158560
106170,1,0,158561
106171,1,0,158562
106172,1,0,158563
106173,1,0,158564
106174,1,0,158565
106175,1,0,158566
106176,2,0,158568
106177,1,0,158569
106178,1,0,158570
106179,2,0,158572
106180,1,0,158573
106181,1,0,158574
106182,1,0,158575
106183,1,0,158576
106184,1,0,158577
106185,1,0,158578
106186,1,0,158579
106187,1,0,158580
106188,1,0,158581
106189,2,0,158583
106190,3,0,158586
106191,5,0,158591
106192,1,0,158592
106193,6,0,158598
106194,1,0,158599
106195,3,0,158602
106196,3,0,158605
106197,2,0,158607
106198,1,0,158608
106199,1,0,158609
106200,1,0,158610
106201,1,0,158611
106202,2,0,158613
106203,1,0,158614
106204,1,0,158615
106205,3,0,158618
106206,1,0,158619
106207,1,0,158620
106208,2,0,158622
106209,2,0,158624
106210,1,0,158625
106211,1,0,158626
106212,1,0,158627
106213,3,0,158630
106214,1,0,158631
106215,3,0,158634
106216,3,0,158637
106217,2,0,158639
106218,2,0,158641
106219,1,0,158642
106220,1,0,158643
106221,2,0,158645
106222,1,0,158646
106223,2,0,158648
106224,2,0,158650
106225,2,0,158652
106226,1,0,158653
106227,3,0,158656
106228,1,0,158657
106229,2,0,158659
106230,1,0,158660
106231,2,0,158662
106232,1,0,158663
106233,1,0,158664
106234,1,0,158665
106235,1,0,158666
106236,2,0,158668
106237,1,0,158669
106238,2,0,158671
106239,1,0,158672
106240,1,0,158673
106241,1,0,158674
106242,1,0,158675
106243,3,0,158678
106244,1,0,158679
106245,1,0,158680
106246,1,0,158681
106247,4,0,158685
106248,3,0,158688
106249,2,0,158690
106250,3,0,158693
106251,1,0,158694
106252,1,0,158695
106253,2,0,158697
106254,1,0,158698
106255,2,0,158700
106256,1,0,158701
106257,1,0,158702
106258,1,0,158703
106259,1,0,158704
106260,1,0,158705
106261,1,0,158706
106262,1,0,158707
106263,1,0,158708
106264,1,0,158709
106265,2,0,158711
106266,1,0,158712
106267,1,0,158713
106268,1,0,158714
106269,2,0,158716
106270,1,0,158717
106271,1,0,158718
106272,1,0,158719
106273,1,0,158720
106274,2,0,158722
106275,3,0,158725
106276,1,0,158726
106277,2,0,158728
106278,1,0,158729
106279,1,0,158730
106280,4,0,158734
106281,6,0,158740
106282,1,0,158741
106283,1,0,158742
106284,2,0,158744
106285,1,0,158745
106286,1,0,158746
106287,1,0,158747
106288,1,0,158748
106289,4,0,158752
106290,1,0,158753
106291,3,0,158756
106292,1,0,158757
106293,2,0,158759
106294,1,0,158760
106295,1,0,158761
106296,1,0,158762
106297,1,0,158763
106298,1,0,158764
106299,2,0,158766
106300,1,0,158767
106301,1,0,158768
106302,1,0,158769
106303,1,0,158770
106304,1,0,158771
106305,1,0,158772
106306,2,0,158774
106307,1,0,158775
106308,1,0,158776
106309,4,0,158780
106310,1,0,158781
106311,1,0,158782
106312,1,0,158783
106313,1,0,158784
106314,1,0,158785
106315,1,0,158786
106316,2,0,158788
106317,2,0,158790
106318,2,0,158792
106319,1,0,158793
106320,1,0,158794
106321,1,0,158795
106322,3,0,158798
106323,2,0,158800
106324,2,0,158802
106325,1,0,158803
106326,1,0,158804
106327,4,0,158808
106328,2,0,158810
106329,4,0,158814
106330,1,0,158815
106331,3,0,158818
106332,4,0,158822
106333,2,0,158824
106334,2,0,158826
106335,1,0,158827
106336,1,0,158828
106337,1,0,158829
106338,1,0,158830
106339,1,0,158831
106340,2,0,158833
106341,1,0,158834
106342,1,0,158835
106343,2,0,158837
106344,1,0,158838
106345,1,0,158839
106346,1,0,158840
106347,1,0,158841
106348,1,0,158842
106349,2,0,158844
106350,1,0,158845
106351,2,0,158847
106352,1,0,158848
106353,1,0,158849
106354,2,0,158851
106355,1,0,158852
106356,2,0,158854
106357,2,0,158856
106358,2,0,158858
106359,1,0,158859
106360,1,0,158860
106361,1,0,158861
106362,3,0,158864
106363,5,0,158869
106364,1,0,158870
106365,3,0,158873
106366,1,0,158874
106367,1,0,158875
106368,2,0,158877
106369,3,0,158880
106370,1,0,158881
106371,1,0,158882
106372,2,0,158884
106373,1,0,158885
106374,1,0,158886
106375,1,0,158887
106376,2,0,158889
106377,2,0,158891
106378,2,0,158893
106379,1,0,158894
106380,2,0,158896
106381,1,0,158897
106382,2,0,158899
106383,2,0,158901
106384,1,0,158902
106385,1,0,158903
106386,1,0,158904
106387,2,0,158906
106388,3,0,158909
106389,1,0,158910
106390,1,0,158911
106391,1,0,158912
106392,1,0,158913
106393,1,0,158914
106394,1,0,158915
106395,1,0,158916
106396,2,0,158918
106397,3,0,158921
106398,1,0,158922
106399,2,0,158924
106400,1,0,158925
106401,1,0,158926
106402,2,0,158928
106403,1,0,158929
106404,1,0,158930
106405,1,0,158931
106406,1,0,158932
106407,1,0,158933
106408,1,0,158934
106409,5,0,158939
106410,1,0,158940
106411,1,0,158941
106412,2,0,158943
106413,3,0,158946
106414,1,0,158947
106415,6,0,158953
106416,1,0,158954
106417,1,0,158955
106418,3,0,158958
106419,1,0,158959
106420,1,0,158960
106421,1,0,158961
106422,1,0,158962
106423,3,0,158965
106424,1,0,158966
106425,1,0,158967
106426,1,0,158968
106427,3,0,158971
106428,1,0,158972
106429,1,0,158973
106430,1,0,158974
106431,1,0,158975
106432,1,0,158976
106433,4,0,158980
106434,1,0,158981
106435,1,0,158982
106436,1,0,158983
106437,1,0,158984
106438,1,0,158985
106439,2,0,158987
106440,1,0,158988
106441,3,0,158991
106442,1,0,158992
106443,2,0,158994
106444,1,0,158995
106445,2,0,158997
106446,2,0,158999
106447,1,0,159000
106448,1,0,159001
106449,1,0,159002
106450,1,0,159003
106451,1,0,159004
106452,1,0,159005
106453,2,0,159007
106454,1,0,159008
106455,1,0,159009
106456,1,0,159010
106457,2,0,159012
106458,1,0,159013
106459,1,0,159014
106460,1,0,159015
106461,2,0,159017
106462,2,0,159019
106463,1,0,159020
106464,1,0,159021
106465,1,0,159022
106466,6,0,159028
106467,3,0,159031
106468,1,0,159032
106469,2,0,159034
106470,2,0,159036
106471,1,0,159037
106472,1,0,159038
106473,1,0,159039
106474,1,0,159040
106475,2,0,159042
106476,1,0,159043
106477,2,0,159045
106478,3,0,159048
106479,1,0,159049
106480,1,0,159050
106481,2,0,159052
106482,1,0,159053
106483,1,0,159054
106484,1,0,159055
106485,1,0,159056
106486,1,0,159057
106487,4,0,159061
106488,1,0,159062
106489,1,0,159063
106490,2,0,159065
106491,1,0,159066
106492,1,0,159067
106493,1,0,159068
106494,1,0,159069
106495,2,0,159071
106496,2,0,159073
106497,2,0,159075
106498,1,0,159076
106499,1,0,159077
106500,1,0,159078
106501,1,0,159079
106502,2,0,159081
106503,1,0,159082
106504,1,0,159083
106505,2,0,159085
106506,1,0,159086
106507,1,0,159087
106508,1,0,159088
106509,1,0,159089
106510,2,0,159091
106511,1,0,159092
106512,2,0,159094
106513,1,0,159095
106514,2,0,159097
106515,2,0,159099
106516,1,0,159100
106517,2,0,159102
106518,1,0,159103
106519,2,0,159105
106520,4,0,159109
106521,1,0,159110
106522,1,0,159111
106523,2,0,159113
106524,1,0,159114
106525,1,0,159115
106526,2,0,159117
106527,2,0,159119
106528,1,0,159120
106529,1,0,159121
106530,2,0,159123
106531,1,0,159124
106532,1,0,159125
106533,1,0,159126
106534,1,0,159127
106535,1,0,159128
106536,1,0,159129
106537,5,0,159134
106538,4,0,159138
106539,1,0,159139
106540,2,0,159141
106541,1,0,159142
106542,1,0,159143
106543,1,0,159144
106544,1,0,159145
106545,2,0,159147
106546,2,0,159149
106547,1,0,159150
106548,1,0,159151
106549,3,0,159154
106550,1,0,159155
106551,1,0,159156
106552,1,0,159157
106553,1,0,159158
106554,1,0,159159
106555,1,0,159160
106556,1,0,159161
106557,1,0,159162
106558,1,0,159163
106559,3,0,159166
106560,1,0,159167
106561,1,0,159168
106562,1,0,159169
106563,1,0,159170
106564,2,0,159172
106565,1,0,159173
106566,1,0,159174
106567,5,0,159179
106568,1,0,159180
106569,1,0,159181
106570,2,0,159183
106571,1,0,159184
106572,1,0,159185
106573,1,0,159186
106574,1,0,159187
106575,1,0,159188
106576,1,0,159189
106577,1,0,159190
106578,1,0,159191
106579,1,0,159192
106580,3,0,159195
106581,1,0,159196
106582,4,0,159200
106583,1,0,159201
106584,1,0,159202
106585,2,0,159204
106586,5,0,159209
106587,2,0,159211
106588,1,0,159212
106589,1,0,159213
106590,2,0,159215
106591,3,0,159218
106592,1,0,159219
106593,1,0,159220
106594,3,0,159223
106595,1,0,159224
106596,2,0,159226
106597,1,0,159227
106598,4,0,159231
106599,2,0,159233
106600,2,0,159235
106601,1,0,159236
106602,1,0,159237
106603,1,0,159238
106604,1,0,159239
106605,2,0,159241
106606,1,0,159242
106607,7,0,159249
106608,1,0,159250
106609,1,0,159251
106610,1,0,159252
106611,2,0,159254
106612,1,0,159255
106613,2,0,159257
106614,1,0,159258
106615,1,0,159259
106616,1,0,159260
106617,1,0,159261
106618,2,0,159263
106619,1,0,159264
106620,2,0,159266
106621,3,0,159269
106622,1,0,159270
106623,1,0,159271
106624,1,0,159272
106625,1,0,159273
106626,1,0,159274
106627,1,0,159275
106628,1,0,159276
106629,3,0,159279
106630,1,0,159280
106631,1,0,159281
106632,2,0,159283
106633,1,0,159284
106634,1,0,159285
106635,1,0,159286
106636,3,0,159289
106637,2,0,159291
106638,1,0,159292
106639,1,0,159293
106640,1,0,159294
106641,3,0,159297
106642,2,0,159299
106643,1,0,159300
106644,2,0,159302
106645,1,0,159303
106646,2,0,159305
106647,1,0,159306
106648,1,0,159307
106649,1,0,159308
106650,2,0,159310
106651,3,0,159313
106652,1,0,159314
106653,1,0,159315
106654,1,0,159316
106655,1,0,159317
106656,1,0,159318
106657,2,0,159320
106658,1,0,159321
106659,1,0,159322
106660,1,0,159323
106661,1,0,159324
106662,3,0,159327
106663,1,0,159328
106664,1,0,159329
106665,3,0,159332
106666,1,0,159333
106667,1,0,159334
106668,1,0,159335
106669,1,0,159336
106670,1,0,159337
106671,1,0,159338
106672,1,0,159339
106673,1,0,159340
106674,1,0,159341
106675,1,0,159342
106676,1,0,159343
106677,1,0,159344
106678,1,0,159345
106679,2,0,159347
106680,4,0,159351
106681,3,0,159354
106682,1,0,159355
106683,2,0,159357
106684,1,0,159358
106685,1,0,159359
106686,1,0,159360
106687,2,0,159362
106688,1,0,159363
106689,5,0,159368
106690,1,0,159369
106691,2,0,159371
106692,1,0,159372
106693,1,0,159373
106694,1,0,159374
106695,1,0,159375
106696,2,0,159377
106697,1,0,159378
106698,2,0,159380
106699,1,0,159381
106700,3,0,159384
106701,1,0,159385
106702,1,0,159386
106703,2,0,159388
106704,2,0,159390
106705,3,0,159393
106706,1,0,159394
106707,1,0,159395
106708,1,0,159396
106709,2,0,159398
106710,2,0,159400
106711,2,0,159402
106712,1,0,159403
106713,2,0,159405
106714,1,0,159406
106715,1,0,159407
106716,2,0,159409
106717,3,0,159412
106718,1,0,159413
106719,3,0,159416
106720,1,0,159417
106721,1,0,159418
106722,2,0,159420
106723,1,0,159421
106724,1,0,159422
106725,1,0,159423
106726,3,0,159426
106727,2,0,159428
106728,3,0,159431
106729,2,0,159433
106730,1,0,159434
106731,1,0,159435
106732,3,0,159438
106733,1,0,159439
106734,1,0,159440
106735,1,0,159441
106736,1,0,159442
106737,1,0,159443
106738,3,0,159446
106739,1,0,159447
106740,4,0,159451
106741,1,0,159452
106742,3,0,159455
106743,1,0,159456
106744,1,0,159457
106745,1,0,159458
106746,2,0,159460
106747,1,0,159461
106748,1,0,159462
106749,2,0,159464
106750,2,0,159466
106751,2,0,159468
106752,1,0,159469
106753,1,0,159470
106754,1,0,159471
106755,1,0,159472
106756,2,0,159474
106757,1,0,159475
106758,2,0,159477
106759,3,0,159480
106760,1,0,159481
106761,3,0,159484
106762,1,0,159485
106763,1,0,159486
106764,1,0,159487
106765,1,0,159488
106766,1,0,159489
106767,1,0,159490
106768,2,0,159492
106769,1,0,159493
106770,2,0,159495
106771,1,0,159496
106772,1,0,159497
106773,4,0,159501
106774,1,0,159502
106775,2,0,159504
106776,4,0,159508
106777,1,0,159509
106778,1,0,159510
106779,1,0,159511
106780,1,0,159512
106781,1,0,159513
106782,1,0,159514
106783,1,0,159515
106784,1,0,159516
106785,1,0,159517
106786,1,0,159518
106787,1,0,159519
106788,2,0,159521
106789,1,0,159522
106790,1,0,159523
106791,1,0,159524
106792,1,0,159525
106793,1,0,159526
106794,2,0,159528
106795,1,0,159529
106796,3,0,159532
106797,2,0,159534
106798,1,0,159535
106799,1,0,159536
106800,1,0,159537
106801,1,0,159538
106802,1,0,159539
106803,2,0,159541
106804,1,0,159542
106805,2,0,159544
106806,1,0,159545
106807,1,0,159546
106808,1,0,159547
106809,1,0,159548
106810,3,0,159551
106811,3,0,159554
106812,1,0,159555
106813,2,0,159557
106814,1,0,159558
106815,2,0,159560
106816,3,0,159563
106817,1,0,159564
106818,2,0,159566
106819,1,0,159567
106820,1,0,159568
106821,2,0,159570
106822,1,0,159571
106823,2,0,159573
106824,2,0,159575
106825,4,0,159579
106826,1,0,159580
106827,3,0,159583
106828,1,0,159584
106829,1,0,159585
106830,1,0,159586
106831,1,0,159587
106832,1,0,159588
106833,2,0,159590
106834,1,0,159591
106835,1,0,159592
106836,2,0,159594
106837,1,0,159595
106838,1,0,159596
106839,1,0,159597
106840,1,0,159598
106841,5,0,159603
106842,1,0,159604
106843,4,0,159608
106844,1,0,159609
106845,1,0,159610
106846,1,0,159611
106847,2,0,159613
106848,1,0,159614
106849,1,0,159615
106850,4,0,159619
106851,2,0,159621
106852,1,0,159622
106853,2,0,159624
106854,1,0,159625
106855,1,0,159626
106856,2,0,159628
106857,2,0,159630
106858,1,0,159631
106859,2,0,159633
106860,2,0,159635
106861,1,0,159636
106862,1,0,159637
106863,1,0,159638
106864,1,0,159639
106865,1,0,159640
106866,1,0,159641
106867,3,0,159644
106868,1,0,159645
106869,1,0,159646
106870,1,0,159647
106871,2,0,159649
106872,1,0,159650
106873,2,0,159652
106874,1,0,159653
106875,2,0,159655
106876,4,0,159659
106877,2,0,159661
106878,1,0,159662
106879,1,0,159663
106880,1,0,159664
106881,2,0,159666
106882,1,0,159667
106883,2,0,159669
106884,1,0,159670
106885,2,0,159672
106886,7,0,159679
106887,1,0,159680
106888,1,0,159681
106889,1,0,159682
106890,1,0,159683
106891,1,0,159684
106892,1,0,159685
106893,1,0,159686
106894,1,0,159687
106895,1,0,159688
106896,1,0,159689
106897,1,0,159690
106898,1,0,159691
106899,3,0,159694
106900,1,0,159695
106901,1,0,159696
106902,1,0,159697
106903,1,0,159698
106904,1,0,159699
106905,1,0,159700
106906,2,0,159702
106907,1,0,159703
106908,1,0,159704
106909,1,0,159705
106910,1,0,159706
106911,1,0,159707
106912,1,0,159708
106913,1,0,159709
106914,1,0,159710
106915,1,0,159711
106916,2,0,159713
106917,1,0,159714
106918,1,0,159715
106919,1,0,159716
106920,1,0,159717
106921,1,0,159718
106922,1,0,159719
106923,1,0,159720
106924,1,0,159721
106925,1,0,159722
106926,1,0,159723
106927,1,0,159724
106928,1,0,159725
106929,5,0,159730
106930,1,0,159731
106931,1,0,159732
106932,1,0,159733
106933,2,0,159735
106934,1,0,159736
106935,1,0,159737
106936,1,0,159738
106937,2,0,159740
106938,1,0,159741
106939,1,0,159742
106940,1,0,159743
106941,5,0,159748
106942,3,0,159751
106943,2,0,159753
106944,1,0,159754
106945,3,0,159757
106946,2,0,159759
106947,1,0,159760
106948,3,0,159763
106949,3,0,159766
106950,1,0,159767
106951,1,0,159768
106952,1,0,159769
106953,1,0,159770
106954,1,0,159771
106955,2,0,159773
106956,1,0,159774
106957,2,0,159776
106958,3,0,159779
106959,1,0,159780
106960,3,0,159783
106961,2,0,159785
106962,1,0,159786
106963,1,0,159787
106964,2,0,159789
106965,2,0,159791
106966,1,0,159792
106967,2,0,159794
106968,1,0,159795
106969,1,0,159796
106970,1,0,159797
106971,1,0,159798
106972,1,0,159799
106973,1,0,159800
106974,3,0,159803
106975,3,0,159806
106976,1,0,159807
106977,1,0,159808
106978,3,0,159811
106979,2,0,159813
106980,1,0,159814
106981,1,0,159815
106982,1,0,159816
106983,2,0,159818
106984,1,0,159819
106985,1,0,159820
106986,1,0,159821
106987,1,0,159822
106988,1,0,159823
106989,2,0,159825
106990,1,0,159826
106991,2,0,159828
106992,4,0,159832
106993,1,0,159833
106994,6,0,159839
106995,1,0,159840
106996,1,0,159841
106997,1,0,159842
106998,3,0,159845
106999,1,0,159846
107000,1,0,159847
107001,2,0,159849
107002,2,0,159851
107003,1,0,159852
107004,1,0,159853
107005,1,0,159854
107006,1,0,159855
107007,1,0,159856
107008,2,0,159858
107009,8,0,159866
107010,1,0,159867
107011,1,0,159868
107012,4,0,159872
107013,2,0,159874
107014,1,0,159875
107015,1,0,159876
107016,4,0,159880
107017,3,0,159883
107018,1,0,159884
107019,1,0,159885
107020,1,0,159886
107021,2,0,159888
107022,2,0,159890
107023,2,0,159892
107024,1,0,159893
107025,2,0,159895
107026,1,0,159896
107027,2,0,159898
107028,1,0,159899
107029,1,0,159900
107030,1,0,159901
107031,2,0,159903
107032,5,0,159908
107033,2,0,159910
107034,1,0,159911
107035,1,0,159912
107036,1,0,159913
107037,3,0,159916
107038,1,0,159917
107039,1,0,159918
107040,1,0,159919
107041,1,0,159920
107042,1,0,159921
107043,2,0,159923
107044,1,0,159924
107045,2,0,159926
107046,2,0,159928
107047,2,0,159930
107048,1,0,159931
107049,1,0,159932
107050,1,0,159933
107051,1,0,159934
107052,1,0,159935
107053,1,0,159936
107054,1,0,159937
107055,1,0,159938
107056,1,0,159939
107057,1,0,159940
107058,2,0,159942
107059,1,0,159943
107060,2,0,159945
107061,1,0,159946
107062,1,0,159947
107063,2,0,159949
107064,1,0,159950
107065,1,0,159951
107066,4,0,159955
107067,2,0,159957
107068,1,0,159958
107069,1,0,159959
107070,1,0,159960
107071,1,0,159961
107072,1,0,159962
107073,1,0,159963
107074,1,0,159964
107075,1,0,159965
107076,1,0,159966
107077,1,0,159967
107078,1,0,159968
107079,3,0,159971
107080,1,0,159972
107081,1,0,159973
107082,1,0,159974
107083,1,0,159975
107084,1,0,159976
107085,1,0,159977
107086,1,0,159978
107087,1,0,159979
107088,1,0,159980
107089,1,0,159981
107090,2,0,159983
107091,1,0,159984
107092,1,0,159985
107093,1,0,159986
107094,2,0,159988
107095,1,0,159989
107096,1,0,159990
107097,1,0,159991
107098,4,0,159995
107099,1,0,159996
107100,1,0,159997
107101,2,0,159999
107102,1,0,160000
107103,1,0,160001
107104,2,0,160003
107105,1,0,160004
107106,3,0,160007
107107,1,0,160008
107108,1,0,160009
107109,1,0,160010
107110,1,0,160011
107111,2,0,160013
107112,1,0,160014
107113,3,0,160017
107114,1,0,160018
107115,1,0,160019
107116,1,0,160020
107117,1,0,160021
107118,1,0,160022
107119,1,0,160023
107120,2,0,160025
107121,3,0,160028
107122,1,0,160029
107123,4,0,160033
107124,3,0,160036
107125,2,0,160038
107126,2,0,160040
107127,1,0,160041
107128,3,0,160044
107129,3,0,160047
107130,1,0,160048
107131,2,0,160050
107132,2,0,160052
107133,1,0,160053
107134,1,0,160054
107135,3,0,160057
107136,2,0,160059
107137,3,0,160062
107138,1,0,160063
107139,2,0,160065
107140,1,0,160066
107141,5,0,160071
107142,1,0,160072
107143,2,0,160074
107144,1,0,160075
107145,1,0,160076
107146,2,0,160078
107147,2,0,160080
107148,1,0,160081
107149,1,0,160082
107150,2,0,160084
107151,1,0,160085
107152,1,0,160086
107153,1,0,160087
107154,1,0,160088
107155,3,0,160091
107156,2,0,160093
107157,1,0,160094
107158,2,0,160096
107159,4,0,160100
107160,2,0,160102
107161,1,0,160103
107162,1,0,160104
107163,2,0,160106
107164,1,0,160107
107165,1,0,160108
107166,1,0,160109
107167,1,0,160110
107168,2,0,160112
107169,1,0,160113
107170,3,0,160116
107171,1,0,160117
107172,1,0,160118
107173,1,0,160119
107174,2,0,160121
107175,2,0,160123
107176,3,0,160126
107177,2,0,160128
107178,1,0,160129
107179,1,0,160130
107180,4,0,160134
107181,1,0,160135
107182,5,0,160140
107183,2,0,160142
107184,2,0,160144
107185,3,0,160147
107186,2,0,160149
107187,1,0,160150
107188,1,0,160151
107189,1,0,160152
107190,1,0,160153
107191,1,0,160154
107192,1,0,160155
107193,1,0,160156
107194,1,0,160157
107195,1,0,160158
107196,1,0,160159
107197,1,0,160160
107198,1,0,160161
107199,1,0,160162
107200,1,0,160163
107201,1,0,160164
107202,1,0,160165
107203,3,0,160168
107204,1,0,160169
107205,1,0,160170
107206,1,0,160171
107207,1,0,160172
107208,1,0,160173
107209,1,0,160174
107210,1,0,160175
107211,2,0,160177
107212,1,0,160178
107213,1,0,160179
107214,2,0,160181
107215,1,0,160182
107216,1,0,160183
107217,1,0,160184
107218,2,0,160186
107219,1,0,160187
107220,2,0,160189
107221,3,0,160192
107222,1,0,160193
107223,1,0,160194
107224,1,0,160195
107225,2,0,160197
107226,1,0,160198
107227,1,0,160199
107228,1,0,160200
107229,1,0,160201
107230,1,0,160202
107231,1,0,160203
107232,1,0,160204
107233,1,0,160205
107234,2,0,160207
107235,1,0,160208
107236,1,0,160209
107237,1,0,160210
107238,1,0,160211
107239,2,0,160213
107240,2,0,160215
107241,1,0,160216
107242,1,0,160217
107243,1,0,160218
107244,1,0,160219
107245,1,0,160220
107246,1,0,160221
107247,1,0,160222
107248,1,0,160223
107249,1,0,160224
107250,1,0,160225
107251,1,0,160226
107252,3,0,160229
107253,2,0,160231
107254,1,0,160232
107255,1,0,160233
107256,1,0,160234
107257,2,0,160236
107258,1,0,160237
107259,1,0,160238
107260,1,0,160239
107261,1,0,160240
107262,2,0,160242
107263,1,0,160243
107264,2,0,160245
107265,1,0,160246
107266,1,0,160247
107267,1,0,160248
107268,1,0,160249
107269,1,0,160250
107270,1,0,160251
107271,1,0,160252
107272,2,0,160254
107273,1,0,160255
107274,1,0,160256
107275,2,0,160258
107276,1,0,160259
107277,5,0,160264
107278,2,0,160266
107279,1,0,160267
107280,1,0,160268
107281,1,0,160269
107282,1,0,160270
107283,1,0,160271
107284,1,0,160272
107285,1,0,160273
107286,1,0,160274
107287,1,0,160275
107288,6,0,160281
107289,1,0,160282
107290,1,0,160283
107291,1,0,160284
107292,1,0,160285
107293,1,0,160286
107294,1,0,160287
107295,2,0,160289
107296,1,0,160290
107297,1,0,160291
107298,4,0,160295
107299,1,0,160296
107300,2,0,160298
107301,1,0,160299
107302,2,0,160301
107303,1,0,160302
107304,3,0,160305
107305,1,0,160306
107306,2,0,160308
107307,1,0,160309
107308,1,0,160310
107309,2,0,160312
107310,1,0,160313
107311,1,0,160314
107312,1,0,160315
107313,1,0,160316
107314,1,0,160317
107315,2,0,160319
107316,3,0,160322
107317,1,0,160323
107318,2,0,160325
107319,2,0,160327
107320,1,0,160328
107321,1,0,160329
107322,1,0,160330
107323,1,0,160331
107324,2,0,160333
107325,1,0,160334
107326,1,0,160335
107327,1,0,160336
107328,1,0,160337
107329,1,0,160338
107330,2,0,160340
107331,1,0,160341
107332,1,0,160342
107333,1,0,160343
107334,2,0,160345
107335,3,0,160348
107336,3,0,160351
107337,1,0,160352
107338,1,0,160353
107339,2,0,160355
107340,1,0,160356
107341,1,0,160357
107342,2,0,160359
107343,1,0,160360
107344,1,0,160361
107345,1,0,160362
107346,1,0,160363
107347,1,0,160364
107348,1,0,160365
107349,1,0,160366
107350,2,0,160368
107351,1,0,160369
107352,1,0,160370
107353,1,0,160371
107354,2,0,160373
107355,1,0,160374
107356,1,0,160375
107357,1,0,160376
107358,1,0,160377
107359,2,0,160379
107360,2,0,160381
107361,1,0,160382
107362,1,0,160383
107363,1,0,160384
107364,2,0,160386
107365,1,0,160387
107366,3,0,160390
107367,1,0,160391
107368,1,0,160392
107369,2,0,160394
107370,2,0,160396
107371,1,0,160397
107372,1,0,160398
107373,1,0,160399
107374,1,0,160400
107375,2,0,160402
107376,2,0,160404
107377,1,0,160405
107378,1,0,160406
107379,1,0,160407
107380,2,0,160409
107381,1,0,160410
107382,1,0,160411
107383,1,0,160412
107384,1,0,160413
107385,2,0,160415
107386,2,0,160417
107387,2,0,160419
107388,1,0,160420
107389,3,0,160423
107390,1,0,160424
107391,1,0,160425
107392,1,0,160426
107393,2,0,160428
107394,1,0,160429
107395,1,0,160430
107396,3,0,160433
107397,1,0,160434
107398,2,0,160436
107399,1,0,160437
107400,2,0,160439
107401,2,0,160441
107402,3,0,160444
107403,1,0,160445
107404,1,0,160446
107405,2,0,160448
107406,4,0,160452
107407,1,0,160453
107408,1,0,160454
107409,1,0,160455
107410,1,0,160456
107411,1,0,160457
107412,1,0,160458
107413,1,0,160459
107414,1,0,160460
107415,2,0,160462
107416,1,0,160463
107417,3,0,160466
107418,1,0,160467
107419,1,0,160468
107420,1,0,160469
107421,1,0,160470
107422,4,0,160474
107423,3,0,160477
107424,1,0,160478
107425,2,0,160480
107426,1,0,160481
107427,1,0,160482
107428,2,0,160484
107429,2,0,160486
107430,1,0,160487
107431,1,0,160488
107432,1,0,160489
107433,3,0,160492
107434,1,0,160493
107435,2,0,160495
107436,1,0,160496
107437,1,0,160497
107438,2,0,160499
107439,2,0,160501
107440,1,0,160502
107441,1,0,160503
107442,1,0,160504
107443,2,0,160506
107444,1,0,160507
107445,1,0,160508
107446,1,0,160509
107447,1,0,160510
107448,5,0,160515
107449,1,0,160516
107450,1,0,160517
107451,3,0,160520
107452,1,0,160521
107453,1,0,160522
107454,1,0,160523
107455,3,0,160526
107456,2,0,160528
107457,1,0,160529
107458,1,0,160530
107459,1,0,160531
107460,7,0,160538
107461,3,0,160541
107462,1,0,160542
107463,2,0,160544
107464,1,0,160545
107465,1,0,160546
107466,3,0,160549
107467,1,0,160550
107468,3,0,160553
107469,1,0,160554
107470,1,0,160555
107471,1,0,160556
107472,4,0,160560
107473,1,0,160561
107474,1,0,160562
107475,1,0,160563
107476,1,0,160564
107477,1,0,160565
107478,3,0,160568
107479,2,0,160570
107480,2,0,160572
107481,1,0,160573
107482,1,0,160574
107483,2,0,160576
107484,3,0,160579
107485,1,0,160580
107486,1,0,160581
107487,1,0,160582
107488,3,0,160585
107489,1,0,160586
107490,3,0,160589
107491,1,0,160590
107492,2,0,160592
107493,1,0,160593
107494,2,0,160595
107495,2,0,160597
107496,1,0,160598
107497,1,0,160599
107498,1,0,160600
107499,1,0,160601
107500,1,0,160602
107501,1,0,160603
107502,1,0,160604
107503,1,0,160605
107504,2,0,160607
107505,1,0,160608
107506,1,0,160609
107507,1,0,160610
107508,4,0,160614
107509,1,0,160615
107510,3,0,160618
107511,2,0,160620
107512,1,0,160621
107513,1,0,160622
107514,2,0,160624
107515,1,0,160625
107516,1,0,160626
107517,1,0,160627
107518,1,0,160628
107519,2,0,160630
107520,2,0,160632
107521,1,0,160633
107522,1,0,160634
107523,2,0,160636
107524,1,0,160637
107525,1,0,160638
107526,2,0,160640
107527,3,0,160643
107528,1,0,160644
107529,1,0,160645
107530,2,0,160647
107531,2,0,160649
107532,1,0,160650
107533,2,0,160652
107534,1,0,160653
107535,1,0,160654
107536,1,0,160655
107537,1,0,160656
107538,1,0,160657
107539,1,0,160658
107540,1,0,160659
107541,5,0,160664
107542,3,0,160667
107543,1,0,160668
107544,1,0,160669
107545,2,0,160671
107546,1,0,160672
107547,1,0,160673
107548,1,0,160674
107549,2,0,160676
107550,1,0,160677
107551,4,0,160681
107552,2,0,160683
107553,1,0,160684
107554,3,0,160687
107555,1,0,160688
107556,1,0,160689
107557,1,0,160690
107558,1,0,160691
107559,1,0,160692
107560,2,0,160694
107561,1,0,160695
107562,1,0,160696
107563,3,0,160699
107564,1,0,160700
107565,2,0,160702
107566,1,0,160703
107567,3,0,160706
107568,1,0,160707
107569,1,0,160708
107570,5,0,160713
107571,1,0,160714
107572,1,0,160715
107573,1,0,160716
107574,1,0,160717
107575,2,0,160719
107576,1,0,160720
107577,1,0,160721
107578,1,0,160722
107579,1,0,160723
107580,1,0,160724
107581,1,0,160725
107582,1,0,160726
107583,1,0,160727
107584,1,0,160728
107585,1,0,160729
107586,1,0,160730
107587,2,0,160732
107588,2,0,160734
107589,7,0,160741
107590,2,0,160743
107591,2,0,160745
107592,3,0,160748
107593,1,0,160749
107594,2,0,160751
107595,1,0,160752
107596,1,0,160753
107597,1,0,160754
107598,1,0,160755
107599,1,0,160756
107600,1,0,160757
107601,1,0,160758
107602,1,0,160759
107603,1,0,160760
107604,1,0,160761
107605,2,0,160763
107606,1,0,160764
107607,1,0,160765
107608,1,0,160766
107609,1,0,160767
107610,3,0,160770
107611,2,0,160772
107612,1,0,160773
107613,2,0,160775
107614,3,0,160778
107615,1,0,160779
107616,1,0,160780
107617,2,0,160782
107618,1,0,160783
107619,1,0,160784
107620,1,0,160785
107621,2,0,160787
107622,2,0,160789
107623,1,0,160790
107624,1,0,160791
107625,4,0,160795
107626,2,0,160797
107627,2,0,160799
107628,1,0,160800
107629,1,0,160801
107630,1,0,160802
107631,1,0,160803
107632,1,0,160804
107633,2,0,160806
107634,2,0,160808
107635,1,0,160809
107636,1,0,160810
107637,1,0,160811
107638,2,0,160813
107639,1,0,160814
107640,3,0,160817
107641,1,0,160818
107642,2,0,160820
107643,1,0,160821
107644,2,0,160823
107645,3,0,160826
107646,2,0,160828
107647,1,0,160829
107648,1,0,160830
107649,1,0,160831
107650,1,0,160832
107651,2,0,160834
107652,1,0,160835
107653,1,0,160836
107654,1,0,160837
107655,3,0,160840
107656,3,0,160843
107657,2,0,160845
107658,1,0,160846
107659,1,0,160847
107660,1,0,160848
107661,1,0,160849
107662,1,0,160850
107663,1,0,160851
107664,3,0,160854
107665,2,0,160856
107666,3,0,160859
107667,1,0,160860
107668,1,0,160861
107669,2,0,160863
107670,1,0,160864
107671,3,0,160867
107672,1,0,160868
107673,1,0,160869
107674,4,0,160873
107675,2,0,160875
107676,1,0,160876
107677,1,0,160877
107678,1,0,160878
107679,1,0,160879
107680,2,0,160881
107681,2,0,160883
107682,1,0,160884
107683,1,0,160885
107684,2,0,160887
107685,2,0,160889
107686,1,0,160890
107687,1,0,160891
107688,1,0,160892
107689,1,0,160893
107690,1,0,160894
107691,2,0,160896
107692,5,0,160901
107693,1,0,160902
107694,1,0,160903
107695,1,0,160904
107696,1,0,160905
107697,1,0,160906
107698,4,0,160910
107699,4,0,160914
107700,2,0,160916
107701,2,0,160918
107702,1,0,160919
107703,1,0,160920
107704,1,0,160921
107705,1,0,160922
107706,1,0,160923
107707,2,0,160925
107708,1,0,160926
107709,1,0,160927
107710,1,0,160928
107711,2,0,160930
107712,1,0,160931
107713,1,0,160932
107714,1,0,160933
107715,2,0,160935
107716,1,0,160936
107717,1,0,160937
107718,1,0,160938
107719,1,0,160939
107720,1,0,160940
107721,1,0,160941
107722,1,0,160942
107723,1,0,160943
107724,1,0,160944
107725,1,0,160945
107726,1,0,160946
107727,2,0,160948
107728,1,0,160949
107729,2,0,160951
107730,1,0,160952
107731,1,0,160953
107732,1,0,160954
107733,1,0,160955
107734,1,0,160956
107735,3,0,160959
107736,1,0,160960
107737,1,0,160961
107738,1,0,160962
107739,2,0,160964
107740,1,0,160965
107741,1,0,160966
107742,1,0,160967
107743,3,0,160970
107744,1,0,160971
107745,2,0,160973
107746,1,0,160974
107747,1,0,160975
107748,2,0,160977
107749,2,0,160979
107750,1,0,160980
107751,4,0,160984
107752,1,0,160985
107753,1,0,160986
107754,1,0,160987
107755,1,0,160988
107756,1,0,160989
107757,1,0,160990
107758,1,0,160991
107759,1,0,160992
107760,1,0,160993
107761,2,0,160995
107762,2,0,160997
107763,4,0,161001
107764,2,0,161003
107765,1,0,161004
107766,2,0,161006
107767,1,0,161007
107768,1,0,161008
107769,1,0,161009
107770,1,0,161010
107771,2,0,161012
107772,1,0,161013
107773,2,0,161015
107774,2,0,161017
107775,1,0,161018
107776,1,0,161019
107777,3,0,161022
107778,2,0,161024
107779,1,0,161025
107780,3,0,161028
107781,1,0,161029
107782,1,0,161030
107783,1,0,161031
107784,1,0,161032
107785,1,0,161033
107786,3,0,161036
107787,2,0,161038
107788,1,0,161039
107789,2,0,161041
107790,1,0,161042
107791,1,0,161043
107792,1,0,161044
107793,1,0,161045
107794,1,0,161046
107795,1,0,161047
107796,3,0,161050
107797,1,0,161051
107798,3,0,161054
107799,2,0,161056
107800,2,0,161058
107801,1,0,161059
107802,1,0,161060
107803,1,0,161061
107804,2,0,161063
107805,2,0,161065
107806,1,0,161066
107807,1,0,161067
107808,1,0,161068
107809,2,0,161070
107810,3,0,161073
107811,1,0,161074
107812,1,0,161075
107813,1,0,161076
107814,2,0,161078
107815,1,0,161079
107816,1,0,161080
107817,1,0,161081
107818,3,0,161084
107819,1,0,161085
107820,3,0,161088
107821,1,0,161089
107822,1,0,161090
107823,1,0,161091
107824,3,0,161094
107825,3,0,161097
107826,1,0,161098
107827,1,0,161099
107828,2,0,161101
107829,2,0,161103
107830,3,0,161106
107831,2,0,161108
107832,1,0,161109
107833,2,0,161111
107834,1,0,161112
107835,2,0,161114
107836,1,0,161115
107837,3,0,161118
107838,1,0,161119
107839,1,0,161120
107840,1,0,161121
107841,1,0,161122
107842,1,0,161123
107843,2,0,161125
107844,1,0,161126
107845,2,0,161128
107846,1,0,161129
107847,1,0,161130
107848,1,0,161131
107849,1,0,161132
107850,1,0,161133
107851,2,0,161135
107852,2,0,161137
107853,1,0,161138
107854,4,0,161142
107855,3,0,161145
107856,2,0,161147
107857,2,0,161149
107858,5,0,161154
107859,3,0,161157
107860,2,0,161159
107861,1,0,161160
107862,2,0,161162
107863,2,0,161164
107864,6,0,161170
107865,3,0,161173
107866,3,0,161176
107867,2,0,161178
107868,1,0,161179
107869,2,0,161181
107870,2,0,161183
107871,1,0,161184
107872,1,0,161185
107873,1,0,161186
107874,2,0,161188
107875,2,0,161190
107876,1,0,161191
107877,1,0,161192
107878,1,0,161193
107879,1,0,161194
107880,2,0,161196
107881,1,0,161197
107882,1,0,161198
107883,1,0,161199
107884,2,0,161201
107885,1,0,161202
107886,2,0,161204
107887,1,0,161205
107888,1,0,161206
107889,1,0,161207
107890,1,0,161208
107891,3,0,161211
107892,1,0,161212
107893,3,0,161215
107894,1,0,161216
107895,1,0,161217
107896,2,0,161219
107897,1,0,161220
107898,2,0,161222
107899,1,0,161223
107900,1,0,161224
107901,1,0,161225
107902,1,0,161226
107903,1,0,161227
107904,2,0,161229
107905,1,0,161230
107906,1,0,161231
107907,1,0,161232
107908,2,0,161234
107909,1,0,161235
107910,1,0,161236
107911,1,0,161237
107912,1,0,161238
107913,1,0,161239
107914,2,0,161241
107915,1,0,161242
107916,3,0,161245
107917,1,0,161246
107918,1,0,161247
107919,1,0,161248
107920,1,0,161249
107921,1,0,161250
107922,1,0,161251
107923,1,0,161252
107924,1,0,161253
107925,1,0,161254
107926,1,0,161255
107927,1,0,161256
107928,1,0,161257
107929,1,0,161258
107930,1,0,161259
107931,1,0,161260
107932,1,0,161261
107933,1,0,161262
107934,1,0,161263
107935,4,0,161267
107936,3,0,161270
107937,1,0,161271
107938,1,0,161272
107939,1,0,161273
107940,5,0,161278
107941,1,0,161279
107942,1,0,161280
107943,1,0,161281
107944,1,0,161282
107945,1,0,161283
107946,1,0,161284
107947,2,0,161286
107948,1,0,161287
107949,1,0,161288
107950,1,0,161289
107951,1,0,161290
107952,4,0,161294
107953,1,0,161295
107954,1,0,161296
107955,3,0,161299
107956,1,0,161300
107957,1,0,161301
107958,1,0,161302
107959,1,0,161303
107960,1,0,161304
107961,1,0,161305
107962,1,0,161306
107963,1,0,161307
107964,3,0,161310
107965,3,0,161313
107966,1,0,161314
107967,1,0,161315
107968,1,0,161316
107969,1,0,161317
107970,2,0,161319
107971,1,0,161320
107972,1,0,161321
107973,1,0,161322
107974,1,0,161323
107975,1,0,161324
107976,1,0,161325
107977,1,0,161326
107978,3,0,161329
107979,1,0,161330
107980,1,0,161331
107981,1,0,161332
107982,1,0,161333
107983,1,0,161334
107984,1,0,161335
107985,1,0,161336
107986,2,0,161338
107987,2,0,161340
107988,1,0,161341
107989,2,0,161343
107990,2,0,161345
107991,3,0,161348
107992,1,0,161349
107993,2,0,161351
107994,1,0,161352
107995,2,0,161354
107996,1,0,161355
107997,2,0,161357
107998,1,0,161358
107999,1,0,161359
108000,1,0,161360
108001,3,0,161363
108002,2,0,161365
108003,1,0,161366
108004,1,0,161367
108005,1,0,161368
108006,1,0,161369
108007,2,0,161371
108008,1,0,161372
108009,1,0,161373
108010,1,0,161374
108011,1,0,161375
108012,1,0,161376
108013,2,0,161378
108014,1,0,161379
108015,1,0,161380
108016,1,0,161381
108017,1,0,161382
108018,2,0,161384
108019,1,0,161385
108020,3,0,161388
108021,2,0,161390
108022,1,0,161391
108023,2,0,161393
108024,2,0,161395
108025,1,0,161396
108026,1,0,161397
108027,2,0,161399
108028,2,0,161401
108029,1,0,161402
108030,4,0,161406
108031,4,0,161410
108032,1,0,161411
108033,1,0,161412
108034,1,0,161413
108035,1,0,161414
108036,2,0,161416
108037,1,0,161417
108038,1,0,161418
108039,1,0,161419
108040,1,0,161420
108041,3,0,161423
108042,3,0,161426
108043,2,0,161428
108044,1,0,161429
108045,1,0,161430
108046,2,0,161432
108047,1,0,161433
108048,1,0,161434
108049,1,0,161435
108050,1,0,161436
108051,1,0,161437
108052,1,0,161438
108053,1,0,161439
108054,2,0,161441
108055,1,0,161442
108056,1,0,161443
108057,2,0,161445
108058,2,0,161447
108059,2,0,161449
108060,1,0,161450
108061,1,0,161451
108062,1,0,161452
108063,1,0,161453
108064,1,0,161454
108065,1,0,161455
108066,1,0,161456
108067,1,0,161457
108068,3,0,161460
108069,1,0,161461
108070,1,0,161462
108071,1,0,161463
108072,1,0,161464
108073,1,0,161465
108074,2,0,161467
108075,1,0,161468
108076,1,0,161469
108077,2,0,161471
108078,1,0,161472
108079,2,0,161474
108080,3,0,161477
108081,2,0,161479
108082,2,0,161481
108083,4,0,161485
108084,1,0,161486
108085,1,0,161487
108086,1,0,161488
108087,2,0,161490
108088,1,0,161491
108089,1,0,161492
108090,1,0,161493
108091,3,0,161496
108092,3,0,161499
108093,1,0,161500
108094,3,0,161503
108095,2,0,161505
108096,1,0,161506
108097,2,0,161508
108098,1,0,161509
108099,2,0,161511
108100,3,0,161514
108101,1,0,161515
108102,1,0,161516
108103,1,0,161517
108104,2,0,161519
108105,2,0,161521
108106,3,0,161524
108107,1,0,161525
108108,1,0,161526
108109,4,0,161530
108110,1,0,161531
108111,1,0,161532
108112,2,0,161534
108113,1,0,161535
108114,1,0,161536
108115,3,0,161539
108116,5,0,161544
108117,1,0,161545
108118,1,0,161546
108119,1,0,161547
108120,3,0,161550
108121,2,0,161552
108122,1,0,161553
108123,2,0,161555
108124,1,0,161556
108125,1,0,161557
108126,1,0,161558
108127,3,0,161561
108128,2,0,161563
108129,1,0,161564
108130,2,0,161566
108131,2,0,161568
108132,1,0,161569
108133,1,0,161570
108134,2,0,161572
108135,1,0,161573
108136,1,0,161574
108137,1,0,161575
108138,1,0,161576
108139,1,0,161577
108140,4,0,161581
108141,2,0,161583
108142,1,0,161584
108143,1,0,161585
108144,1,0,161586
108145,2,0,161588
108146,1,0,161589
108147,3,0,161592
108148,1,0,161593
108149,1,0,161594
108150,1,0,161595
108151,1,0,161596
108152,2,0,161598
108153,1,0,161599
108154,1,0,161600
108155,2,0,161602
108156,1,0,161603
108157,1,0,161604
108158,1,0,161605
108159,1,0,161606
108160,3,0,161609
108161,1,0,161610
108162,1,0,161611
108163,2,0,161613
108164,1,0,161614
108165,2,0,161616
108166,1,0,161617
108167,1,0,161618
108168,1,0,161619
108169,1,0,161620
108170,1,0,161621
108171,2,0,161623
108172,1,0,161624
108173,1,0,161625
108174,1,0,161626
108175,1,0,161627
108176,3,0,161630
108177,1,0,161631
108178,1,0,161632
108179,1,0,161633
108180,2,0,161635
108181,1,0,161636
108182,1,0,161637
108183,2,0,161639
108184,2,0,161641
108185,1,0,161642
108186,1,0,161643
108187,1,0,161644
108188,1,0,161645
108189,2,0,161647
108190,1,0,161648
108191,1,0,161649
108192,4,0,161653
108193,4,0,161657
108194,1,0,161658
108195,1,0,161659
108196,1,0,161660
108197,1,0,161661
108198,2,0,161663
108199,5,0,161668
108200,3,0,161671
108201,1,0,161672
108202,1,0,161673
108203,1,0,161674
108204,1,0,161675
108205,1,0,161676
108206,1,0,161677
108207,1,0,161678
108208,1,0,161679
108209,1,0,161680
108210,1,0,161681
108211,1,0,161682
108212,1,0,161683
108213,1,0,161684
108214,1,0,161685
108215,2,0,161687
108216,2,0,161689
108217,1,0,161690
108218,2,0,161692
108219,2,0,161694
108220,1,0,161695
108221,2,0,161697
108222,3,0,161700
108223,1,0,161701
108224,1,0,161702
108225,1,0,161703
108226,2,0,161705
108227,1,0,161706
108228,1,0,161707
108229,1,0,161708
108230,1,0,161709
108231,1,0,161710
108232,4,0,161714
108233,1,0,161715
108234,1,0,161716
108235,1,0,161717
108236,2,0,161719
108237,1,0,161720
108238,1,0,161721
108239,1,0,161722
108240,1,0,161723
108241,1,0,161724
108242,1,0,161725
108243,1,0,161726
108244,1,0,161727
108245,2,0,161729
108246,2,0,161731
108247,1,0,161732
108248,1,0,161733
108249,1,0,161734
108250,1,0,161735
108251,1,0,161736
108252,1,0,161737
108253,2,0,161739
108254,1,0,161740
108255,1,0,161741
108256,1,0,161742
108257,2,0,161744
108258,3,0,161747
108259,2,0,161749
108260,2,0,161751
108261,1,0,161752
108262,1,0,161753
108263,3,0,161756
108264,1,0,161757
108265,2,0,161759
108266,2,0,161761
108267,2,0,161763
108268,1,0,161764
108269,1,0,161765
108270,1,0,161766
108271,1,0,161767
108272,1,0,161768
108273,1,0,161769
108274,1,0,161770
108275,1,0,161771
108276,1,0,161772
108277,1,0,161773
108278,1,0,161774
108279,1,0,161775
108280,1,0,161776
108281,1,0,161777
108282,1,0,161778
108283,2,0,161780
108284,1,0,161781
108285,1,0,161782
108286,1,0,161783
108287,1,0,161784
108288,1,0,161785
108289,2,0,161787
108290,1,0,161788
108291,1,0,161789
108292,1,0,161790
108293,1,0,161791
108294,1,0,161792
108295,2,0,161794
108296,2,0,161796
108297,2,0,161798
108298,4,0,161802
108299,1,0,161803
108300,1,0,161804
108301,1,0,161805
108302,1,0,161806
108303,2,0,161808
108304,1,0,161809
108305,1,0,161810
108306,2,0,161812
108307,1,0,161813
108308,2,0,161815
108309,2,0,161817
108310,2,0,161819
108311,2,0,161821
108312,1,0,161822
108313,1,0,161823
108314,1,0,161824
108315,1,0,161825
108316,1,0,161826
108317,1,0,161827
108318,2,0,161829
108319,1,0,161830
108320,1,0,161831
108321,1,0,161832
108322,2,0,161834
108323,1,0,161835
108324,2,0,161837
108325,2,0,161839
108326,1,0,161840
108327,2,0,161842
108328,1,0,161843
108329,1,0,161844
108330,1,0,161845
108331,1,0,161846
108332,1,0,161847
108333,1,0,161848
108334,1,0,161849
108335,1,0,161850
108336,1,0,161851
108337,1,0,161852
108338,2,0,161854
108339,2,0,161856
108340,1,0,161857
108341,2,0,161859
108342,2,0,161861
108343,2,0,161863
108344,1,0,161864
108345,1,0,161865
108346,1,0,161866
108347,3,0,161869
108348,1,0,161870
108349,1,0,161871
108350,2,0,161873
108351,1,0,161874
108352,1,0,161875
108353,3,0,161878
108354,1,0,161879
108355,2,0,161881
108356,2,0,161883
108357,1,0,161884
108358,1,0,161885
108359,1,0,161886
108360,1,0,161887
108361,1,0,161888
108362,4,0,161892
108363,1,0,161893
108364,3,0,161896
108365,2,0,161898
108366,1,0,161899
108367,1,0,161900
108368,2,0,161902
108369,1,0,161903
108370,1,0,161904
108371,1,0,161905
108372,1,0,161906
108373,2,0,161908
108374,1,0,161909
108375,1,0,161910
108376,2,0,161912
108377,2,0,161914
108378,1,0,161915
108379,4,0,161919
108380,1,0,161920
108381,1,0,161921
108382,2,0,161923
108383,1,0,161924
108384,1,0,161925
108385,1,0,161926
108386,1,0,161927
108387,2,0,161929
108388,1,0,161930
108389,1,0,161931
108390,1,0,161932
108391,1,0,161933
108392,1,0,161934
108393,1,0,161935
108394,1,0,161936
108395,1,0,161937
108396,2,0,161939
108397,1,0,161940
108398,2,0,161942
108399,2,0,161944
108400,1,0,161945
108401,1,0,161946
108402,2,0,161948
108403,1,0,161949
108404,1,0,161950
108405,1,0,161951
108406,1,0,161952
108407,1,0,161953
108408,3,0,161956
108409,1,0,161957
108410,3,0,161960
108411,1,0,161961
108412,1,0,161962
108413,3,0,161965
108414,2,0,161967
108415,1,0,161968
108416,3,0,161971
108417,1,0,161972
108418,1,0,161973
108419,1,0,161974
108420,1,0,161975
108421,1,0,161976
108422,1,0,161977
108423,2,0,161979
108424,3,0,161982
108425,2,0,161984
108426,1,0,161985
108427,4,0,161989
108428,1,0,161990
108429,2,0,161992
108430,2,0,161994
108431,2,0,161996
108432,1,0,161997
108433,1,0,161998
108434,1,0,161999
108435,4,0,162003
108436,1,0,162004
108437,3,0,162007
108438,1,0,162008
108439,1,0,162009
108440,1,0,162010
108441,1,0,162011
108442,1,0,162012
108443,2,0,162014
108444,1,0,162015
108445,1,0,162016
108446,1,0,162017
108447,2,0,162019
108448,1,0,162020
108449,2,0,162022
108450,1,0,162023
108451,2,0,162025
108452,1,0,162026
108453,5,0,162031
108454,1,0,162032
108455,1,0,162033
108456,3,0,162036
108457,1,0,162037
108458,3,0,162040
108459,1,0,162041
108460,1,0,162042
108461,1,0,162043
108462,1,0,162044
108463,1,0,162045
108464,4,0,162049
108465,2,0,162051
108466,2,0,162053
108467,1,0,162054
108468,1,0,162055
108469,1,0,162056
108470,1,0,162057
108471,1,0,162058
108472,1,0,162059
108473,1,0,162060
108474,3,0,162063
108475,2,0,162065
108476,1,0,162066
108477,1,0,162067
108478,1,0,162068
108479,2,0,162070
108480,1,0,162071
108481,2,0,162073
108482,1,0,162074
108483,1,0,162075
108484,2,0,162077
108485,3,0,162080
108486,1,0,162081
108487,2,0,162083
108488,1,0,162084
108489,2,0,162086
108490,1,0,162087
108491,2,0,162089
108492,3,0,162092
108493,3,0,162095
108494,1,0,162096
108495,1,0,162097
108496,1,0,162098
108497,1,0,162099
108498,2,0,162101
108499,1,0,162102
108500,1,0,162103
108501,1,0,162104
108502,1,0,162105
108503,2,0,162107
108504,2,0,162109
108505,2,0,162111
108506,1,0,162112
108507,1,0,162113
108508,1,0,162114
108509,1,0,162115
108510,1,0,162116
108511,2,0,162118
108512,1,0,162119
108513,2,0,162121
108514,2,0,162123
108515,1,0,162124
108516,1,0,162125
108517,3,0,162128
108518,1,0,162129
108519,1,0,162130
108520,1,0,162131
108521,1,0,162132
108522,2,0,162134
108523,1,0,162135
108524,3,0,162138
108525,1,0,162139
108526,1,0,162140
108527,2,0,162142
108528,1,0,162143
108529,2,0,162145
108530,1,0,162146
108531,6,0,162152
108532,1,0,162153
108533,1,0,162154
108534,1,0,162155
108535,2,0,162157
108536,1,0,162158
108537,1,0,162159
108538,1,0,162160
108539,1,0,162161
108540,1,0,162162
108541,1,0,162163
108542,1,0,162164
108543,1,0,162165
108544,1,0,162166
108545,1,0,162167
108546,1,0,162168
108547,1,0,162169
108548,1,0,162170
108549,1,0,162171
108550,1,0,162172
108551,1,0,162173
108552,3,0,162176
108553,1,0,162177
108554,1,0,162178
108555,1,0,162179
108556,2,0,162181
108557,3,0,162184
108558,1,0,162185
108559,1,0,162186
108560,1,0,162187
108561,2,0,162189
108562,1,0,162190
108563,1,0,162191
108564,2,0,162193
108565,2,0,162195
108566,2,0,162197
108567,2,0,162199
108568,1,0,162200
108569,2,0,162202
108570,1,0,162203
108571,4,0,162207
108572,1,0,162208
108573,2,0,162210
108574,2,0,162212
108575,2,0,162214
108576,2,0,162216
108577,1,0,162217
108578,5,0,162222
108579,3,0,162225
108580,1,0,162226
108581,1,0,162227
108582,1,0,162228
108583,1,0,162229
108584,1,0,162230
108585,2,0,162232
108586,2,0,162234
108587,1,0,162235
108588,1,0,162236
108589,1,0,162237
108590,1,0,162238
108591,1,0,162239
108592,2,0,162241
108593,2,0,162243
108594,1,0,162244
108595,1,0,162245
108596,1,0,162246
108597,2,0,162248
108598,3,0,162251
108599,2,0,162253
108600,1,0,162254
108601,1,0,162255
108602,1,0,162256
108603,1,0,162257
108604,1,0,162258
108605,1,0,162259
108606,1,0,162260
108607,4,0,162264
108608,2,0,162266
108609,1,0,162267
108610,1,0,162268
108611,1,0,162269
108612,1,0,162270
108613,1,0,162271
108614,1,0,162272
108615,3,0,162275
108616,1,0,162276
108617,3,0,162279
108618,1,0,162280
108619,1,0,162281
108620,1,0,162282
108621,3,0,162285
108622,1,0,162286
108623,1,0,162287
108624,1,0,162288
108625,1,0,162289
108626,1,0,162290
108627,2,0,162292
108628,3,0,162295
108629,1,0,162296
108630,2,0,162298
108631,2,0,162300
108632,1,0,162301
108633,1,0,162302
108634,1,0,162303
108635,1,0,162304
108636,1,0,162305
108637,1,0,162306
108638,2,0,162308
108639,1,0,162309
108640,1,0,162310
108641,1,0,162311
108642,1,0,162312
108643,1,0,162313
108644,3,0,162316
108645,2,0,162318
108646,1,0,162319
108647,1,0,162320
108648,5,0,162325
108649,1,0,162326
108650,1,0,162327
108651,1,0,162328
108652,1,0,162329
108653,1,0,162330
108654,1,0,162331
108655,2,0,162333
108656,3,0,162336
108657,2,0,162338
108658,1,0,162339
108659,1,0,162340
108660,1,0,162341
108661,1,0,162342
108662,1,0,162343
108663,1,0,162344
108664,1,0,162345
108665,1,0,162346
108666,5,0,162351
108667,1,0,162352
108668,2,0,162354
108669,1,0,162355
108670,1,0,162356
108671,1,0,162357
108672,2,0,162359
108673,1,0,162360
108674,2,0,162362
108675,1,0,162363
108676,1,0,162364
108677,1,0,162365
108678,2,0,162367
108679,2,0,162369
108680,1,0,162370
108681,4,0,162374
108682,1,0,162375
108683,1,0,162376
108684,1,0,162377
108685,2,0,162379
108686,1,0,162380
108687,1,0,162381
108688,1,0,162382
108689,3,0,162385
108690,1,0,162386
108691,2,0,162388
108692,4,0,162392
108693,2,0,162394
108694,3,0,162397
108695,1,0,162398
108696,1,0,162399
108697,1,0,162400
108698,1,0,162401
108699,1,0,162402
108700,1,0,162403
108701,1,0,162404
108702,1,0,162405
108703,1,0,162406
108704,1,0,162407
108705,1,0,162408
108706,1,0,162409
108707,2,0,162411
108708,1,0,162412
108709,1,0,162413
108710,3,0,162416
108711,1,0,162417
108712,1,0,162418
108713,1,0,162419
108714,1,0,162420
108715,1,0,162421
108716,2,0,162423
108717,2,0,162425
108718,1,0,162426
108719,1,0,162427
108720,1,0,162428
108721,1,0,162429
108722,1,0,162430
108723,1,0,162431
108724,4,0,162435
108725,1,0,162436
108726,1,0,162437
108727,1,0,162438
108728,3,0,162441
108729,1,0,162442
108730,1,0,162443
108731,1,0,162444
108732,1,0,162445
108733,1,0,162446
108734,1,0,162447
108735,1,0,162448
108736,1,0,162449
108737,1,0,162450
108738,1,0,162451
108739,1,0,162452
108740,1,0,162453
108741,1,0,162454
108742,1,0,162455
108743,1,0,162456
108744,3,0,162459
108745,2,0,162461
108746,1,0,162462
108747,1,0,162463
108748,1,0,162464
108749,1,0,162465
108750,4,0,162469
108751,1,0,162470
108752,1,0,162471
108753,1,0,162472
108754,1,0,162473
108755,4,0,162477
108756,2,0,162479
108757,2,0,162481
108758,2,0,162483
108759,1,0,162484
108760,1,0,162485
108761,1,0,162486
108762,1,0,162487
108763,1,0,162488
108764,1,0,162489
108765,2,0,162491
108766,3,0,162494
108767,2,0,162496
108768,1,0,162497
108769,1,0,162498
108770,1,0,162499
108771,1,0,162500
108772,1,0,162501
108773,1,0,162502
108774,1,0,162503
108775,1,0,162504
108776,1,0,162505
108777,1,0,162506
108778,1,0,162507
108779,1,0,162508
108780,1,0,162509
108781,1,0,162510
108782,1,0,162511
108783,2,0,162513
108784,3,0,162516
108785,1,0,162517
108786,1,0,162518
108787,6,0,162524
108788,1,0,162525
108789,1,0,162526
108790,2,0,162528
108791,1,0,162529
108792,2,0,162531
108793,3,0,162534
108794,4,0,162538
108795,1,0,162539
108796,2,0,162541
108797,1,0,162542
108798,1,0,162543
108799,4,0,162547
108800,1,0,162548
108801,1,0,162549
108802,1,0,162550
108803,1,0,162551
108804,1,0,162552
108805,2,0,162554
108806,1,0,162555
108807,1,0,162556
108808,1,0,162557
108809,2,0,162559
108810,1,0,162560
108811,1,0,162561
108812,1,0,162562
108813,1,0,162563
108814,1,0,162564
108815,1,0,162565
108816,1,0,162566
108817,1,0,162567
108818,1,0,162568
108819,3,0,162571
108820,1,0,162572
108821,1,0,162573
108822,2,0,162575
108823,1,0,162576
108824,2,0,162578
108825,1,0,162579
108826,2,0,162581
108827,2,0,162583
108828,1,0,162584
108829,3,0,162587
108830,1,0,162588
108831,3,0,162591
108832,3,0,162594
108833,1,0,162595
108834,2,0,162597
108835,3,0,162600
108836,1,0,162601
108837,3,0,162604
108838,1,0,162605
108839,1,0,162606
108840,3,0,162609
108841,5,0,162614
108842,4,0,162618
108843,2,0,162620
108844,1,0,162621
108845,2,0,162623
108846,1,0,162624
108847,2,0,162626
108848,1,0,162627
108849,3,0,162630
108850,2,0,162632
108851,1,0,162633
108852,1,0,162634
108853,1,0,162635
108854,2,0,162637
108855,1,0,162638
108856,1,0,162639
108857,2,0,162641
108858,5,0,162646
108859,1,0,162647
108860,1,0,162648
108861,2,0,162650
108862,2,0,162652
108863,1,0,162653
108864,1,0,162654
108865,1,0,162655
108866,1,0,162656
108867,1,0,162657
108868,1,0,162658
108869,3,0,162661
108870,1,0,162662
108871,2,0,162664
108872,2,0,162666
108873,2,0,162668
108874,1,0,162669
108875,1,0,162670
108876,2,0,162672
108877,1,0,162673
108878,2,0,162675
108879,1,0,162676
108880,2,0,162678
108881,6,0,162684
108882,1,0,162685
108883,1,0,162686
108884,1,0,162687
108885,1,0,162688
108886,1,0,162689
108887,1,0,162690
108888,1,0,162691
108889,1,0,162692
108890,1,0,162693
108891,1,0,162694
108892,1,0,162695
108893,1,0,162696
108894,1,0,162697
108895,3,0,162700
108896,1,0,162701
108897,1,0,162702
108898,1,0,162703
108899,1,0,162704
108900,1,0,162705
108901,1,0,162706
108902,1,0,162707
108903,1,0,162708
108904,1,0,162709
108905,1,0,162710
108906,1,0,162711
108907,2,0,162713
108908,2,0,162715
108909,1,0,162716
108910,1,0,162717
108911,3,0,162720
108912,1,0,162721
108913,1,0,162722
108914,1,0,162723
108915,2,0,162725
108916,1,0,162726
108917,1,0,162727
108918,2,0,162729
108919,1,0,162730
108920,1,0,162731
108921,1,0,162732
108922,1,0,162733
108923,4,0,162737
108924,1,0,162738
108925,1,0,162739
108926,1,0,162740
108927,2,0,162742
108928,1,0,162743
108929,1,0,162744
108930,2,0,162746
108931,2,0,162748
108932,1,0,162749
108933,3,0,162752
108934,1,0,162753
108935,1,0,162754
108936,3,0,162757
108937,1,0,162758
108938,2,0,162760
108939,1,0,162761
108940,1,0,162762
108941,1,0,162763
108942,1,0,162764
108943,1,0,162765
108944,1,0,162766
108945,3,0,162769
108946,1,0,162770
108947,1,0,162771
108948,1,0,162772
108949,1,0,162773
108950,1,0,162774
108951,2,0,162776
108952,2,0,162778
108953,1,0,162779
108954,2,0,162781
108955,3,0,162784
108956,1,0,162785
108957,1,0,162786
108958,4,0,162790
108959,1,0,162791
108960,1,0,162792
108961,2,0,162794
108962,1,0,162795
108963,1,0,162796
108964,1,0,162797
108965,1,0,162798
108966,1,0,162799
108967,1,0,162800
108968,1,0,162801
108969,1,0,162802
108970,1,0,162803
108971,1,0,162804
108972,1,0,162805
108973,2,0,162807
108974,1,0,162808
108975,2,0,162810
108976,1,0,162811
108977,1,0,162812
108978,1,0,162813
108979,1,0,162814
108980,1,0,162815
108981,1,0,162816
108982,1,0,162817
108983,1,0,162818
108984,1,0,162819
108985,1,0,162820
108986,1,0,162821
108987,3,0,162824
108988,1,0,162825
108989,1,0,162826
108990,1,0,162827
108991,3,0,162830
108992,2,0,162832
108993,1,0,162833
108994,3,0,162836
108995,1,0,162837
108996,2,0,162839
108997,1,0,162840
108998,1,0,162841
108999,1,0,162842
109000,1,0,162843
109001,1,0,162844
109002,3,0,162847
109003,1,0,162848
109004,2,0,162850
109005,1,0,162851
109006,3,0,162854
109007,1,0,162855
109008,1,0,162856
109009,1,0,162857
109010,1,0,162858
109011,3,0,162861
109012,2,0,162863
109013,1,0,162864
109014,2,0,162866
109015,1,0,162867
109016,1,0,162868
109017,3,0,162871
109018,2,0,162873
109019,1,0,162874
109020,1,0,162875
109021,3,0,162878
109022,2,0,162880
109023,4,0,162884
109024,1,0,162885
109025,1,0,162886
109026,3,0,162889
109027,1,0,162890
109028,1,0,162891
109029,1,0,162892
109030,1,0,162893
109031,1,0,162894
109032,1,0,162895
109033,1,0,162896
109034,2,0,162898
109035,1,0,162899
109036,2,0,162901
109037,2,0,162903
109038,1,0,162904
109039,1,0,162905
109040,1,0,162906
109041,1,0,162907
109042,1,0,162908
109043,1,0,162909
109044,1,0,162910
109045,2,0,162912
109046,1,0,162913
109047,3,0,162916
109048,2,0,162918
109049,1,0,162919
109050,1,0,162920
109051,1,0,162921
109052,1,0,162922
109053,2,0,162924
109054,2,0,162926
109055,1,0,162927
109056,1,0,162928
109057,1,0,162929
109058,2,0,162931
109059,1,0,162932
109060,2,0,162934
109061,2,0,162936
109062,3,0,162939
109063,1,0,162940
109064,1,0,162941
109065,1,0,162942
109066,1,0,162943
109067,1,0,162944
109068,1,0,162945
109069,1,0,162946
109070,1,0,162947
109071,1,0,162948
109072,1,0,162949
109073,6,0,162955
109074,1,0,162956
109075,1,0,162957
109076,3,0,162960
109077,4,0,162964
109078,1,0,162965
109079,1,0,162966
109080,1,0,162967
109081,2,0,162969
109082,2,0,162971
109083,1,0,162972
109084,1,0,162973
109085,1,0,162974
109086,1,0,162975
109087,1,0,162976
109088,2,0,162978
109089,1,0,162979
109090,2,0,162981
109091,3,0,162984
109092,2,0,162986
109093,1,0,162987
109094,2,0,162989
109095,1,0,162990
109096,1,0,162991
109097,3,0,162994
109098,1,0,162995
109099,1,0,162996
109100,1,0,162997
109101,5,0,163002
109102,1,0,163003
109103,1,0,163004
109104,2,0,163006
109105,1,0,163007
109106,1,0,163008
109107,2,0,163010
109108,1,0,163011
109109,2,0,163013
109110,1,0,163014
109111,2,0,163016
109112,1,0,163017
109113,1,0,163018
109114,1,0,163019
109115,2,0,163021
109116,1,0,163022
109117,1,0,163023
109118,2,0,163025
109119,1,0,163026
109120,1,0,163027
109121,1,0,163028
109122,1,0,163029
109123,1,0,163030
109124,4,0,163034
109125,1,0,163035
109126,1,0,163036
109127,1,0,163037
109128,1,0,163038
109129,1,0,163039
109130,2,0,163041
109131,3,0,163044
109132,1,0,163045
109133,1,0,163046
109134,1,0,163047
109135,1,0,163048
109136,1,0,163049
109137,3,0,163052
109138,1,0,163053
109139,1,0,163054
109140,1,0,163055
109141,1,0,163056
109142,1,0,163057
109143,2,0,163059
109144,1,0,163060
109145,1,0,163061
109146,2,0,163063
109147,1,0,163064
109148,1,0,163065
109149,1,0,163066
109150,3,0,163069
109151,1,0,163070
109152,1,0,163071
109153,2,0,163073
109154,1,0,163074
109155,2,0,163076
109156,3,0,163079
109157,1,0,163080
109158,1,0,163081
109159,1,0,163082
109160,4,0,163086
109161,1,0,163087
109162,2,0,163089
109163,1,0,163090
109164,1,0,163091
109165,3,0,163094
109166,1,0,163095
109167,1,0,163096
109168,2,0,163098
109169,1,0,163099
109170,1,0,163100
109171,2,0,163102
109172,1,0,163103
109173,1,0,163104
109174,3,0,163107
109175,1,0,163108
109176,1,0,163109
109177,1,0,163110
109178,2,0,163112
109179,1,0,163113
109180,1,0,163114
109181,2,0,163116
109182,1,0,163117
109183,1,0,163118
109184,4,0,163122
109185,1,0,163123
109186,1,0,163124
109187,1,0,163125
109188,1,0,163126
109189,1,0,163127
109190,1,0,163128
109191,1,0,163129
109192,1,0,163130
109193,1,0,163131
109194,1,0,163132
109195,1,0,163133
109196,2,0,163135
109197,1,0,163136
109198,1,0,163137
109199,1,0,163138
109200,1,0,163139
109201,1,0,163140
109202,1,0,163141
109203,1,0,163142
109204,2,0,163144
109205,1,0,163145
109206,2,0,163147
109207,3,0,163150
109208,1,0,163151
109209,1,0,163152
109210,3,0,163155
109211,2,0,163157
109212,1,0,163158
109213,1,0,163159
109214,1,0,163160
109215,2,0,163162
109216,1,0,163163
109217,3,0,163166
109218,1,0,163167
109219,1,0,163168
109220,1,0,163169
109221,1,0,163170
109222,1,0,163171
109223,2,0,163173
109224,3,0,163176
109225,1,0,163177
109226,2,0,163179
109227,2,0,163181
109228,1,0,163182
109229,3,0,163185
109230,1,0,163186
109231,1,0,163187
109232,1,0,163188
109233,2,0,163190
109234,2,0,163192
109235,1,0,163193
109236,1,0,163194
109237,1,0,163195
109238,1,0,163196
109239,1,0,163197
109240,2,0,163199
109241,1,0,163200
109242,2,0,163202
109243,1,0,163203
109244,1,0,163204
109245,1,0,163205
109246,1,0,163206
109247,2,0,163208
109248,1,0,163209
109249,1,0,163210
109250,1,0,163211
109251,1,0,163212
109252,2,0,163214
109253,1,0,163215
109254,1,0,163216
109255,1,0,163217
109256,2,0,163219
109257,1,0,163220
109258,1,0,163221
109259,3,0,163224
109260,1,0,163225
109261,2,0,163227
109262,1,0,163228
109263,2,0,163230
109264,1,0,163231
109265,1,0,163232
109266,1,0,163233
109267,1,0,163234
109268,1,0,163235
109269,4,0,163239
109270,2,0,163241
109271,1,0,163242
109272,2,0,163244
109273,1,0,163245
109274,2,0,163247
109275,1,0,163248
109276,1,0,163249
109277,2,0,163251
109278,1,0,163252
109279,1,0,163253
109280,3,0,163256
109281,2,0,163258
109282,1,0,163259
109283,1,0,163260
109284,2,0,163262
109285,3,0,163265
109286,1,0,163266
109287,1,0,163267
109288,2,0,163269
109289,3,0,163272
109290,1,0,163273
109291,1,0,163274
109292,1,0,163275
109293,1,0,163276
109294,1,0,163277
109295,1,0,163278
109296,1,0,163279
109297,2,0,163281
109298,1,0,163282
109299,1,0,163283
109300,1,0,163284
109301,2,0,163286
109302,1,0,163287
109303,1,0,163288
109304,2,0,163290
109305,1,0,163291
109306,1,0,163292
109307,1,0,163293
109308,1,0,163294
109309,2,0,163296
109310,1,0,163297
109311,1,0,163298
109312,1,0,163299
109313,1,0,163300
109314,1,0,163301
109315,1,0,163302
109316,4,0,163306
109317,2,0,163308
109318,4,0,163312
109319,1,0,163313
109320,6,0,163319
109321,2,0,163321
109322,1,0,163322
109323,1,0,163323
109324,2,0,163325
109325,1,0,163326
109326,3,0,163329
109327,1,0,163330
109328,1,0,163331
109329,1,0,163332
109330,2,0,163334
109331,1,0,163335
109332,1,0,163336
109333,1,0,163337
109334,1,0,163338
109335,1,0,163339
109336,1,0,163340
109337,2,0,163342
109338,1,0,163343
109339,1,0,163344
109340,3,0,163347
109341,1,0,163348
109342,1,0,163349
109343,1,0,163350
109344,1,0,163351
109345,2,0,163353
109346,1,0,163354
109347,3,0,163357
109348,1,0,163358
109349,1,0,163359
109350,1,0,163360
109351,1,0,163361
109352,1,0,163362
109353,1,0,163363
109354,1,0,163364
109355,2,0,163366
109356,1,0,163367
109357,4,0,163371
109358,1,0,163372
109359,1,0,163373
109360,1,0,163374
109361,1,0,163375
109362,1,0,163376
109363,1,0,163377
109364,2,0,163379
109365,2,0,163381
109366,1,0,163382
109367,1,0,163383
109368,1,0,163384
109369,1,0,163385
109370,1,0,163386
109371,2,0,163388
109372,1,0,163389
109373,2,0,163391
109374,1,0,163392
109375,1,0,163393
109376,1,0,163394
109377,1,0,163395
109378,1,0,163396
109379,2,0,163398
109380,2,0,163400
109381,1,0,163401
109382,3,0,163404
109383,1,0,163405
109384,1,0,163406
109385,1,0,163407
109386,1,0,163408
109387,1,0,163409
109388,1,0,163410
109389,2,0,163412
109390,1,0,163413
109391,1,0,163414
109392,1,0,163415
109393,2,0,163417
109394,1,0,163418
109395,1,0,163419
109396,1,0,163420
109397,1,0,163421
109398,1,0,163422
109399,1,0,163423
109400,4,0,163427
109401,1,0,163428
109402,1,0,163429
109403,1,0,163430
109404,1,0,163431
109405,2,0,163433
109406,1,0,163434
109407,3,0,163437
109408,1,0,163438
109409,1,0,163439
109410,1,0,163440
109411,2,0,163442
109412,3,0,163445
109413,1,0,163446
109414,1,0,163447
109415,4,0,163451
109416,2,0,163453
109417,1,0,163454
109418,1,0,163455
109419,1,0,163456
109420,1,0,163457
109421,1,0,163458
109422,1,0,163459
109423,1,0,163460
109424,1,0,163461
109425,1,0,163462
109426,2,0,163464
109427,1,0,163465
109428,2,0,163467
109429,1,0,163468
109430,2,0,163470
109431,1,0,163471
109432,1,0,163472
109433,1,0,163473
109434,1,0,163474
109435,1,0,163475
109436,1,0,163476
109437,1,0,163477
109438,5,0,163482
109439,1,0,163483
109440,1,0,163484
109441,4,0,163488
109442,1,0,163489
109443,2,0,163491
109444,1,0,163492
109445,1,0,163493
109446,4,0,163497
109447,1,0,163498
109448,1,0,163499
109449,1,0,163500
109450,1,0,163501
109451,1,0,163502
109452,2,0,163504
109453,1,0,163505
109454,1,0,163506
109455,1,0,163507
109456,1,0,163508
109457,1,0,163509
109458,1,0,163510
109459,1,0,163511
109460,2,0,163513
109461,2,0,163515
109462,2,0,163517
109463,1,0,163518
109464,2,0,163520
109465,1,0,163521
109466,1,0,163522
109467,2,0,163524
109468,1,0,163525
109469,1,0,163526
109470,2,0,163528
109471,1,0,163529
109472,2,0,163531
109473,1,0,163532
109474,1,0,163533
109475,3,0,163536
109476,2,0,163538
109477,1,0,163539
109478,1,0,163540
109479,1,0,163541
109480,2,0,163543
109481,1,0,163544
109482,2,0,163546
109483,1,0,163547
109484,2,0,163549
109485,1,0,163550
109486,2,0,163552
109487,3,0,163555
109488,1,0,163556
109489,3,0,163559
109490,3,0,163562
109491,4,0,163566
109492,2,0,163568
109493,1,0,163569
109494,1,0,163570
109495,1,0,163571
109496,1,0,163572
109497,1,0,163573
109498,1,0,163574
109499,1,0,163575
109500,1,0,163576
109501,2,0,163578
109502,2,0,163580
109503,1,0,163581
109504,1,0,163582
109505,2,0,163584
109506,1,0,163585
109507,2,0,163587
109508,1,0,163588
109509,1,0,163589
109510,1,0,163590
109511,1,0,163591
109512,2,0,163593
109513,1,0,163594
109514,1,0,163595
109515,1,0,163596
109516,3,0,163599
109517,2,0,163601
109518,1,0,163602
109519,2,0,163604
109520,1,0,163605
109521,1,0,163606
109522,3,0,163609
109523,2,0,163611
109524,1,0,163612
109525,3,0,163615
109526,1,0,163616
109527,1,0,163617
109528,3,0,163620
109529,1,0,163621
109530,1,0,163622
109531,3,0,163625
109532,3,0,163628
109533,2,0,163630
109534,1,0,163631
109535,1,0,163632
109536,1,0,163633
109537,4,0,163637
109538,1,0,163638
109539,1,0,163639
109540,1,0,163640
109541,1,0,163641
109542,2,0,163643
109543,1,0,163644
109544,1,0,163645
109545,2,0,163647
109546,2,0,163649
109547,1,0,163650
109548,2,0,163652
109549,1,0,163653
109550,1,0,163654
109551,1,0,163655
109552,1,0,163656
109553,1,0,163657
109554,1,0,163658
109555,2,0,163660
109556,3,0,163663
109557,1,0,163664
109558,2,0,163666
109559,6,0,163672
109560,1,0,163673
109561,1,0,163674
109562,2,0,163676
109563,1,0,163677
109564,2,0,163679
109565,4,0,163683
109566,1,0,163684
109567,1,0,163685
109568,2,0,163687
109569,4,0,163691
109570,1,0,163692
109571,1,0,163693
109572,3,0,163696
109573,1,0,163697
109574,1,0,163698
109575,2,0,163700
109576,3,0,163703
109577,1,0,163704
109578,1,0,163705
109579,1,0,163706
109580,1,0,163707
109581,1,0,163708
109582,1,0,163709
109583,4,0,163713
109584,1,0,163714
109585,1,0,163715
109586,1,0,163716
109587,1,0,163717
109588,2,0,163719
109589,1,0,163720
109590,1,0,163721
109591,1,0,163722
109592,1,0,163723
109593,1,0,163724
109594,1,0,163725
109595,1,0,163726
109596,1,0,163727
109597,2,0,163729
109598,3,0,163732
109599,1,0,163733
109600,2,0,163735
109601,1,0,163736
109602,1,0,163737
109603,2,0,163739
109604,1,0,163740
109605,3,0,163743
109606,1,0,163744
109607,1,0,163745
109608,1,0,163746
109609,1,0,163747
109610,1,0,163748
109611,1,0,163749
109612,1,0,163750
109613,1,0,163751
109614,1,0,163752
109615,1,0,163753
109616,1,0,163754
109617,1,0,163755
109618,1,0,163756
109619,1,0,163757
109620,1,0,163758
109621,3,0,163761
109622,1,0,163762
109623,1,0,163763
109624,1,0,163764
109625,2,0,163766
109626,1,0,163767
109627,2,0,163769
109628,1,0,163770
109629,1,0,163771
109630,1,0,163772
109631,1,0,163773
109632,3,0,163776
109633,1,0,163777
109634,1,0,163778
109635,2,0,163780
109636,1,0,163781
109637,1,0,163782
109638,2,0,163784
109639,1,0,163785
109640,2,0,163787
109641,1,0,163788
109642,1,0,163789
109643,1,0,163790
109644,1,0,163791
109645,1,0,163792
109646,1,0,163793
109647,2,0,163795
109648,1,0,163796
109649,1,0,163797
109650,1,0,163798
109651,1,0,163799
109652,1,0,163800
109653,1,0,163801
109654,1,0,163802
109655,1,0,163803
109656,1,0,163804
109657,1,0,163805
109658,1,0,163806
109659,1,0,163807
109660,1,0,163808
109661,2,0,163810
109662,1,0,163811
109663,2,0,163813
109664,1,0,163814
109665,4,0,163818
109666,1,0,163819
109667,1,0,163820
109668,1,0,163821
109669,2,0,163823
109670,1,0,163824
109671,1,0,163825
109672,1,0,163826
109673,1,0,163827
109674,1,0,163828
109675,1,0,163829
109676,1,0,163830
109677,1,0,163831
109678,2,0,163833
109679,1,0,163834
109680,2,0,163836
109681,1,0,163837
109682,1,0,163838
109683,1,0,163839
109684,1,0,163840
109685,2,0,163842
109686,1,0,163843
109687,1,0,163844
109688,1,0,163845
109689,2,0,163847
109690,2,0,163849
109691,2,0,163851
109692,1,0,163852
109693,1,0,163853
109694,1,0,163854
109695,1,0,163855
109696,1,0,163856
109697,2,0,163858
109698,1,0,163859
109699,1,0,163860
109700,1,0,163861
109701,1,0,163862
109702,2,0,163864
109703,2,0,163866
109704,1,0,163867
109705,1,0,163868
109706,1,0,163869
109707,2,0,163871
109708,1,0,163872
109709,2,0,163874
109710,1,0,163875
109711,1,0,163876
109712,1,0,163877
109713,2,0,163879
109714,3,0,163882
109715,1,0,163883
109716,6,0,163889
109717,1,0,163890
109718,3,0,163893
109719,1,0,163894
109720,1,0,163895
109721,1,0,163896
109722,1,0,163897
109723,3,0,163900
109724,4,0,163904
109725,4,0,163908
109726,1,0,163909
109727,1,0,163910
109728,2,0,163912
109729,1,0,163913
109730,2,0,163915
109731,2,0,163917
109732,2,0,163919
109733,1,0,163920
109734,1,0,163921
109735,3,0,163924
109736,1,0,163925
109737,1,0,163926
109738,1,0,163927
109739,1,0,163928
109740,1,0,163929
109741,3,0,163932
109742,1,0,163933
109743,1,0,163934
109744,1,0,163935
109745,1,0,163936
109746,1,0,163937
109747,1,0,163938
109748,3,0,163941
109749,1,0,163942
109750,1,0,163943
109751,1,0,163944
109752,2,0,163946
109753,1,0,163947
109754,1,0,163948
109755,1,0,163949
109756,1,0,163950
109757,2,0,163952
109758,1,0,163953
109759,3,0,163956
109760,1,0,163957
109761,1,0,163958
109762,1,0,163959
109763,1,0,163960
109764,2,0,163962
109765,1,0,163963
109766,1,0,163964
109767,2,0,163966
109768,3,0,163969
109769,1,0,163970
109770,1,0,163971
109771,1,0,163972
109772,1,0,163973
109773,1,0,163974
109774,3,0,163977
109775,3,0,163980
109776,1,0,163981
109777,1,0,163982
109778,1,0,163983
109779,1,0,163984
109780,1,0,163985
109781,2,0,163987
109782,1,0,163988
109783,1,0,163989
109784,1,0,163990
109785,2,0,163992
109786,1,0,163993
109787,1,0,163994
109788,2,0,163996
109789,2,0,163998
109790,1,0,163999
109791,1,0,164000
109792,3,0,164003
109793,2,0,164005
109794,1,0,164006
109795,2,0,164008
109796,1,0,164009
109797,1,0,164010
109798,2,0,164012
109799,2,0,164014
109800,2,0,164016
109801,5,0,164021
109802,1,0,164022
109803,1,0,164023
109804,1,0,164024
109805,1,0,164025
109806,1,0,164026
109807,1,0,164027
109808,5,0,164032
109809,3,0,164035
109810,1,0,164036
109811,1,0,164037
109812,1,0,164038
109813,1,0,164039
109814,2,0,164041
109815,1,0,164042
109816,1,0,164043
109817,2,0,164045
109818,2,0,164047
109819,1,0,164048
109820,2,0,164050
109821,4,0,164054
109822,3,0,164057
109823,1,0,164058
109824,1,0,164059
109825,1,0,164060
109826,1,0,164061
109827,1,0,164062
109828,2,0,164064
109829,3,0,164067
109830,2,0,164069
109831,2,0,164071
109832,1,0,164072
109833,1,0,164073
109834,1,0,164074
109835,1,0,164075
109836,1,0,164076
109837,1,0,164077
109838,1,0,164078
109839,2,0,164080
109840,1,0,164081
109841,1,0,164082
109842,2,0,164084
109843,2,0,164086
109844,1,0,164087
109845,1,0,164088
109846,1,0,164089
109847,2,0,164091
109848,1,0,164092
109849,2,0,164094
109850,1,0,164095
109851,1,0,164096
109852,1,0,164097
109853,1,0,164098
109854,1,0,164099
109855,1,0,164100
109856,2,0,164102
109857,1,0,164103
109858,4,0,164107
109859,1,0,164108
109860,1,0,164109
109861,1,0,164110
109862,1,0,164111
109863,2,0,164113
109864,5,0,164118
109865,1,0,164119
109866,4,0,164123
109867,1,0,164124
109868,1,0,164125
109869,1,0,164126
109870,1,0,164127
109871,1,0,164128
109872,2,0,164130
109873,1,0,164131
109874,1,0,164132
109875,1,0,164133
109876,1,0,164134
109877,2,0,164136
109878,1,0,164137
109879,1,0,164138
109880,2,0,164140
109881,1,0,164141
109882,1,0,164142
109883,1,0,164143
109884,1,0,164144
109885,1,0,164145
109886,2,0,164147
109887,2,0,164149
109888,1,0,164150
109889,2,0,164152
109890,5,0,164157
109891,1,0,164158
109892,1,0,164159
109893,1,0,164160
109894,1,0,164161
109895,4,0,164165
109896,1,0,164166
109897,1,0,164167
109898,1,0,164168
109899,3,0,164171
109900,1,0,164172
109901,1,0,164173
109902,1,0,164174
109903,2,0,164176
109904,1,0,164177
109905,2,0,164179
109906,1,0,164180
109907,2,0,164182
109908,1,0,164183
109909,1,0,164184
109910,1,0,164185
109911,1,0,164186
109912,5,0,164191
109913,1,0,164192
109914,1,0,164193
109915,1,0,164194
109916,2,0,164196
109917,1,0,164197
109918,1,0,164198
109919,1,0,164199
109920,1,0,164200
109921,1,0,164201
109922,1,0,164202
109923,1,0,164203
109924,1,0,164204
109925,2,0,164206
109926,1,0,164207
109927,1,0,164208
109928,2,0,164210
109929,1,0,164211
109930,1,0,164212
109931,1,0,164213
109932,1,0,164214
109933,1,0,164215
109934,1,0,164216
109935,1,0,164217
109936,1,0,164218
109937,1,0,164219
109938,1,0,164220
109939,1,0,164221
109940,1,0,164222
109941,2,0,164224
109942,1,0,164225
109943,1,0,164226
109944,2,0,164228
109945,1,0,164229
109946,2,0,164231
109947,2,0,164233
109948,2,0,164235
109949,2,0,164237
109950,1,0,164238
109951,1,0,164239
109952,1,0,164240
109953,4,0,164244
109954,2,0,164246
109955,3,0,164249
109956,1,0,164250
109957,1,0,164251
109958,3,0,164254
109959,2,0,164256
109960,1,0,164257
109961,1,0,164258
109962,1,0,164259
109963,1,0,164260
109964,2,0,164262
109965,1,0,164263
109966,1,0,164264
109967,1,0,164265
109968,2,0,164267
109969,2,0,164269
109970,2,0,164271
109971,1,0,164272
109972,2,0,164274
109973,3,0,164277
109974,1,0,164278
109975,3,0,164281
109976,3,0,164284
109977,1,0,164285
109978,1,0,164286
109979,1,0,164287
109980,1,0,164288
109981,1,0,164289
109982,2,0,164291
109983,1,0,164292
109984,1,0,164293
109985,1,0,164294
109986,1,0,164295
109987,1,0,164296
109988,1,0,164297
109989,1,0,164298
109990,1,0,164299
109991,1,0,164300
109992,1,0,164301
109993,1,0,164302
109994,1,0,164303
109995,1,0,164304
109996,1,0,164305
109997,1,0,164306
109998,1,0,164307
109999,2,0,164309
110000,3,0,164312
110001,1,0,164313
110002,1,0,164314
110003,1,0,164315
110004,1,0,164316
110005,4,0,164320
110006,1,0,164321
110007,1,0,164322
110008,2,0,164324
110009,1,0,164325
110010,1,0,164326
110011,1,0,164327
110012,2,0,164329
110013,1,0,164330
110014,1,0,164331
110015,1,0,164332
110016,1,0,164333
110017,6,0,164339
110018,1,0,164340
110019,1,0,164341
110020,2,0,164343
110021,1,0,164344
110022,3,0,164347
110023,2,0,164349
110024,1,0,164350
110025,2,0,164352
110026,4,0,164356
110027,1,0,164357
110028,2,0,164359
110029,2,0,164361
110030,2,0,164363
110031,1,0,164364
110032,1,0,164365
110033,1,0,164366
110034,1,0,164367
110035,1,0,164368
110036,1,0,164369
110037,1,0,164370
110038,2,0,164372
110039,1,0,164373
110040,1,0,164374
110041,1,0,164375
110042,1,0,164376
110043,2,0,164378
110044,1,0,164379
110045,1,0,164380
110046,3,0,164383
110047,2,0,164385
110048,1,0,164386
110049,1,0,164387
110050,1,0,164388
110051,1,0,164389
110052,1,0,164390
110053,2,0,164392
110054,1,0,164393
110055,1,0,164394
110056,3,0,164397
110057,3,0,164400
110058,3,0,164403
110059,1,0,164404
110060,1,0,164405
110061,1,0,164406
110062,1,0,164407
110063,1,0,164408
110064,2,0,164410
110065,1,0,164411
110066,1,0,164412
110067,1,0,164413
110068,6,0,164419
110069,1,0,164420
110070,1,0,164421
110071,1,0,164422
110072,1,0,164423
110073,1,0,164424
110074,1,0,164425
110075,1,0,164426
110076,1,0,164427
110077,1,0,164428
110078,1,0,164429
110079,1,0,164430
110080,1,0,164431
110081,1,0,164432
110082,2,0,164434
110083,3,0,164437
110084,1,0,164438
110085,2,0,164440
110086,1,0,164441
110087,2,0,164443
110088,1,0,164444
110089,3,0,164447
110090,1,0,164448
110091,1,0,164449
110092,4,0,164453
110093,1,0,164454
110094,2,0,164456
110095,1,0,164457
110096,1,0,164458
110097,1,0,164459
110098,1,0,164460
110099,1,0,164461
110100,1,0,164462
110101,2,0,164464
110102,1,0,164465
110103,1,0,164466
110104,4,0,164470
110105,2,0,164472
110106,2,0,164474
110107,1,0,164475
110108,1,0,164476
110109,1,0,164477
110110,2,0,164479
110111,1,0,164480
110112,1,0,164481
110113,1,0,164482
110114,1,0,164483
110115,1,0,164484
110116,1,0,164485
110117,2,0,164487
110118,1,0,164488
110119,3,0,164491
110120,2,0,164493
110121,2,0,164495
110122,1,0,164496
110123,2,0,164498
110124,1,0,164499
110125,2,0,164501
110126,2,0,164503
110127,1,0,164504
110128,2,0,164506
110129,1,0,164507
110130,1,0,164508
110131,1,0,164509
110132,1,0,164510
110133,2,0,164512
110134,1,0,164513
110135,2,0,164515
110136,1,0,164516
110137,1,0,164517
110138,1,0,164518
110139,2,0,164520
110140,1,0,164521
110141,1,0,164522
110142,1,0,164523
110143,1,0,164524
110144,2,0,164526
110145,2,0,164528
110146,1,0,164529
110147,1,0,164530
110148,1,0,164531
110149,3,0,164534
110150,2,0,164536
110151,2,0,164538
110152,3,0,164541
110153,1,0,164542
110154,1,0,164543
110155,2,0,164545
110156,1,0,164546
110157,1,0,164547
110158,1,0,164548
110159,2,0,164550
110160,1,0,164551
110161,2,0,164553
110162,1,0,164554
110163,1,0,164555
110164,1,0,164556
110165,1,0,164557
110166,3,0,164560
110167,2,0,164562
110168,1,0,164563
110169,1,0,164564
110170,2,0,164566
110171,2,0,164568
110172,3,0,164571
110173,1,0,164572
110174,1,0,164573
110175,2,0,164575
110176,1,0,164576
110177,1,0,164577
110178,1,0,164578
110179,1,0,164579
110180,1,0,164580
110181,1,0,164581
110182,1,0,164582
110183,1,0,164583
110184,1,0,164584
110185,1,0,164585
110186,1,0,164586
110187,1,0,164587
110188,5,0,164592
110189,2,0,164594
110190,2,0,164596
110191,1,0,164597
110192,1,0,164598
110193,3,0,164601
110194,1,0,164602
110195,2,0,164604
110196,1,0,164605
110197,1,0,164606
110198,1,0,164607
110199,4,0,164611
110200,1,0,164612
110201,1,0,164613
110202,1,0,164614
110203,1,0,164615
110204,6,0,164621
110205,2,0,164623
110206,1,0,164624
110207,1,0,164625
110208,2,0,164627
110209,1,0,164628
110210,1,0,164629
110211,1,0,164630
110212,2,0,164632
110213,1,0,164633
110214,2,0,164635
110215,1,0,164636
110216,1,0,164637
110217,1,0,164638
110218,1,0,164639
110219,2,0,164641
110220,3,0,164644
110221,1,0,164645
110222,1,0,164646
110223,1,0,164647
110224,1,0,164648
110225,1,0,164649
110226,2,0,164651
110227,5,0,164656
110228,2,0,164658
110229,1,0,164659
110230,3,0,164662
110231,2,0,164664
110232,1,0,164665
110233,1,0,164666
110234,2,0,164668
110235,1,0,164669
110236,3,0,164672
110237,1,0,164673
110238,1,0,164674
110239,1,0,164675
110240,2,0,164677
110241,1,0,164678
110242,1,0,164679
110243,1,0,164680
110244,1,0,164681
110245,1,0,164682
110246,1,0,164683
110247,1,0,164684
110248,1,0,164685
110249,1,0,164686
110250,1,0,164687
110251,3,0,164690
110252,1,0,164691
110253,1,0,164692
110254,3,0,164695
110255,1,0,164696
110256,1,0,164697
110257,2,0,164699
110258,1,0,164700
110259,1,0,164701
110260,1,0,164702
110261,1,0,164703
110262,3,0,164706
110263,1,0,164707
110264,1,0,164708
110265,1,0,164709
110266,2,0,164711
110267,2,0,164713
110268,1,0,164714
110269,1,0,164715
110270,2,0,164717
110271,1,0,164718
110272,1,0,164719
110273,1,0,164720
110274,3,0,164723
110275,3,0,164726
110276,2,0,164728
110277,1,0,164729
110278,3,0,164732
110279,1,0,164733
110280,2,0,164735
110281,1,0,164736
110282,2,0,164738
110283,4,0,164742
110284,1,0,164743
110285,2,0,164745
110286,1,0,164746
110287,2,0,164748
110288,3,0,164751
110289,5,0,164756
110290,1,0,164757
110291,2,0,164759
110292,2,0,164761
110293,2,0,164763
110294,1,0,164764
110295,1,0,164765
110296,1,0,164766
110297,1,0,164767
110298,1,0,164768
110299,1,0,164769
110300,1,0,164770
110301,1,0,164771
110302,2,0,164773
110303,3,0,164776
110304,1,0,164777
110305,1,0,164778
110306,1,0,164779
110307,2,0,164781
110308,1,0,164782
110309,1,0,164783
110310,1,0,164784
110311,1,0,164785
110312,2,0,164787
110313,1,0,164788
110314,1,0,164789
110315,1,0,164790
110316,3,0,164793
110317,1,0,164794
110318,1,0,164795
110319,3,0,164798
110320,2,0,164800
110321,1,0,164801
110322,1,0,164802
110323,1,0,164803
110324,1,0,164804
110325,1,0,164805
110326,1,0,164806
110327,1,0,164807
110328,2,0,164809
110329,1,0,164810
110330,1,0,164811
110331,1,0,164812
110332,2,0,164814
110333,1,0,164815
110334,1,0,164816
110335,1,0,164817
110336,1,0,164818
110337,1,0,164819
110338,1,0,164820
110339,2,0,164822
110340,1,0,164823
110341,1,0,164824
110342,1,0,164825
110343,3,0,164828
110344,1,0,164829
110345,11,0,164840
110346,1,0,164841
110347,1,0,164842
110348,1,0,164843
110349,1,0,164844
110350,1,0,164845
110351,3,0,164848
110352,1,0,164849
110353,1,0,164850
110354,1,0,164851
110355,1,0,164852
110356,1,0,164853
110357,1,0,164854
110358,1,0,164855
110359,3,0,164858
110360,3,0,164861
110361,2,0,164863
110362,2,0,164865
110363,1,0,164866
110364,1,0,164867
110365,1,0,164868
110366,1,0,164869
110367,4,0,164873
110368,2,0,164875
110369,2,0,164877
110370,1,0,164878
110371,1,0,164879
110372,1,0,164880
110373,1,0,164881
110374,2,0,164883
110375,1,0,164884
110376,3,0,164887
110377,1,0,164888
110378,1,0,164889
110379,1,0,164890
110380,1,0,164891
110381,2,0,164893
110382,1,0,164894
110383,1,0,164895
110384,1,0,164896
110385,2,0,164898
110386,1,0,164899
110387,3,0,164902
110388,1,0,164903
110389,3,0,164906
110390,2,0,164908
110391,2,0,164910
110392,1,0,164911
110393,1,0,164912
110394,1,0,164913
110395,1,0,164914
110396,4,0,164918
110397,2,0,164920
110398,1,0,164921
110399,1,0,164922
110400,2,0,164924
110401,2,0,164926
110402,2,0,164928
110403,1,0,164929
110404,1,0,164930
110405,1,0,164931
110406,1,0,164932
110407,1,0,164933
110408,4,0,164937
110409,4,0,164941
110410,1,0,164942
110411,6,0,164948
110412,1,0,164949
110413,2,0,164951
110414,1,0,164952
110415,1,0,164953
110416,1,0,164954
110417,1,0,164955
110418,1,0,164956
110419,1,0,164957
110420,1,0,164958
110421,2,0,164960
110422,3,0,164963
110423,1,0,164964
110424,1,0,164965
110425,1,0,164966
110426,1,0,164967
110427,1,0,164968
110428,1,0,164969
110429,1,0,164970
110430,1,0,164971
110431,2,0,164973
110432,1,0,164974
110433,1,0,164975
110434,1,0,164976
110435,1,0,164977
110436,1,0,164978
110437,1,0,164979
110438,1,0,164980
110439,2,0,164982
110440,3,0,164985
110441,2,0,164987
110442,4,0,164991
110443,1,0,164992
110444,2,0,164994
110445,3,0,164997
110446,2,0,164999
110447,1,0,165000
110448,1,0,165001
110449,2,0,165003
110450,1,0,165004
110451,3,0,165007
110452,2,0,165009
110453,2,0,165011
110454,1,0,165012
110455,1,0,165013
110456,1,0,165014
110457,4,0,165018
110458,1,0,165019
110459,1,0,165020
110460,3,0,165023
110461,2,0,165025
110462,1,0,165026
110463,1,0,165027
110464,3,0,165030
110465,2,0,165032
110466,2,0,165034
110467,2,0,165036
110468,1,0,165037
110469,3,0,165040
110470,2,0,165042
110471,1,0,165043
110472,3,0,165046
110473,1,0,165047
110474,1,0,165048
110475,1,0,165049
110476,2,0,165051
110477,4,0,165055
110478,2,0,165057
110479,2,0,165059
110480,1,0,165060
110481,1,0,165061
110482,1,0,165062
110483,2,0,165064
110484,1,0,165065
110485,1,0,165066
110486,4,0,165070
110487,1,0,165071
110488,3,0,165074
110489,3,0,165077
110490,1,0,165078
110491,2,0,165080
110492,1,0,165081
110493,1,0,165082
110494,3,0,165085
110495,1,0,165086
110496,3,0,165089
110497,1,0,165090
110498,1,0,165091
110499,1,0,165092
110500,1,0,165093
110501,1,0,165094
110502,3,0,165097
110503,1,0,165098
110504,1,0,165099
110505,1,0,165100
110506,3,0,165103
110507,1,0,165104
110508,3,0,165107
110509,1,0,165108
110510,1,0,165109
110511,1,0,165110
110512,2,0,165112
110513,1,0,165113
110514,1,0,165114
110515,1,0,165115
110516,1,0,165116
110517,1,0,165117
110518,3,0,165120
110519,2,0,165122
110520,3,0,165125
110521,1,0,165126
110522,2,0,165128
110523,1,0,165129
110524,2,0,165131
110525,3,0,165134
110526,1,0,165135
110527,2,0,165137
110528,2,0,165139
110529,1,0,165140
110530,1,0,165141
110531,2,0,165143
110532,2,0,165145
110533,1,0,165146
110534,1,0,165147
110535,1,0,165148
110536,1,0,165149
110537,1,0,165150
110538,1,0,165151
110539,1,0,165152
110540,3,0,165155
110541,1,0,165156
110542,1,0,165157
110543,3,0,165160
110544,1,0,165161
110545,1,0,165162
110546,1,0,165163
110547,1,0,165164
110548,5,0,165169
110549,2,0,165171
110550,1,0,165172
110551,3,0,165175
110552,1,0,165176
110553,1,0,165177
110554,1,0,165178
110555,1,0,165179
110556,1,0,165180
110557,1,0,165181
110558,3,0,165184
110559,1,0,165185
110560,2,0,165187
110561,1,0,165188
110562,1,0,165189
110563,1,0,165190
110564,1,0,165191
110565,1,0,165192
110566,3,0,165195
110567,2,0,165197
110568,1,0,165198
110569,2,0,165200
110570,1,0,165201
110571,1,0,165202
110572,1,0,165203
110573,1,0,165204
110574,1,0,165205
110575,2,0,165207
110576,1,0,165208
110577,1,0,165209
110578,1,0,165210
110579,1,0,165211
110580,2,0,165213
110581,3,0,165216
110582,1,0,165217
110583,1,0,165218
110584,2,0,165220
110585,2,0,165222
110586,1,0,165223
110587,1,0,165224
110588,1,0,165225
110589,1,0,165226
110590,1,0,165227
110591,1,0,165228
110592,1,0,165229
110593,1,0,165230
110594,1,0,165231
110595,1,0,165232
110596,1,0,165233
110597,1,0,165234
110598,1,0,165235
110599,1,0,165236
110600,1,0,165237
110601,2,0,165239
110602,1,0,165240
110603,1,0,165241
110604,1,0,165242
110605,1,0,165243
110606,2,0,165245
110607,1,0,165246
110608,3,0,165249
110609,4,0,165253
110610,1,0,165254
110611,1,0,165255
110612,1,0,165256
110613,1,0,165257
110614,1,0,165258
110615,1,0,165259
110616,4,0,165263
110617,1,0,165264
110618,2,0,165266
110619,1,0,165267
110620,1,0,165268
110621,1,0,165269
110622,1,0,165270
110623,1,0,165271
110624,1,0,165272
110625,1,0,165273
110626,1,0,165274
110627,2,0,165276
110628,1,0,165277
110629,1,0,165278
110630,1,0,165279
110631,1,0,165280
110632,1,0,165281
110633,1,0,165282
110634,1,0,165283
110635,2,0,165285
110636,1,0,165286
110637,1,0,165287
110638,1,0,165288
110639,1,0,165289
110640,1,0,165290
110641,1,0,165291
110642,1,0,165292
110643,1,0,165293
110644,1,0,165294
110645,1,0,165295
110646,1,0,165296
110647,1,0,165297
110648,1,0,165298
110649,3,0,165301
110650,2,0,165303
110651,1,0,165304
110652,1,0,165305
110653,1,0,165306
110654,1,0,165307
110655,1,0,165308
110656,1,0,165309
110657,1,0,165310
110658,1,0,165311
110659,2,0,165313
110660,1,0,165314
110661,1,0,165315
110662,1,0,165316
110663,3,0,165319
110664,1,0,165320
110665,4,0,165324
110666,2,0,165326
110667,2,0,165328
110668,2,0,165330
110669,1,0,165331
110670,2,0,165333
110671,1,0,165334
110672,2,0,165336
110673,2,0,165338
110674,2,0,165340
110675,2,0,165342
110676,1,0,165343
110677,1,0,165344
110678,2,0,165346
110679,1,0,165347
110680,2,0,165349
110681,1,0,165350
110682,1,0,165351
110683,1,0,165352
110684,2,0,165354
110685,2,0,165356
110686,1,0,165357
110687,1,0,165358
110688,2,0,165360
110689,1,0,165361
110690,1,0,165362
110691,1,0,165363
110692,1,0,165364
110693,2,0,165366
110694,2,0,165368
110695,1,0,165369
110696,2,0,165371
110697,3,0,165374
110698,1,0,165375
110699,1,0,165376
110700,2,0,165378
110701,1,0,165379
110702,2,0,165381
110703,1,0,165382
110704,1,0,165383
110705,2,0,165385
110706,1,0,165386
110707,1,0,165387
110708,1,0,165388
110709,1,0,165389
110710,1,0,165390
110711,2,0,165392
110712,1,0,165393
110713,2,0,165395
110714,7,0,165402
110715,1,0,165403
110716,1,0,165404
110717,1,0,165405
110718,1,0,165406
110719,1,0,165407
110720,1,0,165408
110721,1,0,165409
110722,1,0,165410
110723,3,0,165413
110724,1,0,165414
110725,1,0,165415
110726,1,0,165416
110727,1,0,165417
110728,1,0,165418
110729,1,0,165419
110730,1,0,165420
110731,2,0,165422
110732,1,0,165423
110733,3,0,165426
110734,1,0,165427
110735,1,0,165428
110736,1,0,165429
110737,1,0,165430
110738,1,0,165431
110739,1,0,165432
110740,1,0,165433
110741,1,0,165434
110742,1,0,165435
110743,1,0,165436
110744,2,0,165438
110745,1,0,165439
110746,1,0,165440
110747,3,0,165443
110748,1,0,165444
110749,2,0,165446
110750,1,0,165447
110751,2,0,165449
110752,1,0,165450
110753,1,0,165451
110754,2,0,165453
110755,1,0,165454
110756,1,0,165455
110757,1,0,165456
110758,1,0,165457
110759,1,0,165458
110760,1,0,165459
110761,1,0,165460
110762,1,0,165461
110763,1,0,165462
110764,2,0,165464
110765,1,0,165465
110766,1,0,165466
110767,1,0,165467
110768,2,0,165469
110769,1,0,165470
110770,1,0,165471
110771,1,0,165472
110772,1,0,165473
110773,1,0,165474
110774,3,0,165477
110775,2,0,165479
110776,1,0,165480
110777,1,0,165481
110778,1,0,165482
110779,1,0,165483
110780,1,0,165484
110781,1,0,165485
110782,1,0,165486
110783,1,0,165487
110784,2,0,165489
110785,4,0,165493
110786,1,0,165494
110787,1,0,165495
110788,1,0,165496
110789,1,0,165497
110790,2,0,165499
110791,3,0,165502
110792,1,0,165503
110793,3,0,165506
110794,1,0,165507
110795,1,0,165508
110796,4,0,165512
110797,2,0,165514
110798,1,0,165515
110799,6,0,165521
110800,2,0,165523
110801,1,0,165524
110802,1,0,165525
110803,1,0,165526
110804,4,0,165530
110805,2,0,165532
110806,1,0,165533
110807,1,0,165534
110808,1,0,165535
110809,1,0,165536
110810,1,0,165537
110811,1,0,165538
110812,1,0,165539
110813,1,0,165540
110814,1,0,165541
110815,2,0,165543
110816,1,0,165544
110817,3,0,165547
110818,1,0,165548
110819,2,0,165550
110820,1,0,165551
110821,2,0,165553
110822,4,0,165557
110823,2,0,165559
110824,1,0,165560
110825,1,0,165561
110826,1,0,165562
110827,1,0,165563
110828,1,0,165564
110829,1,0,165565
110830,3,0,165568
110831,1,0,165569
110832,2,0,165571
110833,1,0,165572
110834,2,0,165574
110835,2,0,165576
110836,2,0,165578
110837,1,0,165579
110838,1,0,165580
110839,1,0,165581
110840,1,0,165582
110841,4,0,165586
110842,1,0,165587
110843,1,0,165588
110844,1,0,165589
110845,6,0,165595
110846,3,0,165598
110847,2,0,165600
110848,2,0,165602
110849,2,0,165604
110850,1,0,165605
110851,1,0,165606
110852,2,0,165608
110853,1,0,165609
110854,2,0,165611
110855,1,0,165612
110856,1,0,165613
110857,2,0,165615
110858,1,0,165616
110859,2,0,165618
110860,1,0,165619
110861,2,0,165621
110862,3,0,165624
110863,3,0,165627
110864,4,0,165631
110865,2,0,165633
110866,1,0,165634
110867,1,0,165635
110868,1,0,165636
110869,1,0,165637
110870,3,0,165640
110871,2,0,165642
110872,2,0,165644
110873,5,0,165649
110874,1,0,165650
110875,2,0,165652
110876,1,0,165653
110877,1,0,165654
110878,1,0,165655
110879,1,0,165656
110880,1,0,165657
110881,1,0,165658
110882,2,0,165660
110883,1,0,165661
110884,1,0,165662
110885,2,0,165664
110886,2,0,165666
110887,1,0,165667
110888,3,0,165670
110889,1,0,165671
110890,1,0,165672
110891,1,0,165673
110892,1,0,165674
110893,1,0,165675
110894,1,0,165676
110895,1,0,165677
110896,1,0,165678
110897,2,0,165680
110898,1,0,165681
110899,2,0,165683
110900,1,0,165684
110901,1,0,165685
110902,4,0,165689
110903,2,0,165691
110904,1,0,165692
110905,9,0,165701
110906,1,0,165702
110907,1,0,165703
110908,1,0,165704
110909,2,0,165706
110910,1,0,165707
110911,3,0,165710
110912,1,0,165711
110913,1,0,165712
110914,4,0,165716
110915,1,0,165717
110916,1,0,165718
110917,1,0,165719
110918,1,0,165720
110919,2,0,165722
110920,2,0,165724
110921,3,0,165727
110922,3,0,165730
110923,1,0,165731
110924,1,0,165732
110925,3,0,165735
110926,1,0,165736
110927,1,0,165737
110928,1,0,165738
110929,1,0,165739
110930,2,0,165741
110931,1,0,165742
110932,1,0,165743
110933,2,0,165745
110934,1,0,165746
110935,3,0,165749
110936,1,0,165750
110937,1,0,165751
110938,1,0,165752
110939,1,0,165753
110940,2,0,165755
110941,1,0,165756
110942,3,0,165759
110943,1,0,165760
110944,2,0,165762
110945,1,0,165763
110946,2,0,165765
110947,1,0,165766
110948,2,0,165768
110949,1,0,165769
110950,1,0,165770
110951,1,0,165771
110952,1,0,165772
110953,3,0,165775
110954,2,0,165777
110955,1,0,165778
110956,1,0,165779
110957,1,0,165780
110958,1,0,165781
110959,1,0,165782
110960,1,0,165783
110961,1,0,165784
110962,1,0,165785
110963,1,0,165786
110964,1,0,165787
110965,1,0,165788
110966,1,0,165789
110967,1,0,165790
110968,2,0,165792
110969,1,0,165793
110970,1,0,165794
110971,1,0,165795
110972,1,0,165796
110973,1,0,165797
110974,1,0,165798
110975,2,0,165800
110976,2,0,165802
110977,1,0,165803
110978,1,0,165804
110979,4,0,165808
110980,2,0,165810
110981,1,0,165811
110982,2,0,165813
110983,1,0,165814
110984,2,0,165816
110985,1,0,165817
110986,2,0,165819
110987,2,0,165821
110988,1,0,165822
110989,1,0,165823
110990,4,0,165827
110991,1,0,165828
110992,2,0,165830
110993,1,0,165831
110994,1,0,165832
110995,1,0,165833
110996,4,0,165837
110997,1,0,165838
110998,1,0,165839
110999,1,0,165840
111000,2,0,165842
111001,1,0,165843
111002,1,0,165844
111003,1,0,165845
111004,1,0,165846
111005,1,0,165847
111006,1,0,165848
111007,2,0,165850
111008,2,0,165852
111009,1,0,165853
111010,1,0,165854
111011,2,0,165856
111012,1,0,165857
111013,1,0,165858
111014,1,0,165859
111015,1,0,165860
111016,2,0,165862
111017,2,0,165864
111018,1,0,165865
111019,1,0,165866
111020,4,0,165870
111021,3,0,165873
111022,1,0,165874
111023,2,0,165876
111024,2,0,165878
111025,2,0,165880
111026,1,0,165881
111027,1,0,165882
111028,2,0,165884
111029,1,0,165885
111030,1,0,165886
111031,2,0,165888
111032,1,0,165889
111033,1,0,165890
111034,1,0,165891
111035,1,0,165892
111036,1,0,165893
111037,1,0,165894
111038,1,0,165895
111039,1,0,165896
111040,1,0,165897
111041,1,0,165898
111042,2,0,165900
111043,1,0,165901
111044,1,0,165902
111045,1,0,165903
111046,1,0,165904
111047,2,0,165906
111048,1,0,165907
111049,1,0,165908
111050,1,0,165909
111051,1,0,165910
111052,1,0,165911
111053,1,0,165912
111054,4,0,165916
111055,1,0,165917
111056,1,0,165918
111057,2,0,165920
111058,1,0,165921
111059,1,0,165922
111060,1,0,165923
111061,1,0,165924
111062,2,0,165926
111063,1,0,165927
111064,1,0,165928
111065,1,0,165929
111066,1,0,165930
111067,1,0,165931
111068,1,0,165932
111069,1,0,165933
111070,1,0,165934
111071,2,0,165936
111072,2,0,165938
111073,1,0,165939
111074,1,0,165940
111075,2,0,165942
111076,2,0,165944
111077,1,0,165945
111078,2,0,165947
111079,4,0,165951
111080,1,0,165952
111081,1,0,165953
111082,1,0,165954
111083,1,0,165955
111084,1,0,165956
111085,2,0,165958
111086,1,0,165959
111087,2,0,165961
111088,1,0,165962
111089,1,0,165963
111090,2,0,165965
111091,1,0,165966
111092,2,0,165968
111093,1,0,165969
111094,4,0,165973
111095,1,0,165974
111096,1,0,165975
111097,2,0,165977
111098,1,0,165978
111099,3,0,165981
111100,1,0,165982
111101,1,0,165983
111102,2,0,165985
111103,1,0,165986
111104,3,0,165989
111105,1,0,165990
111106,1,0,165991
111107,1,0,165992
111108,2,0,165994
111109,1,0,165995
111110,3,0,165998
111111,1,0,165999
111112,2,0,166001
111113,1,0,166002
111114,1,0,166003
111115,3,0,166006
111116,1,0,166007
111117,1,0,166008
111118,3,0,166011
111119,2,0,166013
111120,3,0,166016
111121,3,0,166019
111122,1,0,166020
111123,3,0,166023
111124,1,0,166024
111125,2,0,166026
111126,2,0,166028
111127,2,0,166030
111128,1,0,166031
111129,1,0,166032
111130,3,0,166035
111131,1,0,166036
111132,1,0,166037
111133,2,0,166039
111134,1,0,166040
111135,1,0,166041
111136,1,0,166042
111137,1,0,166043
111138,1,0,166044
111139,1,0,166045
111140,1,0,166046
111141,1,0,166047
111142,3,0,166050
111143,1,0,166051
111144,2,0,166053
111145,1,0,166054
111146,3,0,166057
111147,1,0,166058
111148,1,0,166059
111149,1,0,166060
111150,1,0,166061
111151,1,0,166062
111152,1,0,166063
111153,3,0,166066
111154,2,0,166068
111155,1,0,166069
111156,1,0,166070
111157,1,0,166071
111158,1,0,166072
111159,1,0,166073
111160,2,0,166075
111161,1,0,166076
111162,1,0,166077
111163,1,0,166078
111164,3,0,166081
111165,1,0,166082
111166,1,0,166083
111167,1,0,166084
111168,2,0,166086
111169,1,0,166087
111170,1,0,166088
111171,2,0,166090
111172,2,0,166092
111173,1,0,166093
111174,2,0,166095
111175,5,0,166100
111176,1,0,166101
111177,1,0,166102
111178,1,0,166103
111179,1,0,166104
111180,1,0,166105
111181,2,0,166107
111182,2,0,166109
111183,1,0,166110
111184,1,0,166111
111185,1,0,166112
111186,4,0,166116
111187,1,0,166117
111188,1,0,166118
111189,1,0,166119
111190,1,0,166120
111191,1,0,166121
111192,1,0,166122
111193,1,0,166123
111194,1,0,166124
111195,1,0,166125
111196,1,0,166126
111197,1,0,166127
111198,1,0,166128
111199,1,0,166129
111200,1,0,166130
111201,1,0,166131
111202,1,0,166132
111203,1,0,166133
111204,2,0,166135
111205,1,0,166136
111206,1,0,166137
111207,1,0,166138
111208,1,0,166139
111209,1,0,166140
111210,1,0,166141
111211,1,0,166142
111212,1,0,166143
111213,1,0,166144
111214,2,0,166146
111215,1,0,166147
111216,3,0,166150
111217,1,0,166151
111218,4,0,166155
111219,1,0,166156
111220,1,0,166157
111221,1,0,166158
111222,1,0,166159
111223,1,0,166160
111224,2,0,166162
111225,2,0,166164
111226,1,0,166165
111227,1,0,166166
111228,1,0,166167
111229,1,0,166168
111230,1,0,166169
111231,2,0,166171
111232,1,0,166172
111233,1,0,166173
111234,1,0,166174
111235,1,0,166175
111236,1,0,166176
111237,1,0,166177
111238,2,0,166179
111239,1,0,166180
111240,1,0,166181
111241,1,0,166182
111242,1,0,166183
111243,3,0,166186
111244,1,0,166187
111245,1,0,166188
111246,1,0,166189
111247,1,0,166190
111248,1,0,166191
111249,1,0,166192
111250,1,0,166193
111251,2,0,166195
111252,1,0,166196
111253,1,0,166197
111254,1,0,166198
111255,1,0,166199
111256,1,0,166200
111257,3,0,166203
111258,6,0,166209
111259,1,0,166210
111260,1,0,166211
111261,1,0,166212
111262,1,0,166213
111263,1,0,166214
111264,2,0,166216
111265,1,0,166217
111266,1,0,166218
111267,1,0,166219
111268,1,0,166220
111269,1,0,166221
111270,2,0,166223
111271,2,0,166225
111272,1,0,166226
111273,1,0,166227
111274,3,0,166230
111275,2,0,166232
111276,1,0,166233
111277,1,0,166234
111278,1,0,166235
111279,1,0,166236
111280,1,0,166237
111281,2,0,166239
111282,2,0,166241
111283,1,0,166242
111284,2,0,166244
111285,1,0,166245
111286,1,0,166246
111287,1,0,166247
111288,2,0,166249
111289,1,0,166250
111290,2,0,166252
111291,2,0,166254
111292,2,0,166256
111293,1,0,166257
111294,1,0,166258
111295,2,0,166260
111296,1,0,166261
111297,1,0,166262
111298,3,0,166265
111299,2,0,166267
111300,1,0,166268
111301,1,0,166269
111302,2,0,166271
111303,1,0,166272
111304,1,0,166273
111305,2,0,166275
111306,1,0,166276
111307,1,0,166277
111308,1,0,166278
111309,1,0,166279
111310,3,0,166282
111311,2,0,166284
111312,2,0,166286
111313,1,0,166287
111314,1,0,166288
111315,1,0,166289
111316,1,0,166290
111317,1,0,166291
111318,1,0,166292
111319,1,0,166293
111320,2,0,166295
111321,2,0,166297
111322,1,0,166298
111323,1,0,166299
111324,1,0,166300
111325,1,0,166301
111326,1,0,166302
111327,1,0,166303
111328,1,0,166304
111329,1,0,166305
111330,1,0,166306
111331,1,0,166307
111332,2,0,166309
111333,1,0,166310
111334,4,0,166314
111335,4,0,166318
111336,1,0,166319
111337,1,0,166320
111338,1,0,166321
111339,1,0,166322
111340,2,0,166324
111341,3,0,166327
111342,1,0,166328
111343,1,0,166329
111344,3,0,166332
111345,1,0,166333
111346,2,0,166335
111347,1,0,166336
111348,1,0,166337
111349,1,0,166338
111350,4,0,166342
111351,1,0,166343
111352,1,0,166344
111353,1,0,166345
111354,1,0,166346
111355,1,0,166347
111356,1,0,166348
111357,1,0,166349
111358,1,0,166350
111359,1,0,166351
111360,2,0,166353
111361,1,0,166354
111362,1,0,166355
111363,2,0,166357
111364,1,0,166358
111365,1,0,166359
111366,1,0,166360
111367,1,0,166361
111368,2,0,166363
111369,1,0,166364
111370,4,0,166368
111371,1,0,166369
111372,1,0,166370
111373,2,0,166372
111374,1,0,166373
111375,2,0,166375
111376,1,0,166376
111377,1,0,166377
111378,2,0,166379
111379,1,0,166380
111380,2,0,166382
111381,1,0,166383
111382,2,0,166385
111383,1,0,166386
111384,1,0,166387
111385,1,0,166388
111386,1,0,166389
111387,1,0,166390
111388,1,0,166391
111389,2,0,166393
111390,1,0,166394
111391,2,0,166396
111392,1,0,166397
111393,1,0,166398
111394,1,0,166399
111395,1,0,166400
111396,1,0,166401
111397,1,0,166402
111398,2,0,166404
111399,1,0,166405
111400,1,0,166406
111401,3,0,166409
111402,1,0,166410
111403,1,0,166411
111404,1,0,166412
111405,1,0,166413
111406,2,0,166415
111407,1,0,166416
111408,1,0,166417
111409,1,0,166418
111410,3,0,166421
111411,1,0,166422
111412,2,0,166424
111413,1,0,166425
111414,1,0,166426
111415,1,0,166427
111416,1,0,166428
111417,1,0,166429
111418,1,0,166430
111419,1,0,166431
111420,2,0,166433
111421,1,0,166434
111422,2,0,166436
111423,2,0,166438
111424,2,0,166440
111425,1,0,166441
111426,1,0,166442
111427,1,0,166443
111428,5,0,166448
111429,1,0,166449
111430,1,0,166450
111431,2,0,166452
111432,1,0,166453
111433,1,0,166454
111434,1,0,166455
111435,2,0,166457
111436,1,0,166458
111437,1,0,166459
111438,1,0,166460
111439,2,0,166462
111440,1,0,166463
111441,3,0,166466
111442,1,0,166467
111443,1,0,166468
111444,2,0,166470
111445,1,0,166471
111446,3,0,166474
111447,1,0,166475
111448,1,0,166476
111449,1,0,166477
111450,2,0,166479
111451,1,0,166480
111452,1,0,166481
111453,3,0,166484
111454,2,0,166486
111455,2,0,166488
111456,1,0,166489
111457,1,0,166490
111458,1,0,166491
111459,1,0,166492
111460,3,0,166495
111461,1,0,166496
111462,1,0,166497
111463,1,0,166498
111464,2,0,166500
111465,1,0,166501
111466,1,0,166502
111467,2,0,166504
111468,3,0,166507
111469,1,0,166508
111470,2,0,166510
111471,1,0,166511
111472,1,0,166512
111473,1,0,166513
111474,3,0,166516
111475,1,0,166517
111476,1,0,166518
111477,1,0,166519
111478,1,0,166520
111479,3,0,166523
111480,1,0,166524
111481,1,0,166525
111482,3,0,166528
111483,1,0,166529
111484,2,0,166531
111485,1,0,166532
111486,4,0,166536
111487,1,0,166537
111488,1,0,166538
111489,1,0,166539
111490,1,0,166540
111491,1,0,166541
111492,1,0,166542
111493,1,0,166543
111494,1,0,166544
111495,2,0,166546
111496,1,0,166547
111497,1,0,166548
111498,1,0,166549
111499,1,0,166550
111500,1,0,166551
111501,1,0,166552
111502,1,0,166553
111503,2,0,166555
111504,1,0,166556
111505,2,0,166558
111506,1,0,166559
111507,1,0,166560
111508,5,0,166565
111509,1,0,166566
111510,1,0,166567
111511,1,0,166568
111512,3,0,166571
111513,2,0,166573
111514,1,0,166574
111515,1,0,166575
111516,1,0,166576
111517,1,0,166577
111518,2,0,166579
111519,1,0,166580
111520,1,0,166581
111521,2,0,166583
111522,1,0,166584
111523,1,0,166585
111524,3,0,166588
111525,1,0,166589
111526,1,0,166590
111527,1,0,166591
111528,2,0,166593
111529,1,0,166594
111530,1,0,166595
111531,1,0,166596
111532,1,0,166597
111533,1,0,166598
111534,3,0,166601
111535,1,0,166602
111536,1,0,166603
111537,6,0,166609
111538,1,0,166610
111539,3,0,166613
111540,3,0,166616
111541,1,0,166617
111542,2,0,166619
111543,1,0,166620
111544,1,0,166621
111545,1,0,166622
111546,1,0,166623
111547,1,0,166624
111548,2,0,166626
111549,1,0,166627
111550,1,0,166628
111551,1,0,166629
111552,1,0,166630
111553,1,0,166631
111554,2,0,166633
111555,1,0,166634
111556,1,0,166635
111557,2,0,166637
111558,3,0,166640
111559,1,0,166641
111560,2,0,166643
111561,1,0,166644
111562,1,0,166645
111563,1,0,166646
111564,1,0,166647
111565,1,0,166648
111566,1,0,166649
111567,1,0,166650
111568,1,0,166651
111569,2,0,166653
111570,1,0,166654
111571,1,0,166655
111572,2,0,166657
111573,1,0,166658
111574,1,0,166659
111575,1,0,166660
111576,1,0,166661
111577,2,0,166663
111578,2,0,166665
111579,1,0,166666
111580,2,0,166668
111581,2,0,166670
111582,2,0,166672
111583,1,0,166673
111584,1,0,166674
111585,1,0,166675
111586,1,0,166676
111587,2,0,166678
111588,1,0,166679
111589,3,0,166682
111590,4,0,166686
111591,1,0,166687
111592,1,0,166688
111593,2,0,166690
111594,1,0,166691
111595,1,0,166692
111596,1,0,166693
111597,1,0,166694
111598,1,0,166695
111599,3,0,166698
111600,1,0,166699
111601,1,0,166700
111602,2,0,166702
111603,1,0,166703
111604,1,0,166704
111605,1,0,166705
111606,1,0,166706
111607,2,0,166708
111608,2,0,166710
111609,1,0,166711
111610,1,0,166712
111611,1,0,166713
111612,1,0,166714
111613,1,0,166715
111614,2,0,166717
111615,2,0,166719
111616,3,0,166722
111617,1,0,166723
111618,2,0,166725
111619,1,0,166726
111620,2,0,166728
111621,1,0,166729
111622,2,0,166731
111623,1,0,166732
111624,2,0,166734
111625,1,0,166735
111626,1,0,166736
111627,1,0,166737
111628,1,0,166738
111629,1,0,166739
111630,2,0,166741
111631,2,0,166743
111632,3,0,166746
111633,1,0,166747
111634,1,0,166748
111635,1,0,166749
111636,1,0,166750
111637,1,0,166751
111638,1,0,166752
111639,1,0,166753
111640,1,0,166754
111641,1,0,166755
111642,3,0,166758
111643,2,0,166760
111644,1,0,166761
111645,1,0,166762
111646,1,0,166763
111647,2,0,166765
111648,2,0,166767
111649,1,0,166768
111650,1,0,166769
111651,1,0,166770
111652,1,0,166771
111653,4,0,166775
111654,1,0,166776
111655,1,0,166777
111656,1,0,166778
111657,1,0,166779
111658,2,0,166781
111659,1,0,166782
111660,1,0,166783
111661,1,0,166784
111662,1,0,166785
111663,3,0,166788
111664,1,0,166789
111665,1,0,166790
111666,1,0,166791
111667,2,0,166793
111668,1,0,166794
111669,1,0,166795
111670,1,0,166796
111671,1,0,166797
111672,1,0,166798
111673,2,0,166800
111674,1,0,166801
111675,2,0,166803
111676,1,0,166804
111677,2,0,166806
111678,3,0,166809
111679,1,0,166810
111680,1,0,166811
111681,1,0,166812
111682,1,0,166813
111683,1,0,166814
111684,1,0,166815
111685,2,0,166817
111686,1,0,166818
111687,3,0,166821
111688,1,0,166822
111689,1,0,166823
111690,1,0,166824
111691,1,0,166825
111692,1,0,166826
111693,1,0,166827
111694,1,0,166828
111695,2,0,166830
111696,1,0,166831
111697,1,0,166832
111698,1,0,166833
111699,1,0,166834
111700,1,0,166835
111701,1,0,166836
111702,2,0,166838
111703,2,0,166840
111704,1,0,166841
111705,2,0,166843
111706,1,0,166844
111707,1,0,166845
111708,1,0,166846
111709,1,0,166847
111710,1,0,166848
111711,1,0,166849
111712,1,0,166850
111713,1,0,166851
111714,1,0,166852
111715,5,0,166857
111716,3,0,166860
111717,1,0,166861
111718,1,0,166862
111719,1,0,166863
111720,2,0,166865
111721,1,0,166866
111722,2,0,166868
111723,1,0,166869
111724,2,0,166871
111725,1,0,166872
111726,1,0,166873
111727,2,0,166875
111728,2,0,166877
111729,2,0,166879
111730,1,0,166880
111731,1,0,166881
111732,1,0,166882
111733,1,0,166883
111734,3,0,166886
111735,1,0,166887
111736,1,0,166888
111737,2,0,166890
111738,1,0,166891
111739,1,0,166892
111740,1,0,166893
111741,2,0,166895
111742,1,0,166896
111743,2,0,166898
111744,1,0,166899
111745,1,0,166900
111746,1,0,166901
111747,1,0,166902
111748,1,0,166903
111749,1,0,166904
111750,3,0,166907
111751,1,0,166908
111752,2,0,166910
111753,1,0,166911
111754,1,0,166912
111755,2,0,166914
111756,1,0,166915
111757,1,0,166916
111758,1,0,166917
111759,1,0,166918
111760,1,0,166919
111761,1,0,166920
111762,4,0,166924
111763,1,0,166925
111764,4,0,166929
111765,1,0,166930
111766,1,0,166931
111767,2,0,166933
111768,2,0,166935
111769,3,0,166938
111770,1,0,166939
111771,1,0,166940
111772,1,0,166941
111773,1,0,166942
111774,1,0,166943
111775,1,0,166944
111776,2,0,166946
111777,2,0,166948
111778,1,0,166949
111779,3,0,166952
111780,1,0,166953
111781,3,0,166956
111782,1,0,166957
111783,1,0,166958
111784,1,0,166959
111785,2,0,166961
111786,2,0,166963
111787,1,0,166964
111788,1,0,166965
111789,1,0,166966
111790,1,0,166967
111791,1,0,166968
111792,2,0,166970
111793,1,0,166971
111794,1,0,166972
111795,1,0,166973
111796,2,0,166975
111797,1,0,166976
111798,1,0,166977
111799,3,0,166980
111800,3,0,166983
111801,3,0,166986
111802,2,0,166988
111803,3,0,166991
111804,1,0,166992
111805,3,0,166995
111806,2,0,166997
111807,1,0,166998
111808,1,0,166999
111809,1,0,167000
111810,1,0,167001
111811,2,0,167003
111812,2,0,167005
111813,1,0,167006
111814,1,0,167007
111815,1,0,167008
111816,1,0,167009
111817,1,0,167010
111818,1,0,167011
111819,1,0,167012
111820,1,0,167013
111821,1,0,167014
111822,1,0,167015
111823,1,0,167016
111824,4,0,167020
111825,2,0,167022
111826,1,0,167023
111827,1,0,167024
111828,1,0,167025
111829,2,0,167027
111830,2,0,167029
111831,1,0,167030
111832,2,0,167032
111833,2,0,167034
111834,1,0,167035
111835,1,0,167036
111836,2,0,167038
111837,1,0,167039
111838,2,0,167041
111839,4,0,167045
111840,1,0,167046
111841,2,0,167048
111842,3,0,167051
111843,1,0,167052
111844,1,0,167053
111845,1,0,167054
111846,5,0,167059
111847,2,0,167061
111848,2,0,167063
111849,1,0,167064
111850,1,0,167065
111851,1,0,167066
111852,1,0,167067
111853,1,0,167068
111854,3,0,167071
111855,1,0,167072
111856,1,0,167073
111857,1,0,167074
111858,1,0,167075
111859,2,0,167077
111860,2,0,167079
111861,1,0,167080
111862,1,0,167081
111863,1,0,167082
111864,2,0,167084
111865,2,0,167086
111866,1,0,167087
111867,1,0,167088
111868,1,0,167089
111869,2,0,167091
111870,1,0,167092
111871,2,0,167094
111872,1,0,167095
111873,1,0,167096
111874,1,0,167097
111875,1,0,167098
111876,1,0,167099
111877,1,0,167100
111878,2,0,167102
111879,2,0,167104
111880,1,0,167105
111881,1,0,167106
111882,1,0,167107
111883,1,0,167108
111884,1,0,167109
111885,3,0,167112
111886,1,0,167113
111887,1,0,167114
111888,2,0,167116
111889,2,0,167118
111890,2,0,167120
111891,1,0,167121
111892,1,0,167122
111893,1,0,167123
111894,1,0,167124
111895,1,0,167125
111896,1,0,167126
111897,1,0,167127
111898,2,0,167129
111899,1,0,167130
111900,1,0,167131
111901,1,0,167132
111902,1,0,167133
111903,2,0,167135
111904,2,0,167137
111905,1,0,167138
111906,1,0,167139
111907,1,0,167140
111908,1,0,167141
111909,1,0,167142
111910,1,0,167143
111911,1,0,167144
111912,5,0,167149
111913,1,0,167150
111914,1,0,167151
111915,2,0,167153
111916,2,0,167155
111917,2,0,167157
111918,2,0,167159
111919,1,0,167160
111920,1,0,167161
111921,1,0,167162
111922,2,0,167164
111923,1,0,167165
111924,1,0,167166
111925,1,0,167167
111926,1,0,167168
111927,1,0,167169
111928,1,0,167170
111929,1,0,167171
111930,1,0,167172
111931,1,0,167173
111932,1,0,167174
111933,1,0,167175
111934,1,0,167176
111935,1,0,167177
111936,1,0,167178
111937,1,0,167179
111938,2,0,167181
111939,1,0,167182
111940,2,0,167184
111941,1,0,167185
111942,1,0,167186
111943,1,0,167187
111944,3,0,167190
111945,1,0,167191
111946,1,0,167192
111947,1,0,167193
111948,2,0,167195
111949,4,0,167199
111950,1,0,167200
111951,1,0,167201
111952,1,0,167202
111953,1,0,167203
111954,1,0,167204
111955,2,0,167206
111956,1,0,167207
111957,1,0,167208
111958,2,0,167210
111959,2,0,167212
111960,1,0,167213
111961,1,0,167214
111962,1,0,167215
111963,1,0,167216
111964,2,0,167218
111965,1,0,167219
111966,1,0,167220
111967,1,0,167221
111968,1,0,167222
111969,1,0,167223
111970,1,0,167224
111971,1,0,167225
111972,3,0,167228
111973,2,0,167230
111974,1,0,167231
111975,1,0,167232
111976,3,0,167235
111977,2,0,167237
111978,1,0,167238
111979,1,0,167239
111980,1,0,167240
111981,1,0,167241
111982,1,0,167242
111983,1,0,167243
111984,1,0,167244
111985,1,0,167245
111986,1,0,167246
111987,1,0,167247
111988,3,0,167250
111989,1,0,167251
111990,1,0,167252
111991,1,0,167253
111992,1,0,167254
111993,1,0,167255
111994,1,0,167256
111995,1,0,167257
111996,1,0,167258
111997,1,0,167259
111998,1,0,167260
111999,1,0,167261
112000,1,0,167262
112001,6,0,167268
112002,1,0,167269
112003,1,0,167270
112004,1,0,167271
112005,1,0,167272
112006,1,0,167273
112007,1,0,167274
112008,2,0,167276
112009,1,0,167277
112010,1,0,167278
112011,1,0,167279
112012,1,0,167280
112013,2,0,167282
112014,1,0,167283
112015,1,0,167284
112016,1,0,167285
112017,1,0,167286
112018,1,0,167287
112019,1,0,167288
112020,1,0,167289
112021,1,0,167290
112022,1,0,167291
112023,2,0,167293
112024,1,0,167294
112025,1,0,167295
112026,1,0,167296
112027,1,0,167297
112028,1,0,167298
112029,1,0,167299
112030,2,0,167301
112031,2,0,167303
112032,1,0,167304
112033,1,0,167305
112034,1,0,167306
112035,4,0,167310
112036,1,0,167311
112037,1,0,167312
112038,2,0,167314
112039,1,0,167315
112040,2,0,167317
112041,1,0,167318
112042,1,0,167319
112043,1,0,167320
112044,1,0,167321
112045,1,0,167322
112046,1,0,167323
112047,1,0,167324
112048,1,0,167325
112049,1,0,167326
112050,1,0,167327
112051,1,0,167328
112052,1,0,167329
112053,1,0,167330
112054,2,0,167332
112055,1,0,167333
112056,1,0,167334
112057,2,0,167336
112058,1,0,167337
112059,1,0,167338
112060,2,0,167340
112061,1,0,167341
112062,1,0,167342
112063,1,0,167343
112064,1,0,167344
112065,1,0,167345
112066,1,0,167346
112067,1,0,167347
112068,1,0,167348
112069,1,0,167349
112070,1,0,167350
112071,1,0,167351
112072,1,0,167352
112073,2,0,167354
112074,1,0,167355
112075,1,0,167356
112076,3,0,167359
112077,1,0,167360
112078,1,0,167361
112079,2,0,167363
112080,1,0,167364
112081,4,0,167368
112082,1,0,167369
112083,2,0,167371
112084,2,0,167373
112085,1,0,167374
112086,2,0,167376
112087,4,0,167380
112088,2,0,167382
112089,1,0,167383
112090,1,0,167384
112091,1,0,167385
112092,1,0,167386
112093,1,0,167387
112094,1,0,167388
112095,1,0,167389
112096,2,0,167391
112097,1,0,167392
112098,3,0,167395
112099,4,0,167399
112100,1,0,167400
112101,1,0,167401
112102,1,0,167402
112103,1,0,167403
112104,3,0,167406
112105,1,0,167407
112106,1,0,167408
112107,1,0,167409
112108,4,0,167413
112109,1,0,167414
112110,1,0,167415
112111,1,0,167416
112112,1,0,167417
112113,1,0,167418
112114,1,0,167419
112115,1,0,167420
112116,1,0,167421
112117,2,0,167423
112118,2,0,167425
112119,1,0,167426
112120,2,0,167428
112121,2,0,167430
112122,1,0,167431
112123,1,0,167432
112124,3,0,167435
112125,2,0,167437
112126,1,0,167438
112127,1,0,167439
112128,1,0,167440
112129,2,0,167442
112130,1,0,167443
112131,2,0,167445
112132,1,0,167446
112133,1,0,167447
112134,2,0,167449
112135,1,0,167450
112136,1,0,167451
112137,1,0,167452
112138,1,0,167453
112139,3,0,167456
112140,2,0,167458
112141,2,0,167460
112142,1,0,167461
112143,1,0,167462
112144,1,0,167463
112145,1,0,167464
112146,1,0,167465
112147,1,0,167466
112148,1,0,167467
112149,2,0,167469
112150,2,0,167471
112151,2,0,167473
112152,1,0,167474
112153,1,0,167475
112154,4,0,167479
112155,1,0,167480
112156,1,0,167481
112157,2,0,167483
112158,4,0,167487
112159,2,0,167489
112160,2,0,167491
112161,1,0,167492
112162,1,0,167493
112163,1,0,167494
112164,1,0,167495
112165,1,0,167496
112166,1,0,167497
112167,2,0,167499
112168,1,0,167500
112169,1,0,167501
112170,1,0,167502
112171,2,0,167504
112172,1,0,167505
112173,1,0,167506
112174,1,0,167507
112175,2,0,167509
112176,1,0,167510
112177,1,0,167511
112178,2,0,167513
112179,2,0,167515
112180,1,0,167516
112181,2,0,167518
112182,1,0,167519
112183,1,0,167520
112184,1,0,167521
112185,1,0,167522
112186,1,0,167523
112187,1,0,167524
112188,1,0,167525
112189,1,0,167526
112190,1,0,167527
112191,2,0,167529
112192,1,0,167530
112193,1,0,167531
112194,1,0,167532
112195,1,0,167533
112196,1,0,167534
112197,2,0,167536
112198,1,0,167537
112199,2,0,167539
112200,1,0,167540
112201,2,0,167542
112202,1,0,167543
112203,1,0,167544
112204,2,0,167546
112205,1,0,167547
112206,1,0,167548
112207,1,0,167549
112208,1,0,167550
112209,1,0,167551
112210,1,0,167552
112211,3,0,167555
112212,1,0,167556
112213,3,0,167559
112214,1,0,167560
112215,1,0,167561
112216,1,0,167562
112217,1,0,167563
112218,1,0,167564
112219,1,0,167565
112220,1,0,167566
112221,1,0,167567
112222,1,0,167568
112223,1,0,167569
112224,1,0,167570
112225,1,0,167571
112226,1,0,167572
112227,1,0,167573
112228,1,0,167574
112229,1,0,167575
112230,1,0,167576
112231,2,0,167578
112232,1,0,167579
112233,1,0,167580
112234,2,0,167582
112235,1,0,167583
112236,1,0,167584
112237,1,0,167585
112238,1,0,167586
112239,2,0,167588
112240,2,0,167590
112241,2,0,167592
112242,1,0,167593
112243,1,0,167594
112244,1,0,167595
112245,4,0,167599
112246,1,0,167600
112247,2,0,167602
112248,1,0,167603
112249,1,0,167604
112250,1,0,167605
112251,1,0,167606
112252,1,0,167607
112253,2,0,167609
112254,1,0,167610
112255,1,0,167611
112256,4,0,167615
112257,1,0,167616
112258,1,0,167617
112259,2,0,167619
112260,1,0,167620
112261,1,0,167621
112262,25,0,167646
112263,1,0,167647
112264,1,0,167648
112265,1,0,167649
112266,1,0,167650
112267,2,0,167652
112268,1,0,167653
112269,1,0,167654
112270,1,0,167655
112271,1,0,167656
112272,1,0,167657
112273,1,0,167658
112274,1,0,167659
112275,3,0,167662
112276,1,0,167663
112277,1,0,167664
112278,1,0,167665
112279,1,0,167666
112280,1,0,167667
112281,1,0,167668
112282,2,0,167670
112283,1,0,167671
112284,1,0,167672
112285,1,0,167673
112286,1,0,167674
112287,2,0,167676
112288,1,0,167677
112289,1,0,167678
112290,1,0,167679
112291,3,0,167682
112292,1,0,167683
112293,2,0,167685
112294,1,0,167686
112295,1,0,167687
112296,1,0,167688
112297,2,0,167690
112298,1,0,167691
112299,1,0,167692
112300,2,0,167694
112301,1,0,167695
112302,1,0,167696
112303,1,0,167697
112304,1,0,167698
112305,1,0,167699
112306,2,0,167701
112307,1,0,167702
112308,1,0,167703
112309,1,0,167704
112310,2,0,167706
112311,1,0,167707
112312,2,0,167709
112313,2,0,167711
112314,1,0,167712
112315,2,0,167714
112316,1,0,167715
112317,3,0,167718
112318,2,0,167720
112319,1,0,167721
112320,1,0,167722
112321,1,0,167723
112322,1,0,167724
112323,1,0,167725
112324,1,0,167726
112325,2,0,167728
112326,2,0,167730
112327,1,0,167731
112328,1,0,167732
112329,1,0,167733
112330,1,0,167734
112331,1,0,167735
112332,1,0,167736
112333,2,0,167738
112334,2,0,167740
112335,6,0,167746
112336,1,0,167747
112337,1,0,167748
112338,3,0,167751
112339,1,0,167752
112340,1,0,167753
112341,2,0,167755
112342,1,0,167756
112343,2,0,167758
112344,1,0,167759
112345,1,0,167760
112346,2,0,167762
112347,1,0,167763
112348,1,0,167764
112349,1,0,167765
112350,2,0,167767
112351,3,0,167770
112352,1,0,167771
112353,3,0,167774
112354,1,0,167775
112355,1,0,167776
112356,4,0,167780
112357,2,0,167782
112358,1,0,167783
112359,1,0,167784
112360,1,0,167785
112361,1,0,167786
112362,2,0,167788
112363,2,0,167790
112364,3,0,167793
112365,2,0,167795
112366,1,0,167796
112367,2,0,167798
112368,2,0,167800
112369,1,0,167801
112370,1,0,167802
112371,1,0,167803
112372,2,0,167805
112373,2,0,167807
112374,3,0,167810
112375,1,0,167811
112376,1,0,167812
112377,2,0,167814
112378,1,0,167815
112379,3,0,167818
112380,1,0,167819
112381,2,0,167821
112382,2,0,167823
112383,2,0,167825
112384,1,0,167826
112385,1,0,167827
112386,3,0,167830
112387,1,0,167831
112388,1,0,167832
112389,1,0,167833
112390,1,0,167834
112391,1,0,167835
112392,2,0,167837
112393,2,0,167839
112394,3,0,167842
112395,1,0,167843
112396,1,0,167844
112397,2,0,167846
112398,1,0,167847
112399,1,0,167848
112400,2,0,167850
112401,1,0,167851
112402,2,0,167853
112403,1,0,167854
112404,1,0,167855
112405,2,0,167857
112406,1,0,167858
112407,1,0,167859
112408,2,0,167861
112409,1,0,167862
112410,3,0,167865
112411,1,0,167866
112412,1,0,167867
112413,2,0,167869
112414,3,0,167872
112415,1,0,167873
112416,1,0,167874
112417,1,0,167875
112418,1,0,167876
112419,1,0,167877
112420,3,0,167880
112421,1,0,167881
112422,1,0,167882
112423,1,0,167883
112424,1,0,167884
112425,2,0,167886
112426,1,0,167887
112427,1,0,167888
112428,1,0,167889
112429,1,0,167890
112430,1,0,167891
112431,2,0,167893
112432,1,0,167894
112433,1,0,167895
112434,1,0,167896
112435,1,0,167897
112436,1,0,167898
112437,1,0,167899
112438,3,0,167902
112439,2,0,167904
112440,2,0,167906
112441,1,0,167907
112442,1,0,167908
112443,1,0,167909
112444,1,0,167910
112445,1,0,167911
112446,4,0,167915
112447,1,0,167916
112448,2,0,167918
112449,2,0,167920
112450,1,0,167921
112451,1,0,167922
112452,1,0,167923
112453,2,0,167925
112454,1,0,167926
112455,1,0,167927
112456,4,0,167931
112457,1,0,167932
112458,1,0,167933
112459,1,0,167934
112460,3,0,167937
112461,3,0,167940
112462,1,0,167941
112463,1,0,167942
112464,1,0,167943
112465,1,0,167944
112466,1,0,167945
112467,1,0,167946
112468,1,0,167947
112469,3,0,167950
112470,2,0,167952
112471,2,0,167954
112472,1,0,167955
112473,1,0,167956
112474,1,0,167957
112475,2,0,167959
112476,1,0,167960
112477,1,0,167961
112478,1,0,167962
112479,1,0,167963
112480,1,0,167964
112481,1,0,167965
112482,2,0,167967
112483,2,0,167969
112484,3,0,167972
112485,1,0,167973
112486,1,0,167974
112487,2,0,167976
112488,1,0,167977
112489,1,0,167978
112490,1,0,167979
112491,1,0,167980
112492,1,0,167981
112493,4,0,167985
112494,1,0,167986
112495,3,0,167989
112496,1,0,167990
112497,2,0,167992
112498,2,0,167994
112499,1,0,167995
112500,1,0,167996
112501,3,0,167999
112502,1,0,168000
112503,2,0,168002
112504,1,0,168003
112505,2,0,168005
112506,1,0,168006
112507,1,0,168007
112508,1,0,168008
112509,2,0,168010
112510,1,0,168011
112511,1,0,168012
112512,1,0,168013
112513,1,0,168014
112514,1,0,168015
112515,2,0,168017
112516,1,0,168018
112517,5,0,168023
112518,2,0,168025
112519,2,0,168027
112520,1,0,168028
112521,1,0,168029
112522,1,0,168030
112523,2,0,168032
112524,1,0,168033
112525,1,0,168034
112526,1,0,168035
112527,1,0,168036
112528,1,0,168037
112529,1,0,168038
112530,1,0,168039
112531,1,0,168040
112532,4,0,168044
112533,1,0,168045
112534,1,0,168046
112535,1,0,168047
112536,1,0,168048
112537,2,0,168050
112538,1,0,168051
112539,1,0,168052
112540,1,0,168053
112541,1,0,168054
112542,1,0,168055
112543,1,0,168056
112544,3,0,168059
112545,2,0,168061
112546,1,0,168062
112547,1,0,168063
112548,1,0,168064
112549,1,0,168065
112550,1,0,168066
112551,1,0,168067
112552,7,0,168074
112553,1,0,168075
112554,2,0,168077
112555,2,0,168079
112556,1,0,168080
112557,1,0,168081
112558,1,0,168082
112559,1,0,168083
112560,1,0,168084
112561,1,0,168085
112562,2,0,168087
112563,1,0,168088
112564,3,0,168091
112565,1,0,168092
112566,1,0,168093
112567,2,0,168095
112568,2,0,168097
112569,1,0,168098
112570,5,0,168103
112571,1,0,168104
112572,1,0,168105
112573,2,0,168107
112574,2,0,168109
112575,1,0,168110
112576,1,0,168111
112577,1,0,168112
112578,1,0,168113
112579,1,0,168114
112580,2,0,168116
112581,4,0,168120
112582,1,0,168121
112583,1,0,168122
112584,2,0,168124
112585,1,0,168125
112586,1,0,168126
112587,1,0,168127
112588,1,0,168128
112589,1,0,168129
112590,1,0,168130
112591,1,0,168131
112592,1,0,168132
112593,5,0,168137
112594,1,0,168138
112595,1,0,168139
112596,1,0,168140
112597,1,0,168141
112598,1,0,168142
112599,1,0,168143
112600,1,0,168144
112601,2,0,168146
112602,3,0,168149
112603,1,0,168150
112604,2,0,168152
112605,1,0,168153
112606,2,0,168155
112607,1,0,168156
112608,1,0,168157
112609,1,0,168158
112610,1,0,168159
112611,1,0,168160
112612,1,0,168161
112613,1,0,168162
112614,1,0,168163
112615,1,0,168164
112616,3,0,168167
112617,1,0,168168
112618,3,0,168171
112619,2,0,168173
112620,1,0,168174
112621,1,0,168175
112622,3,0,168178
112623,1,0,168179
112624,1,0,168180
112625,1,0,168181
112626,1,0,168182
112627,1,0,168183
112628,2,0,168185
112629,1,0,168186
112630,1,0,168187
112631,1,0,168188
112632,1,0,168189
112633,2,0,168191
112634,2,0,168193
112635,2,0,168195
112636,1,0,168196
112637,1,0,168197
112638,1,0,168198
112639,1,0,168199
112640,2,0,168201
112641,4,0,168205
112642,2,0,168207
112643,2,0,168209
112644,1,0,168210
112645,2,0,168212
112646,1,0,168213
112647,2,0,168215
112648,2,0,168217
112649,1,0,168218
112650,1,0,168219
112651,2,0,168221
112652,2,0,168223
112653,4,0,168227
112654,1,0,168228
112655,1,0,168229
112656,2,0,168231
112657,1,0,168232
112658,1,0,168233
112659,1,0,168234
112660,2,0,168236
112661,3,0,168239
112662,1,0,168240
112663,1,0,168241
112664,1,0,168242
112665,1,0,168243
112666,1,0,168244
112667,1,0,168245
112668,1,0,168246
112669,2,0,168248
112670,2,0,168250
112671,1,0,168251
112672,1,0,168252
112673,1,0,168253
112674,3,0,168256
112675,2,0,168258
112676,1,0,168259
112677,1,0,168260
112678,1,0,168261
112679,2,0,168263
112680,1,0,168264
112681,1,0,168265
112682,1,0,168266
112683,2,0,168268
112684,2,0,168270
112685,3,0,168273
112686,1,0,168274
112687,1,0,168275
112688,1,0,168276
112689,1,0,168277
112690,2,0,168279
112691,1,0,168280
112692,1,0,168281
112693,2,0,168283
112694,2,0,168285
112695,1,0,168286
112696,4,0,168290
112697,1,0,168291
112698,1,0,168292
112699,1,0,168293
112700,2,0,168295
112701,1,0,168296
112702,4,0,168300
112703,1,0,168301
112704,1,0,168302
112705,1,0,168303
112706,2,0,168305
112707,1,0,168306
112708,1,0,168307
112709,2,0,168309
112710,1,0,168310
112711,1,0,168311
112712,1,0,168312
112713,1,0,168313
112714,1,0,168314
112715,1,0,168315
112716,2,0,168317
112717,1,0,168318
112718,2,0,168320
112719,1,0,168321
112720,1,0,168322
112721,1,0,168323
112722,2,0,168325
112723,1,0,168326
112724,1,0,168327
112725,3,0,168330
112726,1,0,168331
112727,1,0,168332
112728,1,0,168333
112729,1,0,168334
112730,1,0,168335
112731,3,0,168338
112732,1,0,168339
112733,1,0,168340
112734,2,0,168342
112735,1,0,168343
112736,1,0,168344
112737,3,0,168347
112738,1,0,168348
112739,1,0,168349
112740,1,0,168350
112741,1,0,168351
112742,1,0,168352
112743,3,0,168355
112744,1,0,168356
112745,1,0,168357
112746,1,0,168358
112747,1,0,168359
112748,2,0,168361
112749,2,0,168363
112750,2,0,168365
112751,1,0,168366
112752,3,0,168369
112753,1,0,168370
112754,1,0,168371
112755,3,0,168374
112756,1,0,168375
112757,1,0,168376
112758,1,0,168377
112759,1,0,168378
112760,5,0,168383
112761,1,0,168384
112762,1,0,168385
112763,1,0,168386
112764,1,0,168387
112765,2,0,168389
112766,1,0,168390
112767,2,0,168392
112768,1,0,168393
112769,1,0,168394
112770,2,0,168396
112771,2,0,168398
112772,4,0,168402
112773,1,0,168403
112774,1,0,168404
112775,1,0,168405
112776,1,0,168406
112777,2,0,168408
112778,2,0,168410
112779,1,0,168411
112780,1,0,168412
112781,1,0,168413
112782,3,0,168416
112783,1,0,168417
112784,2,0,168419
112785,1,0,168420
112786,2,0,168422
112787,2,0,168424
112788,1,0,168425
112789,1,0,168426
112790,1,0,168427
112791,3,0,168430
112792,1,0,168431
112793,1,0,168432
112794,1,0,168433
112795,1,0,168434
112796,1,0,168435
112797,1,0,168436
112798,1,0,168437
112799,2,0,168439
112800,1,0,168440
112801,2,0,168442
112802,1,0,168443
112803,1,0,168444
112804,1,0,168445
112805,2,0,168447
112806,2,0,168449
112807,1,0,168450
112808,2,0,168452
112809,1,0,168453
112810,2,0,168455
112811,1,0,168456
112812,1,0,168457
112813,1,0,168458
112814,4,0,168462
112815,1,0,168463
112816,1,0,168464
112817,1,0,168465
112818,4,0,168469
112819,1,0,168470
112820,1,0,168471
112821,1,0,168472
112822,1,0,168473
112823,1,0,168474
112824,2,0,168476
112825,1,0,168477
112826,7,0,168484
112827,2,0,168486
112828,1,0,168487
112829,1,0,168488
112830,1,0,168489
112831,1,0,168490
112832,2,0,168492
112833,2,0,168494
112834,1,0,168495
112835,2,0,168497
112836,1,0,168498
112837,1,0,168499
112838,1,0,168500
112839,2,0,168502
112840,2,0,168504
112841,1,0,168505
112842,2,0,168507
112843,1,0,168508
112844,2,0,168510
112845,2,0,168512
112846,1,0,168513
112847,1,0,168514
112848,1,0,168515
112849,1,0,168516
112850,10,0,168526
112851,1,0,168527
112852,2,0,168529
112853,1,0,168530
112854,1,0,168531
112855,1,0,168532
112856,1,0,168533
112857,4,0,168537
112858,1,0,168538
112859,1,0,168539
112860,1,0,168540
112861,1,0,168541
112862,1,0,168542
112863,2,0,168544
112864,1,0,168545
112865,2,0,168547
112866,2,0,168549
112867,1,0,168550
112868,1,0,168551
112869,3,0,168554
112870,2,0,168556
112871,2,0,168558
112872,1,0,168559
112873,1,0,168560
112874,3,0,168563
112875,2,0,168565
112876,4,0,168569
112877,1,0,168570
112878,3,0,168573
112879,1,0,168574
112880,1,0,168575
112881,2,0,168577
112882,2,0,168579
112883,1,0,168580
112884,2,0,168582
112885,1,0,168583
112886,2,0,168585
112887,1,0,168586
112888,1,0,168587
112889,2,0,168589
112890,1,0,168590
112891,2,0,168592
112892,1,0,168593
112893,1,0,168594
112894,1,0,168595
112895,1,0,168596
112896,1,0,168597
112897,2,0,168599
112898,1,0,168600
112899,1,0,168601
112900,1,0,168602
112901,1,0,168603
112902,2,0,168605
112903,1,0,168606
112904,1,0,168607
112905,1,0,168608
112906,2,0,168610
112907,1,0,168611
112908,1,0,168612
112909,2,0,168614
112910,1,0,168615
112911,2,0,168617
112912,1,0,168618
112913,1,0,168619
112914,2,0,168621
112915,1,0,168622
112916,1,0,168623
112917,1,0,168624
112918,2,0,168626
112919,1,0,168627
112920,1,0,168628
112921,1,0,168629
112922,1,0,168630
112923,1,0,168631
112924,1,0,168632
112925,1,0,168633
112926,1,0,168634
112927,1,0,168635
112928,1,0,168636
112929,1,0,168637
112930,1,0,168638
112931,2,0,168640
112932,2,0,168642
112933,1,0,168643
112934,1,0,168644
112935,4,0,168648
112936,1,0,168649
112937,1,0,168650
112938,1,0,168651
112939,1,0,168652
112940,1,0,168653
112941,1,0,168654
112942,2,0,168656
112943,1,0,168657
112944,1,0,168658
112945,2,0,168660
112946,1,0,168661
112947,1,0,168662
112948,2,0,168664
112949,2,0,168666
112950,6,0,168672
112951,1,0,168673
112952,1,0,168674
112953,1,0,168675
112954,1,0,168676
112955,1,0,168677
112956,1,0,168678
112957,1,0,168679
112958,1,0,168680
112959,1,0,168681
112960,1,0,168682
112961,1,0,168683
112962,2,0,168685
112963,1,0,168686
112964,1,0,168687
112965,1,0,168688
112966,1,0,168689
112967,2,0,168691
112968,1,0,168692
112969,1,0,168693
112970,2,0,168695
112971,1,0,168696
112972,1,0,168697
112973,1,0,168698
112974,2,0,168700
112975,1,0,168701
112976,1,0,168702
112977,1,0,168703
112978,4,0,168707
112979,1,0,168708
112980,3,0,168711
112981,3,0,168714
112982,1,0,168715
112983,1,0,168716
112984,1,0,168717
112985,1,0,168718
112986,1,0,168719
112987,1,0,168720
112988,2,0,168722
112989,1,0,168723
112990,1,0,168724
112991,2,0,168726
112992,1,0,168727
112993,2,0,168729
112994,1,0,168730
112995,1,0,168731
112996,1,0,168732
112997,1,0,168733
112998,1,0,168734
112999,1,0,168735
113000,2,0,168737
113001,1,0,168738
113002,1,0,168739
113003,1,0,168740
113004,3,0,168743
113005,1,0,168744
113006,1,0,168745
113007,1,0,168746
113008,1,0,168747
113009,1,0,168748
113010,1,0,168749
113011,1,0,168750
113012,1,0,168751
113013,1,0,168752
113014,2,0,168754
113015,3,0,168757
113016,1,0,168758
113017,2,0,168760
113018,1,0,168761
113019,1,0,168762
113020,3,0,168765
113021,2,0,168767
113022,1,0,168768
113023,1,0,168769
113024,3,0,168772
113025,2,0,168774
113026,1,0,168775
113027,2,0,168777
113028,1,0,168778
113029,1,0,168779
113030,1,0,168780
113031,1,0,168781
113032,1,0,168782
113033,1,0,168783
113034,1,0,168784
113035,3,0,168787
113036,1,0,168788
113037,2,0,168790
113038,2,0,168792
113039,1,0,168793
113040,2,0,168795
113041,1,0,168796
113042,2,0,168798
113043,2,0,168800
113044,1,0,168801
113045,2,0,168803
113046,3,0,168806
113047,2,0,168808
113048,1,0,168809
113049,1,0,168810
113050,4,0,168814
113051,5,0,168819
113052,1,0,168820
113053,1,0,168821
113054,1,0,168822
113055,3,0,168825
113056,2,0,168827
113057,1,0,168828
113058,2,0,168830
113059,1,0,168831
113060,1,0,168832
113061,1,0,168833
113062,3,0,168836
113063,1,0,168837
113064,2,0,168839
113065,1,0,168840
113066,1,0,168841
113067,1,0,168842
113068,1,0,168843
113069,1,0,168844
113070,1,0,168845
113071,1,0,168846
113072,1,0,168847
113073,1,0,168848
113074,3,0,168851
113075,1,0,168852
113076,1,0,168853
113077,2,0,168855
113078,2,0,168857
113079,1,0,168858
113080,2,0,168860
113081,1,0,168861
113082,2,0,168863
113083,1,0,168864
113084,1,0,168865
113085,3,0,168868
113086,2,0,168870
113087,1,0,168871
113088,1,0,168872
113089,1,0,168873
113090,1,0,168874
113091,1,0,168875
113092,1,0,168876
113093,1,0,168877
113094,2,0,168879
113095,1,0,168880
113096,2,0,168882
113097,3,0,168885
113098,1,0,168886
113099,1,0,168887
113100,2,0,168889
113101,1,0,168890
113102,1,0,168891
113103,1,0,168892
113104,3,0,168895
113105,2,0,168897
113106,1,0,168898
113107,1,0,168899
113108,1,0,168900
113109,1,0,168901
113110,2,0,168903
113111,1,0,168904
113112,2,0,168906
113113,1,0,168907
113114,1,0,168908
113115,1,0,168909
113116,2,0,168911
113117,1,0,168912
113118,1,0,168913
113119,3,0,168916
113120,2,0,168918
113121,1,0,168919
113122,1,0,168920
113123,1,0,168921
113124,1,0,168922
113125,1,0,168923
113126,1,0,168924
113127,1,0,168925
113128,2,0,168927
113129,1,0,168928
113130,1,0,168929
113131,1,0,168930
113132,2,0,168932
113133,2,0,168934
113134,2,0,168936
113135,3,0,168939
113136,1,0,168940
113137,1,0,168941
113138,3,0,168944
113139,1,0,168945
113140,1,0,168946
113141,1,0,168947
113142,1,0,168948
113143,1,0,168949
113144,1,0,168950
113145,1,0,168951
113146,1,0,168952
113147,2,0,168954
113148,2,0,168956
113149,1,0,168957
113150,1,0,168958
113151,2,0,168960
113152,1,0,168961
113153,1,0,168962
113154,1,0,168963
113155,1,0,168964
113156,1,0,168965
113157,1,0,168966
113158,1,0,168967
113159,1,0,168968
113160,1,0,168969
113161,1,0,168970
113162,1,0,168971
113163,5,0,168976
113164,1,0,168977
113165,3,0,168980
113166,3,0,168983
113167,1,0,168984
113168,1,0,168985
113169,1,0,168986
113170,1,0,168987
113171,2,0,168989
113172,1,0,168990
113173,1,0,168991
113174,1,0,168992
113175,3,0,168995
113176,1,0,168996
113177,1,0,168997
113178,1,0,168998
113179,1,0,168999
113180,1,0,169000
113181,2,0,169002
113182,1,0,169003
113183,1,0,169004
113184,1,0,169005
113185,1,0,169006
113186,1,0,169007
113187,3,0,169010
113188,2,0,169012
113189,1,0,169013
113190,1,0,169014
113191,1,0,169015
113192,1,0,169016
113193,3,0,169019
113194,1,0,169020
113195,1,0,169021
113196,1,0,169022
113197,2,0,169024
113198,2,0,169026
113199,2,0,169028
113200,3,0,169031
113201,1,0,169032
113202,1,0,169033
113203,1,0,169034
113204,1,0,169035
113205,1,0,169036
113206,1,0,169037
113207,1,0,169038
113208,1,0,169039
113209,1,0,169040
113210,1,0,169041
113211,1,0,169042
113212,1,0,169043
113213,2,0,169045
113214,2,0,169047
113215,1,0,169048
113216,1,0,169049
113217,1,0,169050
113218,1,0,169051
113219,1,0,169052
113220,1,0,169053
113221,2,0,169055
113222,1,0,169056
113223,1,0,169057
113224,2,0,169059
113225,1,0,169060
113226,2,0,169062
113227,1,0,169063
113228,1,0,169064
113229,1,0,169065
113230,1,0,169066
113231,1,0,169067
113232,2,0,169069
113233,2,0,169071
113234,1,0,169072
113235,1,0,169073
113236,1,0,169074
113237,1,0,169075
113238,1,0,169076
113239,1,0,169077
113240,1,0,169078
113241,1,0,169079
113242,1,0,169080
113243,2,0,169082
113244,2,0,169084
113245,1,0,169085
113246,1,0,169086
113247,3,0,169089
113248,4,0,169093
113249,1,0,169094
113250,1,0,169095
113251,1,0,169096
113252,1,0,169097
113253,4,0,169101
113254,1,0,169102
113255,2,0,169104
113256,1,0,169105
113257,1,0,169106
113258,1,0,169107
113259,1,0,169108
113260,1,0,169109
113261,1,0,169110
113262,1,0,169111
113263,1,0,169112
113264,2,0,169114
113265,1,0,169115
113266,2,0,169117
113267,1,0,169118
113268,1,0,169119
113269,1,0,169120
113270,3,0,169123
113271,1,0,169124
113272,1,0,169125
113273,4,0,169129
113274,1,0,169130
113275,2,0,169132
113276,1,0,169133
113277,1,0,169134
113278,3,0,169137
113279,1,0,169138
113280,1,0,169139
113281,1,0,169140
113282,1,0,169141
113283,1,0,169142
113284,1,0,169143
113285,2,0,169145
113286,3,0,169148
113287,2,0,169150
113288,1,0,169151
113289,1,0,169152
113290,1,0,169153
113291,1,0,169154
113292,1,0,169155
113293,1,0,169156
113294,1,0,169157
113295,2,0,169159
113296,2,0,169161
113297,1,0,169162
113298,1,0,169163
113299,2,0,169165
113300,1,0,169166
113301,1,0,169167
113302,1,0,169168
113303,1,0,169169
113304,1,0,169170
113305,1,0,169171
113306,5,0,169176
113307,2,0,169178
113308,1,0,169179
113309,1,0,169180
113310,1,0,169181
113311,1,0,169182
113312,2,0,169184
113313,3,0,169187
113314,1,0,169188
113315,1,0,169189
113316,2,0,169191
113317,1,0,169192
113318,2,0,169194
113319,1,0,169195
113320,1,0,169196
113321,1,0,169197
113322,1,0,169198
113323,1,0,169199
113324,1,0,169200
113325,1,0,169201
113326,1,0,169202
113327,3,0,169205
113328,2,0,169207
113329,1,0,169208
113330,2,0,169210
113331,2,0,169212
113332,1,0,169213
113333,1,0,169214
113334,2,0,169216
113335,1,0,169217
113336,1,0,169218
113337,3,0,169221
113338,4,0,169225
113339,1,0,169226
113340,2,0,169228
113341,1,0,169229
113342,2,0,169231
113343,1,0,169232
113344,2,0,169234
113345,1,0,169235
113346,3,0,169238
113347,1,0,169239
113348,1,0,169240
113349,1,0,169241
113350,3,0,169244
113351,1,0,169245
113352,1,0,169246
113353,1,0,169247
113354,1,0,169248
113355,1,0,169249
113356,3,0,169252
113357,1,0,169253
113358,3,0,169256
113359,3,0,169259
113360,1,0,169260
113361,2,0,169262
113362,1,0,169263
113363,1,0,169264
113364,1,0,169265
113365,2,0,169267
113366,3,0,169270
113367,1,0,169271
113368,3,0,169274
113369,2,0,169276
113370,1,0,169277
113371,4,0,169281
113372,1,0,169282
113373,1,0,169283
113374,2,0,169285
113375,1,0,169286
113376,1,0,169287
113377,1,0,169288
113378,1,0,169289
113379,2,0,169291
113380,1,0,169292
113381,1,0,169293
113382,1,0,169294
113383,1,0,169295
113384,1,0,169296
113385,1,0,169297
113386,2,0,169299
113387,1,0,169300
113388,1,0,169301
113389,3,0,169304
113390,1,0,169305
113391,1,0,169306
113392,2,0,169308
113393,2,0,169310
113394,2,0,169312
113395,1,0,169313
113396,1,0,169314
113397,1,0,169315
113398,2,0,169317
113399,1,0,169318
113400,1,0,169319
113401,1,0,169320
113402,1,0,169321
113403,1,0,169322
113404,1,0,169323
113405,2,0,169325
113406,2,0,169327
113407,3,0,169330
113408,1,0,169331
113409,1,0,169332
113410,1,0,169333
113411,1,0,169334
113412,1,0,169335
113413,1,0,169336
113414,1,0,169337
113415,3,0,169340
113416,1,0,169341
113417,1,0,169342
113418,1,0,169343
113419,1,0,169344
113420,1,0,169345
113421,2,0,169347
113422,1,0,169348
113423,1,0,169349
113424,2,0,169351
113425,2,0,169353
113426,1,0,169354
113427,2,0,169356
113428,2,0,169358
113429,1,0,169359
113430,1,0,169360
113431,1,0,169361
113432,1,0,169362
113433,1,0,169363
113434,1,0,169364
113435,1,0,169365
113436,1,0,169366
113437,1,0,169367
113438,2,0,169369
113439,3,0,169372
113440,3,0,169375
113441,1,0,169376
113442,1,0,169377
113443,1,0,169378
113444,1,0,169379
113445,1,0,169380
113446,1,0,169381
113447,2,0,169383
113448,1,0,169384
113449,2,0,169386
113450,2,0,169388
113451,1,0,169389
113452,4,0,169393
113453,1,0,169394
113454,1,0,169395
113455,2,0,169397
113456,1,0,169398
113457,1,0,169399
113458,5,0,169404
113459,1,0,169405
113460,1,0,169406
113461,1,0,169407
113462,1,0,169408
113463,1,0,169409
113464,1,0,169410
113465,1,0,169411
113466,1,0,169412
113467,2,0,169414
113468,1,0,169415
113469,2,0,169417
113470,2,0,169419
113471,1,0,169420
113472,2,0,169422
113473,2,0,169424
113474,1,0,169425
113475,2,0,169427
113476,5,0,169432
113477,1,0,169433
113478,2,0,169435
113479,1,0,169436
113480,1,0,169437
113481,1,0,169438
113482,2,0,169440
113483,3,0,169443
113484,2,0,169445
113485,1,0,169446
113486,1,0,169447
113487,1,0,169448
113488,1,0,169449
113489,1,0,169450
113490,3,0,169453
113491,1,0,169454
113492,1,0,169455
113493,1,0,169456
113494,1,0,169457
113495,1,0,169458
113496,1,0,169459
113497,1,0,169460
113498,2,0,169462
113499,2,0,169464
113500,2,0,169466
113501,1,0,169467
113502,3,0,169470
113503,2,0,169472
113504,1,0,169473
113505,1,0,169474
113506,1,0,169475
113507,1,0,169476
113508,1,0,169477
113509,1,0,169478
113510,1,0,169479
113511,1,0,169480
113512,1,0,169481
113513,1,0,169482
113514,1,0,169483
113515,1,0,169484
113516,1,0,169485
113517,1,0,169486
113518,1,0,169487
113519,3,0,169490
113520,3,0,169493
113521,1,0,169494
113522,1,0,169495
113523,1,0,169496
113524,1,0,169497
113525,1,0,169498
113526,1,0,169499
113527,2,0,169501
113528,1,0,169502
113529,1,0,169503
113530,1,0,169504
113531,4,0,169508
113532,1,0,169509
113533,1,0,169510
113534,2,0,169512
113535,1,0,169513
113536,2,0,169515
113537,1,0,169516
113538,4,0,169520
113539,3,0,169523
113540,1,0,169524
113541,1,0,169525
113542,3,0,169528
113543,3,0,169531
113544,1,0,169532
113545,1,0,169533
113546,1,0,169534
113547,1,0,169535
113548,1,0,169536
113549,1,0,169537
113550,1,0,169538
113551,2,0,169540
113552,1,0,169541
113553,2,0,169543
113554,1,0,169544
113555,1,0,169545
113556,2,0,169547
113557,4,0,169551
113558,1,0,169552
113559,1,0,169553
113560,1,0,169554
113561,1,0,169555
113562,1,0,169556
113563,1,0,169557
113564,1,0,169558
113565,2,0,169560
113566,1,0,169561
113567,1,0,169562
113568,1,0,169563
113569,1,0,169564
113570,5,0,169569
113571,1,0,169570
113572,1,0,169571
113573,1,0,169572
113574,1,0,169573
113575,2,0,169575
113576,1,0,169576
113577,1,0,169577
113578,1,0,169578
113579,1,0,169579
113580,1,0,169580
113581,3,0,169583
113582,1,0,169584
113583,1,0,169585
113584,1,0,169586
113585,1,0,169587
113586,1,0,169588
113587,1,0,169589
113588,1,0,169590
113589,2,0,169592
113590,3,0,169595
113591,2,0,169597
113592,1,0,169598
113593,1,0,169599
113594,2,0,169601
113595,1,0,169602
113596,1,0,169603
113597,1,0,169604
113598,1,0,169605
113599,1,0,169606
113600,1,0,169607
113601,2,0,169609
113602,2,0,169611
113603,2,0,169613
113604,1,0,169614
113605,2,0,169616
113606,1,0,169617
113607,1,0,169618
113608,1,0,169619
113609,2,0,169621
113610,1,0,169622
113611,1,0,169623
113612,2,0,169625
113613,1,0,169626
113614,2,0,169628
113615,1,0,169629
113616,1,0,169630
113617,1,0,169631
113618,2,0,169633
113619,2,0,169635
113620,1,0,169636
113621,10,0,169646
113622,1,0,169647
113623,2,0,169649
113624,6,0,169655
113625,1,0,169656
113626,2,0,169658
113627,3,0,169661
113628,1,0,169662
113629,1,0,169663
113630,1,0,169664
113631,1,0,169665
113632,3,0,169668
113633,1,0,169669
113634,1,0,169670
113635,2,0,169672
113636,1,0,169673
113637,1,0,169674
113638,1,0,169675
113639,2,0,169677
113640,2,0,169679
113641,2,0,169681
113642,1,0,169682
113643,2,0,169684
113644,1,0,169685
113645,1,0,169686
113646,1,0,169687
113647,1,0,169688
113648,1,0,169689
113649,1,0,169690
113650,1,0,169691
113651,2,0,169693
113652,1,0,169694
113653,1,0,169695
113654,1,0,169696
113655,2,0,169698
113656,3,0,169701
113657,1,0,169702
113658,1,0,169703
113659,1,0,169704
113660,1,0,169705
113661,2,0,169707
113662,1,0,169708
113663,1,0,169709
113664,2,0,169711
113665,3,0,169714
113666,1,0,169715
113667,2,0,169717
113668,1,0,169718
113669,4,0,169722
113670,1,0,169723
113671,1,0,169724
113672,1,0,169725
113673,2,0,169727
113674,1,0,169728
113675,1,0,169729
113676,1,0,169730
113677,2,0,169732
113678,2,0,169734
113679,3,0,169737
113680,1,0,169738
113681,1,0,169739
113682,1,0,169740
113683,1,0,169741
113684,2,0,169743
113685,3,0,169746
113686,1,0,169747
113687,1,0,169748
113688,1,0,169749
113689,2,0,169751
113690,1,0,169752
113691,1,0,169753
113692,1,0,169754
113693,2,0,169756
113694,2,0,169758
113695,1,0,169759
113696,1,0,169760
113697,1,0,169761
113698,3,0,169764
113699,1,0,169765
113700,3,0,169768
113701,1,0,169769
113702,2,0,169771
113703,1,0,169772
113704,1,0,169773
113705,1,0,169774
113706,2,0,169776
113707,3,0,169779
113708,1,0,169780
113709,3,0,169783
113710,1,0,169784
113711,2,0,169786
113712,1,0,169787
113713,1,0,169788
113714,1,0,169789
113715,2,0,169791
113716,2,0,169793
113717,1,0,169794
113718,2,0,169796
113719,1,0,169797
113720,1,0,169798
113721,5,0,169803
113722,1,0,169804
113723,1,0,169805
113724,1,0,169806
113725,2,0,169808
113726,1,0,169809
113727,1,0,169810
113728,3,0,169813
113729,1,0,169814
113730,1,0,169815
113731,1,0,169816
113732,3,0,169819
113733,2,0,169821
113734,1,0,169822
113735,2,0,169824
113736,3,0,169827
113737,3,0,169830
113738,1,0,169831
113739,2,0,169833
113740,1,0,169834
113741,1,0,169835
113742,1,0,169836
113743,2,0,169838
113744,1,0,169839
113745,1,0,169840
113746,1,0,169841
113747,1,0,169842
113748,2,0,169844
113749,1,0,169845
113750,1,0,169846
113751,2,0,169848
113752,1,0,169849
113753,2,0,169851
113754,3,0,169854
113755,3,0,169857
113756,2,0,169859
113757,1,0,169860
113758,1,0,169861
113759,1,0,169862
113760,1,0,169863
113761,1,0,169864
113762,1,0,169865
113763,1,0,169866
113764,3,0,169869
113765,1,0,169870
113766,2,0,169872
113767,2,0,169874
113768,1,0,169875
113769,2,0,169877
113770,1,0,169878
113771,1,0,169879
113772,1,0,169880
113773,2,0,169882
113774,2,0,169884
113775,2,0,169886
113776,1,0,169887
113777,3,0,169890
113778,1,0,169891
113779,2,0,169893
113780,1,0,169894
113781,2,0,169896
113782,1,0,169897
113783,1,0,169898
113784,1,0,169899
113785,1,0,169900
113786,1,0,169901
113787,1,0,169902
113788,3,0,169905
113789,1,0,169906
113790,2,0,169908
113791,2,0,169910
113792,1,0,169911
113793,1,0,169912
113794,1,0,169913
113795,2,0,169915
113796,1,0,169916
113797,1,0,169917
113798,1,0,169918
113799,1,0,169919
113800,1,0,169920
113801,1,0,169921
113802,1,0,169922
113803,1,0,169923
113804,2,0,169925
113805,1,0,169926
113806,1,0,169927
113807,2,0,169929
113808,1,0,169930
113809,1,0,169931
113810,3,0,169934
113811,2,0,169936
113812,1,0,169937
113813,2,0,169939
113814,2,0,169941
113815,1,0,169942
113816,1,0,169943
113817,1,0,169944
113818,1,0,169945
113819,1,0,169946
113820,1,0,169947
113821,3,0,169950
113822,1,0,169951
113823,1,0,169952
113824,1,0,169953
113825,2,0,169955
113826,1,0,169956
113827,2,0,169958
113828,1,0,169959
113829,1,0,169960
113830,2,0,169962
113831,2,0,169964
113832,1,0,169965
113833,6,0,169971
113834,1,0,169972
113835,3,0,169975
113836,1,0,169976
113837,1,0,169977
113838,1,0,169978
113839,1,0,169979
113840,1,0,169980
113841,2,0,169982
113842,1,0,169983
113843,2,0,169985
113844,1,0,169986
113845,2,0,169988
113846,1,0,169989
113847,1,0,169990
113848,1,0,169991
113849,3,0,169994
113850,1,0,169995
113851,2,0,169997
113852,3,0,170000
113853,1,0,170001
113854,1,0,170002
113855,1,0,170003
113856,1,0,170004
113857,1,0,170005
113858,3,0,170008
113859,1,0,170009
113860,1,0,170010
113861,1,0,170011
113862,1,0,170012
113863,1,0,170013
113864,1,0,170014
113865,2,0,170016
113866,1,0,170017
113867,1,0,170018
113868,1,0,170019
113869,1,0,170020
113870,1,0,170021
113871,1,0,170022
113872,1,0,170023
113873,1,0,170024
113874,1,0,170025
113875,1,0,170026
113876,1,0,170027
113877,1,0,170028
113878,2,0,170030
113879,1,0,170031
113880,2,0,170033
113881,1,0,170034
113882,2,0,170036
113883,2,0,170038
113884,2,0,170040
113885,1,0,170041
113886,1,0,170042
113887,3,0,170045
113888,1,0,170046
113889,1,0,170047
113890,2,0,170049
113891,4,0,170053
113892,3,0,170056
113893,2,0,170058
113894,4,0,170062
113895,1,0,170063
113896,1,0,170064
113897,2,0,170066
113898,1,0,170067
113899,3,0,170070
113900,1,0,170071
113901,1,0,170072
113902,1,0,170073
113903,1,0,170074
113904,2,0,170076
113905,3,0,170079
113906,1,0,170080
113907,1,0,170081
113908,1,0,170082
113909,2,0,170084
113910,1,0,170085
113911,1,0,170086
113912,1,0,170087
113913,2,0,170089
113914,1,0,170090
113915,1,0,170091
113916,2,0,170093
113917,1,0,170094
113918,1,0,170095
113919,1,0,170096
113920,1,0,170097
113921,1,0,170098
113922,1,0,170099
113923,1,0,170100
113924,1,0,170101
113925,1,0,170102
113926,3,0,170105
113927,2,0,170107
113928,5,0,170112
113929,1,0,170113
113930,2,0,170115
113931,1,0,170116
113932,1,0,170117
113933,1,0,170118
113934,1,0,170119
113935,1,0,170120
113936,1,0,170121
113937,1,0,170122
113938,1,0,170123
113939,1,0,170124
113940,1,0,170125
113941,1,0,170126
113942,1,0,170127
113943,1,0,170128
113944,1,0,170129
113945,1,0,170130
113946,1,0,170131
113947,1,0,170132
113948,1,0,170133
113949,1,0,170134
113950,1,0,170135
113951,1,0,170136
113952,1,0,170137
113953,1,0,170138
113954,1,0,170139
113955,1,0,170140
113956,1,0,170141
113957,1,0,170142
113958,2,0,170144
113959,1,0,170145
113960,1,0,170146
113961,4,0,170150
113962,1,0,170151
113963,1,0,170152
113964,3,0,170155
113965,1,0,170156
113966,1,0,170157
113967,2,0,170159
113968,1,0,170160
113969,2,0,170162
113970,1,0,170163
113971,2,0,170165
113972,1,0,170166
113973,1,0,170167
113974,1,0,170168
113975,4,0,170172
113976,1,0,170173
113977,2,0,170175
113978,1,0,170176
113979,3,0,170179
113980,2,0,170181
113981,1,0,170182
113982,1,0,170183
113983,1,0,170184
113984,2,0,170186
113985,1,0,170187
113986,2,0,170189
113987,1,0,170190
113988,1,0,170191
113989,1,0,170192
113990,1,0,170193
113991,1,0,170194
113992,2,0,170196
113993,1,0,170197
113994,1,0,170198
113995,1,0,170199
113996,1,0,170200
113997,1,0,170201
113998,2,0,170203
113999,2,0,170205
114000,1,0,170206
114001,1,0,170207
114002,4,0,170211
114003,2,0,170213
114004,1,0,170214
114005,1,0,170215
114006,2,0,170217
114007,1,0,170218
114008,1,0,170219
114009,1,0,170220
114010,1,0,170221
114011,1,0,170222
114012,1,0,170223
114013,1,0,170224
114014,1,0,170225
114015,1,0,170226
114016,2,0,170228
114017,2,0,170230
114018,1,0,170231
114019,1,0,170232
114020,1,0,170233
114021,1,0,170234
114022,5,0,170239
114023,1,0,170240
114024,3,0,170243
114025,1,0,170244
114026,1,0,170245
114027,1,0,170246
114028,1,0,170247
114029,2,0,170249
114030,1,0,170250
114031,1,0,170251
114032,1,0,170252
114033,2,0,170254
114034,4,0,170258
114035,3,0,170261
114036,1,0,170262
114037,4,0,170266
114038,1,0,170267
114039,1,0,170268
114040,1,0,170269
114041,1,0,170270
114042,2,0,170272
114043,1,0,170273
114044,1,0,170274
114045,1,0,170275
114046,1,0,170276
114047,1,0,170277
114048,2,0,170279
114049,1,0,170280
114050,1,0,170281
114051,2,0,170283
114052,5,0,170288
114053,1,0,170289
114054,1,0,170290
114055,1,0,170291
114056,1,0,170292
114057,1,0,170293
114058,1,0,170294
114059,1,0,170295
114060,5,0,170300
114061,1,0,170301
114062,1,0,170302
114063,3,0,170305
114064,1,0,170306
114065,2,0,170308
114066,1,0,170309
114067,1,0,170310
114068,2,0,170312
114069,2,0,170314
114070,2,0,170316
114071,3,0,170319
114072,1,0,170320
114073,1,0,170321
114074,1,0,170322
114075,1,0,170323
114076,2,0,170325
114077,1,0,170326
114078,1,0,170327
114079,1,0,170328
114080,1,0,170329
114081,1,0,170330
114082,1,0,170331
114083,2,0,170333
114084,1,0,170334
114085,1,0,170335
114086,1,0,170336
114087,1,0,170337
114088,2,0,170339
114089,2,0,170341
114090,1,0,170342
114091,1,0,170343
114092,1,0,170344
114093,1,0,170345
114094,1,0,170346
114095,2,0,170348
114096,1,0,170349
114097,1,0,170350
114098,1,0,170351
114099,1,0,170352
114100,1,0,170353
114101,1,0,170354
114102,1,0,170355
114103,1,0,170356
114104,1,0,170357
114105,2,0,170359
114106,1,0,170360
114107,1,0,170361
114108,2,0,170363
114109,1,0,170364
114110,1,0,170365
114111,2,0,170367
114112,1,0,170368
114113,1,0,170369
114114,1,0,170370
114115,1,0,170371
114116,1,0,170372
114117,1,0,170373
114118,1,0,170374
114119,1,0,170375
114120,1,0,170376
114121,4,0,170380
114122,1,0,170381
114123,1,0,170382
114124,1,0,170383
114125,1,0,170384
114126,2,0,170386
114127,1,0,170387
114128,3,0,170390
114129,1,0,170391
114130,2,0,170393
114131,1,0,170394
114132,1,0,170395
114133,2,0,170397
114134,1,0,170398
114135,1,0,170399
114136,1,0,170400
114137,2,0,170402
114138,2,0,170404
114139,1,0,170405
114140,1,0,170406
114141,1,0,170407
114142,1,0,170408
114143,1,0,170409
114144,1,0,170410
114145,2,0,170412
114146,2,0,170414
114147,1,0,170415
114148,2,0,170417
114149,1,0,170418
114150,1,0,170419
114151,1,0,170420
114152,2,0,170422
114153,2,0,170424
114154,1,0,170425
114155,1,0,170426
114156,3,0,170429
114157,1,0,170430
114158,1,0,170431
114159,1,0,170432
114160,3,0,170435
114161,2,0,170437
114162,1,0,170438
114163,1,0,170439
114164,1,0,170440
114165,1,0,170441
114166,1,0,170442
114167,1,0,170443
114168,1,0,170444
114169,1,0,170445
114170,1,0,170446
114171,3,0,170449
114172,1,0,170450
114173,1,0,170451
114174,2,0,170453
114175,2,0,170455
114176,1,0,170456
114177,1,0,170457
114178,1,0,170458
114179,1,0,170459
114180,1,0,170460
114181,1,0,170461
114182,2,0,170463
114183,2,0,170465
114184,2,0,170467
114185,1,0,170468
114186,2,0,170470
114187,1,0,170471
114188,2,0,170473
114189,1,0,170474
114190,1,0,170475
114191,1,0,170476
114192,1,0,170477
114193,2,0,170479
114194,2,0,170481
114195,1,0,170482
114196,1,0,170483
114197,1,0,170484
114198,2,0,170486
114199,2,0,170488
114200,2,0,170490
114201,1,0,170491
114202,1,0,170492
114203,1,0,170493
114204,4,0,170497
114205,1,0,170498
114206,2,0,170500
114207,1,0,170501
114208,2,0,170503
114209,2,0,170505
114210,1,0,170506
114211,1,0,170507
114212,2,0,170509
114213,2,0,170511
114214,1,0,170512
114215,5,0,170517
114216,1,0,170518
114217,1,0,170519
114218,1,0,170520
114219,1,0,170521
114220,1,0,170522
114221,3,0,170525
114222,1,0,170526
114223,1,0,170527
114224,1,0,170528
114225,1,0,170529
114226,1,0,170530
114227,1,0,170531
114228,1,0,170532
114229,1,0,170533
114230,2,0,170535
114231,1,0,170536
114232,1,0,170537
114233,3,0,170540
114234,2,0,170542
114235,1,0,170543
114236,1,0,170544
114237,2,0,170546
114238,1,0,170547
114239,2,0,170549
114240,1,0,170550
114241,1,0,170551
114242,1,0,170552
114243,1,0,170553
114244,1,0,170554
114245,2,0,170556
114246,1,0,170557
114247,1,0,170558
114248,1,0,170559
114249,1,0,170560
114250,1,0,170561
114251,2,0,170563
114252,1,0,170564
114253,1,0,170565
114254,2,0,170567
114255,2,0,170569
114256,1,0,170570
114257,1,0,170571
114258,1,0,170572
114259,2,0,170574
114260,1,0,170575
114261,1,0,170576
114262,2,0,170578
114263,2,0,170580
114264,4,0,170584
114265,1,0,170585
114266,1,0,170586
114267,1,0,170587
114268,3,0,170590
114269,1,0,170591
114270,1,0,170592
114271,1,0,170593
114272,3,0,170596
114273,1,0,170597
114274,1,0,170598
114275,1,0,170599
114276,1,0,170600
114277,1,0,170601
114278,1,0,170602
114279,1,0,170603
114280,1,0,170604
114281,4,0,170608
114282,1,0,170609
114283,1,0,170610
114284,1,0,170611
114285,1,0,170612
114286,2,0,170614
114287,1,0,170615
114288,3,0,170618
114289,2,0,170620
114290,1,0,170621
114291,1,0,170622
114292,1,0,170623
114293,1,0,170624
114294,1,0,170625
114295,1,0,170626
114296,1,0,170627
114297,1,0,170628
114298,2,0,170630
114299,1,0,170631
114300,1,0,170632
114301,2,0,170634
114302,1,0,170635
114303,1,0,170636
114304,1,0,170637
114305,1,0,170638
114306,2,0,170640
114307,1,0,170641
114308,2,0,170643
114309,4,0,170647
114310,3,0,170650
114311,1,0,170651
114312,2,0,170653
114313,1,0,170654
114314,1,0,170655
114315,1,0,170656
114316,1,0,170657
114317,1,0,170658
114318,2,0,170660
114319,1,0,170661
114320,1,0,170662
114321,3,0,170665
114322,1,0,170666
114323,2,0,170668
114324,2,0,170670
114325,2,0,170672
114326,1,0,170673
114327,1,0,170674
114328,3,0,170677
114329,1,0,170678
114330,1,0,170679
114331,2,0,170681
114332,3,0,170684
114333,2,0,170686
114334,1,0,170687
114335,1,0,170688
114336,2,0,170690
114337,1,0,170691
114338,1,0,170692
114339,1,0,170693
114340,2,0,170695
114341,4,0,170699
114342,1,0,170700
114343,1,0,170701
114344,1,0,170702
114345,1,0,170703
114346,1,0,170704
114347,1,0,170705
114348,1,0,170706
114349,2,0,170708
114350,3,0,170711
114351,1,0,170712
114352,1,0,170713
114353,1,0,170714
114354,1,0,170715
114355,1,0,170716
114356,2,0,170718
114357,1,0,170719
114358,2,0,170721
114359,3,0,170724
114360,1,0,170725
114361,1,0,170726
114362,2,0,170728
114363,1,0,170729
114364,1,0,170730
114365,1,0,170731
114366,1,0,170732
114367,1,0,170733
114368,1,0,170734
114369,2,0,170736
114370,1,0,170737
114371,3,0,170740
114372,1,0,170741
114373,1,0,170742
114374,3,0,170745
114375,1,0,170746
114376,1,0,170747
114377,2,0,170749
114378,2,0,170751
114379,1,0,170752
114380,4,0,170756
114381,4,0,170760
114382,3,0,170763
114383,1,0,170764
114384,1,0,170765
114385,3,0,170768
114386,1,0,170769
114387,1,0,170770
114388,1,0,170771
114389,1,0,170772
114390,1,0,170773
114391,1,0,170774
114392,1,0,170775
114393,1,0,170776
114394,1,0,170777
114395,2,0,170779
114396,1,0,170780
114397,1,0,170781
114398,4,0,170785
114399,1,0,170786
114400,1,0,170787
114401,1,0,170788
114402,1,0,170789
114403,1,0,170790
114404,2,0,170792
114405,1,0,170793
114406,2,0,170795
114407,1,0,170796
114408,1,0,170797
114409,1,0,170798
114410,1,0,170799
114411,2,0,170801
114412,1,0,170802
114413,1,0,170803
114414,1,0,170804
114415,1,0,170805
114416,1,0,170806
114417,2,0,170808
114418,1,0,170809
114419,2,0,170811
114420,2,0,170813
114421,1,0,170814
114422,1,0,170815
114423,1,0,170816
114424,2,0,170818
114425,4,0,170822
114426,1,0,170823
114427,1,0,170824
114428,1,0,170825
114429,2,0,170827
114430,2,0,170829
114431,1,0,170830
114432,1,0,170831
114433,4,0,170835
114434,2,0,170837
114435,1,0,170838
114436,2,0,170840
114437,2,0,170842
114438,1,0,170843
114439,2,0,170845
114440,2,0,170847
114441,2,0,170849
114442,1,0,170850
114443,1,0,170851
114444,1,0,170852
114445,1,0,170853
114446,1,0,170854
114447,1,0,170855
114448,1,0,170856
114449,1,0,170857
114450,2,0,170859
114451,3,0,170862
114452,1,0,170863
114453,1,0,170864
114454,1,0,170865
114455,1,0,170866
114456,1,0,170867
114457,1,0,170868
114458,2,0,170870
114459,1,0,170871
114460,1,0,170872
114461,1,0,170873
114462,1,0,170874
114463,1,0,170875
114464,1,0,170876
114465,1,0,170877
114466,1,0,170878
114467,1,0,170879
114468,1,0,170880
114469,1,0,170881
114470,1,0,170882
114471,1,0,170883
114472,1,0,170884
114473,2,0,170886
114474,4,0,170890
114475,3,0,170893
114476,1,0,170894
114477,1,0,170895
114478,2,0,170897
114479,1,0,170898
114480,1,0,170899
114481,1,0,170900
114482,2,0,170902
114483,8,0,170910
114484,3,0,170913
114485,1,0,170914
114486,2,0,170916
114487,1,0,170917
114488,1,0,170918
114489,1,0,170919
114490,3,0,170922
114491,1,0,170923
114492,2,0,170925
114493,1,0,170926
114494,1,0,170927
114495,3,0,170930
114496,2,0,170932
114497,1,0,170933
114498,1,0,170934
114499,1,0,170935
114500,1,0,170936
114501,1,0,170937
114502,1,0,170938
114503,1,0,170939
114504,1,0,170940
114505,2,0,170942
114506,1,0,170943
114507,1,0,170944
114508,1,0,170945
114509,1,0,170946
114510,1,0,170947
114511,1,0,170948
114512,1,0,170949
114513,1,0,170950
114514,1,0,170951
114515,1,0,170952
114516,1,0,170953
114517,2,0,170955
114518,1,0,170956
114519,1,0,170957
114520,1,0,170958
114521,2,0,170960
114522,1,0,170961
114523,3,0,170964
114524,1,0,170965
114525,2,0,170967
114526,3,0,170970
114527,3,0,170973
114528,1,0,170974
114529,2,0,170976
114530,1,0,170977
114531,3,0,170980
114532,2,0,170982
114533,1,0,170983
114534,1,0,170984
114535,1,0,170985
114536,2,0,170987
114537,1,0,170988
114538,2,0,170990
114539,1,0,170991
114540,1,0,170992
114541,2,0,170994
114542,1,0,170995
114543,1,0,170996
114544,1,0,170997
114545,1,0,170998
114546,1,0,170999
114547,1,0,171000
114548,1,0,171001
114549,1,0,171002
114550,2,0,171004
114551,1,0,171005
114552,1,0,171006
114553,1,0,171007
114554,1,0,171008
114555,1,0,171009
114556,1,0,171010
114557,1,0,171011
114558,3,0,171014
114559,1,0,171015
114560,1,0,171016
114561,1,0,171017
114562,1,0,171018
114563,2,0,171020
114564,1,0,171021
114565,1,0,171022
114566,1,0,171023
114567,1,0,171024
114568,1,0,171025
114569,4,0,171029
114570,1,0,171030
114571,1,0,171031
114572,1,0,171032
114573,2,0,171034
114574,3,0,171037
114575,1,0,171038
114576,1,0,171039
114577,1,0,171040
114578,1,0,171041
114579,1,0,171042
114580,1,0,171043
114581,1,0,171044
114582,2,0,171046
114583,1,0,171047
114584,1,0,171048
114585,1,0,171049
114586,3,0,171052
114587,2,0,171054
114588,3,0,171057
114589,2,0,171059
114590,1,0,171060
114591,1,0,171061
114592,1,0,171062
114593,1,0,171063
114594,1,0,171064
114595,4,0,171068
114596,1,0,171069
114597,1,0,171070
114598,1,0,171071
114599,3,0,171074
114600,1,0,171075
114601,1,0,171076
114602,1,0,171077
114603,3,0,171080
114604,1,0,171081
114605,1,0,171082
114606,1,0,171083
114607,2,0,171085
114608,2,0,171087
114609,1,0,171088
114610,1,0,171089
114611,1,0,171090
114612,1,0,171091
114613,1,0,171092
114614,2,0,171094
114615,1,0,171095
114616,1,0,171096
114617,1,0,171097
114618,2,0,171099
114619,1,0,171100
114620,1,0,171101
114621,1,0,171102
114622,1,0,171103
114623,4,0,171107
114624,1,0,171108
114625,2,0,171110
114626,1,0,171111
114627,1,0,171112
114628,1,0,171113
114629,2,0,171115
114630,1,0,171116
114631,4,0,171120
114632,1,0,171121
114633,1,0,171122
114634,1,0,171123
114635,1,0,171124
114636,2,0,171126
114637,2,0,171128
114638,1,0,171129
114639,2,0,171131
114640,3,0,171134
114641,1,0,171135
114642,2,0,171137
114643,1,0,171138
114644,2,0,171140
114645,2,0,171142
114646,1,0,171143
114647,2,0,171145
114648,2,0,171147
114649,1,0,171148
114650,1,0,171149
114651,1,0,171150
114652,1,0,171151
114653,1,0,171152
114654,1,0,171153
114655,1,0,171154
114656,2,0,171156
114657,1,0,171157
114658,2,0,171159
114659,1,0,171160
114660,1,0,171161
114661,1,0,171162
114662,2,0,171164
114663,2,0,171166
114664,2,0,171168
114665,2,0,171170
114666,1,0,171171
114667,2,0,171173
114668,1,0,171174
114669,3,0,171177
114670,2,0,171179
114671,2,0,171181
114672,1,0,171182
114673,1,0,171183
114674,3,0,171186
114675,1,0,171187
114676,1,0,171188
114677,1,0,171189
114678,2,0,171191
114679,1,0,171192
114680,2,0,171194
114681,2,0,171196
114682,1,0,171197
114683,2,0,171199
114684,1,0,171200
114685,2,0,171202
114686,1,0,171203
114687,1,0,171204
114688,1,0,171205
114689,1,0,171206
114690,1,0,171207
114691,1,0,171208
114692,1,0,171209
114693,1,0,171210
114694,1,0,171211
114695,1,0,171212
114696,2,0,171214
114697,1,0,171215
114698,3,0,171218
114699,2,0,171220
114700,2,0,171222
114701,2,0,171224
114702,1,0,171225
114703,1,0,171226
114704,3,0,171229
114705,1,0,171230
114706,1,0,171231
114707,1,0,171232
114708,1,0,171233
114709,1,0,171234
114710,2,0,171236
114711,1,0,171237
114712,1,0,171238
114713,1,0,171239
114714,1,0,171240
114715,1,0,171241
114716,1,0,171242
114717,2,0,171244
114718,2,0,171246
114719,1,0,171247
114720,3,0,171250
114721,1,0,171251
114722,3,0,171254
114723,1,0,171255
114724,1,0,171256
114725,1,0,171257
114726,1,0,171258
114727,1,0,171259
114728,1,0,171260
114729,1,0,171261
114730,2,0,171263
114731,1,0,171264
114732,1,0,171265
114733,1,0,171266
114734,1,0,171267
114735,1,0,171268
114736,1,0,171269
114737,2,0,171271
114738,1,0,171272
114739,1,0,171273
114740,2,0,171275
114741,1,0,171276
114742,1,0,171277
114743,1,0,171278
114744,4,0,171282
114745,2,0,171284
114746,2,0,171286
114747,2,0,171288
114748,1,0,171289
114749,1,0,171290
114750,1,0,171291
114751,1,0,171292
114752,1,0,171293
114753,2,0,171295
114754,1,0,171296
114755,1,0,171297
114756,3,0,171300
114757,2,0,171302
114758,1,0,171303
114759,1,0,171304
114760,1,0,171305
114761,1,0,171306
114762,1,0,171307
114763,2,0,171309
114764,1,0,171310
114765,1,0,171311
114766,3,0,171314
114767,2,0,171316
114768,1,0,171317
114769,1,0,171318
114770,1,0,171319
114771,2,0,171321
114772,1,0,171322
114773,1,0,171323
114774,3,0,171326
114775,1,0,171327
114776,2,0,171329
114777,2,0,171331
114778,5,0,171336
114779,1,0,171337
114780,1,0,171338
114781,1,0,171339
114782,2,0,171341
114783,4,0,171345
114784,1,0,171346
114785,1,0,171347
114786,4,0,171351
114787,1,0,171352
114788,1,0,171353
114789,2,0,171355
114790,1,0,171356
114791,1,0,171357
114792,2,0,171359
114793,2,0,171361
114794,1,0,171362
114795,3,0,171365
114796,2,0,171367
114797,3,0,171370
114798,1,0,171371
114799,1,0,171372
114800,1,0,171373
114801,1,0,171374
114802,1,0,171375
114803,4,0,171379
114804,1,0,171380
114805,1,0,171381
114806,1,0,171382
114807,2,0,171384
114808,1,0,171385
114809,1,0,171386
114810,2,0,171388
114811,1,0,171389
114812,1,0,171390
114813,2,0,171392
114814,2,0,171394
114815,6,0,171400
114816,1,0,171401
114817,1,0,171402
114818,1,0,171403
114819,1,0,171404
114820,1,0,171405
114821,1,0,171406
114822,1,0,171407
114823,5,0,171412
114824,3,0,171415
114825,1,0,171416
114826,1,0,171417
114827,1,0,171418
114828,3,0,171421
114829,2,0,171423
114830,2,0,171425
114831,1,0,171426
114832,3,0,171429
114833,1,0,171430
114834,2,0,171432
114835,1,0,171433
114836,1,0,171434
114837,1,0,171435
114838,1,0,171436
114839,1,0,171437
114840,1,0,171438
114841,1,0,171439
114842,3,0,171442
114843,2,0,171444
114844,2,0,171446
114845,2,0,171448
114846,1,0,171449
114847,1,0,171450
114848,3,0,171453
114849,1,0,171454
114850,1,0,171455
114851,2,0,171457
114852,1,0,171458
114853,1,0,171459
114854,1,0,171460
114855,1,0,171461
114856,1,0,171462
114857,2,0,171464
114858,1,0,171465
114859,2,0,171467
114860,2,0,171469
114861,2,0,171471
114862,1,0,171472
114863,3,0,171475
114864,1,0,171476
114865,2,0,171478
114866,2,0,171480
114867,1,0,171481
114868,1,0,171482
114869,3,0,171485
114870,1,0,171486
114871,4,0,171490
114872,1,0,171491
114873,1,0,171492
114874,3,0,171495
114875,2,0,171497
114876,1,0,171498
114877,2,0,171500
114878,3,0,171503
114879,1,0,171504
114880,3,0,171507
114881,1,0,171508
114882,1,0,171509
114883,2,0,171511
114884,2,0,171513
114885,1,0,171514
114886,2,0,171516
114887,1,0,171517
114888,2,0,171519
114889,2,0,171521
114890,3,0,171524
114891,1,0,171525
114892,1,0,171526
114893,1,0,171527
114894,1,0,171528
114895,2,0,171530
114896,2,0,171532
114897,2,0,171534
114898,1,0,171535
114899,1,0,171536
114900,2,0,171538
114901,1,0,171539
114902,2,0,171541
114903,1,0,171542
114904,3,0,171545
114905,1,0,171546
114906,1,0,171547
114907,2,0,171549
114908,1,0,171550
114909,2,0,171552
114910,2,0,171554
114911,4,0,171558
114912,1,0,171559
114913,3,0,171562
114914,1,0,171563
114915,2,0,171565
114916,1,0,171566
114917,1,0,171567
114918,1,0,171568
114919,1,0,171569
114920,1,0,171570
114921,3,0,171573
114922,1,0,171574
114923,1,0,171575
114924,1,0,171576
114925,1,0,171577
114926,1,0,171578
114927,4,0,171582
114928,1,0,171583
114929,1,0,171584
114930,1,0,171585
114931,1,0,171586
114932,1,0,171587
114933,1,0,171588
114934,1,0,171589
114935,1,0,171590
114936,2,0,171592
114937,1,0,171593
114938,1,0,171594
114939,2,0,171596
114940,2,0,171598
114941,1,0,171599
114942,1,0,171600
114943,2,0,171602
114944,1,0,171603
114945,3,0,171606
114946,1,0,171607
114947,1,0,171608
114948,1,0,171609
114949,1,0,171610
114950,1,0,171611
114951,3,0,171614
114952,1,0,171615
114953,1,0,171616
114954,1,0,171617
114955,1,0,171618
114956,1,0,171619
114957,2,0,171621
114958,1,0,171622
114959,1,0,171623
114960,1,0,171624
114961,1,0,171625
114962,1,0,171626
114963,2,0,171628
114964,1,0,171629
114965,2,0,171631
114966,2,0,171633
114967,1,0,171634
114968,1,0,171635
114969,1,0,171636
114970,1,0,171637
114971,1,0,171638
114972,1,0,171639
114973,1,0,171640
114974,1,0,171641
114975,1,0,171642
114976,2,0,171644
114977,1,0,171645
114978,1,0,171646
114979,1,0,171647
114980,1,0,171648
114981,2,0,171650
114982,3,0,171653
114983,2,0,171655
114984,1,0,171656
114985,1,0,171657
114986,1,0,171658
114987,1,0,171659
114988,1,0,171660
114989,1,0,171661
114990,1,0,171662
114991,1,0,171663
114992,1,0,171664
114993,1,0,171665
114994,1,0,171666
114995,1,0,171667
114996,1,0,171668
114997,1,0,171669
114998,1,0,171670
114999,1,0,171671
115000,1,0,171672
115001,1,0,171673
115002,1,0,171674
115003,1,0,171675
115004,1,0,171676
115005,1,0,171677
115006,2,0,171679
115007,1,0,171680
115008,1,0,171681
115009,1,0,171682
115010,1,0,171683
115011,2,0,171685
115012,1,0,171686
115013,1,0,171687
115014,1,0,171688
115015,1,0,171689
115016,1,0,171690
115017,1,0,171691
115018,1,0,171692
115019,1,0,171693
115020,1,0,171694
115021,2,0,171696
115022,1,0,171697
115023,2,0,171699
115024,1,0,171700
115025,2,0,171702
115026,2,0,171704
115027,1,0,171705
115028,1,0,171706
115029,1,0,171707
115030,1,0,171708
115031,1,0,171709
115032,3,0,171712
115033,1,0,171713
115034,1,0,171714
115035,2,0,171716
115036,1,0,171717
115037,2,0,171719
115038,1,0,171720
115039,2,0,171722
115040,1,0,171723
115041,2,0,171725
115042,2,0,171727
115043,2,0,171729
115044,4,0,171733
115045,1,0,171734
115046,1,0,171735
115047,1,0,171736
115048,1,0,171737
115049,1,0,171738
115050,1,0,171739
115051,1,0,171740
115052,1,0,171741
115053,1,0,171742
115054,1,0,171743
115055,3,0,171746
115056,1,0,171747
115057,1,0,171748
115058,1,0,171749
115059,1,0,171750
115060,1,0,171751
115061,2,0,171753
115062,2,0,171755
115063,6,0,171761
115064,1,0,171762
115065,1,0,171763
115066,3,0,171766
115067,1,0,171767
115068,1,0,171768
115069,4,0,171772
115070,1,0,171773
115071,2,0,171775
115072,1,0,171776
115073,1,0,171777
115074,2,0,171779
115075,1,0,171780
115076,2,0,171782
115077,1,0,171783
115078,3,0,171786
115079,1,0,171787
115080,1,0,171788
115081,1,0,171789
115082,1,0,171790
115083,2,0,171792
115084,1,0,171793
115085,1,0,171794
115086,2,0,171796
115087,1,0,171797
115088,1,0,171798
115089,1,0,171799
115090,2,0,171801
115091,1,0,171802
115092,1,0,171803
115093,1,0,171804
115094,1,0,171805
115095,1,0,171806
115096,2,0,171808
115097,1,0,171809
115098,1,0,171810
115099,1,0,171811
115100,1,0,171812
115101,1,0,171813
115102,1,0,171814
115103,1,0,171815
115104,1,0,171816
115105,2,0,171818
115106,1,0,171819
115107,1,0,171820
115108,2,0,171822
115109,1,0,171823
115110,1,0,171824
115111,1,0,171825
115112,1,0,171826
115113,1,0,171827
115114,3,0,171830
115115,1,0,171831
115116,2,0,171833
115117,1,0,171834
115118,1,0,171835
115119,1,0,171836
115120,1,0,171837
115121,1,0,171838
115122,1,0,171839
115123,1,0,171840
115124,2,0,171842
115125,3,0,171845
115126,2,0,171847
115127,1,0,171848
115128,3,0,171851
115129,1,0,171852
115130,2,0,171854
115131,1,0,171855
115132,1,0,171856
115133,1,0,171857
115134,1,0,171858
115135,1,0,171859
115136,2,0,171861
115137,1,0,171862
115138,1,0,171863
115139,1,0,171864
115140,3,0,171867
115141,3,0,171870
115142,1,0,171871
115143,1,0,171872
115144,2,0,171874
115145,1,0,171875
115146,2,0,171877
115147,1,0,171878
115148,1,0,171879
115149,1,0,171880
115150,1,0,171881
115151,1,0,171882
115152,1,0,171883
115153,1,0,171884
115154,1,0,171885
115155,1,0,171886
115156,2,0,171888
115157,2,0,171890
115158,2,0,171892
115159,1,0,171893
115160,1,0,171894
115161,2,0,171896
115162,1,0,171897
115163,2,0,171899
115164,1,0,171900
115165,1,0,171901
115166,1,0,171902
115167,1,0,171903
115168,1,0,171904
115169,2,0,171906
115170,2,0,171908
115171,2,0,171910
115172,1,0,171911
115173,1,0,171912
115174,3,0,171915
115175,1,0,171916
115176,2,0,171918
115177,2,0,171920
115178,1,0,171921
115179,1,0,171922
115180,1,0,171923
115181,1,0,171924
115182,2,0,171926
115183,1,0,171927
115184,1,0,171928
115185,2,0,171930
115186,1,0,171931
115187,1,0,171932
115188,1,0,171933
115189,1,0,171934
115190,1,0,171935
115191,1,0,171936
115192,3,0,171939
115193,2,0,171941
115194,2,0,171943
115195,1,0,171944
115196,2,0,171946
115197,2,0,171948
115198,1,0,171949
115199,4,0,171953
115200,1,0,171954
115201,1,0,171955
115202,1,0,171956
115203,1,0,171957
115204,1,0,171958
115205,1,0,171959
115206,1,0,171960
115207,1,0,171961
115208,3,0,171964
115209,1,0,171965
115210,1,0,171966
115211,2,0,171968
115212,3,0,171971
115213,1,0,171972
115214,2,0,171974
115215,1,0,171975
115216,3,0,171978
115217,1,0,171979
115218,1,0,171980
115219,1,0,171981
115220,1,0,171982
115221,1,0,171983
115222,1,0,171984
115223,1,0,171985
115224,1,0,171986
115225,1,0,171987
115226,1,0,171988
115227,3,0,171991
115228,3,0,171994
115229,1,0,171995
115230,1,0,171996
115231,1,0,171997
115232,4,0,172001
115233,1,0,172002
115234,1,0,172003
115235,1,0,172004
115236,1,0,172005
115237,2,0,172007
115238,1,0,172008
115239,1,0,172009
115240,1,0,172010
115241,1,0,172011
115242,1,0,172012
115243,4,0,172016
115244,1,0,172017
115245,2,0,172019
115246,1,0,172020
115247,1,0,172021
115248,1,0,172022
115249,1,0,172023
115250,2,0,172025
115251,3,0,172028
115252,1,0,172029
115253,1,0,172030
115254,2,0,172032
115255,1,0,172033
115256,1,0,172034
115257,2,0,172036
115258,3,0,172039
115259,1,0,172040
115260,2,0,172042
115261,1,0,172043
115262,1,0,172044
115263,1,0,172045
115264,1,0,172046
115265,1,0,172047
115266,1,0,172048
115267,1,0,172049
115268,1,0,172050
115269,5,0,172055
115270,3,0,172058
115271,1,0,172059
115272,1,0,172060
115273,1,0,172061
115274,1,0,172062
115275,1,0,172063
115276,1,0,172064
115277,1,0,172065
115278,1,0,172066
115279,2,0,172068
115280,1,0,172069
115281,2,0,172071
115282,1,0,172072
115283,1,0,172073
115284,1,0,172074
115285,1,0,172075
115286,1,0,172076
115287,2,0,172078
115288,1,0,172079
115289,1,0,172080
115290,1,0,172081
115291,3,0,172084
115292,2,0,172086
115293,2,0,172088
115294,2,0,172090
115295,1,0,172091
115296,1,0,172092
115297,1,0,172093
115298,1,0,172094
115299,1,0,172095
115300,1,0,172096
115301,2,0,172098
115302,1,0,172099
115303,5,0,172104
115304,1,0,172105
115305,1,0,172106
115306,3,0,172109
115307,1,0,172110
115308,1,0,172111
115309,1,0,172112
115310,2,0,172114
115311,1,0,172115
115312,1,0,172116
115313,2,0,172118
115314,1,0,172119
115315,1,0,172120
115316,1,0,172121
115317,1,0,172122
115318,1,0,172123
115319,2,0,172125
115320,1,0,172126
115321,1,0,172127
115322,1,0,172128
115323,1,0,172129
115324,1,0,172130
115325,1,0,172131
115326,1,0,172132
115327,2,0,172134
115328,1,0,172135
115329,2,0,172137
115330,1,0,172138
115331,1,0,172139
115332,1,0,172140
115333,1,0,172141
115334,1,0,172142
115335,1,0,172143
115336,1,0,172144
115337,3,0,172147
115338,1,0,172148
115339,2,0,172150
115340,2,0,172152
115341,1,0,172153
115342,1,0,172154
115343,4,0,172158
115344,1,0,172159
115345,1,0,172160
115346,1,0,172161
115347,3,0,172164
115348,4,0,172168
115349,1,0,172169
115350,1,0,172170
115351,1,0,172171
115352,2,0,172173
115353,2,0,172175
115354,1,0,172176
115355,1,0,172177
115356,2,0,172179
115357,2,0,172181
115358,1,0,172182
115359,1,0,172183
115360,1,0,172184
115361,2,0,172186
115362,1,0,172187
115363,1,0,172188
115364,2,0,172190
115365,1,0,172191
115366,1,0,172192
115367,1,0,172193
115368,1,0,172194
115369,2,0,172196
115370,2,0,172198
115371,1,0,172199
115372,1,0,172200
115373,1,0,172201
115374,1,0,172202
115375,1,0,172203
115376,1,0,172204
115377,2,0,172206
115378,1,0,172207
115379,1,0,172208
115380,1,0,172209
115381,1,0,172210
115382,2,0,172212
115383,1,0,172213
115384,1,0,172214
115385,1,0,172215
115386,1,0,172216
115387,3,0,172219
115388,1,0,172220
115389,3,0,172223
115390,4,0,172227
115391,1,0,172228
115392,2,0,172230
115393,1,0,172231
115394,1,0,172232
115395,2,0,172234
115396,2,0,172236
115397,1,0,172237
115398,1,0,172238
115399,1,0,172239
115400,1,0,172240
115401,2,0,172242
115402,2,0,172244
115403,1,0,172245
115404,1,0,172246
115405,1,0,172247
115406,4,0,172251
115407,1,0,172252
115408,2,0,172254
115409,1,0,172255
115410,1,0,172256
115411,1,0,172257
115412,1,0,172258
115413,2,0,172260
115414,2,0,172262
115415,3,0,172265
115416,1,0,172266
115417,1,0,172267
115418,2,0,172269
115419,1,0,172270
115420,1,0,172271
115421,1,0,172272
115422,1,0,172273
115423,1,0,172274
115424,3,0,172277
115425,1,0,172278
115426,1,0,172279
115427,2,0,172281
115428,1,0,172282
115429,1,0,172283
115430,1,0,172284
115431,1,0,172285
115432,1,0,172286
115433,1,0,172287
115434,1,0,172288
115435,1,0,172289
115436,2,0,172291
115437,2,0,172293
115438,1,0,172294
115439,2,0,172296
115440,2,0,172298
115441,1,0,172299
115442,2,0,172301
115443,1,0,172302
115444,1,0,172303
115445,1,0,172304
115446,1,0,172305
115447,2,0,172307
115448,1,0,172308
115449,2,0,172310
115450,1,0,172311
115451,1,0,172312
115452,1,0,172313
115453,3,0,172316
115454,1,0,172317
115455,1,0,172318
115456,2,0,172320
115457,1,0,172321
115458,3,0,172324
115459,1,0,172325
115460,2,0,172327
115461,1,0,172328
115462,2,0,172330
115463,2,0,172332
115464,2,0,172334
115465,2,0,172336
115466,1,0,172337
115467,1,0,172338
115468,5,0,172343
115469,1,0,172344
115470,2,0,172346
115471,1,0,172347
115472,2,0,172349
115473,1,0,172350
115474,2,0,172352
115475,1,0,172353
115476,2,0,172355
115477,4,0,172359
115478,1,0,172360
115479,2,0,172362
115480,1,0,172363
115481,1,0,172364
115482,2,0,172366
115483,2,0,172368
115484,2,0,172370
115485,1,0,172371
115486,1,0,172372
115487,2,0,172374
115488,1,0,172375
115489,1,0,172376
115490,1,0,172377
115491,1,0,172378
115492,2,0,172380
115493,1,0,172381
115494,2,0,172383
115495,4,0,172387
115496,2,0,172389
115497,1,0,172390
115498,1,0,172391
115499,1,0,172392
115500,2,0,172394
115501,1,0,172395
115502,2,0,172397
115503,1,0,172398
115504,1,0,172399
115505,3,0,172402
115506,2,0,172404
115507,6,0,172410
115508,1,0,172411
115509,1,0,172412
115510,1,0,172413
115511,1,0,172414
115512,1,0,172415
115513,3,0,172418
115514,4,0,172422
115515,1,0,172423
115516,1,0,172424
115517,2,0,172426
115518,1,0,172427
115519,1,0,172428
115520,2,0,172430
115521,2,0,172432
115522,2,0,172434
115523,1,0,172435
115524,1,0,172436
115525,1,0,172437
115526,1,0,172438
115527,3,0,172441
115528,1,0,172442
115529,2,0,172444
115530,1,0,172445
115531,1,0,172446
115532,2,0,172448
115533,1,0,172449
115534,1,0,172450
115535,2,0,172452
115536,2,0,172454
115537,1,0,172455
115538,1,0,172456
115539,1,0,172457
115540,1,0,172458
115541,2,0,172460
115542,1,0,172461
115543,1,0,172462
115544,2,0,172464
115545,2,0,172466
115546,3,0,172469
115547,1,0,172470
115548,3,0,172473
115549,1,0,172474
115550,4,0,172478
115551,1,0,172479
115552,2,0,172481
115553,1,0,172482
115554,1,0,172483
115555,1,0,172484
115556,1,0,172485
115557,1,0,172486
115558,1,0,172487
115559,1,0,172488
115560,1,0,172489
115561,1,0,172490
115562,2,0,172492
115563,1,0,172493
115564,1,0,172494
115565,1,0,172495
115566,1,0,172496
115567,2,0,172498
115568,1,0,172499
115569,2,0,172501
115570,1,0,172502
115571,1,0,172503
115572,1,0,172504
115573,1,0,172505
115574,3,0,172508
115575,1,0,172509
115576,1,0,172510
115577,1,0,172511
115578,1,0,172512
115579,1,0,172513
115580,1,0,172514
115581,2,0,172516
115582,1,0,172517
115583,3,0,172520
115584,1,0,172521
115585,2,0,172523
115586,1,0,172524
115587,1,0,172525
115588,1,0,172526
115589,1,0,172527
115590,1,0,172528
115591,3,0,172531
115592,1,0,172532
115593,1,0,172533
115594,1,0,172534
115595,1,0,172535
115596,3,0,172538
115597,1,0,172539
115598,1,0,172540
115599,2,0,172542
115600,3,0,172545
115601,1,0,172546
115602,1,0,172547
115603,1,0,172548
115604,2,0,172550
115605,1,0,172551
115606,3,0,172554
115607,1,0,172555
115608,1,0,172556
115609,1,0,172557
115610,1,0,172558
115611,3,0,172561
115612,2,0,172563
115613,1,0,172564
115614,1,0,172565
115615,3,0,172568
115616,1,0,172569
115617,1,0,172570
115618,1,0,172571
115619,1,0,172572
115620,1,0,172573
115621,1,0,172574
115622,1,0,172575
115623,2,0,172577
115624,1,0,172578
115625,2,0,172580
115626,2,0,172582
115627,1,0,172583
115628,1,0,172584
115629,1,0,172585
115630,2,0,172587
115631,1,0,172588
115632,1,0,172589
115633,2,0,172591
115634,1,0,172592
115635,1,0,172593
115636,2,0,172595
115637,1,0,172596
115638,1,0,172597
115639,1,0,172598
115640,1,0,172599
115641,1,0,172600
115642,2,0,172602
115643,1,0,172603
115644,1,0,172604
115645,1,0,172605
115646,1,0,172606
115647,1,0,172607
115648,1,0,172608
115649,1,0,172609
115650,1,0,172610
115651,1,0,172611
115652,1,0,172612
115653,1,0,172613
115654,1,0,172614
115655,1,0,172615
115656,3,0,172618
115657,2,0,172620
115658,2,0,172622
115659,2,0,172624
115660,2,0,172626
115661,1,0,172627
115662,1,0,172628
115663,1,0,172629
115664,1,0,172630
115665,2,0,172632
115666,2,0,172634
115667,1,0,172635
115668,3,0,172638
115669,3,0,172641
115670,2,0,172643
115671,1,0,172644
115672,1,0,172645
115673,1,0,172646
115674,1,0,172647
115675,1,0,172648
115676,3,0,172651
115677,2,0,172653
115678,1,0,172654
115679,1,0,172655
115680,1,0,172656
115681,1,0,172657
115682,1,0,172658
115683,1,0,172659
115684,4,0,172663
115685,2,0,172665
115686,1,0,172666
115687,2,0,172668
115688,3,0,172671
115689,2,0,172673
115690,1,0,172674
115691,1,0,172675
115692,1,0,172676
115693,1,0,172677
115694,1,0,172678
115695,1,0,172679
115696,1,0,172680
115697,1,0,172681
115698,1,0,172682
115699,1,0,172683
115700,1,0,172684
115701,1,0,172685
115702,1,0,172686
115703,2,0,172688
115704,1,0,172689
115705,1,0,172690
115706,2,0,172692
115707,1,0,172693
115708,1,0,172694
115709,1,0,172695
115710,1,0,172696
115711,1,0,172697
115712,1,0,172698
115713,1,0,172699
115714,1,0,172700
115715,1,0,172701
115716,1,0,172702
115717,2,0,172704
115718,1,0,172705
115719,1,0,172706
115720,3,0,172709
115721,1,0,172710
115722,1,0,172711
115723,1,0,172712
115724,1,0,172713
115725,2,0,172715
115726,2,0,172717
115727,1,0,172718
115728,2,0,172720
115729,1,0,172721
115730,1,0,172722
115731,1,0,172723
115732,1,0,172724
115733,1,0,172725
115734,1,0,172726
115735,1,0,172727
115736,1,0,172728
115737,1,0,172729
115738,2,0,172731
115739,3,0,172734
115740,1,0,172735
115741,1,0,172736
115742,1,0,172737
115743,1,0,172738
115744,1,0,172739
115745,1,0,172740
115746,1,0,172741
115747,4,0,172745
115748,1,0,172746
115749,1,0,172747
115750,1,0,172748
115751,1,0,172749
115752,1,0,172750
115753,1,0,172751
115754,1,0,172752
115755,1,0,172753
115756,2,0,172755
115757,1,0,172756
115758,1,0,172757
115759,1,0,172758
115760,1,0,172759
115761,2,0,172761
115762,1,0,172762
115763,1,0,172763
115764,2,0,172765
115765,2,0,172767
115766,1,0,172768
115767,2,0,172770
115768,1,0,172771
115769,1,0,172772
115770,3,0,172775
115771,1,0,172776
115772,2,0,172778
115773,1,0,172779
115774,1,0,172780
115775,1,0,172781
115776,3,0,172784
115777,2,0,172786
115778,1,0,172787
115779,1,0,172788
115780,2,0,172790
115781,1,0,172791
115782,2,0,172793
115783,2,0,172795
115784,1,0,172796
115785,2,0,172798
115786,1,0,172799
115787,3,0,172802
115788,1,0,172803
115789,1,0,172804
115790,2,0,172806
115791,1,0,172807
115792,1,0,172808
115793,2,0,172810
115794,1,0,172811
115795,2,0,172813
115796,1,0,172814
115797,1,0,172815
115798,1,0,172816
115799,3,0,172819
115800,1,0,172820
115801,1,0,172821
115802,1,0,172822
115803,1,0,172823
115804,1,0,172824
115805,3,0,172827
115806,2,0,172829
115807,1,0,172830
115808,1,0,172831
115809,1,0,172832
115810,1,0,172833
115811,1,0,172834
115812,1,0,172835
115813,1,0,172836
115814,1,0,172837
115815,1,0,172838
115816,1,0,172839
115817,1,0,172840
115818,1,0,172841
115819,1,0,172842
115820,1,0,172843
115821,2,0,172845
115822,1,0,172846
115823,1,0,172847
115824,1,0,172848
115825,1,0,172849
115826,1,0,172850
115827,1,0,172851
115828,1,0,172852
115829,1,0,172853
115830,1,0,172854
115831,2,0,172856
115832,1,0,172857
115833,1,0,172858
115834,1,0,172859
115835,2,0,172861
115836,2,0,172863
115837,1,0,172864
115838,1,0,172865
115839,3,0,172868
115840,1,0,172869
115841,2,0,172871
115842,2,0,172873
115843,2,0,172875
115844,3,0,172878
115845,2,0,172880
115846,1,0,172881
115847,1,0,172882
115848,3,0,172885
115849,1,0,172886
115850,1,0,172887
115851,2,0,172889
115852,1,0,172890
115853,2,0,172892
115854,5,0,172897
115855,1,0,172898
115856,1,0,172899
115857,1,0,172900
115858,1,0,172901
115859,1,0,172902
115860,2,0,172904
115861,1,0,172905
115862,1,0,172906
115863,1,0,172907
115864,1,0,172908
115865,1,0,172909
115866,1,0,172910
115867,1,0,172911
115868,2,0,172913
115869,3,0,172916
115870,1,0,172917
115871,1,0,172918
115872,1,0,172919
115873,1,0,172920
115874,1,0,172921
115875,1,0,172922
115876,1,0,172923
115877,1,0,172924
115878,1,0,172925
115879,1,0,172926
115880,3,0,172929
115881,2,0,172931
115882,1,0,172932
115883,1,0,172933
115884,1,0,172934
115885,1,0,172935
115886,1,0,172936
115887,2,0,172938
115888,1,0,172939
115889,1,0,172940
115890,2,0,172942
115891,1,0,172943
115892,2,0,172945
115893,2,0,172947
115894,1,0,172948
115895,1,0,172949
115896,2,0,172951
115897,3,0,172954
115898,2,0,172956
115899,2,0,172958
115900,1,0,172959
115901,2,0,172961
115902,2,0,172963
115903,1,0,172964
115904,1,0,172965
115905,1,0,172966
115906,1,0,172967
115907,2,0,172969
115908,2,0,172971
115909,1,0,172972
115910,1,0,172973
115911,3,0,172976
115912,1,0,172977
115913,3,0,172980
115914,1,0,172981
115915,1,0,172982
115916,2,0,172984
115917,1,0,172985
115918,3,0,172988
115919,1,0,172989
115920,1,0,172990
115921,1,0,172991
115922,1,0,172992
115923,2,0,172994
115924,1,0,172995
115925,2,0,172997
115926,1,0,172998
115927,2,0,173000
115928,1,0,173001
115929,1,0,173002
115930,1,0,173003
115931,2,0,173005
115932,3,0,173008
115933,1,0,173009
115934,2,0,173011
115935,4,0,173015
115936,2,0,173017
115937,1,0,173018
115938,1,0,173019
115939,1,0,173020
115940,2,0,173022
115941,1,0,173023
115942,1,0,173024
115943,1,0,173025
115944,2,0,173027
115945,1,0,173028
115946,1,0,173029
115947,1,0,173030
115948,2,0,173032
115949,1,0,173033
115950,1,0,173034
115951,2,0,173036
115952,1,0,173037
115953,1,0,173038
115954,1,0,173039
115955,1,0,173040
115956,4,0,173044
115957,1,0,173045
115958,2,0,173047
115959,1,0,173048
115960,1,0,173049
115961,1,0,173050
115962,1,0,173051
115963,1,0,173052
115964,2,0,173054
115965,1,0,173055
115966,1,0,173056
115967,1,0,173057
115968,1,0,173058
115969,1,0,173059
115970,3,0,173062
115971,1,0,173063
115972,1,0,173064
115973,2,0,173066
115974,1,0,173067
115975,1,0,173068
115976,1,0,173069
115977,1,0,173070
115978,1,0,173071
115979,2,0,173073
115980,2,0,173075
115981,1,0,173076
115982,1,0,173077
115983,2,0,173079
115984,1,0,173080
115985,2,0,173082
115986,1,0,173083
115987,1,0,173084
115988,1,0,173085
115989,1,0,173086
115990,1,0,173087
115991,2,0,173089
115992,2,0,173091
115993,1,0,173092
115994,1,0,173093
115995,2,0,173095
115996,1,0,173096
115997,1,0,173097
115998,5,0,173102
115999,1,0,173103
116000,1,0,173104
116001,2,0,173106
116002,1,0,173107
116003,1,0,173108
116004,2,0,173110
116005,1,0,173111
116006,1,0,173112
116007,1,0,173113
116008,1,0,173114
116009,2,0,173116
116010,1,0,173117
116011,1,0,173118
116012,1,0,173119
116013,1,0,173120
116014,1,0,173121
116015,1,0,173122
116016,1,0,173123
116017,1,0,173124
116018,3,0,173127
116019,1,0,173128
116020,1,0,173129
116021,1,0,173130
116022,1,0,173131
116023,1,0,173132
116024,1,0,173133
116025,1,0,173134
116026,1,0,173135
116027,2,0,173137
116028,3,0,173140
116029,1,0,173141
116030,1,0,173142
116031,1,0,173143
116032,1,0,173144
116033,1,0,173145
116034,1,0,173146
116035,2,0,173148
116036,4,0,173152
116037,1,0,173153
116038,1,0,173154
116039,2,0,173156
116040,1,0,173157
116041,1,0,173158
116042,2,0,173160
116043,1,0,173161
116044,2,0,173163
116045,1,0,173164
116046,1,0,173165
116047,1,0,173166
116048,1,0,173167
116049,1,0,173168
116050,1,0,173169
116051,1,0,173170
116052,1,0,173171
116053,1,0,173172
116054,2,0,173174
116055,2,0,173176
116056,2,0,173178
116057,1,0,173179
116058,1,0,173180
116059,2,0,173182
116060,1,0,173183
116061,1,0,173184
116062,2,0,173186
116063,1,0,173187
116064,2,0,173189
116065,1,0,173190
116066,1,0,173191
116067,1,0,173192
116068,3,0,173195
116069,1,0,173196
116070,1,0,173197
116071,2,0,173199
116072,1,0,173200
116073,2,0,173202
116074,1,0,173203
116075,4,0,173207
116076,2,0,173209
116077,1,0,173210
116078,1,0,173211
116079,2,0,173213
116080,1,0,173214
116081,2,0,173216
116082,1,0,173217
116083,1,0,173218
116084,1,0,173219
116085,3,0,173222
116086,1,0,173223
116087,1,0,173224
116088,2,0,173226
116089,1,0,173227
116090,1,0,173228
116091,1,0,173229
116092,1,0,173230
116093,1,0,173231
116094,1,0,173232
116095,3,0,173235
116096,2,0,173237
116097,1,0,173238
116098,1,0,173239
116099,1,0,173240
116100,4,0,173244
116101,1,0,173245
116102,1,0,173246
116103,1,0,173247
116104,1,0,173248
116105,4,0,173252
116106,2,0,173254
116107,1,0,173255
116108,1,0,173256
116109,1,0,173257
116110,1,0,173258
116111,2,0,173260
116112,2,0,173262
116113,1,0,173263
116114,1,0,173264
116115,1,0,173265
116116,1,0,173266
116117,1,0,173267
116118,2,0,173269
116119,1,0,173270
116120,1,0,173271
116121,2,0,173273
116122,2,0,173275
116123,3,0,173278
116124,2,0,173280
116125,1,0,173281
116126,1,0,173282
116127,1,0,173283
116128,1,0,173284
116129,1,0,173285
116130,1,0,173286
116131,1,0,173287
116132,1,0,173288
116133,1,0,173289
116134,2,0,173291
116135,2,0,173293
116136,1,0,173294
116137,2,0,173296
116138,1,0,173297
116139,3,0,173300
116140,2,0,173302
116141,1,0,173303
116142,1,0,173304
116143,2,0,173306
116144,2,0,173308
116145,3,0,173311
116146,3,0,173314
116147,1,0,173315
116148,1,0,173316
116149,1,0,173317
116150,1,0,173318
116151,3,0,173321
116152,1,0,173322
116153,4,0,173326
116154,1,0,173327
116155,1,0,173328
116156,1,0,173329
116157,1,0,173330
116158,1,0,173331
116159,1,0,173332
116160,2,0,173334
116161,2,0,173336
116162,2,0,173338
116163,1,0,173339
116164,1,0,173340
116165,1,0,173341
116166,1,0,173342
116167,1,0,173343
116168,1,0,173344
116169,4,0,173348
116170,1,0,173349
116171,2,0,173351
116172,1,0,173352
116173,2,0,173354
116174,1,0,173355
116175,1,0,173356
116176,1,0,173357
116177,1,0,173358
116178,2,0,173360
116179,1,0,173361
116180,1,0,173362
116181,2,0,173364
116182,1,0,173365
116183,1,0,173366
116184,3,0,173369
116185,2,0,173371
116186,3,0,173374
116187,1,0,173375
116188,1,0,173376
116189,1,0,173377
116190,2,0,173379
116191,4,0,173383
116192,2,0,173385
116193,1,0,173386
116194,1,0,173387
116195,1,0,173388
116196,2,0,173390
116197,1,0,173391
116198,2,0,173393
116199,1,0,173394
116200,2,0,173396
116201,1,0,173397
116202,1,0,173398
116203,2,0,173400
116204,2,0,173402
116205,1,0,173403
116206,1,0,173404
116207,1,0,173405
116208,1,0,173406
116209,1,0,173407
116210,1,0,173408
116211,1,0,173409
116212,1,0,173410
116213,1,0,173411
116214,2,0,173413
116215,3,0,173416
116216,1,0,173417
116217,1,0,173418
116218,1,0,173419
116219,1,0,173420
116220,1,0,173421
116221,1,0,173422
116222,1,0,173423
116223,1,0,173424
116224,1,0,173425
116225,2,0,173427
116226,1,0,173428
116227,1,0,173429
116228,1,0,173430
116229,1,0,173431
116230,2,0,173433
116231,4,0,173437
116232,1,0,173438
116233,1,0,173439
116234,1,0,173440
116235,2,0,173442
116236,1,0,173443
116237,1,0,173444
116238,2,0,173446
116239,2,0,173448
116240,2,0,173450
116241,5,0,173455
116242,1,0,173456
116243,1,0,173457
116244,1,0,173458
116245,2,0,173460
116246,1,0,173461
116247,1,0,173462
116248,1,0,173463
116249,2,0,173465
116250,1,0,173466
116251,2,0,173468
116252,1,0,173469
116253,1,0,173470
116254,1,0,173471
116255,1,0,173472
116256,2,0,173474
116257,1,0,173475
116258,1,0,173476
116259,3,0,173479
116260,3,0,173482
116261,1,0,173483
116262,1,0,173484
116263,1,0,173485
116264,1,0,173486
116265,1,0,173487
116266,2,0,173489
116267,1,0,173490
116268,1,0,173491
116269,1,0,173492
116270,2,0,173494
116271,2,0,173496
116272,1,0,173497
116273,1,0,173498
116274,3,0,173501
116275,2,0,173503
116276,1,0,173504
116277,1,0,173505
116278,2,0,173507
116279,1,0,173508
116280,1,0,173509
116281,1,0,173510
116282,3,0,173513
116283,2,0,173515
116284,1,0,173516
116285,3,0,173519
116286,1,0,173520
116287,3,0,173523
116288,2,0,173525
116289,1,0,173526
116290,1,0,173527
116291,1,0,173528
116292,1,0,173529
116293,1,0,173530
116294,1,0,173531
116295,2,0,173533
116296,2,0,173535
116297,1,0,173536
116298,1,0,173537
116299,2,0,173539
116300,3,0,173542
116301,1,0,173543
116302,1,0,173544
116303,1,0,173545
116304,1,0,173546
116305,3,0,173549
116306,1,0,173550
116307,2,0,173552
116308,2,0,173554
116309,1,0,173555
116310,3,0,173558
116311,1,0,173559
116312,1,0,173560
116313,1,0,173561
116314,1,0,173562
116315,4,0,173566
116316,1,0,173567
116317,1,0,173568
116318,1,0,173569
116319,1,0,173570
116320,2,0,173572
116321,2,0,173574
116322,1,0,173575
116323,1,0,173576
116324,2,0,173578
116325,3,0,173581
116326,3,0,173584
116327,1,0,173585
116328,1,0,173586
116329,1,0,173587
116330,1,0,173588
116331,1,0,173589
116332,1,0,173590
116333,1,0,173591
116334,2,0,173593
116335,1,0,173594
116336,1,0,173595
116337,3,0,173598
116338,4,0,173602
116339,1,0,173603
116340,1,0,173604
116341,2,0,173606
116342,1,0,173607
116343,1,0,173608
116344,1,0,173609
116345,1,0,173610
116346,1,0,173611
116347,1,0,173612
116348,1,0,173613
116349,2,0,173615
116350,2,0,173617
116351,1,0,173618
116352,1,0,173619
116353,2,0,173621
116354,2,0,173623
116355,1,0,173624
116356,1,0,173625
116357,1,0,173626
116358,3,0,173629
116359,1,0,173630
116360,3,0,173633
116361,1,0,173634
116362,2,0,173636
116363,1,0,173637
116364,1,0,173638
116365,1,0,173639
116366,2,0,173641
116367,1,0,173642
116368,5,0,173647
116369,1,0,173648
116370,1,0,173649
116371,1,0,173650
116372,1,0,173651
116373,1,0,173652
116374,2,0,173654
116375,2,0,173656
116376,1,0,173657
116377,1,0,173658
116378,3,0,173661
116379,2,0,173663
116380,1,0,173664
116381,1,0,173665
116382,2,0,173667
116383,3,0,173670
116384,6,0,173676
116385,2,0,173678
116386,3,0,173681
116387,1,0,173682
116388,1,0,173683
116389,1,0,173684
116390,1,0,173685
116391,2,0,173687
116392,1,0,173688
116393,1,0,173689
116394,2,0,173691
116395,2,0,173693
116396,1,0,173694
116397,1,0,173695
116398,1,0,173696
116399,1,0,173697
116400,1,0,173698
116401,1,0,173699
116402,1,0,173700
116403,1,0,173701
116404,1,0,173702
116405,2,0,173704
116406,1,0,173705
116407,2,0,173707
116408,1,0,173708
116409,1,0,173709
116410,1,0,173710
116411,1,0,173711
116412,1,0,173712
116413,1,0,173713
116414,2,0,173715
116415,2,0,173717
116416,1,0,173718
116417,1,0,173719
116418,2,0,173721
116419,1,0,173722
116420,2,0,173724
116421,1,0,173725
116422,1,0,173726
116423,3,0,173729
116424,1,0,173730
116425,1,0,173731
116426,5,0,173736
116427,2,0,173738
116428,1,0,173739
116429,1,0,173740
116430,1,0,173741
116431,3,0,173744
116432,3,0,173747
116433,3,0,173750
116434,1,0,173751
116435,1,0,173752
116436,1,0,173753
116437,2,0,173755
116438,1,0,173756
116439,1,0,173757
116440,1,0,173758
116441,1,0,173759
116442,1,0,173760
116443,1,0,173761
116444,1,0,173762
116445,1,0,173763
116446,1,0,173764
116447,2,0,173766
116448,1,0,173767
116449,1,0,173768
116450,3,0,173771
116451,1,0,173772
116452,3,0,173775
116453,1,0,173776
116454,1,0,173777
116455,1,0,173778
116456,1,0,173779
116457,1,0,173780
116458,1,0,173781
116459,3,0,173784
116460,1,0,173785
116461,1,0,173786
116462,1,0,173787
116463,2,0,173789
116464,1,0,173790
116465,3,0,173793
116466,2,0,173795
116467,1,0,173796
116468,1,0,173797
116469,1,0,173798
116470,2,0,173800
116471,2,0,173802
116472,1,0,173803
116473,1,0,173804
116474,1,0,173805
116475,1,0,173806
116476,1,0,173807
116477,1,0,173808
116478,1,0,173809
116479,1,0,173810
116480,1,0,173811
116481,1,0,173812
116482,3,0,173815
116483,1,0,173816
116484,1,0,173817
116485,3,0,173820
116486,1,0,173821
116487,1,0,173822
116488,1,0,173823
116489,1,0,173824
116490,1,0,173825
116491,4,0,173829
116492,2,0,173831
116493,2,0,173833
116494,1,0,173834
116495,1,0,173835
116496,1,0,173836
116497,2,0,173838
116498,4,0,173842
116499,2,0,173844
116500,2,0,173846
116501,1,0,173847
116502,3,0,173850
116503,1,0,173851
116504,5,0,173856
116505,1,0,173857
116506,2,0,173859
116507,2,0,173861
116508,1,0,173862
116509,1,0,173863
116510,1,0,173864
116511,1,0,173865
116512,2,0,173867
116513,2,0,173869
116514,2,0,173871
116515,1,0,173872
116516,1,0,173873
116517,1,0,173874
116518,1,0,173875
116519,1,0,173876
116520,1,0,173877
116521,1,0,173878
116522,1,0,173879
116523,1,0,173880
116524,1,0,173881
116525,2,0,173883
116526,2,0,173885
116527,1,0,173886
116528,1,0,173887
116529,1,0,173888
116530,1,0,173889
116531,1,0,173890
116532,1,0,173891
116533,1,0,173892
116534,1,0,173893
116535,2,0,173895
116536,3,0,173898
116537,1,0,173899
116538,1,0,173900
116539,1,0,173901
116540,2,0,173903
116541,1,0,173904
116542,1,0,173905
116543,1,0,173906
116544,2,0,173908
116545,2,0,173910
116546,1,0,173911
116547,2,0,173913
116548,2,0,173915
116549,1,0,173916
116550,1,0,173917
116551,1,0,173918
116552,2,0,173920
116553,2,0,173922
116554,1,0,173923
116555,1,0,173924
116556,1,0,173925
116557,1,0,173926
116558,1,0,173927
116559,3,0,173930
116560,1,0,173931
116561,1,0,173932
116562,1,0,173933
116563,2,0,173935
116564,1,0,173936
116565,1,0,173937
116566,1,0,173938
116567,1,0,173939
116568,3,0,173942
116569,1,0,173943
116570,1,0,173944
116571,1,0,173945
116572,5,0,173950
116573,1,0,173951
116574,1,0,173952
116575,1,0,173953
116576,1,0,173954
116577,3,0,173957
116578,2,0,173959
116579,2,0,173961
116580,1,0,173962
116581,1,0,173963
116582,2,0,173965
116583,1,0,173966
116584,1,0,173967
116585,1,0,173968
116586,2,0,173970
116587,1,0,173971
116588,1,0,173972
116589,1,0,173973
116590,2,0,173975
116591,1,0,173976
116592,3,0,173979
116593,2,0,173981
116594,1,0,173982
116595,1,0,173983
116596,1,0,173984
116597,1,0,173985
116598,1,0,173986
116599,1,0,173987
116600,3,0,173990
116601,1,0,173991
116602,1,0,173992
116603,1,0,173993
116604,1,0,173994
116605,1,0,173995
116606,1,0,173996
116607,1,0,173997
116608,1,0,173998
116609,3,0,174001
116610,2,0,174003
116611,2,0,174005
116612,3,0,174008
116613,2,0,174010
116614,1,0,174011
116615,1,0,174012
116616,3,0,174015
116617,1,0,174016
116618,2,0,174018
116619,1,0,174019
116620,1,0,174020
116621,1,0,174021
116622,1,0,174022
116623,1,0,174023
116624,1,0,174024
116625,2,0,174026
116626,1,0,174027
116627,3,0,174030
116628,1,0,174031
116629,5,0,174036
116630,2,0,174038
116631,2,0,174040
116632,1,0,174041
116633,1,0,174042
116634,1,0,174043
116635,1,0,174044
116636,1,0,174045
116637,1,0,174046
116638,1,0,174047
116639,2,0,174049
116640,1,0,174050
116641,1,0,174051
116642,1,0,174052
116643,1,0,174053
116644,2,0,174055
116645,3,0,174058
116646,3,0,174061
116647,1,0,174062
116648,1,0,174063
116649,1,0,174064
116650,1,0,174065
116651,3,0,174068
116652,2,0,174070
116653,1,0,174071
116654,2,0,174073
116655,1,0,174074
116656,1,0,174075
116657,1,0,174076
116658,1,0,174077
116659,1,0,174078
116660,1,0,174079
116661,1,0,174080
116662,2,0,174082
116663,1,0,174083
116664,1,0,174084
116665,1,0,174085
116666,2,0,174087
116667,1,0,174088
116668,2,0,174090
116669,2,0,174092
116670,2,0,174094
116671,2,0,174096
116672,2,0,174098
116673,1,0,174099
116674,1,0,174100
116675,1,0,174101
116676,2,0,174103
116677,1,0,174104
116678,3,0,174107
116679,2,0,174109
116680,1,0,174110
116681,2,0,174112
116682,1,0,174113
116683,1,0,174114
116684,1,0,174115
116685,1,0,174116
116686,2,0,174118
116687,2,0,174120
116688,1,0,174121
116689,1,0,174122
116690,1,0,174123
116691,2,0,174125
116692,1,0,174126
116693,1,0,174127
116694,2,0,174129
116695,1,0,174130
116696,1,0,174131
116697,2,0,174133
116698,1,0,174134
116699,1,0,174135
116700,1,0,174136
116701,2,0,174138
116702,1,0,174139
116703,4,0,174143
116704,1,0,174144
116705,1,0,174145
116706,1,0,174146
116707,1,0,174147
116708,3,0,174150
116709,1,0,174151
116710,3,0,174154
116711,1,0,174155
116712,1,0,174156
116713,1,0,174157
116714,2,0,174159
116715,1,0,174160
116716,4,0,174164
116717,1,0,174165
116718,2,0,174167
116719,1,0,174168
116720,1,0,174169
116721,1,0,174170
116722,2,0,174172
116723,2,0,174174
116724,2,0,174176
116725,5,0,174181
116726,3,0,174184
116727,1,0,174185
116728,1,0,174186
116729,1,0,174187
116730,1,0,174188
116731,2,0,174190
116732,2,0,174192
116733,1,0,174193
116734,1,0,174194
116735,1,0,174195
116736,1,0,174196
116737,1,0,174197
116738,1,0,174198
116739,1,0,174199
116740,1,0,174200
116741,1,0,174201
116742,2,0,174203
116743,1,0,174204
116744,2,0,174206
116745,1,0,174207
116746,1,0,174208
116747,2,0,174210
116748,1,0,174211
116749,1,0,174212
116750,3,0,174215
116751,1,0,174216
116752,1,0,174217
116753,1,0,174218
116754,1,0,174219
116755,1,0,174220
116756,1,0,174221
116757,1,0,174222
116758,1,0,174223
116759,2,0,174225
116760,4,0,174229
116761,3,0,174232
116762,2,0,174234
116763,2,0,174236
116764,1,0,174237
116765,3,0,174240
116766,1,0,174241
116767,2,0,174243
116768,1,0,174244
116769,1,0,174245
116770,1,0,174246
116771,1,0,174247
116772,1,0,174248
116773,1,0,174249
116774,2,0,174251
116775,4,0,174255
116776,1,0,174256
116777,3,0,174259
116778,2,0,174261
116779,2,0,174263
116780,1,0,174264
116781,1,0,174265
116782,1,0,174266
116783,1,0,174267
116784,2,0,174269
116785,2,0,174271
116786,3,0,174274
116787,1,0,174275
116788,1,0,174276
116789,1,0,174277
116790,2,0,174279
116791,1,0,174280
116792,1,0,174281
116793,2,0,174283
116794,1,0,174284
116795,4,0,174288
116796,3,0,174291
116797,1,0,174292
116798,1,0,174293
116799,1,0,174294
116800,1,0,174295
116801,1,0,174296
116802,1,0,174297
116803,1,0,174298
116804,2,0,174300
116805,2,0,174302
116806,2,0,174304
116807,1,0,174305
116808,2,0,174307
116809,1,0,174308
116810,2,0,174310
116811,2,0,174312
116812,4,0,174316
116813,1,0,174317
116814,1,0,174318
116815,2,0,174320
116816,4,0,174324
116817,1,0,174325
116818,4,0,174329
116819,1,0,174330
116820,1,0,174331
116821,1,0,174332
116822,1,0,174333
116823,2,0,174335
116824,1,0,174336
116825,4,0,174340
116826,1,0,174341
116827,1,0,174342
116828,2,0,174344
116829,2,0,174346
116830,2,0,174348
116831,2,0,174350
116832,2,0,174352
116833,2,0,174354
116834,1,0,174355
116835,3,0,174358
116836,1,0,174359
116837,1,0,174360
116838,1,0,174361
116839,2,0,174363
116840,1,0,174364
116841,3,0,174367
116842,1,0,174368
116843,1,0,174369
116844,2,0,174371
116845,1,0,174372
116846,1,0,174373
116847,1,0,174374
116848,1,0,174375
116849,1,0,174376
116850,2,0,174378
116851,1,0,174379
116852,1,0,174380
116853,2,0,174382
116854,2,0,174384
116855,1,0,174385
116856,1,0,174386
116857,1,0,174387
116858,1,0,174388
116859,1,0,174389
116860,1,0,174390
116861,2,0,174392
116862,1,0,174393
116863,2,0,174395
116864,1,0,174396
116865,1,0,174397
116866,1,0,174398
116867,1,0,174399
116868,1,0,174400
116869,2,0,174402
116870,2,0,174404
116871,1,0,174405
116872,3,0,174408
116873,1,0,174409
116874,1,0,174410
116875,2,0,174412
116876,2,0,174414
116877,1,0,174415
116878,3,0,174418
116879,1,0,174419
116880,1,0,174420
116881,4,0,174424
116882,1,0,174425
116883,1,0,174426
116884,1,0,174427
116885,1,0,174428
116886,1,0,174429
116887,1,0,174430
116888,1,0,174431
116889,1,0,174432
116890,2,0,174434
116891,1,0,174435
116892,1,0,174436
116893,1,0,174437
116894,2,0,174439
116895,1,0,174440
116896,1,0,174441
116897,1,0,174442
116898,2,0,174444
116899,1,0,174445
116900,1,0,174446
116901,1,0,174447
116902,1,0,174448
116903,1,0,174449
116904,1,0,174450
116905,5,0,174455
116906,1,0,174456
116907,5,0,174461
116908,1,0,174462
116909,1,0,174463
116910,1,0,174464
116911,1,0,174465
116912,1,0,174466
116913,3,0,174469
116914,1,0,174470
116915,1,0,174471
116916,1,0,174472
116917,1,0,174473
116918,1,0,174474
116919,1,0,174475
116920,1,0,174476
116921,2,0,174478
116922,2,0,174480
116923,1,0,174481
116924,1,0,174482
116925,1,0,174483
116926,1,0,174484
116927,2,0,174486
116928,3,0,174489
116929,1,0,174490
116930,2,0,174492
116931,2,0,174494
116932,2,0,174496
116933,1,0,174497
116934,1,0,174498
116935,1,0,174499
116936,2,0,174501
116937,1,0,174502
116938,1,0,174503
116939,1,0,174504
116940,1,0,174505
116941,1,0,174506
116942,1,0,174507
116943,1,0,174508
116944,2,0,174510
116945,1,0,174511
116946,1,0,174512
116947,2,0,174514
116948,2,0,174516
116949,1,0,174517
116950,2,0,174519
116951,1,0,174520
116952,2,0,174522
116953,1,0,174523
116954,1,0,174524
116955,1,0,174525
116956,1,0,174526
116957,1,0,174527
116958,4,0,174531
116959,1,0,174532
116960,1,0,174533
116961,1,0,174534
116962,2,0,174536
116963,1,0,174537
116964,1,0,174538
116965,1,0,174539
116966,1,0,174540
116967,1,0,174541
116968,1,0,174542
116969,1,0,174543
116970,1,0,174544
116971,1,0,174545
116972,2,0,174547
116973,1,0,174548
116974,3,0,174551
116975,2,0,174553
116976,1,0,174554
116977,1,0,174555
116978,1,0,174556
116979,2,0,174558
116980,1,0,174559
116981,1,0,174560
116982,1,0,174561
116983,2,0,174563
116984,1,0,174564
116985,4,0,174568
116986,2,0,174570
116987,1,0,174571
116988,1,0,174572
116989,1,0,174573
116990,2,0,174575
116991,1,0,174576
116992,1,0,174577
116993,1,0,174578
116994,1,0,174579
116995,1,0,174580
116996,2,0,174582
116997,1,0,174583
116998,1,0,174584
116999,1,0,174585
117000,1,0,174586
117001,1,0,174587
117002,1,0,174588
117003,2,0,174590
117004,1,0,174591
117005,1,0,174592
117006,4,0,174596
117007,1,0,174597
117008,1,0,174598
117009,1,0,174599
117010,1,0,174600
117011,1,0,174601
117012,1,0,174602
117013,1,0,174603
117014,1,0,174604
117015,1,0,174605
117016,3,0,174608
117017,2,0,174610
117018,2,0,174612
117019,2,0,174614
117020,1,0,174615
117021,1,0,174616
117022,1,0,174617
117023,1,0,174618
117024,4,0,174622
117025,1,0,174623
117026,1,0,174624
117027,1,0,174625
117028,1,0,174626
117029,1,0,174627
117030,3,0,174630
117031,2,0,174632
117032,1,0,174633
117033,1,0,174634
117034,2,0,174636
117035,1,0,174637
117036,1,0,174638
117037,1,0,174639
117038,2,0,174641
117039,1,0,174642
117040,1,0,174643
117041,3,0,174646
117042,1,0,174647
117043,1,0,174648
117044,5,0,174653
117045,1,0,174654
117046,2,0,174656
117047,1,0,174657
117048,1,0,174658
117049,1,0,174659
117050,3,0,174662
117051,4,0,174666
117052,2,0,174668
117053,1,0,174669
117054,1,0,174670
117055,1,0,174671
117056,1,0,174672
117057,1,0,174673
117058,3,0,174676
117059,6,0,174682
117060,1,0,174683
117061,2,0,174685
117062,1,0,174686
117063,1,0,174687
117064,1,0,174688
117065,1,0,174689
117066,2,0,174691
117067,1,0,174692
117068,6,0,174698
117069,1,0,174699
117070,3,0,174702
117071,2,0,174704
117072,1,0,174705
117073,1,0,174706
117074,3,0,174709
117075,1,0,174710
117076,3,0,174713
117077,2,0,174715
117078,1,0,174716
117079,1,0,174717
117080,2,0,174719
117081,1,0,174720
117082,1,0,174721
117083,1,0,174722
117084,1,0,174723
117085,1,0,174724
117086,2,0,174726
117087,4,0,174730
117088,1,0,174731
117089,1,0,174732
117090,1,0,174733
117091,1,0,174734
117092,2,0,174736
117093,2,0,174738
117094,1,0,174739
117095,1,0,174740
117096,1,0,174741
117097,1,0,174742
117098,1,0,174743
117099,1,0,174744
117100,1,0,174745
117101,1,0,174746
117102,1,0,174747
117103,3,0,174750
117104,2,0,174752
117105,2,0,174754
117106,2,0,174756
117107,2,0,174758
117108,1,0,174759
117109,2,0,174761
117110,1,0,174762
117111,1,0,174763
117112,1,0,174764
117113,1,0,174765
117114,2,0,174767
117115,1,0,174768
117116,1,0,174769
117117,1,0,174770
117118,3,0,174773
117119,1,0,174774
117120,1,0,174775
117121,1,0,174776
117122,1,0,174777
117123,1,0,174778
117124,1,0,174779
117125,2,0,174781
117126,2,0,174783
117127,1,0,174784
117128,1,0,174785
117129,1,0,174786
117130,1,0,174787
117131,1,0,174788
117132,1,0,174789
117133,1,0,174790
117134,1,0,174791
117135,2,0,174793
117136,3,0,174796
117137,1,0,174797
117138,1,0,174798
117139,1,0,174799
117140,1,0,174800
117141,2,0,174802
117142,2,0,174804
117143,1,0,174805
117144,1,0,174806
117145,2,0,174808
117146,1,0,174809
117147,2,0,174811
117148,1,0,174812
117149,1,0,174813
117150,2,0,174815
117151,1,0,174816
117152,1,0,174817
117153,3,0,174820
117154,1,0,174821
117155,1,0,174822
117156,1,0,174823
117157,2,0,174825
117158,4,0,174829
117159,1,0,174830
117160,2,0,174832
117161,2,0,174834
117162,1,0,174835
117163,1,0,174836
117164,1,0,174837
117165,1,0,174838
117166,1,0,174839
117167,2,0,174841
117168,2,0,174843
117169,1,0,174844
117170,3,0,174847
117171,1,0,174848
117172,2,0,174850
117173,3,0,174853
117174,2,0,174855
117175,1,0,174856
117176,1,0,174857
117177,5,0,174862
117178,1,0,174863
117179,1,0,174864
117180,1,0,174865
117181,1,0,174866
117182,1,0,174867
117183,2,0,174869
117184,1,0,174870
117185,1,0,174871
117186,1,0,174872
117187,1,0,174873
117188,1,0,174874
117189,1,0,174875
117190,1,0,174876
117191,1,0,174877
117192,1,0,174878
117193,1,0,174879
117194,2,0,174881
117195,1,0,174882
117196,4,0,174886
117197,3,0,174889
117198,1,0,174890
117199,2,0,174892
117200,1,0,174893
117201,1,0,174894
117202,1,0,174895
117203,2,0,174897
117204,1,0,174898
117205,5,0,174903
117206,1,0,174904
117207,2,0,174906
117208,1,0,174907
117209,1,0,174908
117210,2,0,174910
117211,1,0,174911
117212,3,0,174914
117213,1,0,174915
117214,2,0,174917
117215,1,0,174918
117216,2,0,174920
117217,2,0,174922
117218,2,0,174924
117219,1,0,174925
117220,1,0,174926
117221,2,0,174928
117222,3,0,174931
117223,1,0,174932
117224,1,0,174933
117225,1,0,174934
117226,5,0,174939
117227,2,0,174941
117228,4,0,174945
117229,2,0,174947
117230,1,0,174948
117231,6,0,174954
117232,3,0,174957
117233,1,0,174958
117234,1,0,174959
117235,1,0,174960
117236,1,0,174961
117237,1,0,174962
117238,1,0,174963
117239,5,0,174968
117240,2,0,174970
117241,1,0,174971
117242,1,0,174972
117243,1,0,174973
117244,1,0,174974
117245,1,0,174975
117246,2,0,174977
117247,4,0,174981
117248,1,0,174982
117249,3,0,174985
117250,4,0,174989
117251,1,0,174990
117252,2,0,174992
117253,2,0,174994
117254,1,0,174995
117255,1,0,174996
117256,3,0,174999
117257,2,0,175001
117258,1,0,175002
117259,1,0,175003
117260,1,0,175004
117261,1,0,175005
117262,3,0,175008
117263,1,0,175009
117264,1,0,175010
117265,1,0,175011
117266,1,0,175012
117267,1,0,175013
117268,1,0,175014
117269,1,0,175015
117270,1,0,175016
117271,2,0,175018
117272,2,0,175020
117273,1,0,175021
117274,1,0,175022
117275,1,0,175023
117276,1,0,175024
117277,1,0,175025
117278,2,0,175027
117279,1,0,175028
117280,1,0,175029
117281,1,0,175030
117282,2,0,175032
117283,1,0,175033
117284,1,0,175034
117285,1,0,175035
117286,1,0,175036
117287,1,0,175037
117288,1,0,175038
117289,1,0,175039
117290,1,0,175040
117291,1,0,175041
117292,1,0,175042
117293,1,0,175043
117294,1,0,175044
117295,1,0,175045
117296,1,0,175046
117297,1,0,175047
117298,1,0,175048
117299,1,0,175049
117300,1,0,175050
117301,1,0,175051
117302,1,0,175052
117303,1,0,175053
117304,1,0,175054
117305,1,0,175055
117306,1,0,175056
117307,1,0,175057
117308,1,0,175058
117309,3,0,175061
117310,1,0,175062
117311,2,0,175064
117312,1,0,175065
117313,1,0,175066
117314,1,0,175067
117315,1,0,175068
117316,2,0,175070
117317,3,0,175073
117318,1,0,175074
117319,1,0,175075
117320,4,0,175079
117321,1,0,175080
117322,2,0,175082
117323,1,0,175083
117324,1,0,175084
117325,1,0,175085
117326,1,0,175086
117327,1,0,175087
117328,3,0,175090
117329,1,0,175091
117330,1,0,175092
117331,1,0,175093
117332,2,0,175095
117333,1,0,175096
117334,1,0,175097
117335,1,0,175098
117336,1,0,175099
117337,1,0,175100
117338,1,0,175101
117339,1,0,175102
117340,6,0,175108
117341,1,0,175109
117342,4,0,175113
117343,4,0,175117
117344,1,0,175118
117345,2,0,175120
117346,1,0,175121
117347,5,0,175126
117348,1,0,175127
117349,1,0,175128
117350,1,0,175129
117351,1,0,175130
117352,1,0,175131
117353,1,0,175132
117354,1,0,175133
117355,1,0,175134
117356,1,0,175135
117357,2,0,175137
117358,1,0,175138
117359,2,0,175140
117360,1,0,175141
117361,1,0,175142
117362,2,0,175144
117363,1,0,175145
117364,1,0,175146
117365,1,0,175147
117366,1,0,175148
117367,2,0,175150
117368,2,0,175152
117369,1,0,175153
117370,1,0,175154
117371,1,0,175155
117372,1,0,175156
117373,1,0,175157
117374,2,0,175159
117375,1,0,175160
117376,1,0,175161
117377,1,0,175162
117378,3,0,175165
117379,1,0,175166
117380,1,0,175167
117381,1,0,175168
117382,3,0,175171
117383,1,0,175172
117384,1,0,175173
117385,1,0,175174
117386,2,0,175176
117387,1,0,175177
117388,2,0,175179
117389,2,0,175181
117390,1,0,175182
117391,1,0,175183
117392,1,0,175184
117393,1,0,175185
117394,1,0,175186
117395,1,0,175187
117396,1,0,175188
117397,1,0,175189
117398,1,0,175190
117399,3,0,175193
117400,3,0,175196
117401,1,0,175197
117402,1,0,175198
117403,1,0,175199
117404,1,0,175200
117405,1,0,175201
117406,1,0,175202
117407,1,0,175203
117408,1,0,175204
117409,1,0,175205
117410,1,0,175206
117411,1,0,175207
117412,4,0,175211
117413,2,0,175213
117414,1,0,175214
117415,2,0,175216
117416,1,0,175217
117417,1,0,175218
117418,1,0,175219
117419,1,0,175220
117420,3,0,175223
117421,4,0,175227
117422,1,0,175228
117423,1,0,175229
117424,1,0,175230
117425,1,0,175231
117426,5,0,175236
117427,1,0,175237
117428,2,0,175239
117429,2,0,175241
117430,3,0,175244
117431,1,0,175245
117432,1,0,175246
117433,2,0,175248
117434,1,0,175249
117435,4,0,175253
117436,1,0,175254
117437,1,0,175255
117438,1,0,175256
117439,1,0,175257
117440,2,0,175259
117441,4,0,175263
117442,1,0,175264
117443,1,0,175265
117444,1,0,175266
117445,1,0,175267
117446,1,0,175268
117447,1,0,175269
117448,1,0,175270
117449,1,0,175271
117450,1,0,175272
117451,1,0,175273
117452,2,0,175275
117453,1,0,175276
117454,1,0,175277
117455,2,0,175279
117456,1,0,175280
117457,3,0,175283
117458,1,0,175284
117459,2,0,175286
117460,1,0,175287
117461,1,0,175288
117462,1,0,175289
117463,2,0,175291
117464,2,0,175293
117465,1,0,175294
117466,4,0,175298
117467,1,0,175299
117468,1,0,175300
117469,1,0,175301
117470,1,0,175302
117471,6,0,175308
117472,1,0,175309
117473,1,0,175310
117474,1,0,175311
117475,2,0,175313
117476,3,0,175316
117477,1,0,175317
117478,4,0,175321
117479,1,0,175322
117480,1,0,175323
117481,1,0,175324
117482,2,0,175326
117483,1,0,175327
117484,1,0,175328
117485,1,0,175329
117486,1,0,175330
117487,1,0,175331
117488,1,0,175332
117489,1,0,175333
117490,1,0,175334
117491,1,0,175335
117492,2,0,175337
117493,2,0,175339
117494,1,0,175340
117495,1,0,175341
117496,1,0,175342
117497,1,0,175343
117498,6,0,175349
117499,1,0,175350
117500,1,0,175351
117501,1,0,175352
117502,1,0,175353
117503,1,0,175354
117504,1,0,175355
117505,1,0,175356
117506,1,0,175357
117507,1,0,175358
117508,2,0,175360
117509,1,0,175361
117510,2,0,175363
117511,1,0,175364
117512,1,0,175365
117513,2,0,175367
117514,2,0,175369
117515,1,0,175370
117516,2,0,175372
117517,1,0,175373
117518,1,0,175374
117519,3,0,175377
117520,1,0,175378
117521,1,0,175379
117522,2,0,175381
117523,1,0,175382
117524,1,0,175383
117525,1,0,175384
117526,1,0,175385
117527,1,0,175386
117528,1,0,175387
117529,3,0,175390
117530,2,0,175392
117531,1,0,175393
117532,1,0,175394
117533,1,0,175395
117534,1,0,175396
117535,2,0,175398
117536,1,0,175399
117537,1,0,175400
117538,3,0,175403
117539,2,0,175405
117540,1,0,175406
117541,1,0,175407
117542,3,0,175410
117543,1,0,175411
117544,1,0,175412
117545,1,0,175413
117546,1,0,175414
117547,1,0,175415
117548,1,0,175416
117549,1,0,175417
117550,2,0,175419
117551,4,0,175423
117552,1,0,175424
117553,1,0,175425
117554,1,0,175426
117555,2,0,175428
117556,1,0,175429
117557,2,0,175431
117558,2,0,175433
117559,1,0,175434
117560,1,0,175435
117561,1,0,175436
117562,1,0,175437
117563,1,0,175438
117564,1,0,175439
117565,1,0,175440
117566,1,0,175441
117567,6,0,175447
117568,1,0,175448
117569,1,0,175449
117570,3,0,175452
117571,1,0,175453
117572,1,0,175454
117573,1,0,175455
117574,1,0,175456
117575,1,0,175457
117576,1,0,175458
117577,1,0,175459
117578,1,0,175460
117579,2,0,175462
117580,1,0,175463
117581,1,0,175464
117582,1,0,175465
117583,1,0,175466
117584,1,0,175467
117585,3,0,175470
117586,3,0,175473
117587,1,0,175474
117588,1,0,175475
117589,2,0,175477
117590,1,0,175478
117591,1,0,175479
117592,1,0,175480
117593,1,0,175481
117594,1,0,175482
117595,1,0,175483
117596,1,0,175484
117597,2,0,175486
117598,3,0,175489
117599,1,0,175490
117600,1,0,175491
117601,1,0,175492
117602,2,0,175494
117603,1,0,175495
117604,1,0,175496
117605,1,0,175497
117606,1,0,175498
117607,1,0,175499
117608,1,0,175500
117609,3,0,175503
117610,1,0,175504
117611,2,0,175506
117612,1,0,175507
117613,2,0,175509
117614,4,0,175513
117615,1,0,175514
117616,1,0,175515
117617,4,0,175519
117618,2,0,175521
117619,1,0,175522
117620,1,0,175523
117621,3,0,175526
117622,1,0,175527
117623,1,0,175528
117624,1,0,175529
117625,1,0,175530
117626,1,0,175531
117627,1,0,175532
117628,2,0,175534
117629,2,0,175536
117630,2,0,175538
117631,1,0,175539
117632,1,0,175540
117633,1,0,175541
117634,2,0,175543
117635,1,0,175544
117636,2,0,175546
117637,1,0,175547
117638,1,0,175548
117639,1,0,175549
117640,1,0,175550
117641,2,0,175552
117642,1,0,175553
117643,1,0,175554
117644,2,0,175556
117645,1,0,175557
117646,1,0,175558
117647,7,0,175565
117648,1,0,175566
117649,1,0,175567
117650,1,0,175568
117651,1,0,175569
117652,1,0,175570
117653,1,0,175571
117654,1,0,175572
117655,1,0,175573
117656,2,0,175575
117657,1,0,175576
117658,1,0,175577
117659,2,0,175579
117660,1,0,175580
117661,1,0,175581
117662,3,0,175584
117663,1,0,175585
117664,3,0,175588
117665,1,0,175589
117666,1,0,175590
117667,1,0,175591
117668,3,0,175594
117669,1,0,175595
117670,1,0,175596
117671,1,0,175597
117672,1,0,175598
117673,1,0,175599
117674,1,0,175600
117675,1,0,175601
117676,1,0,175602
117677,1,0,175603
117678,1,0,175604
117679,3,0,175607
117680,2,0,175609
117681,1,0,175610
117682,1,0,175611
117683,1,0,175612
117684,3,0,175615
117685,2,0,175617
117686,3,0,175620
117687,1,0,175621
117688,1,0,175622
117689,1,0,175623
117690,2,0,175625
117691,1,0,175626
117692,1,0,175627
117693,1,0,175628
117694,1,0,175629
117695,1,0,175630
117696,1,0,175631
117697,2,0,175633
117698,1,0,175634
117699,2,0,175636
117700,1,0,175637
117701,2,0,175639
117702,1,0,175640
117703,1,0,175641
117704,1,0,175642
117705,5,0,175647
117706,1,0,175648
117707,1,0,175649
117708,1,0,175650
117709,1,0,175651
117710,3,0,175654
117711,1,0,175655
117712,1,0,175656
117713,2,0,175658
117714,2,0,175660
117715,2,0,175662
117716,1,0,175663
117717,1,0,175664
117718,3,0,175667
117719,1,0,175668
117720,2,0,175670
117721,2,0,175672
117722,1,0,175673
117723,1,0,175674
117724,2,0,175676
117725,1,0,175677
117726,7,0,175684
117727,1,0,175685
117728,1,0,175686
117729,1,0,175687
117730,1,0,175688
117731,1,0,175689
117732,1,0,175690
117733,1,0,175691
117734,1,0,175692
117735,1,0,175693
117736,1,0,175694
117737,1,0,175695
117738,1,0,175696
117739,1,0,175697
117740,4,0,175701
117741,1,0,175702
117742,1,0,175703
117743,1,0,175704
117744,1,0,175705
117745,2,0,175707
117746,1,0,175708
117747,4,0,175712
117748,1,0,175713
117749,4,0,175717
117750,1,0,175718
117751,1,0,175719
117752,1,0,175720
117753,1,0,175721
117754,1,0,175722
117755,1,0,175723
117756,1,0,175724
117757,1,0,175725
117758,1,0,175726
117759,2,0,175728
117760,7,0,175735
117761,1,0,175736
117762,1,0,175737
117763,2,0,175739
117764,1,0,175740
117765,2,0,175742
117766,3,0,175745
117767,1,0,175746
117768,1,0,175747
117769,1,0,175748
117770,1,0,175749
117771,2,0,175751
117772,1,0,175752
117773,2,0,175754
117774,1,0,175755
117775,1,0,175756
117776,1,0,175757
117777,3,0,175760
117778,1,0,175761
117779,1,0,175762
117780,1,0,175763
117781,1,0,175764
117782,2,0,175766
117783,1,0,175767
117784,2,0,175769
117785,2,0,175771
117786,1,0,175772
117787,1,0,175773
117788,1,0,175774
117789,1,0,175775
117790,1,0,175776
117791,1,0,175777
117792,1,0,175778
117793,3,0,175781
117794,1,0,175782
117795,1,0,175783
117796,2,0,175785
117797,1,0,175786
117798,1,0,175787
117799,1,0,175788
117800,2,0,175790
117801,1,0,175791
117802,2,0,175793
117803,1,0,175794
117804,2,0,175796
117805,1,0,175797
117806,1,0,175798
117807,2,0,175800
117808,2,0,175802
117809,4,0,175806
117810,1,0,175807
117811,1,0,175808
117812,2,0,175810
117813,1,0,175811
117814,1,0,175812
117815,2,0,175814
117816,1,0,175815
117817,1,0,175816
117818,1,0,175817
117819,3,0,175820
117820,2,0,175822
117821,1,0,175823
117822,1,0,175824
117823,1,0,175825
117824,1,0,175826
117825,1,0,175827
117826,1,0,175828
117827,1,0,175829
117828,2,0,175831
117829,1,0,175832
117830,1,0,175833
117831,1,0,175834
117832,2,0,175836
117833,1,0,175837
117834,1,0,175838
117835,2,0,175840
117836,1,0,175841
117837,1,0,175842
117838,3,0,175845
117839,3,0,175848
117840,2,0,175850
117841,2,0,175852
117842,1,0,175853
117843,3,0,175856
117844,1,0,175857
117845,1,0,175858
117846,1,0,175859
117847,5,0,175864
117848,3,0,175867
117849,1,0,175868
117850,1,0,175869
117851,2,0,175871
117852,1,0,175872
117853,1,0,175873
117854,1,0,175874
117855,4,0,175878
117856,2,0,175880
117857,2,0,175882
117858,1,0,175883
117859,1,0,175884
117860,1,0,175885
117861,3,0,175888
117862,1,0,175889
117863,2,0,175891
117864,1,0,175892
117865,2,0,175894
117866,3,0,175897
117867,1,0,175898
117868,3,0,175901
117869,1,0,175902
117870,1,0,175903
117871,1,0,175904
117872,2,0,175906
117873,1,0,175907
117874,1,0,175908
117875,1,0,175909
117876,1,0,175910
117877,1,0,175911
117878,1,0,175912
117879,1,0,175913
117880,1,0,175914
117881,1,0,175915
117882,1,0,175916
117883,4,0,175920
117884,2,0,175922
117885,1,0,175923
117886,1,0,175924
117887,1,0,175925
117888,1,0,175926
117889,1,0,175927
117890,3,0,175930
117891,1,0,175931
117892,1,0,175932
117893,2,0,175934
117894,3,0,175937
117895,3,0,175940
117896,2,0,175942
117897,1,0,175943
117898,1,0,175944
117899,1,0,175945
117900,1,0,175946
117901,1,0,175947
117902,1,0,175948
117903,1,0,175949
117904,1,0,175950
117905,1,0,175951
117906,1,0,175952
117907,3,0,175955
117908,1,0,175956
117909,1,0,175957
117910,1,0,175958
117911,2,0,175960
117912,1,0,175961
117913,2,0,175963
117914,3,0,175966
117915,1,0,175967
117916,2,0,175969
117917,1,0,175970
117918,1,0,175971
117919,1,0,175972
117920,1,0,175973
117921,3,0,175976
117922,1,0,175977
117923,1,0,175978
117924,2,0,175980
117925,2,0,175982
117926,1,0,175983
117927,1,0,175984
117928,2,0,175986
117929,1,0,175987
117930,1,0,175988
117931,1,0,175989
117932,1,0,175990
117933,1,0,175991
117934,1,0,175992
117935,3,0,175995
117936,2,0,175997
117937,1,0,175998
117938,1,0,175999
117939,1,0,176000
117940,1,0,176001
117941,1,0,176002
117942,1,0,176003
117943,2,0,176005
117944,2,0,176007
117945,1,0,176008
117946,1,0,176009
117947,1,0,176010
117948,2,0,176012
117949,1,0,176013
117950,1,0,176014
117951,3,0,176017
117952,1,0,176018
117953,3,0,176021
117954,1,0,176022
117955,2,0,176024
117956,2,0,176026
117957,1,0,176027
117958,4,0,176031
117959,1,0,176032
117960,1,0,176033
117961,1,0,176034
117962,1,0,176035
117963,1,0,176036
117964,2,0,176038
117965,3,0,176041
117966,2,0,176043
117967,2,0,176045
117968,1,0,176046
117969,1,0,176047
117970,4,0,176051
117971,2,0,176053
117972,1,0,176054
117973,1,0,176055
117974,1,0,176056
117975,1,0,176057
117976,1,0,176058
117977,1,0,176059
117978,1,0,176060
117979,1,0,176061
117980,1,0,176062
117981,1,0,176063
117982,1,0,176064
117983,2,0,176066
117984,1,0,176067
117985,3,0,176070
117986,1,0,176071
117987,1,0,176072
117988,2,0,176074
117989,1,0,176075
117990,1,0,176076
117991,2,0,176078
117992,1,0,176079
117993,1,0,176080
117994,1,0,176081
117995,2,0,176083
117996,2,0,176085
117997,2,0,176087
117998,1,0,176088
117999,1,0,176089
118000,1,0,176090
118001,1,0,176091
118002,5,0,176096
118003,1,0,176097
118004,1,0,176098
118005,1,0,176099
118006,1,0,176100
118007,1,0,176101
118008,1,0,176102
118009,1,0,176103
118010,1,0,176104
118011,1,0,176105
118012,1,0,176106
118013,3,0,176109
118014,1,0,176110
118015,4,0,176114
118016,1,0,176115
118017,1,0,176116
118018,1,0,176117
118019,2,0,176119
118020,1,0,176120
118021,1,0,176121
118022,1,0,176122
118023,1,0,176123
118024,1,0,176124
118025,1,0,176125
118026,1,0,176126
118027,2,0,176128
118028,1,0,176129
118029,1,0,176130
118030,1,0,176131
118031,3,0,176134
118032,1,0,176135
118033,2,0,176137
118034,1,0,176138
118035,3,0,176141
118036,2,0,176143
118037,1,0,176144
118038,2,0,176146
118039,1,0,176147
118040,3,0,176150
118041,1,0,176151
118042,2,0,176153
118043,1,0,176154
118044,1,0,176155
118045,1,0,176156
118046,1,0,176157
118047,2,0,176159
118048,2,0,176161
118049,1,0,176162
118050,2,0,176164
118051,2,0,176166
118052,2,0,176168
118053,1,0,176169
118054,3,0,176172
118055,2,0,176174
118056,1,0,176175
118057,1,0,176176
118058,1,0,176177
118059,1,0,176178
118060,2,0,176180
118061,1,0,176181
118062,1,0,176182
118063,1,0,176183
118064,1,0,176184
118065,3,0,176187
118066,1,0,176188
118067,2,0,176190
118068,1,0,176191
118069,1,0,176192
118070,1,0,176193
118071,2,0,176195
118072,2,0,176197
118073,1,0,176198
118074,2,0,176200
118075,1,0,176201
118076,1,0,176202
118077,1,0,176203
118078,1,0,176204
118079,1,0,176205
118080,1,0,176206
118081,2,0,176208
118082,2,0,176210
118083,1,0,176211
118084,1,0,176212
118085,3,0,176215
118086,1,0,176216
118087,1,0,176217
118088,2,0,176219
118089,1,0,176220
118090,1,0,176221
118091,2,0,176223
118092,1,0,176224
118093,2,0,176226
118094,1,0,176227
118095,2,0,176229
118096,2,0,176231
118097,1,0,176232
118098,1,0,176233
118099,1,0,176234
118100,1,0,176235
118101,1,0,176236
118102,1,0,176237
118103,2,0,176239
118104,1,0,176240
118105,1,0,176241
118106,1,0,176242
118107,1,0,176243
118108,1,0,176244
118109,1,0,176245
118110,1,0,176246
118111,1,0,176247
118112,2,0,176249
118113,1,0,176250
118114,1,0,176251
118115,1,0,176252
118116,1,0,176253
118117,2,0,176255
118118,2,0,176257
118119,2,0,176259
118120,1,0,176260
118121,1,0,176261
118122,1,0,176262
118123,1,0,176263
118124,1,0,176264
118125,1,0,176265
118126,1,0,176266
118127,1,0,176267
118128,2,0,176269
118129,1,0,176270
118130,1,0,176271
118131,1,0,176272
118132,2,0,176274
118133,1,0,176275
118134,1,0,176276
118135,1,0,176277
118136,1,0,176278
118137,3,0,176281
118138,1,0,176282
118139,1,0,176283
118140,1,0,176284
118141,2,0,176286
118142,1,0,176287
118143,1,0,176288
118144,1,0,176289
118145,2,0,176291
118146,1,0,176292
118147,1,0,176293
118148,2,0,176295
118149,1,0,176296
118150,1,0,176297
118151,3,0,176300
118152,1,0,176301
118153,1,0,176302
118154,2,0,176304
118155,1,0,176305
118156,2,0,176307
118157,2,0,176309
118158,5,0,176314
118159,1,0,176315
118160,2,0,176317
118161,1,0,176318
118162,2,0,176320
118163,1,0,176321
118164,3,0,176324
118165,1,0,176325
118166,3,0,176328
118167,1,0,176329
118168,1,0,176330
118169,1,0,176331
118170,1,0,176332
118171,2,0,176334
118172,1,0,176335
118173,1,0,176336
118174,2,0,176338
118175,1,0,176339
118176,2,0,176341
118177,2,0,176343
118178,2,0,176345
118179,2,0,176347
118180,1,0,176348
118181,3,0,176351
118182,3,0,176354
118183,1,0,176355
118184,1,0,176356
118185,1,0,176357
118186,2,0,176359
118187,1,0,176360
118188,2,0,176362
118189,2,0,176364
118190,2,0,176366
118191,1,0,176367
118192,1,0,176368
118193,1,0,176369
118194,1,0,176370
118195,5,0,176375
118196,1,0,176376
118197,1,0,176377
118198,1,0,176378
118199,7,0,176385
118200,2,0,176387
118201,1,0,176388
118202,1,0,176389
118203,1,0,176390
118204,1,0,176391
118205,2,0,176393
118206,2,0,176395
118207,2,0,176397
118208,1,0,176398
118209,2,0,176400
118210,1,0,176401
118211,1,0,176402
118212,1,0,176403
118213,1,0,176404
118214,1,0,176405
118215,1,0,176406
118216,1,0,176407
118217,1,0,176408
118218,2,0,176410
118219,1,0,176411
118220,1,0,176412
118221,1,0,176413
118222,2,0,176415
118223,1,0,176416
118224,1,0,176417
118225,1,0,176418
118226,1,0,176419
118227,1,0,176420
118228,1,0,176421
118229,1,0,176422
118230,1,0,176423
118231,1,0,176424
118232,2,0,176426
118233,2,0,176428
118234,3,0,176431
118235,2,0,176433
118236,2,0,176435
118237,1,0,176436
118238,1,0,176437
118239,2,0,176439
118240,2,0,176441
118241,1,0,176442
118242,1,0,176443
118243,1,0,176444
118244,1,0,176445
118245,1,0,176446
118246,1,0,176447
118247,1,0,176448
118248,2,0,176450
118249,1,0,176451
118250,1,0,176452
118251,1,0,176453
118252,1,0,176454
118253,1,0,176455
118254,1,0,176456
118255,1,0,176457
118256,2,0,176459
118257,1,0,176460
118258,1,0,176461
118259,2,0,176463
118260,1,0,176464
118261,3,0,176467
118262,1,0,176468
118263,2,0,176470
118264,1,0,176471
118265,1,0,176472
118266,2,0,176474
118267,2,0,176476
118268,1,0,176477
118269,1,0,176478
118270,1,0,176479
118271,2,0,176481
118272,1,0,176482
118273,1,0,176483
118274,1,0,176484
118275,2,0,176486
118276,2,0,176488
118277,1,0,176489
118278,1,0,176490
118279,1,0,176491
118280,3,0,176494
118281,1,0,176495
118282,1,0,176496
118283,1,0,176497
118284,1,0,176498
118285,4,0,176502
118286,2,0,176504
118287,2,0,176506
118288,2,0,176508
118289,1,0,176509
118290,2,0,176511
118291,1,0,176512
118292,1,0,176513
118293,1,0,176514
118294,4,0,176518
118295,1,0,176519
118296,1,0,176520
118297,1,0,176521
118298,1,0,176522
118299,2,0,176524
118300,1,0,176525
118301,1,0,176526
118302,1,0,176527
118303,1,0,176528
118304,1,0,176529
118305,1,0,176530
118306,1,0,176531
118307,1,0,176532
118308,1,0,176533
118309,1,0,176534
118310,1,0,176535
118311,1,0,176536
118312,1,0,176537
118313,3,0,176540
118314,1,0,176541
118315,1,0,176542
118316,1,0,176543
118317,2,0,176545
118318,1,0,176546
118319,3,0,176549
118320,2,0,176551
118321,1,0,176552
118322,1,0,176553
118323,2,0,176555
118324,1,0,176556
118325,2,0,176558
118326,1,0,176559
118327,3,0,176562
118328,2,0,176564
118329,1,0,176565
118330,2,0,176567
118331,1,0,176568
118332,1,0,176569
118333,5,0,176574
118334,1,0,176575
118335,1,0,176576
118336,1,0,176577
118337,1,0,176578
118338,2,0,176580
118339,1,0,176581
118340,1,0,176582
118341,4,0,176586
118342,1,0,176587
118343,1,0,176588
118344,1,0,176589
118345,1,0,176590
118346,2,0,176592
118347,1,0,176593
118348,1,0,176594
118349,1,0,176595
118350,1,0,176596
118351,2,0,176598
118352,2,0,176600
118353,1,0,176601
118354,2,0,176603
118355,3,0,176606
118356,1,0,176607
118357,1,0,176608
118358,1,0,176609
118359,5,0,176614
118360,1,0,176615
118361,1,0,176616
118362,1,0,176617
118363,1,0,176618
118364,1,0,176619
118365,1,0,176620
118366,1,0,176621
118367,2,0,176623
118368,1,0,176624
118369,1,0,176625
118370,2,0,176627
118371,2,0,176629
118372,2,0,176631
118373,1,0,176632
118374,2,0,176634
118375,1,0,176635
118376,1,0,176636
118377,1,0,176637
118378,1,0,176638
118379,1,0,176639
118380,1,0,176640
118381,1,0,176641
118382,1,0,176642
118383,1,0,176643
118384,1,0,176644
118385,1,0,176645
118386,1,0,176646
118387,1,0,176647
118388,3,0,176650
118389,2,0,176652
118390,1,0,176653
118391,1,0,176654
118392,1,0,176655
118393,1,0,176656
118394,1,0,176657
118395,2,0,176659
118396,1,0,176660
118397,2,0,176662
118398,1,0,176663
118399,2,0,176665
118400,1,0,176666
118401,1,0,176667
118402,1,0,176668
118403,1,0,176669
118404,1,0,176670
118405,1,0,176671
118406,1,0,176672
118407,1,0,176673
118408,1,0,176674
118409,1,0,176675
118410,2,0,176677
118411,1,0,176678
118412,3,0,176681
118413,1,0,176682
118414,2,0,176684
118415,2,0,176686
118416,1,0,176687
118417,1,0,176688
118418,1,0,176689
118419,1,0,176690
118420,1,0,176691
118421,1,0,176692
118422,3,0,176695
118423,1,0,176696
118424,1,0,176697
118425,2,0,176699
118426,2,0,176701
118427,1,0,176702
118428,1,0,176703
118429,2,0,176705
118430,1,0,176706
118431,1,0,176707
118432,1,0,176708
118433,1,0,176709
118434,1,0,176710
118435,1,0,176711
118436,2,0,176713
118437,2,0,176715
118438,1,0,176716
118439,1,0,176717
118440,1,0,176718
118441,1,0,176719
118442,1,0,176720
118443,2,0,176722
118444,2,0,176724
118445,1,0,176725
118446,1,0,176726
118447,1,0,176727
118448,1,0,176728
118449,1,0,176729
118450,1,0,176730
118451,1,0,176731
118452,2,0,176733
118453,1,0,176734
118454,1,0,176735
118455,1,0,176736
118456,1,0,176737
118457,1,0,176738
118458,2,0,176740
118459,1,0,176741
118460,1,0,176742
118461,1,0,176743
118462,3,0,176746
118463,2,0,176748
118464,4,0,176752
118465,2,0,176754
118466,1,0,176755
118467,2,0,176757
118468,1,0,176758
118469,2,0,176760
118470,2,0,176762
118471,5,0,176767
118472,1,0,176768
118473,1,0,176769
118474,1,0,176770
118475,1,0,176771
118476,2,0,176773
118477,2,0,176775
118478,2,0,176777
118479,2,0,176779
118480,2,0,176781
118481,1,0,176782
118482,1,0,176783
118483,1,0,176784
118484,1,0,176785
118485,1,0,176786
118486,3,0,176789
118487,1,0,176790
118488,2,0,176792
118489,1,0,176793
118490,1,0,176794
118491,1,0,176795
118492,1,0,176796
118493,2,0,176798
118494,2,0,176800
118495,3,0,176803
118496,1,0,176804
118497,1,0,176805
118498,1,0,176806
118499,1,0,176807
118500,1,0,176808
118501,2,0,176810
118502,2,0,176812
118503,1,0,176813
118504,1,0,176814
118505,1,0,176815
118506,1,0,176816
118507,2,0,176818
118508,1,0,176819
118509,1,0,176820
118510,1,0,176821
118511,5,0,176826
118512,1,0,176827
118513,1,0,176828
118514,1,0,176829
118515,1,0,176830
118516,1,0,176831
118517,1,0,176832
118518,1,0,176833
118519,1,0,176834
118520,1,0,176835
118521,1,0,176836
118522,3,0,176839
118523,2,0,176841
118524,2,0,176843
118525,1,0,176844
118526,1,0,176845
118527,2,0,176847
118528,4,0,176851
118529,2,0,176853
118530,1,0,176854
118531,2,0,176856
118532,1,0,176857
118533,1,0,176858
118534,1,0,176859
118535,2,0,176861
118536,1,0,176862
118537,1,0,176863
118538,4,0,176867
118539,2,0,176869
118540,1,0,176870
118541,2,0,176872
118542,1,0,176873
118543,2,0,176875
118544,1,0,176876
118545,1,0,176877
118546,1,0,176878
118547,1,0,176879
118548,1,0,176880
118549,1,0,176881
118550,3,0,176884
118551,1,0,176885
118552,5,0,176890
118553,1,0,176891
118554,1,0,176892
118555,3,0,176895
118556,1,0,176896
118557,1,0,176897
118558,1,0,176898
118559,2,0,176900
118560,2,0,176902
118561,1,0,176903
118562,1,0,176904
118563,1,0,176905
118564,1,0,176906
118565,2,0,176908
118566,1,0,176909
118567,1,0,176910
118568,2,0,176912
118569,1,0,176913
118570,1,0,176914
118571,2,0,176916
118572,1,0,176917
118573,1,0,176918
118574,1,0,176919
118575,1,0,176920
118576,1,0,176921
118577,2,0,176923
118578,1,0,176924
118579,2,0,176926
118580,1,0,176927
118581,4,0,176931
118582,1,0,176932
118583,1,0,176933
118584,1,0,176934
118585,3,0,176937
118586,2,0,176939
118587,2,0,176941
118588,1,0,176942
118589,1,0,176943
118590,1,0,176944
118591,1,0,176945
118592,1,0,176946
118593,1,0,176947
118594,1,0,176948
118595,1,0,176949
118596,1,0,176950
118597,1,0,176951
118598,2,0,176953
118599,2,0,176955
118600,3,0,176958
118601,2,0,176960
118602,3,0,176963
118603,2,0,176965
118604,1,0,176966
118605,1,0,176967
118606,1,0,176968
118607,1,0,176969
118608,1,0,176970
118609,1,0,176971
118610,1,0,176972
118611,2,0,176974
118612,1,0,176975
118613,1,0,176976
118614,5,0,176981
118615,1,0,176982
118616,2,0,176984
118617,1,0,176985
118618,2,0,176987
118619,1,0,176988
118620,3,0,176991
118621,1,0,176992
118622,1,0,176993
118623,4,0,176997
118624,2,0,176999
118625,1,0,177000
118626,1,0,177001
118627,3,0,177004
118628,3,0,177007
118629,1,0,177008
118630,1,0,177009
118631,1,0,177010
118632,1,0,177011
118633,1,0,177012
118634,1,0,177013
118635,1,0,177014
118636,1,0,177015
118637,3,0,177018
118638,2,0,177020
118639,1,0,177021
118640,1,0,177022
118641,1,0,177023
118642,1,0,177024
118643,1,0,177025
118644,2,0,177027
118645,3,0,177030
118646,1,0,177031
118647,1,0,177032
118648,1,0,177033
118649,1,0,177034
118650,1,0,177035
118651,1,0,177036
118652,1,0,177037
118653,1,0,177038
118654,2,0,177040
118655,1,0,177041
118656,2,0,177043
118657,1,0,177044
118658,1,0,177045
118659,2,0,177047
118660,1,0,177048
118661,1,0,177049
118662,1,0,177050
118663,3,0,177053
118664,1,0,177054
118665,1,0,177055
118666,1,0,177056
118667,1,0,177057
118668,1,0,177058
118669,1,0,177059
118670,1,0,177060
118671,1,0,177061
118672,1,0,177062
118673,1,0,177063
118674,1,0,177064
118675,1,0,177065
118676,1,0,177066
118677,1,0,177067
118678,1,0,177068
118679,1,0,177069
118680,1,0,177070
118681,2,0,177072
118682,1,0,177073
118683,1,0,177074
118684,2,0,177076
118685,1,0,177077
118686,1,0,177078
118687,2,0,177080
118688,1,0,177081
118689,3,0,177084
118690,1,0,177085
118691,1,0,177086
118692,2,0,177088
118693,1,0,177089
118694,1,0,177090
118695,1,0,177091
118696,4,0,177095
118697,1,0,177096
118698,1,0,177097
118699,1,0,177098
118700,2,0,177100
118701,1,0,177101
118702,1,0,177102
118703,2,0,177104
118704,2,0,177106
118705,1,0,177107
118706,1,0,177108
118707,1,0,177109
118708,2,0,177111
118709,1,0,177112
118710,1,0,177113
118711,2,0,177115
118712,1,0,177116
118713,1,0,177117
118714,1,0,177118
118715,1,0,177119
118716,1,0,177120
118717,2,0,177122
118718,6,0,177128
118719,3,0,177131
118720,1,0,177132
118721,1,0,177133
118722,1,0,177134
118723,1,0,177135
118724,2,0,177137
118725,3,0,177140
118726,4,0,177144
118727,2,0,177146
118728,1,0,177147
118729,1,0,177148
118730,1,0,177149
118731,1,0,177150
118732,1,0,177151
118733,1,0,177152
118734,1,0,177153
118735,1,0,177154
118736,1,0,177155
118737,3,0,177158
118738,1,0,177159
118739,1,0,177160
118740,1,0,177161
118741,1,0,177162
118742,3,0,177165
118743,2,0,177167
118744,5,0,177172
118745,1,0,177173
118746,2,0,177175
118747,1,0,177176
118748,1,0,177177
118749,1,0,177178
118750,1,0,177179
118751,2,0,177181
118752,2,0,177183
118753,1,0,177184
118754,2,0,177186
118755,2,0,177188
118756,1,0,177189
118757,3,0,177192
118758,1,0,177193
118759,2,0,177195
118760,1,0,177196
118761,1,0,177197
118762,1,0,177198
118763,1,0,177199
118764,1,0,177200
118765,3,0,177203
118766,1,0,177204
118767,1,0,177205
118768,1,0,177206
118769,1,0,177207
118770,1,0,177208
118771,1,0,177209
118772,2,0,177211
118773,1,0,177212
118774,2,0,177214
118775,1,0,177215
118776,2,0,177217
118777,1,0,177218
118778,4,0,177222
118779,2,0,177224
118780,1,0,177225
118781,1,0,177226
118782,1,0,177227
118783,2,0,177229
118784,3,0,177232
118785,1,0,177233
118786,2,0,177235
118787,1,0,177236
118788,1,0,177237
118789,1,0,177238
118790,1,0,177239
118791,2,0,177241
118792,2,0,177243
118793,1,0,177244
118794,2,0,177246
118795,3,0,177249
118796,1,0,177250
118797,2,0,177252
118798,4,0,177256
118799,1,0,177257
118800,1,0,177258
118801,1,0,177259
118802,1,0,177260
118803,1,0,177261
118804,1,0,177262
118805,1,0,177263
118806,3,0,177266
118807,1,0,177267
118808,1,0,177268
118809,1,0,177269
118810,1,0,177270
118811,1,0,177271
118812,1,0,177272
118813,1,0,177273
118814,1,0,177274
118815,1,0,177275
118816,1,0,177276
118817,1,0,177277
118818,2,0,177279
118819,2,0,177281
118820,1,0,177282
118821,1,0,177283
118822,1,0,177284
118823,1,0,177285
118824,1,0,177286
118825,3,0,177289
118826,1,0,177290
118827,1,0,177291
118828,2,0,177293
118829,1,0,177294
118830,1,0,177295
118831,1,0,177296
118832,1,0,177297
118833,1,0,177298
118834,1,0,177299
118835,1,0,177300
118836,2,0,177302
118837,1,0,177303
118838,2,0,177305
118839,3,0,177308
118840,1,0,177309
118841,1,0,177310
118842,1,0,177311
118843,1,0,177312
118844,1,0,177313
118845,1,0,177314
118846,2,0,177316
118847,3,0,177319
118848,1,0,177320
118849,1,0,177321
118850,1,0,177322
118851,2,0,177324
118852,1,0,177325
118853,1,0,177326
118854,1,0,177327
118855,1,0,177328
118856,1,0,177329
118857,2,0,177331
118858,1,0,177332
118859,3,0,177335
118860,2,0,177337
118861,4,0,177341
118862,1,0,177342
118863,1,0,177343
118864,1,0,177344
118865,1,0,177345
118866,1,0,177346
118867,1,0,177347
118868,1,0,177348
118869,2,0,177350
118870,1,0,177351
118871,1,0,177352
118872,5,0,177357
118873,1,0,177358
118874,1,0,177359
118875,2,0,177361
118876,1,0,177362
118877,1,0,177363
118878,1,0,177364
118879,3,0,177367
118880,1,0,177368
118881,1,0,177369
118882,3,0,177372
118883,1,0,177373
118884,1,0,177374
118885,1,0,177375
118886,1,0,177376
118887,1,0,177377
118888,1,0,177378
118889,1,0,177379
118890,1,0,177380
118891,3,0,177383
118892,1,0,177384
118893,1,0,177385
118894,3,0,177388
118895,1,0,177389
118896,1,0,177390
118897,2,0,177392
118898,2,0,177394
118899,2,0,177396
118900,1,0,177397
118901,1,0,177398
118902,1,0,177399
118903,2,0,177401
118904,3,0,177404
118905,1,0,177405
118906,1,0,177406
118907,1,0,177407
118908,1,0,177408
118909,1,0,177409
118910,1,0,177410
118911,4,0,177414
118912,1,0,177415
118913,1,0,177416
118914,1,0,177417
118915,1,0,177418
118916,1,0,177419
118917,3,0,177422
118918,1,0,177423
118919,3,0,177426
118920,1,0,177427
118921,1,0,177428
118922,1,0,177429
118923,1,0,177430
118924,3,0,177433
118925,1,0,177434
118926,1,0,177435
118927,2,0,177437
118928,2,0,177439
118929,2,0,177441
118930,7,0,177448
118931,1,0,177449
118932,2,0,177451
118933,1,0,177452
118934,1,0,177453
118935,1,0,177454
118936,1,0,177455
118937,1,0,177456
118938,1,0,177457
118939,5,0,177462
118940,5,0,177467
118941,1,0,177468
118942,3,0,177471
118943,2,0,177473
118944,1,0,177474
118945,1,0,177475
118946,1,0,177476
118947,2,0,177478
118948,1,0,177479
118949,2,0,177481
118950,5,0,177486
118951,1,0,177487
118952,2,0,177489
118953,1,0,177490
118954,1,0,177491
118955,1,0,177492
118956,1,0,177493
118957,1,0,177494
118958,1,0,177495
118959,2,0,177497
118960,2,0,177499
118961,1,0,177500
118962,4,0,177504
118963,1,0,177505
118964,2,0,177507
118965,3,0,177510
118966,1,0,177511
118967,1,0,177512
118968,1,0,177513
118969,1,0,177514
118970,3,0,177517
118971,1,0,177518
118972,3,0,177521
118973,1,0,177522
118974,2,0,177524
118975,3,0,177527
118976,1,0,177528
118977,3,0,177531
118978,1,0,177532
118979,1,0,177533
118980,7,0,177540
118981,1,0,177541
118982,1,0,177542
118983,1,0,177543
118984,5,0,177548
118985,1,0,177549
118986,2,0,177551
118987,1,0,177552
118988,1,0,177553
118989,1,0,177554
118990,2,0,177556
118991,2,0,177558
118992,2,0,177560
118993,1,0,177561
118994,1,0,177562
118995,2,0,177564
118996,1,0,177565
118997,1,0,177566
118998,1,0,177567
118999,1,0,177568
119000,1,0,177569
119001,2,0,177571
119002,1,0,177572
119003,1,0,177573
119004,1,0,177574
119005,2,0,177576
119006,1,0,177577
119007,1,0,177578
119008,7,0,177585
119009,1,0,177586
119010,1,0,177587
119011,1,0,177588
119012,1,0,177589
119013,1,0,177590
119014,1,0,177591
119015,3,0,177594
119016,1,0,177595
119017,2,0,177597
119018,1,0,177598
119019,1,0,177599
119020,1,0,177600
119021,3,0,177603
119022,2,0,177605
119023,1,0,177606
119024,1,0,177607
119025,2,0,177609
119026,1,0,177610
119027,1,0,177611
119028,1,0,177612
119029,4,0,177616
119030,2,0,177618
119031,1,0,177619
119032,1,0,177620
119033,1,0,177621
119034,2,0,177623
119035,1,0,177624
119036,1,0,177625
119037,1,0,177626
119038,1,0,177627
119039,3,0,177630
119040,1,0,177631
119041,1,0,177632
119042,1,0,177633
119043,1,0,177634
119044,1,0,177635
119045,2,0,177637
119046,1,0,177638
119047,1,0,177639
119048,3,0,177642
119049,1,0,177643
119050,3,0,177646
119051,1,0,177647
119052,2,0,177649
119053,4,0,177653
119054,1,0,177654
119055,1,0,177655
119056,2,0,177657
119057,1,0,177658
119058,1,0,177659
119059,1,0,177660
119060,1,0,177661
119061,1,0,177662
119062,1,0,177663
119063,1,0,177664
119064,1,0,177665
119065,2,0,177667
119066,3,0,177670
119067,1,0,177671
119068,2,0,177673
119069,1,0,177674
119070,1,0,177675
119071,2,0,177677
119072,1,0,177678
119073,3,0,177681
119074,1,0,177682
119075,1,0,177683
119076,1,0,177684
119077,1,0,177685
119078,2,0,177687
119079,1,0,177688
119080,1,0,177689
119081,2,0,177691
119082,1,0,177692
119083,3,0,177695
119084,3,0,177698
119085,3,0,177701
119086,1,0,177702
119087,1,0,177703
119088,1,0,177704
119089,2,0,177706
119090,1,0,177707
119091,1,0,177708
119092,1,0,177709
119093,1,0,177710
119094,1,0,177711
119095,1,0,177712
119096,1,0,177713
119097,1,0,177714
119098,1,0,177715
119099,3,0,177718
119100,3,0,177721
119101,1,0,177722
119102,1,0,177723
119103,1,0,177724
119104,2,0,177726
119105,1,0,177727
119106,1,0,177728
119107,1,0,177729
119108,1,0,177730
119109,2,0,177732
119110,1,0,177733
119111,1,0,177734
119112,1,0,177735
119113,1,0,177736
119114,1,0,177737
119115,2,0,177739
119116,2,0,177741
119117,1,0,177742
119118,1,0,177743
119119,2,0,177745
119120,1,0,177746
119121,3,0,177749
119122,1,0,177750
119123,2,0,177752
119124,2,0,177754
119125,4,0,177758
119126,1,0,177759
119127,2,0,177761
119128,1,0,177762
119129,1,0,177763
119130,2,0,177765
119131,1,0,177766
119132,1,0,177767
119133,2,0,177769
119134,1,0,177770
119135,1,0,177771
119136,1,0,177772
119137,3,0,177775
119138,1,0,177776
119139,1,0,177777
119140,1,0,177778
119141,1,0,177779
119142,1,0,177780
119143,2,0,177782
119144,2,0,177784
119145,2,0,177786
119146,1,0,177787
119147,1,0,177788
119148,1,0,177789
119149,1,0,177790
119150,1,0,177791
119151,2,0,177793
119152,2,0,177795
119153,1,0,177796
119154,1,0,177797
119155,2,0,177799
119156,3,0,177802
119157,1,0,177803
119158,3,0,177806
119159,1,0,177807
119160,1,0,177808
119161,1,0,177809
119162,1,0,177810
119163,1,0,177811
119164,1,0,177812
119165,1,0,177813
119166,1,0,177814
119167,1,0,177815
119168,1,0,177816
119169,2,0,177818
119170,1,0,177819
119171,1,0,177820
119172,1,0,177821
119173,1,0,177822
119174,3,0,177825
119175,2,0,177827
119176,1,0,177828
119177,1,0,177829
119178,1,0,177830
119179,1,0,177831
119180,1,0,177832
119181,2,0,177834
119182,1,0,177835
119183,2,0,177837
119184,1,0,177838
119185,1,0,177839
119186,1,0,177840
119187,1,0,177841
119188,1,0,177842
119189,1,0,177843
119190,2,0,177845
119191,2,0,177847
119192,2,0,177849
119193,3,0,177852
119194,2,0,177854
119195,4,0,177858
119196,1,0,177859
119197,1,0,177860
119198,1,0,177861
119199,1,0,177862
119200,1,0,177863
119201,1,0,177864
119202,1,0,177865
119203,1,0,177866
119204,1,0,177867
119205,1,0,177868
119206,2,0,177870
119207,1,0,177871
119208,1,0,177872
119209,2,0,177874
119210,5,0,177879
119211,1,0,177880
119212,1,0,177881
119213,1,0,177882
119214,2,0,177884
119215,1,0,177885
119216,1,0,177886
119217,1,0,177887
119218,1,0,177888
119219,1,0,177889
119220,1,0,177890
119221,1,0,177891
119222,2,0,177893
119223,1,0,177894
119224,1,0,177895
119225,2,0,177897
119226,1,0,177898
119227,1,0,177899
119228,1,0,177900
119229,3,0,177903
119230,1,0,177904
119231,1,0,177905
119232,1,0,177906
119233,1,0,177907
119234,1,0,177908
119235,1,0,177909
119236,2,0,177911
119237,2,0,177913
119238,1,0,177914
119239,1,0,177915
119240,3,0,177918
119241,1,0,177919
119242,1,0,177920
119243,1,0,177921
119244,1,0,177922
119245,1,0,177923
119246,2,0,177925
119247,2,0,177927
119248,1,0,177928
119249,1,0,177929
119250,1,0,177930
119251,1,0,177931
119252,1,0,177932
119253,4,0,177936
119254,1,0,177937
119255,2,0,177939
119256,2,0,177941
119257,3,0,177944
119258,1,0,177945
119259,1,0,177946
119260,1,0,177947
119261,3,0,177950
119262,2,0,177952
119263,1,0,177953
119264,4,0,177957
119265,1,0,177958
119266,3,0,177961
119267,1,0,177962
119268,1,0,177963
119269,2,0,177965
119270,2,0,177967
119271,3,0,177970
119272,2,0,177972
119273,1,0,177973
119274,1,0,177974
119275,1,0,177975
119276,1,0,177976
119277,1,0,177977
119278,1,0,177978
119279,1,0,177979
119280,1,0,177980
119281,1,0,177981
119282,1,0,177982
119283,1,0,177983
119284,3,0,177986
119285,1,0,177987
119286,1,0,177988
119287,2,0,177990
119288,3,0,177993
119289,1,0,177994
119290,3,0,177997
119291,4,0,178001
119292,1,0,178002
119293,1,0,178003
119294,1,0,178004
119295,1,0,178005
119296,1,0,178006
119297,1,0,178007
119298,1,0,178008
119299,1,0,178009
119300,1,0,178010
119301,1,0,178011
119302,1,0,178012
119303,1,0,178013
119304,3,0,178016
119305,1,0,178017
119306,1,0,178018
119307,1,0,178019
119308,2,0,178021
119309,2,0,178023
119310,1,0,178024
119311,1,0,178025
119312,1,0,178026
119313,1,0,178027
119314,4,0,178031
119315,1,0,178032
119316,1,0,178033
119317,1,0,178034
119318,2,0,178036
119319,3,0,178039
119320,1,0,178040
119321,1,0,178041
119322,1,0,178042
119323,1,0,178043
119324,1,0,178044
119325,1,0,178045
119326,1,0,178046
119327,1,0,178047
119328,1,0,178048
119329,1,0,178049
119330,1,0,178050
119331,1,0,178051
119332,1,0,178052
119333,1,0,178053
119334,4,0,178057
119335,2,0,178059
119336,2,0,178061
119337,1,0,178062
119338,1,0,178063
119339,1,0,178064
119340,1,0,178065
119341,1,0,178066
119342,1,0,178067
119343,2,0,178069
119344,1,0,178070
119345,2,0,178072
119346,2,0,178074
119347,1,0,178075
119348,1,0,178076
119349,1,0,178077
119350,3,0,178080
119351,1,0,178081
119352,1,0,178082
119353,1,0,178083
119354,1,0,178084
119355,1,0,178085
119356,1,0,178086
119357,1,0,178087
119358,3,0,178090
119359,1,0,178091
119360,1,0,178092
119361,3,0,178095
119362,1,0,178096
119363,1,0,178097
119364,1,0,178098
119365,1,0,178099
119366,4,0,178103
119367,1,0,178104
119368,1,0,178105
119369,1,0,178106
119370,1,0,178107
119371,1,0,178108
119372,1,0,178109
119373,3,0,178112
119374,2,0,178114
119375,1,0,178115
119376,1,0,178116
119377,1,0,178117
119378,1,0,178118
119379,1,0,178119
119380,3,0,178122
119381,2,0,178124
119382,1,0,178125
119383,3,0,178128
119384,1,0,178129
119385,1,0,178130
119386,2,0,178132
119387,1,0,178133
119388,2,0,178135
119389,1,0,178136
119390,1,0,178137
119391,2,0,178139
119392,1,0,178140
119393,2,0,178142
119394,1,0,178143
119395,1,0,178144
119396,1,0,178145
119397,1,0,178146
119398,1,0,178147
119399,1,0,178148
119400,1,0,178149
119401,1,0,178150
119402,1,0,178151
119403,1,0,178152
119404,1,0,178153
119405,1,0,178154
119406,1,0,178155
119407,1,0,178156
119408,1,0,178157
119409,1,0,178158
119410,1,0,178159
119411,2,0,178161
119412,1,0,178162
119413,1,0,178163
119414,1,0,178164
119415,1,0,178165
119416,1,0,178166
119417,1,0,178167
119418,1,0,178168
119419,1,0,178169
119420,2,0,178171
119421,2,0,178173
119422,1,0,178174
119423,2,0,178176
119424,1,0,178177
119425,1,0,178178
119426,1,0,178179
119427,1,0,178180
119428,1,0,178181
119429,1,0,178182
119430,1,0,178183
119431,1,0,178184
119432,2,0,178186
119433,2,0,178188
119434,1,0,178189
119435,2,0,178191
119436,3,0,178194
119437,1,0,178195
119438,2,0,178197
119439,1,0,178198
119440,1,0,178199
119441,1,0,178200
119442,1,0,178201
119443,1,0,178202
119444,4,0,178206
119445,2,0,178208
119446,1,0,178209
119447,2,0,178211
119448,1,0,178212
119449,1,0,178213
119450,1,0,178214
119451,1,0,178215
119452,2,0,178217
119453,1,0,178218
119454,2,0,178220
119455,1,0,178221
119456,1,0,178222
119457,1,0,178223
119458,1,0,178224
119459,6,0,178230
119460,2,0,178232
119461,2,0,178234
119462,1,0,178235
119463,2,0,178237
119464,1,0,178238
119465,1,0,178239
119466,2,0,178241
119467,1,0,178242
119468,3,0,178245
119469,3,0,178248
119470,1,0,178249
119471,1,0,178250
119472,2,0,178252
119473,3,0,178255
119474,1,0,178256
119475,3,0,178259
119476,1,0,178260
119477,2,0,178262
119478,1,0,178263
119479,1,0,178264
119480,1,0,178265
119481,1,0,178266
119482,2,0,178268
119483,1,0,178269
119484,1,0,178270
119485,1,0,178271
119486,1,0,178272
119487,1,0,178273
119488,2,0,178275
119489,2,0,178277
119490,2,0,178279
119491,3,0,178282
119492,1,0,178283
119493,2,0,178285
119494,1,0,178286
119495,1,0,178287
119496,2,0,178289
119497,1,0,178290
119498,1,0,178291
119499,2,0,178293
119500,2,0,178295
119501,1,0,178296
119502,1,0,178297
119503,1,0,178298
119504,1,0,178299
119505,1,0,178300
119506,3,0,178303
119507,2,0,178305
119508,2,0,178307
119509,2,0,178309
119510,1,0,178310
119511,2,0,178312
119512,4,0,178316
119513,1,0,178317
119514,1,0,178318
119515,1,0,178319
119516,2,0,178321
119517,1,0,178322
119518,1,0,178323
119519,1,0,178324
119520,2,0,178326
119521,1,0,178327
119522,2,0,178329
119523,1,0,178330
119524,1,0,178331
119525,1,0,178332
119526,1,0,178333
119527,1,0,178334
119528,1,0,178335
119529,1,0,178336
119530,1,0,178337
119531,2,0,178339
119532,2,0,178341
119533,1,0,178342
119534,1,0,178343
119535,1,0,178344
119536,1,0,178345
119537,1,0,178346
119538,1,0,178347
119539,1,0,178348
119540,1,0,178349
119541,1,0,178350
119542,1,0,178351
119543,1,0,178352
119544,1,0,178353
119545,3,0,178356
119546,1,0,178357
119547,2,0,178359
119548,1,0,178360
119549,2,0,178362
119550,3,0,178365
119551,1,0,178366
119552,2,0,178368
119553,1,0,178369
119554,1,0,178370
119555,3,0,178373
119556,2,0,178375
119557,2,0,178377
119558,1,0,178378
119559,1,0,178379
119560,2,0,178381
119561,1,0,178382
119562,1,0,178383
119563,1,0,178384
119564,1,0,178385
119565,1,0,178386
119566,1,0,178387
119567,1,0,178388
119568,1,0,178389
119569,3,0,178392
119570,1,0,178393
119571,1,0,178394
119572,2,0,178396
119573,1,0,178397
119574,1,0,178398
119575,1,0,178399
119576,1,0,178400
119577,1,0,178401
119578,1,0,178402
119579,1,0,178403
119580,2,0,178405
119581,1,0,178406
119582,1,0,178407
119583,2,0,178409
119584,1,0,178410
119585,1,0,178411
119586,3,0,178414
119587,1,0,178415
119588,1,0,178416
119589,1,0,178417
119590,2,0,178419
119591,1,0,178420
119592,1,0,178421
119593,1,0,178422
119594,1,0,178423
119595,1,0,178424
119596,1,0,178425
119597,1,0,178426
119598,1,0,178427
119599,1,0,178428
119600,3,0,178431
119601,1,0,178432
119602,1,0,178433
119603,1,0,178434
119604,1,0,178435
119605,1,0,178436
119606,2,0,178438
119607,1,0,178439
119608,1,0,178440
119609,1,0,178441
119610,1,0,178442
119611,1,0,178443
119612,2,0,178445
119613,1,0,178446
119614,2,0,178448
119615,1,0,178449
119616,3,0,178452
119617,1,0,178453
119618,1,0,178454
119619,1,0,178455
119620,1,0,178456
119621,2,0,178458
119622,1,0,178459
119623,1,0,178460
119624,1,0,178461
119625,2,0,178463
119626,1,0,178464
119627,1,0,178465
119628,1,0,178466
119629,2,0,178468
119630,1,0,178469
119631,1,0,178470
119632,1,0,178471
119633,1,0,178472
119634,1,0,178473
119635,2,0,178475
119636,2,0,178477
119637,1,0,178478
119638,1,0,178479
119639,1,0,178480
119640,1,0,178481
119641,1,0,178482
119642,3,0,178485
119643,2,0,178487
119644,1,0,178488
119645,1,0,178489
119646,1,0,178490
119647,4,0,178494
119648,1,0,178495
119649,3,0,178498
119650,1,0,178499
119651,1,0,178500
119652,1,0,178501
119653,1,0,178502
119654,1,0,178503
119655,1,0,178504
119656,1,0,178505
119657,1,0,178506
119658,1,0,178507
119659,2,0,178509
119660,3,0,178512
119661,1,0,178513
119662,1,0,178514
119663,1,0,178515
119664,1,0,178516
119665,2,0,178518
119666,1,0,178519
119667,3,0,178522
119668,1,0,178523
119669,3,0,178526
119670,2,0,178528
119671,1,0,178529
119672,1,0,178530
119673,1,0,178531
119674,2,0,178533
119675,1,0,178534
119676,1,0,178535
119677,2,0,178537
119678,1,0,178538
119679,2,0,178540
119680,3,0,178543
119681,1,0,178544
119682,1,0,178545
119683,1,0,178546
119684,1,0,178547
119685,1,0,178548
119686,1,0,178549
119687,2,0,178551
119688,1,0,178552
119689,1,0,178553
119690,2,0,178555
119691,1,0,178556
119692,2,0,178558
119693,1,0,178559
119694,1,0,178560
119695,1,0,178561
119696,1,0,178562
119697,2,0,178564
119698,3,0,178567
119699,1,0,178568
119700,1,0,178569
119701,4,0,178573
119702,2,0,178575
119703,1,0,178576
119704,2,0,178578
119705,1,0,178579
119706,1,0,178580
119707,1,0,178581
119708,2,0,178583
119709,1,0,178584
119710,1,0,178585
119711,1,0,178586
119712,1,0,178587
119713,2,0,178589
119714,2,0,178591
119715,1,0,178592
119716,1,0,178593
119717,1,0,178594
119718,2,0,178596
119719,3,0,178599
119720,3,0,178602
119721,1,0,178603
119722,1,0,178604
119723,1,0,178605
119724,1,0,178606
119725,1,0,178607
119726,1,0,178608
119727,1,0,178609
119728,1,0,178610
119729,1,0,178611
119730,1,0,178612
119731,1,0,178613
119732,1,0,178614
119733,2,0,178616
119734,1,0,178617
119735,2,0,178619
119736,1,0,178620
119737,1,0,178621
119738,1,0,178622
119739,1,0,178623
119740,1,0,178624
119741,1,0,178625
119742,1,0,178626
119743,1,0,178627
119744,1,0,178628
119745,1,0,178629
119746,2,0,178631
119747,1,0,178632
119748,1,0,178633
119749,2,0,178635
119750,3,0,178638
119751,1,0,178639
119752,1,0,178640
119753,1,0,178641
119754,1,0,178642
119755,1,0,178643
119756,5,0,178648
119757,1,0,178649
119758,1,0,178650
119759,1,0,178651
119760,1,0,178652
119761,1,0,178653
119762,2,0,178655
119763,1,0,178656
119764,1,0,178657
119765,1,0,178658
119766,1,0,178659
119767,1,0,178660
119768,1,0,178661
119769,1,0,178662
119770,1,0,178663
119771,1,0,178664
119772,1,0,178665
119773,1,0,178666
119774,1,0,178667
119775,1,0,178668
119776,1,0,178669
119777,1,0,178670
119778,1,0,178671
119779,1,0,178672
119780,2,0,178674
119781,2,0,178676
119782,1,0,178677
119783,1,0,178678
119784,3,0,178681
119785,1,0,178682
119786,2,0,178684
119787,1,0,178685
119788,1,0,178686
119789,1,0,178687
119790,2,0,178689
119791,1,0,178690
119792,1,0,178691
119793,1,0,178692
119794,1,0,178693
119795,1,0,178694
119796,1,0,178695
119797,1,0,178696
119798,1,0,178697
119799,1,0,178698
119800,1,0,178699
119801,2,0,178701
119802,3,0,178704
119803,4,0,178708
119804,2,0,178710
119805,2,0,178712
119806,2,0,178714
119807,1,0,178715
119808,1,0,178716
119809,3,0,178719
119810,4,0,178723
119811,1,0,178724
119812,5,0,178729
119813,1,0,178730
119814,1,0,178731
119815,2,0,178733
119816,1,0,178734
119817,1,0,178735
119818,5,0,178740
119819,2,0,178742
119820,1,0,178743
119821,2,0,178745
119822,1,0,178746
119823,2,0,178748
119824,1,0,178749
119825,1,0,178750
119826,1,0,178751
119827,1,0,178752
119828,1,0,178753
119829,1,0,178754
119830,1,0,178755
119831,1,0,178756
119832,1,0,178757
119833,3,0,178760
119834,1,0,178761
119835,1,0,178762
119836,1,0,178763
119837,1,0,178764
119838,1,0,178765
119839,1,0,178766
119840,2,0,178768
119841,3,0,178771
119842,1,0,178772
119843,1,0,178773
119844,1,0,178774
119845,3,0,178777
119846,2,0,178779
119847,1,0,178780
119848,1,0,178781
119849,1,0,178782
119850,1,0,178783
119851,2,0,178785
119852,3,0,178788
119853,2,0,178790
119854,3,0,178793
119855,1,0,178794
119856,1,0,178795
119857,2,0,178797
119858,7,0,178804
119859,1,0,178805
119860,1,0,178806
119861,1,0,178807
119862,1,0,178808
119863,1,0,178809
119864,1,0,178810
119865,1,0,178811
119866,1,0,178812
119867,1,0,178813
119868,1,0,178814
119869,2,0,178816
119870,1,0,178817
119871,1,0,178818
119872,3,0,178821
119873,1,0,178822
119874,1,0,178823
119875,1,0,178824
119876,1,0,178825
119877,1,0,178826
119878,1,0,178827
119879,1,0,178828
119880,1,0,178829
119881,1,0,178830
119882,1,0,178831
119883,2,0,178833
119884,1,0,178834
119885,1,0,178835
119886,1,0,178836
119887,2,0,178838
119888,1,0,178839
119889,1,0,178840
119890,1,0,178841
119891,1,0,178842
119892,1,0,178843
119893,1,0,178844
119894,1,0,178845
119895,1,0,178846
119896,2,0,178848
119897,3,0,178851
119898,1,0,178852
119899,1,0,178853
119900,1,0,178854
119901,5,0,178859
119902,1,0,178860
119903,1,0,178861
119904,2,0,178863
119905,1,0,178864
119906,1,0,178865
119907,1,0,178866
119908,1,0,178867
119909,5,0,178872
119910,1,0,178873
119911,1,0,178874
119912,1,0,178875
119913,1,0,178876
119914,1,0,178877
119915,1,0,178878
119916,1,0,178879
119917,1,0,178880
119918,1,0,178881
119919,3,0,178884
119920,1,0,178885
119921,2,0,178887
119922,1,0,178888
119923,1,0,178889
119924,1,0,178890
119925,1,0,178891
119926,1,0,178892
119927,1,0,178893
119928,1,0,178894
119929,1,0,178895
119930,1,0,178896
119931,1,0,178897
119932,2,0,178899
119933,1,0,178900
119934,1,0,178901
119935,1,0,178902
119936,1,0,178903
119937,1,0,178904
119938,1,0,178905
119939,1,0,178906
119940,1,0,178907
119941,1,0,178908
119942,2,0,178910
119943,1,0,178911
119944,1,0,178912
119945,1,0,178913
119946,2,0,178915
119947,1,0,178916
119948,1,0,178917
119949,2,0,178919
119950,1,0,178920
119951,1,0,178921
119952,2,0,178923
119953,1,0,178924
119954,1,0,178925
119955,2,0,178927
119956,1,0,178928
119957,1,0,178929
119958,3,0,178932
119959,1,0,178933
119960,1,0,178934
119961,1,0,178935
119962,1,0,178936
119963,2,0,178938
119964,1,0,178939
119965,2,0,178941
119966,1,0,178942
119967,2,0,178944
119968,1,0,178945
119969,2,0,178947
119970,2,0,178949
119971,1,0,178950
119972,1,0,178951
119973,1,0,178952
119974,3,0,178955
119975,2,0,178957
119976,1,0,178958
119977,1,0,178959
119978,3,0,178962
119979,2,0,178964
119980,1,0,178965
119981,1,0,178966
119982,1,0,178967
119983,1,0,178968
119984,1,0,178969
119985,1,0,178970
119986,1,0,178971
119987,1,0,178972
119988,1,0,178973
119989,2,0,178975
119990,1,0,178976
119991,4,0,178980
119992,1,0,178981
119993,1,0,178982
119994,1,0,178983
119995,1,0,178984
119996,1,0,178985
119997,1,0,178986
119998,1,0,178987
119999,1,0,178988
120000,1,0,178989
120001,1,0,178990
120002,2,0,178992
120003,5,0,178997
120004,1,0,178998
120005,1,0,178999
120006,1,0,179000
120007,2,0,179002
120008,1,0,179003
120009,1,0,179004
120010,2,0,179006
120011,2,0,179008
120012,1,0,179009
120013,1,0,179010
120014,1,0,179011
120015,1,0,179012
120016,2,0,179014
120017,1,0,179015
120018,2,0,179017
120019,1,0,179018
120020,2,0,179020
120021,2,0,179022
120022,1,0,179023
120023,1,0,179024
120024,1,0,179025
120025,1,0,179026
120026,2,0,179028
120027,2,0,179030
120028,2,0,179032
120029,2,0,179034
120030,3,0,179037
120031,1,0,179038
120032,2,0,179040
120033,1,0,179041
120034,2,0,179043
120035,1,0,179044
120036,1,0,179045
120037,1,0,179046
120038,1,0,179047
120039,2,0,179049
120040,1,0,179050
120041,4,0,179054
120042,1,0,179055
120043,2,0,179057
120044,1,0,179058
120045,1,0,179059
120046,1,0,179060
120047,1,0,179061
120048,3,0,179064
120049,1,0,179065
120050,1,0,179066
120051,2,0,179068
120052,1,0,179069
120053,2,0,179071
120054,1,0,179072
120055,2,0,179074
120056,3,0,179077
120057,2,0,179079
120058,3,0,179082
120059,2,0,179084
120060,1,0,179085
120061,3,0,179088
120062,1,0,179089
120063,2,0,179091
120064,1,0,179092
120065,1,0,179093
120066,1,0,179094
120067,1,0,179095
120068,2,0,179097
120069,1,0,179098
120070,1,0,179099
120071,1,0,179100
120072,1,0,179101
120073,1,0,179102
120074,1,0,179103
120075,2,0,179105
120076,2,0,179107
120077,1,0,179108
120078,2,0,179110
120079,1,0,179111
120080,1,0,179112
120081,1,0,179113
120082,1,0,179114
120083,2,0,179116
120084,1,0,179117
120085,1,0,179118
120086,1,0,179119
120087,1,0,179120
120088,1,0,179121
120089,1,0,179122
120090,2,0,179124
120091,1,0,179125
120092,1,0,179126
120093,1,0,179127
120094,1,0,179128
120095,1,0,179129
120096,3,0,179132
120097,2,0,179134
120098,1,0,179135
120099,1,0,179136
120100,1,0,179137
120101,1,0,179138
120102,1,0,179139
120103,1,0,179140
120104,1,0,179141
120105,3,0,179144
120106,1,0,179145
120107,1,0,179146
120108,2,0,179148
120109,2,0,179150
120110,1,0,179151
120111,1,0,179152
120112,1,0,179153
120113,1,0,179154
120114,2,0,179156
120115,3,0,179159
120116,1,0,179160
120117,1,0,179161
120118,1,0,179162
120119,1,0,179163
120120,1,0,179164
120121,1,0,179165
120122,1,0,179166
120123,2,0,179168
120124,2,0,179170
120125,1,0,179171
120126,2,0,179173
120127,1,0,179174
120128,3,0,179177
120129,2,0,179179
120130,2,0,179181
120131,1,0,179182
120132,1,0,179183
120133,1,0,179184
120134,1,0,179185
120135,1,0,179186
120136,3,0,179189
120137,1,0,179190
120138,1,0,179191
120139,1,0,179192
120140,4,0,179196
120141,2,0,179198
120142,3,0,179201
120143,1,0,179202
120144,1,0,179203
120145,6,0,179209
120146,1,0,179210
120147,1,0,179211
120148,1,0,179212
120149,3,0,179215
120150,1,0,179216
120151,1,0,179217
120152,1,0,179218
120153,1,0,179219
120154,1,0,179220
120155,1,0,179221
120156,4,0,179225
120157,3,0,179228
120158,1,0,179229
120159,1,0,179230
120160,1,0,179231
120161,1,0,179232
120162,1,0,179233
120163,1,0,179234
120164,1,0,179235
120165,5,0,179240
120166,1,0,179241
120167,1,0,179242
120168,2,0,179244
120169,2,0,179246
120170,2,0,179248
120171,4,0,179252
120172,4,0,179256
120173,1,0,179257
120174,1,0,179258
120175,1,0,179259
120176,1,0,179260
120177,1,0,179261
120178,1,0,179262
120179,1,0,179263
120180,1,0,179264
120181,1,0,179265
120182,1,0,179266
120183,1,0,179267
120184,1,0,179268
120185,2,0,179270
120186,2,0,179272
120187,1,0,179273
120188,2,0,179275
120189,2,0,179277
120190,1,0,179278
120191,1,0,179279
120192,1,0,179280
120193,2,0,179282
120194,1,0,179283
120195,1,0,179284
120196,1,0,179285
120197,1,0,179286
120198,2,0,179288
120199,1,0,179289
120200,2,0,179291
120201,1,0,179292
120202,1,0,179293
120203,1,0,179294
120204,3,0,179297
120205,1,0,179298
120206,1,0,179299
120207,1,0,179300
120208,1,0,179301
120209,1,0,179302
120210,1,0,179303
120211,1,0,179304
120212,1,0,179305
120213,1,0,179306
120214,3,0,179309
120215,1,0,179310
120216,1,0,179311
120217,2,0,179313
120218,1,0,179314
120219,1,0,179315
120220,2,0,179317
120221,1,0,179318
120222,5,0,179323
120223,2,0,179325
120224,3,0,179328
120225,3,0,179331
120226,1,0,179332
120227,1,0,179333
120228,2,0,179335
120229,2,0,179337
120230,1,0,179338
120231,1,0,179339
120232,1,0,179340
120233,2,0,179342
120234,1,0,179343
120235,1,0,179344
120236,1,0,179345
120237,1,0,179346
120238,2,0,179348
120239,1,0,179349
120240,1,0,179350
120241,1,0,179351
120242,1,0,179352
120243,1,0,179353
120244,1,0,179354
120245,1,0,179355
120246,1,0,179356
120247,1,0,179357
120248,1,0,179358
120249,2,0,179360
120250,1,0,179361
120251,1,0,179362
120252,1,0,179363
120253,1,0,179364
120254,2,0,179366
120255,1,0,179367
120256,2,0,179369
120257,6,0,179375
120258,1,0,179376
120259,1,0,179377
120260,1,0,179378
120261,1,0,179379
120262,1,0,179380
120263,1,0,179381
120264,2,0,179383
120265,3,0,179386
120266,2,0,179388
120267,1,0,179389
120268,1,0,179390
120269,3,0,179393
120270,1,0,179394
120271,2,0,179396
120272,1,0,179397
120273,1,0,179398
120274,2,0,179400
120275,1,0,179401
120276,1,0,179402
120277,1,0,179403
120278,1,0,179404
120279,1,0,179405
120280,2,0,179407
120281,1,0,179408
120282,1,0,179409
120283,3,0,179412
120284,1,0,179413
120285,1,0,179414
120286,2,0,179416
120287,1,0,179417
120288,1,0,179418
120289,1,0,179419
120290,1,0,179420
120291,2,0,179422
120292,2,0,179424
120293,2,0,179426
120294,1,0,179427
120295,1,0,179428
120296,1,0,179429
120297,1,0,179430
120298,1,0,179431
120299,2,0,179433
120300,2,0,179435
120301,1,0,179436
120302,1,0,179437
120303,1,0,179438
120304,1,0,179439
120305,2,0,179441
120306,1,0,179442
120307,1,0,179443
120308,2,0,179445
120309,4,0,179449
120310,1,0,179450
120311,1,0,179451
120312,1,0,179452
120313,1,0,179453
120314,2,0,179455
120315,1,0,179456
120316,3,0,179459
120317,2,0,179461
120318,1,0,179462
120319,1,0,179463
120320,3,0,179466
120321,1,0,179467
120322,1,0,179468
120323,1,0,179469
120324,2,0,179471
120325,1,0,179472
120326,2,0,179474
120327,4,0,179478
120328,1,0,179479
120329,2,0,179481
120330,2,0,179483
120331,1,0,179484
120332,3,0,179487
120333,1,0,179488
120334,1,0,179489
120335,1,0,179490
120336,2,0,179492
120337,2,0,179494
120338,1,0,179495
120339,1,0,179496
120340,1,0,179497
120341,1,0,179498
120342,1,0,179499
120343,2,0,179501
120344,1,0,179502
120345,1,0,179503
120346,1,0,179504
120347,1,0,179505
120348,1,0,179506
120349,2,0,179508
120350,1,0,179509
120351,3,0,179512
120352,2,0,179514
120353,1,0,179515
120354,5,0,179520
120355,2,0,179522
120356,1,0,179523
120357,1,0,179524
120358,1,0,179525
120359,1,0,179526
120360,2,0,179528
120361,1,0,179529
120362,1,0,179530
120363,1,0,179531
120364,4,0,179535
120365,1,0,179536
120366,1,0,179537
120367,1,0,179538
120368,1,0,179539
120369,1,0,179540
120370,1,0,179541
120371,1,0,179542
120372,1,0,179543
120373,1,0,179544
120374,2,0,179546
120375,1,0,179547
120376,1,0,179548
120377,2,0,179550
120378,1,0,179551
120379,4,0,179555
120380,1,0,179556
120381,1,0,179557
120382,2,0,179559
120383,1,0,179560
120384,1,0,179561
120385,1,0,179562
120386,1,0,179563
120387,5,0,179568
120388,2,0,179570
120389,1,0,179571
120390,1,0,179572
120391,1,0,179573
120392,1,0,179574
120393,2,0,179576
120394,2,0,179578
120395,1,0,179579
120396,2,0,179581
120397,3,0,179584
120398,1,0,179585
120399,1,0,179586
120400,1,0,179587
120401,3,0,179590
120402,3,0,179593
120403,2,0,179595
120404,3,0,179598
120405,1,0,179599
120406,2,0,179601
120407,2,0,179603
120408,1,0,179604
120409,1,0,179605
120410,1,0,179606
120411,1,0,179607
120412,1,0,179608
120413,2,0,179610
120414,1,0,179611
120415,1,0,179612
120416,2,0,179614
120417,1,0,179615
120418,2,0,179617
120419,1,0,179618
120420,2,0,179620
120421,1,0,179621
120422,1,0,179622
120423,2,0,179624
120424,1,0,179625
120425,2,0,179627
120426,1,0,179628
120427,1,0,179629
120428,3,0,179632
120429,2,0,179634
120430,2,0,179636
120431,3,0,179639
120432,1,0,179640
120433,1,0,179641
120434,1,0,179642
120435,4,0,179646
120436,2,0,179648
120437,1,0,179649
120438,1,0,179650
120439,1,0,179651
120440,1,0,179652
120441,1,0,179653
120442,1,0,179654
120443,2,0,179656
120444,1,0,179657
120445,2,0,179659
120446,1,0,179660
120447,1,0,179661
120448,2,0,179663
120449,1,0,179664
120450,2,0,179666
120451,1,0,179667
120452,1,0,179668
120453,2,0,179670
120454,1,0,179671
120455,1,0,179672
120456,5,0,179677
120457,1,0,179678
120458,2,0,179680
120459,1,0,179681
120460,2,0,179683
120461,2,0,179685
120462,1,0,179686
120463,2,0,179688
120464,1,0,179689
120465,2,0,179691
120466,2,0,179693
120467,1,0,179694
120468,1,0,179695
120469,1,0,179696
120470,1,0,179697
120471,1,0,179698
120472,2,0,179700
120473,1,0,179701
120474,3,0,179704
120475,2,0,179706
120476,1,0,179707
120477,4,0,179711
120478,3,0,179714
120479,1,0,179715
120480,1,0,179716
120481,1,0,179717
120482,2,0,179719
120483,1,0,179720
120484,2,0,179722
120485,1,0,179723
120486,1,0,179724
120487,2,0,179726
120488,1,0,179727
120489,2,0,179729
120490,1,0,179730
120491,1,0,179731
120492,1,0,179732
120493,1,0,179733
120494,1,0,179734
120495,1,0,179735
120496,1,0,179736
120497,1,0,179737
120498,1,0,179738
120499,1,0,179739
120500,1,0,179740
120501,1,0,179741
120502,1,0,179742
120503,3,0,179745
120504,1,0,179746
120505,1,0,179747
120506,2,0,179749
120507,1,0,179750
120508,1,0,179751
120509,1,0,179752
120510,1,0,179753
120511,1,0,179754
120512,2,0,179756
120513,2,0,179758
120514,2,0,179760
120515,2,0,179762
120516,1,0,179763
120517,1,0,179764
120518,3,0,179767
120519,1,0,179768
120520,2,0,179770
120521,1,0,179771
120522,1,0,179772
120523,1,0,179773
120524,3,0,179776
120525,2,0,179778
120526,2,0,179780
120527,1,0,179781
120528,1,0,179782
120529,3,0,179785
120530,2,0,179787
120531,4,0,179791
120532,1,0,179792
120533,1,0,179793
120534,1,0,179794
120535,1,0,179795
120536,1,0,179796
120537,2,0,179798
120538,1,0,179799
120539,1,0,179800
120540,1,0,179801
120541,2,0,179803
120542,7,0,179810
120543,1,0,179811
120544,1,0,179812
120545,1,0,179813
120546,2,0,179815
120547,2,0,179817
120548,1,0,179818
120549,1,0,179819
120550,1,0,179820
120551,1,0,179821
120552,2,0,179823
120553,1,0,179824
120554,1,0,179825
120555,1,0,179826
120556,1,0,179827
120557,3,0,179830
120558,2,0,179832
120559,1,0,179833
120560,3,0,179836
120561,4,0,179840
120562,1,0,179841
120563,1,0,179842
120564,1,0,179843
120565,1,0,179844
120566,1,0,179845
120567,1,0,179846
120568,1,0,179847
120569,2,0,179849
120570,1,0,179850
120571,1,0,179851
120572,2,0,179853
120573,1,0,179854
120574,1,0,179855
120575,2,0,179857
120576,2,0,179859
120577,2,0,179861
120578,1,0,179862
120579,1,0,179863
120580,1,0,179864
120581,1,0,179865
120582,1,0,179866
120583,1,0,179867
120584,1,0,179868
120585,2,0,179870
120586,2,0,179872
120587,1,0,179873
120588,1,0,179874
120589,1,0,179875
120590,1,0,179876
120591,1,0,179877
120592,1,0,179878
120593,2,0,179880
120594,1,0,179881
120595,2,0,179883
120596,1,0,179884
120597,2,0,179886
120598,1,0,179887
120599,1,0,179888
120600,1,0,179889
120601,1,0,179890
120602,1,0,179891
120603,1,0,179892
120604,1,0,179893
120605,2,0,179895
120606,1,0,179896
120607,2,0,179898
120608,1,0,179899
120609,1,0,179900
120610,2,0,179902
120611,1,0,179903
120612,1,0,179904
120613,1,0,179905
120614,1,0,179906
120615,2,0,179908
120616,2,0,179910
120617,1,0,179911
120618,1,0,179912
120619,1,0,179913
120620,1,0,179914
120621,1,0,179915
120622,1,0,179916
120623,2,0,179918
120624,1,0,179919
120625,1,0,179920
120626,1,0,179921
120627,1,0,179922
120628,1,0,179923
120629,1,0,179924
120630,2,0,179926
120631,1,0,179927
120632,1,0,179928
120633,1,0,179929
120634,1,0,179930
120635,1,0,179931
120636,1,0,179932
120637,1,0,179933
120638,1,0,179934
120639,2,0,179936
120640,1,0,179937
120641,1,0,179938
120642,1,0,179939
120643,2,0,179941
120644,2,0,179943
120645,1,0,179944
120646,4,0,179948
120647,1,0,179949
120648,1,0,179950
120649,1,0,179951
120650,1,0,179952
120651,1,0,179953
120652,1,0,179954
120653,1,0,179955
120654,1,0,179956
120655,1,0,179957
120656,1,0,179958
120657,1,0,179959
120658,1,0,179960
120659,1,0,179961
120660,1,0,179962
120661,1,0,179963
120662,1,0,179964
120663,1,0,179965
120664,3,0,179968
120665,1,0,179969
120666,1,0,179970
120667,2,0,179972
120668,2,0,179974
120669,1,0,179975
120670,1,0,179976
120671,1,0,179977
120672,2,0,179979
120673,3,0,179982
120674,1,0,179983
120675,2,0,179985
120676,1,0,179986
120677,2,0,179988
120678,2,0,179990
120679,1,0,179991
120680,1,0,179992
120681,2,0,179994
120682,1,0,179995
120683,1,0,179996
120684,1,0,179997
120685,2,0,179999
120686,2,0,180001
120687,1,0,180002
120688,2,0,180004
120689,1,0,180005
120690,1,0,180006
120691,1,0,180007
120692,1,0,180008
120693,1,0,180009
120694,1,0,180010
120695,1,0,180011
120696,1,0,180012
120697,1,0,180013
120698,1,0,180014
120699,2,0,180016
120700,1,0,180017
120701,1,0,180018
120702,1,0,180019
120703,2,0,180021
120704,1,0,180022
120705,1,0,180023
120706,2,0,180025
120707,2,0,180027
120708,2,0,180029
120709,2,0,180031
120710,2,0,180033
120711,1,0,180034
120712,3,0,180037
120713,2,0,180039
120714,1,0,180040
120715,2,0,180042
120716,1,0,180043
120717,4,0,180047
120718,1,0,180048
120719,3,0,180051
120720,4,0,180055
120721,2,0,180057
120722,1,0,180058
120723,2,0,180060
120724,1,0,180061
120725,1,0,180062
120726,3,0,180065
120727,2,0,180067
120728,1,0,180068
120729,1,0,180069
120730,1,0,180070
120731,2,0,180072
120732,1,0,180073
120733,2,0,180075
120734,1,0,180076
120735,1,0,180077
120736,1,0,180078
120737,1,0,180079
120738,1,0,180080
120739,1,0,180081
120740,1,0,180082
120741,1,0,180083
120742,3,0,180086
120743,2,0,180088
120744,1,0,180089
120745,1,0,180090
120746,2,0,180092
120747,1,0,180093
120748,2,0,180095
120749,1,0,180096
120750,1,0,180097
120751,1,0,180098
120752,2,0,180100
120753,1,0,180101
120754,1,0,180102
120755,1,0,180103
120756,2,0,180105
120757,1,0,180106
120758,4,0,180110
120759,1,0,180111
120760,1,0,180112
120761,1,0,180113
120762,1,0,180114
120763,1,0,180115
120764,1,0,180116
120765,2,0,180118
120766,3,0,180121
120767,1,0,180122
120768,1,0,180123
120769,1,0,180124
120770,1,0,180125
120771,2,0,180127
120772,1,0,180128
120773,1,0,180129
120774,2,0,180131
120775,1,0,180132
120776,2,0,180134
120777,1,0,180135
120778,1,0,180136
120779,1,0,180137
120780,1,0,180138
120781,3,0,180141
120782,3,0,180144
120783,2,0,180146
120784,2,0,180148
120785,3,0,180151
120786,1,0,180152
120787,2,0,180154
120788,1,0,180155
120789,1,0,180156
120790,4,0,180160
120791,1,0,180161
120792,1,0,180162
120793,1,0,180163
120794,2,0,180165
120795,2,0,180167
120796,1,0,180168
120797,2,0,180170
120798,4,0,180174
120799,1,0,180175
120800,2,0,180177
120801,1,0,180178
120802,1,0,180179
120803,1,0,180180
120804,2,0,180182
120805,2,0,180184
120806,1,0,180185
120807,1,0,180186
120808,1,0,180187
120809,1,0,180188
120810,1,0,180189
120811,3,0,180192
120812,1,0,180193
120813,1,0,180194
120814,1,0,180195
120815,1,0,180196
120816,2,0,180198
120817,1,0,180199
120818,2,0,180201
120819,3,0,180204
120820,2,0,180206
120821,2,0,180208
120822,3,0,180211
120823,1,0,180212
120824,2,0,180214
120825,1,0,180215
120826,1,0,180216
120827,1,0,180217
120828,1,0,180218
120829,1,0,180219
120830,1,0,180220
120831,2,0,180222
120832,1,0,180223
120833,2,0,180225
120834,4,0,180229
120835,1,0,180230
120836,1,0,180231
120837,1,0,180232
120838,1,0,180233
120839,1,0,180234
120840,1,0,180235
120841,1,0,180236
120842,1,0,180237
120843,2,0,180239
120844,4,0,180243
120845,1,0,180244
120846,1,0,180245
120847,2,0,180247
120848,1,0,180248
120849,1,0,180249
120850,2,0,180251
120851,2,0,180253
120852,1,0,180254
120853,2,0,180256
120854,1,0,180257
120855,1,0,180258
120856,1,0,180259
120857,2,0,180261
120858,1,0,180262
120859,1,0,180263
120860,1,0,180264
120861,3,0,180267
120862,1,0,180268
120863,1,0,180269
120864,5,0,180274
120865,2,0,180276
120866,1,0,180277
120867,2,0,180279
120868,1,0,180280
120869,1,0,180281
120870,1,0,180282
120871,1,0,180283
120872,1,0,180284
120873,2,0,180286
120874,2,0,180288
120875,2,0,180290
120876,1,0,180291
120877,1,0,180292
120878,1,0,180293
120879,1,0,180294
120880,4,0,180298
120881,1,0,180299
120882,1,0,180300
120883,1,0,180301
120884,1,0,180302
120885,1,0,180303
120886,1,0,180304
120887,1,0,180305
120888,2,0,180307
120889,3,0,180310
120890,1,0,180311
120891,1,0,180312
120892,1,0,180313
120893,1,0,180314
120894,1,0,180315
120895,1,0,180316
120896,3,0,180319
120897,2,0,180321
120898,2,0,180323
120899,2,0,180325
120900,1,0,180326
120901,1,0,180327
120902,1,0,180328
120903,1,0,180329
120904,1,0,180330
120905,1,0,180331
120906,1,0,180332
120907,1,0,180333
120908,1,0,180334
120909,2,0,180336
120910,1,0,180337
120911,1,0,180338
120912,3,0,180341
120913,1,0,180342
120914,1,0,180343
120915,5,0,180348
120916,1,0,180349
120917,1,0,180350
120918,1,0,180351
120919,1,0,180352
120920,2,0,180354
120921,2,0,180356
120922,1,0,180357
120923,1,0,180358
120924,1,0,180359
120925,1,0,180360
120926,1,0,180361
120927,2,0,180363
120928,2,0,180365
120929,1,0,180366
120930,2,0,180368
120931,1,0,180369
120932,1,0,180370
120933,1,0,180371
120934,1,0,180372
120935,2,0,180374
120936,2,0,180376
120937,1,0,180377
120938,1,0,180378
120939,1,0,180379
120940,1,0,180380
120941,1,0,180381
120942,2,0,180383
120943,1,0,180384
120944,1,0,180385
120945,3,0,180388
120946,1,0,180389
120947,1,0,180390
120948,1,0,180391
120949,1,0,180392
120950,1,0,180393
120951,1,0,180394
120952,1,0,180395
120953,2,0,180397
120954,1,0,180398
120955,2,0,180400
120956,6,0,180406
120957,1,0,180407
120958,1,0,180408
120959,5,0,180413
120960,2,0,180415
120961,3,0,180418
120962,2,0,180420
120963,1,0,180421
120964,4,0,180425
120965,2,0,180427
120966,1,0,180428
120967,1,0,180429
120968,1,0,180430
120969,2,0,180432
120970,1,0,180433
120971,1,0,180434
120972,1,0,180435
120973,1,0,180436
120974,1,0,180437
120975,2,0,180439
120976,1,0,180440
120977,1,0,180441
120978,1,0,180442
120979,1,0,180443
120980,1,0,180444
120981,1,0,180445
120982,2,0,180447
120983,1,0,180448
120984,1,0,180449
120985,1,0,180450
120986,1,0,180451
120987,1,0,180452
120988,1,0,180453
120989,1,0,180454
120990,2,0,180456
120991,1,0,180457
120992,2,0,180459
120993,1,0,180460
120994,1,0,180461
120995,2,0,180463
120996,1,0,180464
120997,1,0,180465
120998,1,0,180466
120999,3,0,180469
121000,1,0,180470
121001,1,0,180471
121002,1,0,180472
121003,1,0,180473
121004,1,0,180474
121005,1,0,180475
121006,2,0,180477
121007,1,0,180478
121008,1,0,180479
121009,1,0,180480
121010,1,0,180481
121011,1,0,180482
121012,2,0,180484
121013,1,0,180485
121014,1,0,180486
121015,2,0,180488
121016,1,0,180489
121017,1,0,180490
121018,1,0,180491
121019,1,0,180492
121020,2,0,180494
121021,4,0,180498
121022,2,0,180500
121023,4,0,180504
121024,2,0,180506
121025,2,0,180508
121026,1,0,180509
121027,4,0,180513
121028,1,0,180514
121029,1,0,180515
121030,1,0,180516
121031,1,0,180517
121032,1,0,180518
121033,3,0,180521
121034,1,0,180522
121035,3,0,180525
121036,3,0,180528
121037,2,0,180530
121038,2,0,180532
121039,2,0,180534
121040,1,0,180535
121041,3,0,180538
121042,2,0,180540
121043,1,0,180541
121044,1,0,180542
121045,2,0,180544
121046,1,0,180545
121047,2,0,180547
121048,2,0,180549
121049,2,0,180551
121050,1,0,180552
121051,2,0,180554
121052,1,0,180555
121053,2,0,180557
121054,1,0,180558
121055,1,0,180559
121056,2,0,180561
121057,1,0,180562
121058,2,0,180564
121059,1,0,180565
121060,1,0,180566
121061,1,0,180567
121062,1,0,180568
121063,2,0,180570
121064,1,0,180571
121065,1,0,180572
121066,2,0,180574
121067,1,0,180575
121068,1,0,180576
121069,1,0,180577
121070,2,0,180579
121071,2,0,180581
121072,2,0,180583
121073,1,0,180584
121074,1,0,180585
121075,1,0,180586
121076,1,0,180587
121077,2,0,180589
121078,1,0,180590
121079,1,0,180591
121080,1,0,180592
121081,1,0,180593
121082,1,0,180594
121083,1,0,180595
121084,1,0,180596
121085,1,0,180597
121086,5,0,180602
121087,2,0,180604
121088,1,0,180605
121089,2,0,180607
121090,1,0,180608
121091,1,0,180609
121092,2,0,180611
121093,1,0,180612
121094,1,0,180613
121095,2,0,180615
121096,2,0,180617
121097,2,0,180619
121098,1,0,180620
121099,1,0,180621
121100,1,0,180622
121101,1,0,180623
121102,1,0,180624
121103,1,0,180625
121104,1,0,180626
121105,1,0,180627
121106,1,0,180628
121107,1,0,180629
121108,1,0,180630
121109,1,0,180631
121110,1,0,180632
121111,1,0,180633
121112,1,0,180634
121113,1,0,180635
121114,1,0,180636
121115,3,0,180639
121116,1,0,180640
121117,3,0,180643
121118,1,0,180644
121119,3,0,180647
121120,1,0,180648
121121,1,0,180649
121122,1,0,180650
121123,2,0,180652
121124,2,0,180654
121125,2,0,180656
121126,1,0,180657
121127,1,0,180658
121128,4,0,180662
121129,1,0,180663
121130,1,0,180664
121131,1,0,180665
121132,1,0,180666
121133,4,0,180670
121134,2,0,180672
121135,1,0,180673
121136,1,0,180674
121137,2,0,180676
121138,1,0,180677
121139,2,0,180679
121140,1,0,180680
121141,4,0,180684
121142,1,0,180685
121143,2,0,180687
121144,2,0,180689
121145,3,0,180692
121146,2,0,180694
121147,1,0,180695
121148,1,0,180696
121149,2,0,180698
121150,1,0,180699
121151,1,0,180700
121152,1,0,180701
121153,2,0,180703
121154,4,0,180707
121155,2,0,180709
121156,2,0,180711
121157,1,0,180712
121158,1,0,180713
121159,1,0,180714
121160,1,0,180715
121161,2,0,180717
121162,1,0,180718
121163,2,0,180720
121164,1,0,180721
121165,1,0,180722
121166,6,0,180728
121167,1,0,180729
121168,1,0,180730
121169,2,0,180732
121170,1,0,180733
121171,1,0,180734
121172,1,0,180735
121173,2,0,180737
121174,4,0,180741
121175,1,0,180742
121176,1,0,180743
121177,1,0,180744
121178,1,0,180745
121179,1,0,180746
121180,1,0,180747
121181,1,0,180748
121182,1,0,180749
121183,1,0,180750
121184,2,0,180752
121185,1,0,180753
121186,1,0,180754
121187,1,0,180755
121188,1,0,180756
121189,1,0,180757
121190,2,0,180759
121191,1,0,180760
121192,3,0,180763
121193,1,0,180764
121194,1,0,180765
121195,1,0,180766
121196,1,0,180767
121197,1,0,180768
121198,1,0,180769
121199,2,0,180771
121200,1,0,180772
121201,2,0,180774
121202,1,0,180775
121203,2,0,180777
121204,2,0,180779
121205,1,0,180780
121206,1,0,180781
121207,1,0,180782
121208,1,0,180783
121209,3,0,180786
121210,1,0,180787
121211,1,0,180788
121212,1,0,180789
121213,1,0,180790
121214,1,0,180791
121215,2,0,180793
121216,1,0,180794
121217,1,0,180795
121218,1,0,180796
121219,1,0,180797
121220,4,0,180801
121221,1,0,180802
121222,2,0,180804
121223,1,0,180805
121224,1,0,180806
121225,1,0,180807
121226,1,0,180808
121227,1,0,180809
121228,1,0,180810
121229,2,0,180812
121230,1,0,180813
121231,1,0,180814
121232,4,0,180818
121233,1,0,180819
121234,1,0,180820
121235,1,0,180821
121236,2,0,180823
121237,1,0,180824
121238,1,0,180825
121239,1,0,180826
121240,1,0,180827
121241,1,0,180828
121242,2,0,180830
121243,2,0,180832
121244,1,0,180833
121245,2,0,180835
121246,4,0,180839
121247,1,0,180840
121248,1,0,180841
121249,1,0,180842
121250,5,0,180847
121251,1,0,180848
121252,1,0,180849
121253,2,0,180851
121254,1,0,180852
121255,2,0,180854
121256,1,0,180855
121257,1,0,180856
121258,1,0,180857
121259,1,0,180858
121260,1,0,180859
121261,1,0,180860
121262,2,0,180862
121263,1,0,180863
121264,2,0,180865
121265,1,0,180866
121266,1,0,180867
121267,1,0,180868
121268,4,0,180872
121269,2,0,180874
121270,3,0,180877
121271,1,0,180878
121272,1,0,180879
121273,2,0,180881
121274,2,0,180883
121275,2,0,180885
121276,1,0,180886
121277,2,0,180888
121278,1,0,180889
121279,2,0,180891
121280,2,0,180893
121281,1,0,180894
121282,2,0,180896
121283,1,0,180897
121284,1,0,180898
121285,1,0,180899
121286,2,0,180901
121287,2,0,180903
121288,1,0,180904
121289,1,0,180905
121290,1,0,180906
121291,3,0,180909
121292,2,0,180911
121293,1,0,180912
121294,1,0,180913
121295,1,0,180914
121296,2,0,180916
121297,3,0,180919
121298,8,0,180927
121299,1,0,180928
121300,1,0,180929
121301,3,0,180932
121302,3,0,180935
121303,3,0,180938
121304,1,0,180939
121305,1,0,180940
121306,1,0,180941
121307,2,0,180943
121308,2,0,180945
121309,1,0,180946
121310,1,0,180947
121311,3,0,180950
121312,2,0,180952
121313,1,0,180953
121314,1,0,180954
121315,1,0,180955
121316,2,0,180957
121317,1,0,180958
121318,1,0,180959
121319,1,0,180960
121320,2,0,180962
121321,3,0,180965
121322,2,0,180967
121323,3,0,180970
121324,2,0,180972
121325,3,0,180975
121326,2,0,180977
121327,1,0,180978
121328,1,0,180979
121329,2,0,180981
121330,2,0,180983
121331,2,0,180985
121332,1,0,180986
121333,1,0,180987
121334,1,0,180988
121335,1,0,180989
121336,2,0,180991
121337,1,0,180992
121338,1,0,180993
121339,2,0,180995
121340,1,0,180996
121341,1,0,180997
121342,1,0,180998
121343,1,0,180999
121344,1,0,181000
121345,2,0,181002
121346,1,0,181003
121347,2,0,181005
121348,2,0,181007
121349,1,0,181008
121350,3,0,181011
121351,1,0,181012
121352,2,0,181014
121353,1,0,181015
121354,1,0,181016
121355,2,0,181018
121356,2,0,181020
121357,2,0,181022
121358,1,0,181023
121359,1,0,181024
121360,1,0,181025
121361,2,0,181027
121362,1,0,181028
121363,1,0,181029
121364,2,0,181031
121365,2,0,181033
121366,2,0,181035
121367,2,0,181037
121368,1,0,181038
121369,1,0,181039
121370,1,0,181040
121371,1,0,181041
121372,1,0,181042
121373,1,0,181043
121374,1,0,181044
121375,1,0,181045
121376,2,0,181047
121377,1,0,181048
121378,1,0,181049
121379,2,0,181051
121380,1,0,181052
121381,3,0,181055
121382,1,0,181056
121383,1,0,181057
121384,1,0,181058
121385,1,0,181059
121386,2,0,181061
121387,1,0,181062
121388,1,0,181063
121389,1,0,181064
121390,2,0,181066
121391,1,0,181067
121392,1,0,181068
121393,1,0,181069
121394,1,0,181070
121395,1,0,181071
121396,1,0,181072
121397,1,0,181073
121398,1,0,181074
121399,2,0,181076
121400,1,0,181077
121401,3,0,181080
121402,1,0,181081
121403,1,0,181082
121404,1,0,181083
121405,1,0,181084
121406,1,0,181085
121407,1,0,181086
121408,1,0,181087
121409,1,0,181088
121410,1,0,181089
121411,1,0,181090
121412,2,0,181092
121413,1,0,181093
121414,1,0,181094
121415,2,0,181096
121416,1,0,181097
121417,1,0,181098
121418,1,0,181099
121419,1,0,181100
121420,2,0,181102
121421,1,0,181103
121422,1,0,181104
121423,1,0,181105
121424,1,0,181106
121425,1,0,181107
121426,1,0,181108
121427,1,0,181109
121428,1,0,181110
121429,1,0,181111
121430,2,0,181113
121431,2,0,181115
121432,2,0,181117
121433,2,0,181119
121434,2,0,181121
121435,1,0,181122
121436,2,0,181124
121437,1,0,181125
121438,2,0,181127
121439,2,0,181129
121440,1,0,181130
121441,1,0,181131
121442,1,0,181132
121443,1,0,181133
121444,1,0,181134
121445,1,0,181135
121446,4,0,181139
121447,2,0,181141
121448,1,0,181142
121449,1,0,181143
121450,2,0,181145
121451,1,0,181146
121452,1,0,181147
121453,1,0,181148
121454,1,0,181149
121455,2,0,181151
121456,2,0,181153
121457,2,0,181155
121458,1,0,181156
121459,2,0,181158
121460,1,0,181159
121461,1,0,181160
121462,1,0,181161
121463,2,0,181163
121464,1,0,181164
121465,1,0,181165
121466,1,0,181166
121467,1,0,181167
121468,1,0,181168
121469,1,0,181169
121470,1,0,181170
121471,2,0,181172
121472,1,0,181173
121473,1,0,181174
121474,1,0,181175
121475,1,0,181176
121476,2,0,181178
121477,2,0,181180
121478,1,0,181181
121479,1,0,181182
121480,2,0,181184
121481,2,0,181186
121482,1,0,181187
121483,2,0,181189
121484,1,0,181190
121485,1,0,181191
121486,1,0,181192
121487,1,0,181193
121488,1,0,181194
121489,1,0,181195
121490,1,0,181196
121491,3,0,181199
121492,1,0,181200
121493,1,0,181201
121494,1,0,181202
121495,1,0,181203
121496,2,0,181205
121497,2,0,181207
121498,1,0,181208
121499,1,0,181209
121500,2,0,181211
121501,1,0,181212
121502,1,0,181213
121503,2,0,181215
121504,2,0,181217
121505,2,0,181219
121506,2,0,181221
121507,4,0,181225
121508,1,0,181226
121509,1,0,181227
121510,1,0,181228
121511,2,0,181230
121512,1,0,181231
121513,2,0,181233
121514,2,0,181235
121515,1,0,181236
121516,1,0,181237
121517,2,0,181239
121518,3,0,181242
121519,1,0,181243
121520,2,0,181245
121521,2,0,181247
121522,1,0,181248
121523,1,0,181249
121524,1,0,181250
121525,2,0,181252
121526,2,0,181254
121527,1,0,181255
121528,2,0,181257
121529,1,0,181258
121530,2,0,181260
121531,2,0,181262
121532,1,0,181263
121533,2,0,181265
121534,1,0,181266
121535,6,0,181272
121536,2,0,181274
121537,1,0,181275
121538,1,0,181276
121539,1,0,181277
121540,1,0,181278
121541,1,0,181279
121542,2,0,181281
121543,1,0,181282
121544,2,0,181284
121545,1,0,181285
121546,1,0,181286
121547,1,0,181287
121548,1,0,181288
121549,1,0,181289
121550,1,0,181290
121551,1,0,181291
121552,1,0,181292
121553,2,0,181294
121554,2,0,181296
121555,2,0,181298
121556,1,0,181299
121557,1,0,181300
121558,2,0,181302
121559,1,0,181303
121560,1,0,181304
121561,1,0,181305
121562,3,0,181308
121563,1,0,181309
121564,4,0,181313
121565,2,0,181315
121566,1,0,181316
121567,3,0,181319
121568,1,0,181320
121569,1,0,181321
121570,1,0,181322
121571,2,0,181324
121572,1,0,181325
121573,1,0,181326
121574,1,0,181327
121575,1,0,181328
121576,1,0,181329
121577,2,0,181331
121578,1,0,181332
121579,5,0,181337
121580,1,0,181338
121581,1,0,181339
121582,1,0,181340
121583,1,0,181341
121584,1,0,181342
121585,1,0,181343
121586,1,0,181344
121587,2,0,181346
121588,1,0,181347
121589,1,0,181348
121590,1,0,181349
121591,1,0,181350
121592,3,0,181353
121593,1,0,181354
121594,1,0,181355
121595,1,0,181356
121596,1,0,181357
121597,1,0,181358
121598,2,0,181360
121599,1,0,181361
121600,3,0,181364
121601,1,0,181365
121602,2,0,181367
121603,1,0,181368
121604,1,0,181369
121605,2,0,181371
121606,1,0,181372
121607,1,0,181373
121608,1,0,181374
121609,1,0,181375
121610,1,0,181376
121611,1,0,181377
121612,1,0,181378
121613,1,0,181379
121614,1,0,181380
121615,2,0,181382
121616,1,0,181383
121617,6,0,181389
121618,1,0,181390
121619,3,0,181393
121620,1,0,181394
121621,1,0,181395
121622,1,0,181396
121623,1,0,181397
121624,1,0,181398
121625,2,0,181400
121626,1,0,181401
121627,2,0,181403
121628,1,0,181404
121629,2,0,181406
121630,1,0,181407
121631,5,0,181412
121632,2,0,181414
121633,1,0,181415
121634,1,0,181416
121635,1,0,181417
121636,2,0,181419
121637,2,0,181421
121638,1,0,181422
121639,1,0,181423
121640,1,0,181424
121641,1,0,181425
121642,5,0,181430
121643,1,0,181431
121644,2,0,181433
121645,1,0,181434
121646,1,0,181435
121647,1,0,181436
121648,2,0,181438
121649,1,0,181439
121650,1,0,181440
121651,1,0,181441
121652,2,0,181443
121653,3,0,181446
121654,3,0,181449
121655,1,0,181450
121656,1,0,181451
121657,1,0,181452
121658,1,0,181453
121659,3,0,181456
121660,1,0,181457
121661,2,0,181459
121662,5,0,181464
121663,1,0,181465
121664,3,0,181468
121665,1,0,181469
121666,1,0,181470
121667,1,0,181471
121668,2,0,181473
121669,1,0,181474
121670,1,0,181475
121671,1,0,181476
121672,1,0,181477
121673,1,0,181478
121674,1,0,181479
121675,1,0,181480
121676,4,0,181484
121677,1,0,181485
121678,1,0,181486
121679,1,0,181487
121680,1,0,181488
121681,1,0,181489
121682,2,0,181491
121683,1,0,181492
121684,1,0,181493
121685,2,0,181495
121686,2,0,181497
121687,1,0,181498
121688,2,0,181500
121689,1,0,181501
121690,3,0,181504
121691,1,0,181505
121692,1,0,181506
121693,3,0,181509
121694,1,0,181510
121695,2,0,181512
121696,1,0,181513
121697,1,0,181514
121698,1,0,181515
121699,1,0,181516
121700,1,0,181517
121701,1,0,181518
121702,1,0,181519
121703,1,0,181520
121704,1,0,181521
121705,2,0,181523
121706,1,0,181524
121707,4,0,181528
121708,2,0,181530
121709,2,0,181532
121710,1,0,181533
121711,1,0,181534
121712,2,0,181536
121713,2,0,181538
121714,1,0,181539
121715,1,0,181540
121716,1,0,181541
121717,1,0,181542
121718,2,0,181544
121719,1,0,181545
121720,1,0,181546
121721,1,0,181547
121722,2,0,181549
121723,1,0,181550
121724,1,0,181551
121725,2,0,181553
121726,1,0,181554
121727,2,0,181556
121728,1,0,181557
121729,2,0,181559
121730,1,0,181560
121731,1,0,181561
121732,1,0,181562
121733,1,0,181563
121734,3,0,181566
121735,2,0,181568
121736,1,0,181569
121737,2,0,181571
121738,1,0,181572
121739,1,0,181573
121740,1,0,181574
121741,1,0,181575
121742,1,0,181576
121743,1,0,181577
121744,1,0,181578
121745,1,0,181579
121746,1,0,181580
121747,1,0,181581
121748,1,0,181582
121749,1,0,181583
121750,1,0,181584
121751,2,0,181586
121752,1,0,181587
121753,2,0,181589
121754,3,0,181592
121755,1,0,181593
121756,3,0,181596
121757,1,0,181597
121758,1,0,181598
121759,2,0,181600
121760,1,0,181601
121761,2,0,181603
121762,2,0,181605
121763,1,0,181606
121764,2,0,181608
121765,2,0,181610
121766,1,0,181611
121767,1,0,181612
121768,2,0,181614
121769,2,0,181616
121770,1,0,181617
121771,2,0,181619
121772,4,0,181623
121773,1,0,181624
121774,1,0,181625
121775,2,0,181627
121776,1,0,181628
121777,3,0,181631
121778,1,0,181632
121779,3,0,181635
121780,1,0,181636
121781,1,0,181637
121782,1,0,181638
121783,1,0,181639
121784,1,0,181640
121785,2,0,181642
121786,1,0,181643
121787,2,0,181645
121788,1,0,181646
121789,1,0,181647
121790,1,0,181648
121791,1,0,181649
121792,7,0,181656
121793,1,0,181657
121794,1,0,181658
121795,1,0,181659
121796,2,0,181661
121797,1,0,181662
121798,2,0,181664
121799,1,0,181665
121800,2,0,181667
121801,1,0,181668
121802,1,0,181669
121803,1,0,181670
121804,1,0,181671
121805,1,0,181672
121806,1,0,181673
121807,2,0,181675
121808,1,0,181676
121809,1,0,181677
121810,3,0,181680
121811,2,0,181682
121812,1,0,181683
121813,1,0,181684
121814,1,0,181685
121815,4,0,181689
121816,1,0,181690
121817,1,0,181691
121818,1,0,181692
121819,1,0,181693
121820,1,0,181694
121821,2,0,181696
121822,1,0,181697
121823,2,0,181699
121824,1,0,181700
121825,2,0,181702
121826,1,0,181703
121827,1,0,181704
121828,2,0,181706
121829,1,0,181707
121830,1,0,181708
121831,1,0,181709
121832,1,0,181710
121833,2,0,181712
121834,1,0,181713
121835,1,0,181714
121836,1,0,181715
121837,1,0,181716
121838,1,0,181717
121839,1,0,181718
121840,1,0,181719
121841,1,0,181720
121842,1,0,181721
121843,1,0,181722
121844,3,0,181725
121845,3,0,181728
121846,1,0,181729
121847,2,0,181731
121848,1,0,181732
121849,2,0,181734
121850,1,0,181735
121851,3,0,181738
121852,1,0,181739
121853,1,0,181740
121854,1,0,181741
121855,2,0,181743
121856,1,0,181744
121857,1,0,181745
121858,1,0,181746
121859,2,0,181748
121860,3,0,181751
121861,2,0,181753
121862,1,0,181754
121863,1,0,181755
121864,2,0,181757
121865,1,0,181758
121866,1,0,181759
121867,1,0,181760
121868,1,0,181761
121869,1,0,181762
121870,2,0,181764
121871,1,0,181765
121872,1,0,181766
121873,1,0,181767
121874,2,0,181769
121875,3,0,181772
121876,1,0,181773
121877,4,0,181777
121878,1,0,181778
121879,1,0,181779
121880,2,0,181781
121881,1,0,181782
121882,2,0,181784
121883,3,0,181787
121884,1,0,181788
121885,1,0,181789
121886,1,0,181790
121887,3,0,181793
121888,1,0,181794
121889,1,0,181795
121890,2,0,181797
121891,1,0,181798
121892,2,0,181800
121893,1,0,181801
121894,1,0,181802
121895,1,0,181803
121896,2,0,181805
121897,2,0,181807
121898,1,0,181808
121899,1,0,181809
121900,1,0,181810
121901,1,0,181811
121902,1,0,181812
121903,2,0,181814
121904,1,0,181815
121905,1,0,181816
121906,1,0,181817
121907,1,0,181818
121908,4,0,181822
121909,1,0,181823
121910,3,0,181826
121911,1,0,181827
121912,1,0,181828
121913,2,0,181830
121914,1,0,181831
121915,1,0,181832
121916,1,0,181833
121917,1,0,181834
121918,2,0,181836
121919,1,0,181837
121920,1,0,181838
121921,1,0,181839
121922,2,0,181841
121923,1,0,181842
121924,2,0,181844
121925,1,0,181845
121926,1,0,181846
121927,3,0,181849
121928,1,0,181850
121929,2,0,181852
121930,2,0,181854
121931,1,0,181855
121932,1,0,181856
121933,1,0,181857
121934,2,0,181859
121935,1,0,181860
121936,1,0,181861
121937,1,0,181862
121938,3,0,181865
121939,1,0,181866
121940,1,0,181867
121941,1,0,181868
121942,2,0,181870
121943,2,0,181872
121944,3,0,181875
121945,1,0,181876
121946,1,0,181877
121947,3,0,181880
121948,1,0,181881
121949,2,0,181883
121950,1,0,181884
121951,1,0,181885
121952,1,0,181886
121953,1,0,181887
121954,1,0,181888
121955,4,0,181892
121956,1,0,181893
121957,1,0,181894
121958,1,0,181895
121959,4,0,181899
121960,1,0,181900
121961,1,0,181901
121962,1,0,181902
121963,2,0,181904
121964,1,0,181905
121965,3,0,181908
121966,1,0,181909
121967,1,0,181910
121968,4,0,181914
121969,1,0,181915
121970,2,0,181917
121971,1,0,181918
121972,1,0,181919
121973,1,0,181920
121974,1,0,181921
121975,1,0,181922
121976,1,0,181923
121977,1,0,181924
121978,2,0,181926
121979,1,0,181927
121980,2,0,181929
121981,1,0,181930
121982,1,0,181931
121983,1,0,181932
121984,1,0,181933
121985,2,0,181935
121986,1,0,181936
121987,1,0,181937
121988,2,0,181939
121989,1,0,181940
121990,1,0,181941
121991,1,0,181942
121992,2,0,181944
121993,1,0,181945
121994,1,0,181946
121995,1,0,181947
121996,1,0,181948
121997,2,0,181950
121998,1,0,181951
121999,2,0,181953
122000,2,0,181955
122001,1,0,181956
122002,1,0,181957
122003,1,0,181958
122004,2,0,181960
122005,1,0,181961
122006,2,0,181963
122007,1,0,181964
122008,1,0,181965
122009,1,0,181966
122010,1,0,181967
122011,1,0,181968
122012,1,0,181969
122013,2,0,181971
122014,1,0,181972
122015,1,0,181973
122016,1,0,181974
122017,1,0,181975
122018,1,0,181976
122019,1,0,181977
122020,1,0,181978
122021,1,0,181979
122022,1,0,181980
122023,1,0,181981
122024,1,0,181982
122025,3,0,181985
122026,1,0,181986
122027,1,0,181987
122028,2,0,181989
122029,3,0,181992
122030,2,0,181994
122031,1,0,181995
122032,1,0,181996
122033,5,0,182001
122034,1,0,182002
122035,2,0,182004
122036,1,0,182005
122037,1,0,182006
122038,1,0,182007
122039,1,0,182008
122040,1,0,182009
122041,1,0,182010
122042,2,0,182012
122043,2,0,182014
122044,3,0,182017
122045,2,0,182019
122046,1,0,182020
122047,1,0,182021
122048,1,0,182022
122049,1,0,182023
122050,1,0,182024
122051,1,0,182025
122052,2,0,182027
122053,4,0,182031
122054,1,0,182032
122055,1,0,182033
122056,1,0,182034
122057,1,0,182035
122058,2,0,182037
122059,1,0,182038
122060,1,0,182039
122061,1,0,182040
122062,1,0,182041
122063,1,0,182042
122064,1,0,182043
122065,2,0,182045
122066,1,0,182046
122067,1,0,182047
122068,1,0,182048
122069,2,0,182050
122070,2,0,182052
122071,1,0,182053
122072,1,0,182054
122073,2,0,182056
122074,1,0,182057
122075,1,0,182058
122076,2,0,182060
122077,1,0,182061
122078,2,0,182063
122079,2,0,182065
122080,2,0,182067
122081,1,0,182068
122082,1,0,182069
122083,1,0,182070
122084,1,0,182071
122085,1,0,182072
122086,7,0,182079
122087,1,0,182080
122088,2,0,182082
122089,1,0,182083
122090,1,0,182084
122091,1,0,182085
122092,1,0,182086
122093,1,0,182087
122094,1,0,182088
122095,1,0,182089
122096,2,0,182091
122097,2,0,182093
122098,2,0,182095
122099,2,0,182097
122100,1,0,182098
122101,1,0,182099
122102,1,0,182100
122103,3,0,182103
122104,1,0,182104
122105,1,0,182105
122106,1,0,182106
122107,1,0,182107
122108,3,0,182110
122109,2,0,182112
122110,1,0,182113
122111,2,0,182115
122112,1,0,182116
122113,2,0,182118
122114,1,0,182119
122115,2,0,182121
122116,1,0,182122
122117,1,0,182123
122118,3,0,182126
122119,2,0,182128
122120,1,0,182129
122121,1,0,182130
122122,2,0,182132
122123,2,0,182134
122124,1,0,182135
122125,1,0,182136
122126,1,0,182137
122127,1,0,182138
122128,1,0,182139
122129,2,0,182141
122130,1,0,182142
122131,1,0,182143
122132,1,0,182144
122133,1,0,182145
122134,2,0,182147
122135,2,0,182149
122136,1,0,182150
122137,1,0,182151
122138,1,0,182152
122139,1,0,182153
122140,1,0,182154
122141,1,0,182155
122142,1,0,182156
122143,2,0,182158
122144,1,0,182159
122145,1,0,182160
122146,3,0,182163
122147,1,0,182164
122148,1,0,182165
122149,2,0,182167
122150,1,0,182168
122151,3,0,182171
122152,1,0,182172
122153,1,0,182173
122154,2,0,182175
122155,1,0,182176
122156,2,0,182178
122157,2,0,182180
122158,2,0,182182
122159,1,0,182183
122160,1,0,182184
122161,1,0,182185
122162,2,0,182187
122163,1,0,182188
122164,1,0,182189
122165,1,0,182190
122166,3,0,182193
122167,1,0,182194
122168,2,0,182196
122169,1,0,182197
122170,2,0,182199
122171,1,0,182200
122172,1,0,182201
122173,1,0,182202
122174,1,0,182203
122175,2,0,182205
122176,2,0,182207
122177,1,0,182208
122178,3,0,182211
122179,1,0,182212
122180,2,0,182214
122181,2,0,182216
122182,1,0,182217
122183,1,0,182218
122184,1,0,182219
122185,1,0,182220
122186,1,0,182221
122187,1,0,182222
122188,1,0,182223
122189,1,0,182224
122190,1,0,182225
122191,3,0,182228
122192,1,0,182229
122193,1,0,182230
122194,2,0,182232
122195,2,0,182234
122196,3,0,182237
122197,2,0,182239
122198,1,0,182240
122199,1,0,182241
122200,2,0,182243
122201,2,0,182245
122202,1,0,182246
122203,1,0,182247
122204,3,0,182250
122205,1,0,182251
122206,1,0,182252
122207,1,0,182253
122208,1,0,182254
122209,4,0,182258
122210,2,0,182260
122211,5,0,182265
122212,1,0,182266
122213,1,0,182267
122214,1,0,182268
122215,1,0,182269
122216,1,0,182270
122217,1,0,182271
122218,1,0,182272
122219,1,0,182273
122220,1,0,182274
122221,2,0,182276
122222,1,0,182277
122223,1,0,182278
122224,1,0,182279
122225,1,0,182280
122226,1,0,182281
122227,1,0,182282
122228,1,0,182283
122229,1,0,182284
122230,2,0,182286
122231,2,0,182288
122232,1,0,182289
122233,2,0,182291
122234,1,0,182292
122235,1,0,182293
122236,2,0,182295
122237,1,0,182296
122238,1,0,182297
122239,1,0,182298
122240,4,0,182302
122241,1,0,182303
122242,2,0,182305
122243,2,0,182307
122244,3,0,182310
122245,1,0,182311
122246,1,0,182312
122247,2,0,182314
122248,7,0,182321
122249,2,0,182323
122250,1,0,182324
122251,2,0,182326
122252,1,0,182327
122253,3,0,182330
122254,2,0,182332
122255,3,0,182335
122256,2,0,182337
122257,1,0,182338
122258,2,0,182340
122259,2,0,182342
122260,2,0,182344
122261,1,0,182345
122262,3,0,182348
122263,1,0,182349
122264,2,0,182351
122265,1,0,182352
122266,1,0,182353
122267,1,0,182354
122268,2,0,182356
122269,1,0,182357
122270,2,0,182359
122271,1,0,182360
122272,1,0,182361
122273,1,0,182362
122274,1,0,182363
122275,1,0,182364
122276,1,0,182365
122277,1,0,182366
122278,5,0,182371
122279,3,0,182374
122280,1,0,182375
122281,1,0,182376
122282,2,0,182378
122283,1,0,182379
122284,2,0,182381
122285,2,0,182383
122286,1,0,182384
122287,2,0,182386
122288,1,0,182387
122289,1,0,182388
122290,1,0,182389
122291,5,0,182394
122292,2,0,182396
122293,1,0,182397
122294,1,0,182398
122295,1,0,182399
122296,1,0,182400
122297,2,0,182402
122298,1,0,182403
122299,1,0,182404
122300,2,0,182406
122301,1,0,182407
122302,1,0,182408
122303,1,0,182409
122304,1,0,182410
122305,2,0,182412
122306,1,0,182413
122307,1,0,182414
122308,1,0,182415
122309,2,0,182417
122310,1,0,182418
122311,1,0,182419
122312,1,0,182420
122313,2,0,182422
122314,1,0,182423
122315,1,0,182424
122316,1,0,182425
122317,1,0,182426
122318,2,0,182428
122319,3,0,182431
122320,1,0,182432
122321,4,0,182436
122322,2,0,182438
122323,1,0,182439
122324,1,0,182440
122325,2,0,182442
122326,1,0,182443
122327,1,0,182444
122328,1,0,182445
122329,1,0,182446
122330,2,0,182448
122331,1,0,182449
122332,2,0,182451
122333,1,0,182452
122334,2,0,182454
122335,1,0,182455
122336,2,0,182457
122337,2,0,182459
122338,2,0,182461
122339,1,0,182462
122340,3,0,182465
122341,1,0,182466
122342,2,0,182468
122343,1,0,182469
122344,1,0,182470
122345,1,0,182471
122346,1,0,182472
122347,1,0,182473
122348,1,0,182474
122349,2,0,182476
122350,1,0,182477
122351,1,0,182478
122352,1,0,182479
122353,2,0,182481
122354,1,0,182482
122355,2,0,182484
122356,1,0,182485
122357,1,0,182486
122358,2,0,182488
122359,1,0,182489
122360,1,0,182490
122361,1,0,182491
122362,1,0,182492
122363,1,0,182493
122364,1,0,182494
122365,1,0,182495
122366,2,0,182497
122367,2,0,182499
122368,1,0,182500
122369,2,0,182502
122370,1,0,182503
122371,1,0,182504
122372,1,0,182505
122373,4,0,182509
122374,1,0,182510
122375,2,0,182512
122376,1,0,182513
122377,1,0,182514
122378,1,0,182515
122379,1,0,182516
122380,1,0,182517
122381,1,0,182518
122382,1,0,182519
122383,1,0,182520
122384,2,0,182522
122385,1,0,182523
122386,1,0,182524
122387,1,0,182525
122388,4,0,182529
122389,1,0,182530
122390,1,0,182531
122391,2,0,182533
122392,2,0,182535
122393,1,0,182536
122394,1,0,182537
122395,2,0,182539
122396,1,0,182540
122397,3,0,182543
122398,3,0,182546
122399,1,0,182547
122400,1,0,182548
122401,2,0,182550
122402,1,0,182551
122403,1,0,182552
122404,1,0,182553
122405,1,0,182554
122406,1,0,182555
122407,2,0,182557
122408,1,0,182558
122409,1,0,182559
122410,2,0,182561
122411,1,0,182562
122412,1,0,182563
122413,1,0,182564
122414,2,0,182566
122415,1,0,182567
122416,2,0,182569
122417,1,0,182570
122418,1,0,182571
122419,1,0,182572
122420,1,0,182573
122421,1,0,182574
122422,1,0,182575
122423,2,0,182577
122424,1,0,182578
122425,1,0,182579
122426,3,0,182582
122427,2,0,182584
122428,1,0,182585
122429,1,0,182586
122430,2,0,182588
122431,1,0,182589
122432,3,0,182592
122433,1,0,182593
122434,2,0,182595
122435,2,0,182597
122436,4,0,182601
122437,1,0,182602
122438,4,0,182606
122439,1,0,182607
122440,1,0,182608
122441,3,0,182611
122442,1,0,182612
122443,1,0,182613
122444,1,0,182614
122445,1,0,182615
122446,1,0,182616
122447,2,0,182618
122448,4,0,182622
122449,2,0,182624
122450,1,0,182625
122451,2,0,182627
122452,1,0,182628
122453,1,0,182629
122454,1,0,182630
122455,1,0,182631
122456,4,0,182635
122457,1,0,182636
122458,1,0,182637
122459,1,0,182638
122460,1,0,182639
122461,1,0,182640
122462,4,0,182644
122463,1,0,182645
122464,1,0,182646
122465,2,0,182648
122466,3,0,182651
122467,1,0,182652
122468,1,0,182653
122469,1,0,182654
122470,1,0,182655
122471,2,0,182657
122472,3,0,182660
122473,1,0,182661
122474,2,0,182663
122475,4,0,182667
122476,1,0,182668
122477,3,0,182671
122478,2,0,182673
122479,1,0,182674
122480,2,0,182676
122481,1,0,182677
122482,1,0,182678
122483,1,0,182679
122484,1,0,182680
122485,1,0,182681
122486,1,0,182682
122487,2,0,182684
122488,1,0,182685
122489,2,0,182687
122490,4,0,182691
122491,1,0,182692
122492,2,0,182694
122493,2,0,182696
122494,1,0,182697
122495,1,0,182698
122496,1,0,182699
122497,2,0,182701
122498,2,0,182703
122499,1,0,182704
122500,1,0,182705
122501,2,0,182707
122502,1,0,182708
122503,1,0,182709
122504,1,0,182710
122505,1,0,182711
122506,1,0,182712
122507,1,0,182713
122508,1,0,182714
122509,1,0,182715
122510,1,0,182716
122511,1,0,182717
122512,4,0,182721
122513,1,0,182722
122514,1,0,182723
122515,1,0,182724
122516,2,0,182726
122517,4,0,182730
122518,1,0,182731
122519,3,0,182734
122520,2,0,182736
122521,1,0,182737
122522,1,0,182738
122523,1,0,182739
122524,2,0,182741
122525,1,0,182742
122526,1,0,182743
122527,1,0,182744
122528,1,0,182745
122529,1,0,182746
122530,1,0,182747
122531,1,0,182748
122532,3,0,182751
122533,1,0,182752
122534,1,0,182753
122535,1,0,182754
122536,1,0,182755
122537,2,0,182757
122538,1,0,182758
122539,1,0,182759
122540,1,0,182760
122541,1,0,182761
122542,1,0,182762
122543,1,0,182763
122544,1,0,182764
122545,1,0,182765
122546,1,0,182766
122547,1,0,182767
122548,1,0,182768
122549,4,0,182772
122550,2,0,182774
122551,1,0,182775
122552,1,0,182776
122553,1,0,182777
122554,2,0,182779
122555,1,0,182780
122556,1,0,182781
122557,1,0,182782
122558,1,0,182783
122559,1,0,182784
122560,1,0,182785
122561,1,0,182786
122562,2,0,182788
122563,1,0,182789
122564,1,0,182790
122565,1,0,182791
122566,1,0,182792
122567,1,0,182793
122568,1,0,182794
122569,1,0,182795
122570,1,0,182796
122571,1,0,182797
122572,1,0,182798
122573,1,0,182799
122574,1,0,182800
122575,1,0,182801
122576,1,0,182802
122577,1,0,182803
122578,1,0,182804
122579,1,0,182805
122580,2,0,182807
122581,1,0,182808
122582,3,0,182811
122583,2,0,182813
122584,1,0,182814
122585,2,0,182816
122586,1,0,182817
122587,1,0,182818
122588,2,0,182820
122589,1,0,182821
122590,1,0,182822
122591,2,0,182824
122592,1,0,182825
122593,1,0,182826
122594,2,0,182828
122595,1,0,182829
122596,1,0,182830
122597,3,0,182833
122598,4,0,182837
122599,1,0,182838
122600,1,0,182839
122601,1,0,182840
122602,1,0,182841
122603,1,0,182842
122604,1,0,182843
122605,1,0,182844
122606,1,0,182845
122607,1,0,182846
122608,1,0,182847
122609,1,0,182848
122610,2,0,182850
122611,1,0,182851
122612,2,0,182853
122613,2,0,182855
122614,2,0,182857
122615,1,0,182858
122616,1,0,182859
122617,1,0,182860
122618,1,0,182861
122619,1,0,182862
122620,1,0,182863
122621,2,0,182865
122622,2,0,182867
122623,1,0,182868
122624,2,0,182870
122625,1,0,182871
122626,3,0,182874
122627,1,0,182875
122628,2,0,182877
122629,1,0,182878
122630,1,0,182879
122631,2,0,182881
122632,1,0,182882
122633,2,0,182884
122634,2,0,182886
122635,1,0,182887
122636,1,0,182888
122637,1,0,182889
122638,1,0,182890
122639,1,0,182891
122640,1,0,182892
122641,1,0,182893
122642,1,0,182894
122643,4,0,182898
122644,2,0,182900
122645,1,0,182901
122646,1,0,182902
122647,1,0,182903
122648,1,0,182904
122649,1,0,182905
122650,1,0,182906
122651,1,0,182907
122652,2,0,182909
122653,3,0,182912
122654,1,0,182913
122655,1,0,182914
122656,1,0,182915
122657,1,0,182916
122658,3,0,182919
122659,1,0,182920
122660,1,0,182921
122661,1,0,182922
122662,2,0,182924
122663,1,0,182925
122664,2,0,182927
122665,2,0,182929
122666,1,0,182930
122667,3,0,182933
122668,1,0,182934
122669,2,0,182936
122670,1,0,182937
122671,1,0,182938
122672,1,0,182939
122673,1,0,182940
122674,3,0,182943
122675,1,0,182944
122676,1,0,182945
122677,2,0,182947
122678,2,0,182949
122679,2,0,182951
122680,1,0,182952
122681,1,0,182953
122682,2,0,182955
122683,2,0,182957
122684,1,0,182958
122685,1,0,182959
122686,1,0,182960
122687,2,0,182962
122688,1,0,182963
122689,1,0,182964
122690,1,0,182965
122691,1,0,182966
122692,1,0,182967
122693,1,0,182968
122694,1,0,182969
122695,1,0,182970
122696,2,0,182972
122697,1,0,182973
122698,1,0,182974
122699,3,0,182977
122700,1,0,182978
122701,1,0,182979
122702,1,0,182980
122703,2,0,182982
122704,1,0,182983
122705,2,0,182985
122706,1,0,182986
122707,2,0,182988
122708,1,0,182989
122709,3,0,182992
122710,2,0,182994
122711,1,0,182995
122712,2,0,182997
122713,3,0,183000
122714,1,0,183001
122715,1,0,183002
122716,2,0,183004
122717,2,0,183006
122718,1,0,183007
122719,1,0,183008
122720,1,0,183009
122721,1,0,183010
122722,2,0,183012
122723,1,0,183013
122724,1,0,183014
122725,1,0,183015
122726,3,0,183018
122727,1,0,183019
122728,1,0,183020
122729,1,0,183021
122730,1,0,183022
122731,1,0,183023
122732,1,0,183024
122733,1,0,183025
122734,1,0,183026
122735,1,0,183027
122736,1,0,183028
122737,2,0,183030
122738,2,0,183032
122739,1,0,183033
122740,1,0,183034
122741,1,0,183035
122742,1,0,183036
122743,2,0,183038
122744,3,0,183041
122745,1,0,183042
122746,1,0,183043
122747,3,0,183046
122748,1,0,183047
122749,1,0,183048
122750,1,0,183049
122751,5,0,183054
122752,1,0,183055
122753,1,0,183056
122754,1,0,183057
122755,1,0,183058
122756,2,0,183060
122757,1,0,183061
122758,1,0,183062
122759,1,0,183063
122760,1,0,183064
122761,3,0,183067
122762,1,0,183068
122763,1,0,183069
122764,1,0,183070
122765,1,0,183071
122766,1,0,183072
122767,3,0,183075
122768,1,0,183076
122769,1,0,183077
122770,2,0,183079
122771,1,0,183080
122772,1,0,183081
122773,1,0,183082
122774,1,0,183083
122775,2,0,183085
122776,2,0,183087
122777,2,0,183089
122778,1,0,183090
122779,1,0,183091
122780,1,0,183092
122781,1,0,183093
122782,1,0,183094
122783,2,0,183096
122784,1,0,183097
122785,1,0,183098
122786,2,0,183100
122787,1,0,183101
122788,1,0,183102
122789,1,0,183103
122790,1,0,183104
122791,1,0,183105
122792,1,0,183106
122793,1,0,183107
122794,1,0,183108
122795,1,0,183109
122796,1,0,183110
122797,1,0,183111
122798,2,0,183113
122799,2,0,183115
122800,2,0,183117
122801,1,0,183118
122802,3,0,183121
122803,1,0,183122
122804,1,0,183123
122805,1,0,183124
122806,1,0,183125
122807,2,0,183127
122808,1,0,183128
122809,2,0,183130
122810,2,0,183132
122811,1,0,183133
122812,2,0,183135
122813,1,0,183136
122814,1,0,183137
122815,2,0,183139
122816,5,0,183144
122817,2,0,183146
122818,1,0,183147
122819,1,0,183148
122820,3,0,183151
122821,1,0,183152
122822,1,0,183153
122823,1,0,183154
122824,1,0,183155
122825,1,0,183156
122826,1,0,183157
122827,1,0,183158
122828,1,0,183159
122829,2,0,183161
122830,1,0,183162
122831,1,0,183163
122832,1,0,183164
122833,1,0,183165
122834,2,0,183167
122835,1,0,183168
122836,1,0,183169
122837,1,0,183170
122838,1,0,183171
122839,1,0,183172
122840,1,0,183173
122841,1,0,183174
122842,1,0,183175
122843,1,0,183176
122844,2,0,183178
122845,1,0,183179
122846,1,0,183180
122847,1,0,183181
122848,1,0,183182
122849,3,0,183185
122850,1,0,183186
122851,1,0,183187
122852,1,0,183188
122853,2,0,183190
122854,3,0,183193
122855,1,0,183194
122856,1,0,183195
122857,1,0,183196
122858,1,0,183197
122859,1,0,183198
122860,1,0,183199
122861,1,0,183200
122862,1,0,183201
122863,3,0,183204
122864,4,0,183208
122865,3,0,183211
122866,1,0,183212
122867,1,0,183213
122868,1,0,183214
122869,1,0,183215
122870,4,0,183219
122871,1,0,183220
122872,1,0,183221
122873,1,0,183222
122874,1,0,183223
122875,3,0,183226
122876,1,0,183227
122877,2,0,183229
122878,1,0,183230
122879,3,0,183233
122880,1,0,183234
122881,1,0,183235
122882,1,0,183236
122883,1,0,183237
122884,1,0,183238
122885,2,0,183240
122886,1,0,183241
122887,1,0,183242
122888,3,0,183245
122889,3,0,183248
122890,2,0,183250
122891,3,0,183253
122892,1,0,183254
122893,1,0,183255
122894,1,0,183256
122895,1,0,183257
122896,1,0,183258
122897,1,0,183259
122898,2,0,183261
122899,1,0,183262
122900,1,0,183263
122901,4,0,183267
122902,1,0,183268
122903,1,0,183269
122904,1,0,183270
122905,1,0,183271
122906,1,0,183272
122907,1,0,183273
122908,2,0,183275
122909,1,0,183276
122910,1,0,183277
122911,1,0,183278
122912,1,0,183279
122913,1,0,183280
122914,2,0,183282
122915,1,0,183283
122916,1,0,183284
122917,1,0,183285
122918,1,0,183286
122919,1,0,183287
122920,2,0,183289
122921,1,0,183290
122922,1,0,183291
122923,1,0,183292
122924,1,0,183293
122925,1,0,183294
122926,1,0,183295
122927,2,0,183297
122928,3,0,183300
122929,1,0,183301
122930,1,0,183302
122931,1,0,183303
122932,1,0,183304
122933,2,0,183306
122934,1,0,183307
122935,1,0,183308
122936,2,0,183310
122937,1,0,183311
122938,1,0,183312
122939,1,0,183313
122940,1,0,183314
122941,1,0,183315
122942,1,0,183316
122943,1,0,183317
122944,1,0,183318
122945,1,0,183319
122946,2,0,183321
122947,1,0,183322
122948,1,0,183323
122949,2,0,183325
122950,6,0,183331
122951,2,0,183333
122952,1,0,183334
122953,1,0,183335
122954,1,0,183336
122955,1,0,183337
122956,1,0,183338
122957,2,0,183340
122958,1,0,183341
122959,2,0,183343
122960,4,0,183347
122961,1,0,183348
122962,1,0,183349
122963,2,0,183351
122964,1,0,183352
122965,1,0,183353
122966,1,0,183354
122967,2,0,183356
122968,3,0,183359
122969,4,0,183363
122970,1,0,183364
122971,2,0,183366
122972,2,0,183368
122973,2,0,183370
122974,2,0,183372
122975,1,0,183373
122976,6,0,183379
122977,1,0,183380
122978,1,0,183381
122979,1,0,183382
122980,1,0,183383
122981,2,0,183385
122982,1,0,183386
122983,1,0,183387
122984,1,0,183388
122985,1,0,183389
122986,2,0,183391
122987,2,0,183393
122988,1,0,183394
122989,2,0,183396
122990,2,0,183398
122991,3,0,183401
122992,1,0,183402
122993,1,0,183403
122994,1,0,183404
122995,2,0,183406
122996,1,0,183407
122997,1,0,183408
122998,1,0,183409
122999,1,0,183410
123000,1,0,183411
123001,1,0,183412
123002,2,0,183414
123003,1,0,183415
123004,1,0,183416
123005,2,0,183418
123006,1,0,183419
123007,2,0,183421
123008,1,0,183422
123009,1,0,183423
123010,1,0,183424
123011,2,0,183426
123012,2,0,183428
123013,1,0,183429
123014,1,0,183430
123015,1,0,183431
123016,3,0,183434
123017,1,0,183435
123018,1,0,183436
123019,2,0,183438
123020,1,0,183439
123021,1,0,183440
123022,1,0,183441
123023,2,0,183443
123024,1,0,183444
123025,1,0,183445
123026,1,0,183446
123027,1,0,183447
123028,1,0,183448
123029,2,0,183450
123030,2,0,183452
123031,1,0,183453
123032,1,0,183454
123033,3,0,183457
123034,1,0,183458
123035,1,0,183459
123036,1,0,183460
123037,1,0,183461
123038,1,0,183462
123039,1,0,183463
123040,1,0,183464
123041,1,0,183465
123042,1,0,183466
123043,1,0,183467
123044,4,0,183471
123045,3,0,183474
123046,1,0,183475
123047,2,0,183477
123048,1,0,183478
123049,1,0,183479
123050,1,0,183480
123051,3,0,183483
123052,1,0,183484
123053,1,0,183485
123054,1,0,183486
123055,1,0,183487
123056,1,0,183488
123057,1,0,183489
123058,1,0,183490
123059,2,0,183492
123060,1,0,183493
123061,1,0,183494
123062,1,0,183495
123063,1,0,183496
123064,1,0,183497
123065,2,0,183499
123066,1,0,183500
123067,1,0,183501
123068,1,0,183502
123069,1,0,183503
123070,2,0,183505
123071,1,0,183506
123072,1,0,183507
123073,1,0,183508
123074,1,0,183509
123075,1,0,183510
123076,1,0,183511
123077,2,0,183513
123078,1,0,183514
123079,1,0,183515
123080,1,0,183516
123081,1,0,183517
123082,2,0,183519
123083,1,0,183520
123084,1,0,183521
123085,4,0,183525
123086,2,0,183527
123087,2,0,183529
123088,1,0,183530
123089,6,0,183536
123090,1,0,183537
123091,1,0,183538
123092,4,0,183542
123093,2,0,183544
123094,1,0,183545
123095,1,0,183546
123096,1,0,183547
123097,1,0,183548
123098,1,0,183549
123099,1,0,183550
123100,1,0,183551
123101,1,0,183552
123102,1,0,183553
123103,1,0,183554
123104,1,0,183555
123105,1,0,183556
123106,1,0,183557
123107,1,0,183558
123108,1,0,183559
123109,4,0,183563
123110,1,0,183564
123111,1,0,183565
123112,1,0,183566
123113,1,0,183567
123114,1,0,183568
123115,1,0,183569
123116,1,0,183570
123117,1,0,183571
123118,2,0,183573
123119,2,0,183575
123120,3,0,183578
123121,1,0,183579
123122,1,0,183580
123123,1,0,183581
123124,1,0,183582
123125,1,0,183583
123126,1,0,183584
123127,2,0,183586
123128,1,0,183587
123129,1,0,183588
123130,1,0,183589
123131,1,0,183590
123132,1,0,183591
123133,1,0,183592
123134,2,0,183594
123135,1,0,183595
123136,1,0,183596
123137,1,0,183597
123138,1,0,183598
123139,1,0,183599
123140,1,0,183600
123141,1,0,183601
123142,1,0,183602
123143,1,0,183603
123144,2,0,183605
123145,1,0,183606
123146,1,0,183607
123147,1,0,183608
123148,1,0,183609
123149,3,0,183612
123150,1,0,183613
123151,1,0,183614
123152,1,0,183615
123153,1,0,183616
123154,4,0,183620
123155,1,0,183621
123156,2,0,183623
123157,1,0,183624
123158,1,0,183625
123159,1,0,183626
123160,2,0,183628
123161,1,0,183629
123162,1,0,183630
123163,1,0,183631
123164,1,0,183632
123165,1,0,183633
123166,1,0,183634
123167,1,0,183635
123168,3,0,183638
123169,1,0,183639
123170,2,0,183641
123171,1,0,183642
123172,1,0,183643
123173,1,0,183644
123174,1,0,183645
123175,1,0,183646
123176,1,0,183647
123177,1,0,183648
123178,2,0,183650
123179,3,0,183653
123180,3,0,183656
123181,3,0,183659
123182,1,0,183660
123183,1,0,183661
123184,1,0,183662
123185,1,0,183663
123186,1,0,183664
123187,1,0,183665
123188,1,0,183666
123189,1,0,183667
123190,1,0,183668
123191,1,0,183669
123192,3,0,183672
123193,1,0,183673
123194,1,0,183674
123195,1,0,183675
123196,1,0,183676
123197,2,0,183678
123198,1,0,183679
123199,1,0,183680
123200,1,0,183681
123201,2,0,183683
123202,1,0,183684
123203,1,0,183685
123204,1,0,183686
123205,2,0,183688
123206,4,0,183692
123207,1,0,183693
123208,1,0,183694
123209,1,0,183695
123210,2,0,183697
123211,1,0,183698
123212,1,0,183699
123213,2,0,183701
123214,1,0,183702
123215,1,0,183703
123216,1,0,183704
123217,2,0,183706
123218,2,0,183708
123219,2,0,183710
123220,2,0,183712
123221,3,0,183715
123222,2,0,183717
123223,2,0,183719
123224,4,0,183723
123225,1,0,183724
123226,1,0,183725
123227,1,0,183726
123228,2,0,183728
123229,1,0,183729
123230,1,0,183730
123231,3,0,183733
123232,2,0,183735
123233,2,0,183737
123234,1,0,183738
123235,1,0,183739
123236,2,0,183741
123237,1,0,183742
123238,2,0,183744
123239,1,0,183745
123240,2,0,183747
123241,1,0,183748
123242,2,0,183750
123243,2,0,183752
123244,1,0,183753
123245,1,0,183754
123246,1,0,183755
123247,1,0,183756
123248,1,0,183757
123249,2,0,183759
123250,1,0,183760
123251,1,0,183761
123252,2,0,183763
123253,2,0,183765
123254,4,0,183769
123255,1,0,183770
123256,1,0,183771
123257,1,0,183772
123258,1,0,183773
123259,2,0,183775
123260,1,0,183776
123261,1,0,183777
123262,2,0,183779
123263,1,0,183780
123264,1,0,183781
123265,2,0,183783
123266,1,0,183784
123267,1,0,183785
123268,2,0,183787
123269,1,0,183788
123270,1,0,183789
123271,1,0,183790
123272,1,0,183791
123273,1,0,183792
123274,2,0,183794
123275,1,0,183795
123276,3,0,183798
123277,3,0,183801
123278,2,0,183803
123279,1,0,183804
123280,2,0,183806
123281,5,0,183811
123282,1,0,183812
123283,2,0,183814
123284,1,0,183815
123285,1,0,183816
123286,1,0,183817
123287,3,0,183820
123288,1,0,183821
123289,1,0,183822
123290,2,0,183824
123291,4,0,183828
123292,1,0,183829
123293,5,0,183834
123294,1,0,183835
123295,2,0,183837
123296,2,0,183839
123297,2,0,183841
123298,2,0,183843
123299,1,0,183844
123300,1,0,183845
123301,2,0,183847
123302,3,0,183850
123303,1,0,183851
123304,4,0,183855
123305,1,0,183856
123306,1,0,183857
123307,1,0,183858
123308,1,0,183859
123309,1,0,183860
123310,1,0,183861
123311,1,0,183862
123312,1,0,183863
123313,6,0,183869
123314,2,0,183871
123315,3,0,183874
123316,1,0,183875
123317,1,0,183876
123318,2,0,183878
123319,1,0,183879
123320,1,0,183880
123321,1,0,183881
123322,1,0,183882
123323,1,0,183883
123324,1,0,183884
123325,3,0,183887
123326,1,0,183888
123327,2,0,183890
123328,1,0,183891
123329,1,0,183892
123330,2,0,183894
123331,3,0,183897
123332,2,0,183899
123333,2,0,183901
123334,1,0,183902
123335,1,0,183903
123336,1,0,183904
123337,2,0,183906
123338,1,0,183907
123339,1,0,183908
123340,1,0,183909
123341,1,0,183910
123342,2,0,183912
123343,1,0,183913
123344,2,0,183915
123345,1,0,183916
123346,1,0,183917
123347,2,0,183919
123348,1,0,183920
123349,2,0,183922
123350,1,0,183923
123351,1,0,183924
123352,1,0,183925
123353,2,0,183927
123354,1,0,183928
123355,4,0,183932
123356,1,0,183933
123357,1,0,183934
123358,2,0,183936
123359,5,0,183941
123360,2,0,183943
123361,1,0,183944
123362,2,0,183946
123363,1,0,183947
123364,1,0,183948
123365,3,0,183951
123366,1,0,183952
123367,2,0,183954
123368,1,0,183955
123369,1,0,183956
123370,1,0,183957
123371,1,0,183958
123372,1,0,183959
123373,3,0,183962
123374,2,0,183964
123375,2,0,183966
123376,2,0,183968
123377,1,0,183969
123378,1,0,183970
123379,1,0,183971
123380,1,0,183972
123381,2,0,183974
123382,2,0,183976
123383,2,0,183978
123384,1,0,183979
123385,2,0,183981
123386,1,0,183982
123387,1,0,183983
123388,1,0,183984
123389,2,0,183986
123390,1,0,183987
123391,1,0,183988
123392,1,0,183989
123393,1,0,183990
123394,2,0,183992
123395,1,0,183993
123396,1,0,183994
123397,4,0,183998
123398,1,0,183999
123399,2,0,184001
123400,1,0,184002
123401,2,0,184004
123402,2,0,184006
123403,1,0,184007
123404,4,0,184011
123405,1,0,184012
123406,1,0,184013
123407,1,0,184014
123408,1,0,184015
123409,1,0,184016
123410,1,0,184017
123411,1,0,184018
123412,1,0,184019
123413,2,0,184021
123414,1,0,184022
123415,4,0,184026
123416,1,0,184027
123417,1,0,184028
123418,1,0,184029
123419,1,0,184030
123420,1,0,184031
123421,2,0,184033
123422,1,0,184034
123423,1,0,184035
123424,1,0,184036
123425,1,0,184037
123426,1,0,184038
123427,2,0,184040
123428,2,0,184042
123429,1,0,184043
123430,1,0,184044
123431,1,0,184045
123432,1,0,184046
123433,1,0,184047
123434,1,0,184048
123435,1,0,184049
123436,2,0,184051
123437,2,0,184053
123438,2,0,184055
123439,3,0,184058
123440,1,0,184059
123441,1,0,184060
123442,3,0,184063
123443,1,0,184064
123444,1,0,184065
123445,1,0,184066
123446,1,0,184067
123447,1,0,184068
123448,1,0,184069
123449,1,0,184070
123450,2,0,184072
123451,1,0,184073
123452,1,0,184074
123453,2,0,184076
123454,1,0,184077
123455,1,0,184078
123456,1,0,184079
123457,1,0,184080
123458,1,0,184081
123459,2,0,184083
123460,1,0,184084
123461,1,0,184085
123462,1,0,184086
123463,1,0,184087
123464,1,0,184088
123465,1,0,184089
123466,1,0,184090
123467,2,0,184092
123468,1,0,184093
123469,1,0,184094
123470,1,0,184095
123471,3,0,184098
123472,2,0,184100
123473,1,0,184101
123474,1,0,184102
123475,2,0,184104
123476,2,0,184106
123477,1,0,184107
123478,1,0,184108
123479,2,0,184110
123480,2,0,184112
123481,1,0,184113
123482,1,0,184114
123483,1,0,184115
123484,2,0,184117
123485,2,0,184119
123486,1,0,184120
123487,2,0,184122
123488,2,0,184124
123489,2,0,184126
123490,1,0,184127
123491,1,0,184128
123492,1,0,184129
123493,1,0,184130
123494,2,0,184132
123495,1,0,184133
123496,1,0,184134
123497,2,0,184136
123498,1,0,184137
123499,1,0,184138
123500,1,0,184139
123501,1,0,184140
123502,1,0,184141
123503,2,0,184143
123504,1,0,184144
123505,2,0,184146
123506,3,0,184149
123507,1,0,184150
123508,2,0,184152
123509,1,0,184153
123510,1,0,184154
123511,2,0,184156
123512,2,0,184158
123513,1,0,184159
123514,1,0,184160
123515,3,0,184163
123516,1,0,184164
123517,3,0,184167
123518,1,0,184168
123519,1,0,184169
123520,1,0,184170
123521,1,0,184171
123522,3,0,184174
123523,1,0,184175
123524,1,0,184176
123525,1,0,184177
123526,1,0,184178
123527,2,0,184180
123528,1,0,184181
123529,2,0,184183
123530,2,0,184185
123531,1,0,184186
123532,1,0,184187
123533,3,0,184190
123534,1,0,184191
123535,1,0,184192
123536,2,0,184194
123537,1,0,184195
123538,1,0,184196
123539,1,0,184197
123540,2,0,184199
123541,1,0,184200
123542,2,0,184202
123543,2,0,184204
123544,2,0,184206
123545,1,0,184207
123546,1,0,184208
123547,1,0,184209
123548,1,0,184210
123549,1,0,184211
123550,1,0,184212
123551,1,0,184213
123552,1,0,184214
123553,4,0,184218
123554,1,0,184219
123555,1,0,184220
123556,1,0,184221
123557,1,0,184222
123558,1,0,184223
123559,3,0,184226
123560,2,0,184228
123561,4,0,184232
123562,1,0,184233
123563,2,0,184235
123564,2,0,184237
123565,1,0,184238
123566,4,0,184242
123567,2,0,184244
123568,1,0,184245
123569,1,0,184246
123570,2,0,184248
123571,1,0,184249
123572,1,0,184250
123573,1,0,184251
123574,4,0,184255
123575,2,0,184257
123576,2,0,184259
123577,1,0,184260
123578,1,0,184261
123579,3,0,184264
123580,1,0,184265
123581,1,0,184266
123582,1,0,184267
123583,1,0,184268
123584,1,0,184269
123585,2,0,184271
123586,1,0,184272
123587,1,0,184273
123588,2,0,184275
123589,1,0,184276
123590,1,0,184277
123591,2,0,184279
123592,1,0,184280
123593,1,0,184281
123594,1,0,184282
123595,1,0,184283
123596,1,0,184284
123597,1,0,184285
123598,1,0,184286
123599,1,0,184287
123600,1,0,184288
123601,1,0,184289
123602,1,0,184290
123603,1,0,184291
123604,1,0,184292
123605,1,0,184293
123606,1,0,184294
123607,1,0,184295
123608,1,0,184296
123609,1,0,184297
123610,1,0,184298
123611,1,0,184299
123612,1,0,184300
123613,1,0,184301
123614,1,0,184302
123615,1,0,184303
123616,1,0,184304
123617,1,0,184305
123618,1,0,184306
123619,1,0,184307
123620,1,0,184308
123621,2,0,184310
123622,1,0,184311
123623,2,0,184313
123624,1,0,184314
123625,1,0,184315
123626,1,0,184316
123627,1,0,184317
123628,1,0,184318
123629,1,0,184319
123630,1,0,184320
123631,1,0,184321
123632,1,0,184322
123633,5,0,184327
123634,1,0,184328
123635,1,0,184329
123636,1,0,184330
123637,1,0,184331
123638,1,0,184332
123639,1,0,184333
123640,2,0,184335
123641,1,0,184336
123642,1,0,184337
123643,1,0,184338
123644,1,0,184339
123645,2,0,184341
123646,1,0,184342
123647,1,0,184343
123648,1,0,184344
123649,1,0,184345
123650,1,0,184346
123651,1,0,184347
123652,2,0,184349
123653,1,0,184350
123654,2,0,184352
123655,2,0,184354
123656,1,0,184355
123657,1,0,184356
123658,1,0,184357
123659,1,0,184358
123660,1,0,184359
123661,1,0,184360
123662,1,0,184361
123663,1,0,184362
123664,1,0,184363
123665,4,0,184367
123666,1,0,184368
123667,1,0,184369
123668,1,0,184370
123669,1,0,184371
123670,2,0,184373
123671,2,0,184375
123672,1,0,184376
123673,1,0,184377
123674,2,0,184379
123675,2,0,184381
123676,1,0,184382
123677,1,0,184383
123678,1,0,184384
123679,3,0,184387
123680,2,0,184389
123681,1,0,184390
123682,3,0,184393
123683,1,0,184394
123684,2,0,184396
123685,1,0,184397
123686,2,0,184399
123687,1,0,184400
123688,1,0,184401
123689,1,0,184402
123690,1,0,184403
123691,1,0,184404
123692,3,0,184407
123693,2,0,184409
123694,1,0,184410
123695,1,0,184411
123696,1,0,184412
123697,2,0,184414
123698,1,0,184415
123699,3,0,184418
123700,3,0,184421
123701,1,0,184422
123702,1,0,184423
123703,1,0,184424
123704,2,0,184426
123705,1,0,184427
123706,2,0,184429
123707,2,0,184431
123708,1,0,184432
123709,1,0,184433
123710,2,0,184435
123711,2,0,184437
123712,1,0,184438
123713,4,0,184442
123714,1,0,184443
123715,3,0,184446
123716,1,0,184447
123717,1,0,184448
123718,2,0,184450
123719,1,0,184451
123720,3,0,184454
123721,1,0,184455
123722,2,0,184457
123723,1,0,184458
123724,1,0,184459
123725,1,0,184460
123726,3,0,184463
123727,1,0,184464
123728,1,0,184465
123729,1,0,184466
123730,1,0,184467
123731,1,0,184468
123732,1,0,184469
123733,1,0,184470
123734,1,0,184471
123735,1,0,184472
123736,1,0,184473
123737,1,0,184474
123738,2,0,184476
123739,3,0,184479
123740,1,0,184480
123741,1,0,184481
123742,1,0,184482
123743,1,0,184483
123744,2,0,184485
123745,1,0,184486
123746,1,0,184487
123747,1,0,184488
123748,1,0,184489
123749,1,0,184490
123750,2,0,184492
123751,1,0,184493
123752,1,0,184494
123753,1,0,184495
123754,1,0,184496
123755,1,0,184497
123756,1,0,184498
123757,4,0,184502
123758,3,0,184505
123759,1,0,184506
123760,1,0,184507
123761,1,0,184508
123762,1,0,184509
123763,1,0,184510
123764,1,0,184511
123765,2,0,184513
123766,1,0,184514
123767,2,0,184516
123768,2,0,184518
123769,1,0,184519
123770,2,0,184521
123771,1,0,184522
123772,1,0,184523
123773,2,0,184525
123774,3,0,184528
123775,1,0,184529
123776,2,0,184531
123777,1,0,184532
123778,2,0,184534
123779,1,0,184535
123780,1,0,184536
123781,1,0,184537
123782,1,0,184538
123783,1,0,184539
123784,2,0,184541
123785,1,0,184542
123786,2,0,184544
123787,1,0,184545
123788,1,0,184546
123789,3,0,184549
123790,1,0,184550
123791,2,0,184552
123792,1,0,184553
123793,1,0,184554
123794,3,0,184557
123795,1,0,184558
123796,1,0,184559
123797,1,0,184560
123798,1,0,184561
123799,1,0,184562
123800,3,0,184565
123801,2,0,184567
123802,2,0,184569
123803,1,0,184570
123804,2,0,184572
123805,1,0,184573
123806,2,0,184575
123807,1,0,184576
123808,1,0,184577
123809,3,0,184580
123810,1,0,184581
123811,1,0,184582
123812,1,0,184583
123813,2,0,184585
123814,1,0,184586
123815,1,0,184587
123816,1,0,184588
123817,6,0,184594
123818,1,0,184595
123819,1,0,184596
123820,2,0,184598
123821,1,0,184599
123822,1,0,184600
123823,2,0,184602
123824,1,0,184603
123825,2,0,184605
123826,2,0,184607
123827,1,0,184608
123828,1,0,184609
123829,1,0,184610
123830,2,0,184612
123831,1,0,184613
123832,1,0,184614
123833,1,0,184615
123834,2,0,184617
123835,1,0,184618
123836,4,0,184622
123837,1,0,184623
123838,1,0,184624
123839,1,0,184625
123840,1,0,184626
123841,1,0,184627
123842,2,0,184629
123843,2,0,184631
123844,1,0,184632
123845,1,0,184633
123846,1,0,184634
123847,1,0,184635
123848,2,0,184637
123849,1,0,184638
123850,1,0,184639
123851,1,0,184640
123852,1,0,184641
123853,2,0,184643
123854,1,0,184644
123855,1,0,184645
123856,3,0,184648
123857,2,0,184650
123858,3,0,184653
123859,1,0,184654
123860,3,0,184657
123861,2,0,184659
123862,3,0,184662
123863,3,0,184665
123864,1,0,184666
123865,2,0,184668
123866,1,0,184669
123867,1,0,184670
123868,3,0,184673
123869,2,0,184675
123870,2,0,184677
123871,1,0,184678
123872,3,0,184681
123873,1,0,184682
123874,1,0,184683
123875,1,0,184684
123876,1,0,184685
123877,1,0,184686
123878,2,0,184688
123879,1,0,184689
123880,1,0,184690
123881,2,0,184692
123882,3,0,184695
123883,4,0,184699
123884,1,0,184700
123885,1,0,184701
123886,1,0,184702
123887,1,0,184703
123888,1,0,184704
123889,1,0,184705
123890,2,0,184707
123891,1,0,184708
123892,1,0,184709
123893,1,0,184710
123894,1,0,184711
123895,1,0,184712
123896,1,0,184713
123897,1,0,184714
123898,1,0,184715
123899,1,0,184716
123900,1,0,184717
123901,1,0,184718
123902,1,0,184719
123903,1,0,184720
123904,1,0,184721
123905,2,0,184723
123906,1,0,184724
123907,1,0,184725
123908,2,0,184727
123909,1,0,184728
123910,2,0,184730
123911,1,0,184731
123912,2,0,184733
123913,2,0,184735
123914,2,0,184737
123915,1,0,184738
123916,1,0,184739
123917,1,0,184740
123918,1,0,184741
123919,2,0,184743
123920,1,0,184744
123921,1,0,184745
123922,1,0,184746
123923,2,0,184748
123924,1,0,184749
123925,1,0,184750
123926,1,0,184751
123927,2,0,184753
123928,1,0,184754
123929,2,0,184756
123930,2,0,184758
123931,1,0,184759
123932,1,0,184760
123933,1,0,184761
123934,1,0,184762
123935,1,0,184763
123936,1,0,184764
123937,3,0,184767
123938,1,0,184768
123939,2,0,184770
123940,1,0,184771
123941,1,0,184772
123942,1,0,184773
123943,1,0,184774
123944,1,0,184775
123945,2,0,184777
123946,1,0,184778
123947,1,0,184779
123948,4,0,184783
123949,1,0,184784
123950,1,0,184785
123951,1,0,184786
123952,2,0,184788
123953,2,0,184790
123954,1,0,184791
123955,2,0,184793
123956,2,0,184795
123957,3,0,184798
123958,1,0,184799
123959,1,0,184800
123960,1,0,184801
123961,2,0,184803
123962,3,0,184806
123963,1,0,184807
123964,1,0,184808
123965,1,0,184809
123966,1,0,184810
123967,1,0,184811
123968,1,0,184812
123969,1,0,184813
123970,1,0,184814
123971,1,0,184815
123972,1,0,184816
123973,1,0,184817
123974,1,0,184818
123975,1,0,184819
123976,1,0,184820
123977,1,0,184821
123978,1,0,184822
123979,1,0,184823
123980,2,0,184825
123981,2,0,184827
123982,2,0,184829
123983,1,0,184830
123984,1,0,184831
123985,1,0,184832
123986,1,0,184833
123987,1,0,184834
123988,1,0,184835
123989,1,0,184836
123990,1,0,184837
123991,1,0,184838
123992,1,0,184839
123993,1,0,184840
123994,2,0,184842
123995,2,0,184844
123996,2,0,184846
123997,1,0,184847
123998,2,0,184849
123999,1,0,184850
124000,1,0,184851
124001,1,0,184852
124002,1,0,184853
124003,2,0,184855
124004,1,0,184856
124005,1,0,184857
124006,1,0,184858
124007,1,0,184859
124008,3,0,184862
124009,1,0,184863
124010,1,0,184864
124011,1,0,184865
124012,1,0,184866
124013,1,0,184867
124014,1,0,184868
124015,4,0,184872
124016,2,0,184874
124017,2,0,184876
124018,1,0,184877
124019,1,0,184878
124020,1,0,184879
124021,2,0,184881
124022,1,0,184882
124023,1,0,184883
124024,1,0,184884
124025,3,0,184887
124026,3,0,184890
124027,1,0,184891
124028,1,0,184892
124029,4,0,184896
124030,1,0,184897
124031,1,0,184898
124032,1,0,184899
124033,1,0,184900
124034,1,0,184901
124035,2,0,184903
124036,1,0,184904
124037,1,0,184905
124038,1,0,184906
124039,1,0,184907
124040,1,0,184908
124041,1,0,184909
124042,3,0,184912
124043,1,0,184913
124044,1,0,184914
124045,2,0,184916
124046,1,0,184917
124047,1,0,184918
124048,3,0,184921
124049,1,0,184922
124050,1,0,184923
124051,2,0,184925
124052,2,0,184927
124053,4,0,184931
124054,1,0,184932
124055,1,0,184933
124056,1,0,184934
124057,1,0,184935
124058,1,0,184936
124059,1,0,184937
124060,1,0,184938
124061,3,0,184941
124062,1,0,184942
124063,1,0,184943
124064,2,0,184945
124065,1,0,184946
124066,1,0,184947
124067,1,0,184948
124068,1,0,184949
124069,4,0,184953
124070,2,0,184955
124071,1,0,184956
124072,1,0,184957
124073,1,0,184958
124074,1,0,184959
124075,1,0,184960
124076,2,0,184962
124077,1,0,184963
124078,4,0,184967
124079,3,0,184970
124080,1,0,184971
124081,1,0,184972
124082,1,0,184973
124083,3,0,184976
124084,1,0,184977
124085,1,0,184978
124086,1,0,184979
124087,3,0,184982
124088,1,0,184983
124089,1,0,184984
124090,4,0,184988
124091,1,0,184989
124092,1,0,184990
124093,1,0,184991
124094,1,0,184992
124095,1,0,184993
124096,1,0,184994
124097,2,0,184996
124098,6,0,185002
124099,2,0,185004
124100,1,0,185005
124101,1,0,185006
124102,1,0,185007
124103,1,0,185008
124104,1,0,185009
124105,1,0,185010
124106,1,0,185011
124107,1,0,185012
124108,1,0,185013
124109,1,0,185014
124110,1,0,185015
124111,3,0,185018
124112,1,0,185019
124113,3,0,185022
124114,1,0,185023
124115,1,0,185024
124116,1,0,185025
124117,1,0,185026
124118,2,0,185028
124119,2,0,185030
124120,1,0,185031
124121,2,0,185033
124122,1,0,185034
124123,2,0,185036
124124,2,0,185038
124125,1,0,185039
124126,1,0,185040
124127,1,0,185041
124128,2,0,185043
124129,2,0,185045
124130,1,0,185046
124131,1,0,185047
124132,2,0,185049
124133,3,0,185052
124134,1,0,185053
124135,1,0,185054
124136,2,0,185056
124137,1,0,185057
124138,2,0,185059
124139,1,0,185060
124140,1,0,185061
124141,4,0,185065
124142,4,0,185069
124143,1,0,185070
124144,4,0,185074
124145,1,0,185075
124146,1,0,185076
124147,1,0,185077
124148,1,0,185078
124149,1,0,185079
124150,4,0,185083
124151,1,0,185084
124152,1,0,185085
124153,1,0,185086
124154,1,0,185087
124155,1,0,185088
124156,1,0,185089
124157,1,0,185090
124158,1,0,185091
124159,1,0,185092
124160,3,0,185095
124161,1,0,185096
124162,1,0,185097
124163,2,0,185099
124164,1,0,185100
124165,1,0,185101
124166,3,0,185104
124167,1,0,185105
124168,1,0,185106
124169,1,0,185107
124170,1,0,185108
124171,2,0,185110
124172,2,0,185112
124173,1,0,185113
124174,3,0,185116
124175,3,0,185119
124176,1,0,185120
124177,2,0,185122
124178,1,0,185123
124179,1,0,185124
124180,1,0,185125
124181,1,0,185126
124182,1,0,185127
124183,2,0,185129
124184,2,0,185131
124185,2,0,185133
124186,5,0,185138
124187,2,0,185140
124188,1,0,185141
124189,1,0,185142
124190,1,0,185143
124191,1,0,185144
124192,3,0,185147
124193,1,0,185148
124194,1,0,185149
124195,2,0,185151
124196,1,0,185152
124197,1,0,185153
124198,1,0,185154
124199,1,0,185155
124200,2,0,185157
124201,2,0,185159
124202,1,0,185160
124203,2,0,185162
124204,3,0,185165
124205,1,0,185166
124206,1,0,185167
124207,1,0,185168
124208,1,0,185169
124209,1,0,185170
124210,2,0,185172
124211,1,0,185173
124212,1,0,185174
124213,1,0,185175
124214,1,0,185176
124215,1,0,185177
124216,1,0,185178
124217,1,0,185179
124218,3,0,185182
124219,1,0,185183
124220,3,0,185186
124221,2,0,185188
124222,3,0,185191
124223,1,0,185192
124224,1,0,185193
124225,1,0,185194
124226,2,0,185196
124227,3,0,185199
124228,1,0,185200
124229,1,0,185201
124230,1,0,185202
124231,1,0,185203
124232,2,0,185205
124233,1,0,185206
124234,2,0,185208
124235,1,0,185209
124236,1,0,185210
124237,1,0,185211
124238,1,0,185212
124239,1,0,185213
124240,2,0,185215
124241,1,0,185216
124242,2,0,185218
124243,1,0,185219
124244,2,0,185221
124245,1,0,185222
124246,1,0,185223
124247,1,0,185224
124248,2,0,185226
124249,1,0,185227
124250,1,0,185228
124251,2,0,185230
124252,1,0,185231
124253,1,0,185232
124254,1,0,185233
124255,3,0,185236
124256,1,0,185237
124257,3,0,185240
124258,1,0,185241
124259,1,0,185242
124260,1,0,185243
124261,2,0,185245
124262,1,0,185246
124263,1,0,185247
124264,1,0,185248
124265,3,0,185251
124266,1,0,185252
124267,1,0,185253
124268,1,0,185254
124269,1,0,185255
124270,1,0,185256
124271,1,0,185257
124272,1,0,185258
124273,2,0,185260
124274,1,0,185261
124275,1,0,185262
124276,1,0,185263
124277,2,0,185265
124278,1,0,185266
124279,1,0,185267
124280,2,0,185269
124281,1,0,185270
124282,1,0,185271
124283,1,0,185272
124284,1,0,185273
124285,1,0,185274
124286,2,0,185276
124287,1,0,185277
124288,1,0,185278
124289,2,0,185280
124290,1,0,185281
124291,1,0,185282
124292,1,0,185283
124293,3,0,185286
124294,2,0,185288
124295,1,0,185289
124296,1,0,185290
124297,2,0,185292
124298,2,0,185294
124299,1,0,185295
124300,1,0,185296
124301,1,0,185297
124302,2,0,185299
124303,1,0,185300
124304,1,0,185301
124305,1,0,185302
124306,1,0,185303
124307,1,0,185304
124308,1,0,185305
124309,1,0,185306
124310,1,0,185307
124311,1,0,185308
124312,1,0,185309
124313,1,0,185310
124314,1,0,185311
124315,1,0,185312
124316,6,0,185318
124317,1,0,185319
124318,2,0,185321
124319,1,0,185322
124320,1,0,185323
124321,1,0,185324
124322,1,0,185325
124323,1,0,185326
124324,1,0,185327
124325,2,0,185329
124326,3,0,185332
124327,4,0,185336
124328,1,0,185337
124329,2,0,185339
124330,1,0,185340
124331,1,0,185341
124332,1,0,185342
124333,1,0,185343
124334,1,0,185344
124335,2,0,185346
124336,3,0,185349
124337,1,0,185350
124338,3,0,185353
124339,1,0,185354
124340,2,0,185356
124341,1,0,185357
124342,1,0,185358
124343,1,0,185359
124344,1,0,185360
124345,1,0,185361
124346,2,0,185363
124347,1,0,185364
124348,1,0,185365
124349,1,0,185366
124350,1,0,185367
124351,1,0,185368
124352,1,0,185369
124353,1,0,185370
124354,1,0,185371
124355,1,0,185372
124356,1,0,185373
124357,1,0,185374
124358,1,0,185375
124359,1,0,185376
124360,1,0,185377
124361,1,0,185378
124362,1,0,185379
124363,2,0,185381
124364,1,0,185382
124365,1,0,185383
124366,3,0,185386
124367,1,0,185387
124368,1,0,185388
124369,2,0,185390
124370,2,0,185392
124371,1,0,185393
124372,1,0,185394
124373,1,0,185395
124374,1,0,185396
124375,2,0,185398
124376,1,0,185399
124377,1,0,185400
124378,1,0,185401
124379,1,0,185402
124380,2,0,185404
124381,1,0,185405
124382,1,0,185406
124383,2,0,185408
124384,4,0,185412
124385,1,0,185413
124386,1,0,185414
124387,2,0,185416
124388,1,0,185417
124389,1,0,185418
124390,1,0,185419
124391,1,0,185420
124392,1,0,185421
124393,1,0,185422
124394,1,0,185423
124395,1,0,185424
124396,1,0,185425
124397,2,0,185427
124398,1,0,185428
124399,2,0,185430
124400,1,0,185431
124401,2,0,185433
124402,1,0,185434
124403,5,0,185439
124404,1,0,185440
124405,1,0,185441
124406,1,0,185442
124407,1,0,185443
124408,5,0,185448
124409,3,0,185451
124410,1,0,185452
124411,1,0,185453
124412,1,0,185454
124413,1,0,185455
124414,1,0,185456
124415,3,0,185459
124416,1,0,185460
124417,2,0,185462
124418,2,0,185464
124419,1,0,185465
124420,1,0,185466
124421,1,0,185467
124422,1,0,185468
124423,2,0,185470
124424,2,0,185472
124425,1,0,185473
124426,1,0,185474
124427,1,0,185475
124428,1,0,185476
124429,3,0,185479
124430,1,0,185480
124431,1,0,185481
124432,2,0,185483
124433,1,0,185484
124434,2,0,185486
124435,3,0,185489
124436,1,0,185490
124437,2,0,185492
124438,1,0,185493
124439,1,0,185494
124440,2,0,185496
124441,1,0,185497
124442,1,0,185498
124443,1,0,185499
124444,1,0,185500
124445,1,0,185501
124446,1,0,185502
124447,1,0,185503
124448,2,0,185505
124449,1,0,185506
124450,1,0,185507
124451,2,0,185509
124452,1,0,185510
124453,1,0,185511
124454,1,0,185512
124455,1,0,185513
124456,1,0,185514
124457,1,0,185515
124458,1,0,185516
124459,1,0,185517
124460,1,0,185518
124461,1,0,185519
124462,1,0,185520
124463,1,0,185521
124464,1,0,185522
124465,1,0,185523
124466,1,0,185524
124467,1,0,185525
124468,1,0,185526
124469,2,0,185528
124470,1,0,185529
124471,1,0,185530
124472,2,0,185532
124473,1,0,185533
124474,3,0,185536
124475,1,0,185537
124476,1,0,185538
124477,1,0,185539
124478,1,0,185540
124479,2,0,185542
124480,2,0,185544
124481,1,0,185545
124482,1,0,185546
124483,1,0,185547
124484,1,0,185548
124485,1,0,185549
124486,3,0,185552
124487,1,0,185553
124488,4,0,185557
124489,1,0,185558
124490,1,0,185559
124491,1,0,185560
124492,1,0,185561
124493,1,0,185562
124494,1,0,185563
124495,2,0,185565
124496,1,0,185566
124497,2,0,185568
124498,1,0,185569
124499,1,0,185570
124500,1,0,185571
124501,1,0,185572
124502,1,0,185573
124503,1,0,185574
124504,1,0,185575
124505,1,0,185576
124506,1,0,185577
124507,3,0,185580
124508,1,0,185581
124509,2,0,185583
124510,1,0,185584
124511,1,0,185585
124512,1,0,185586
124513,2,0,185588
124514,1,0,185589
124515,2,0,185591
124516,1,0,185592
124517,1,0,185593
124518,1,0,185594
124519,1,0,185595
124520,2,0,185597
124521,1,0,185598
124522,1,0,185599
124523,2,0,185601
124524,1,0,185602
124525,1,0,185603
124526,1,0,185604
124527,1,0,185605
124528,1,0,185606
124529,1,0,185607
124530,1,0,185608
124531,1,0,185609
124532,2,0,185611
124533,1,0,185612
124534,1,0,185613
124535,5,0,185618
124536,1,0,185619
124537,1,0,185620
124538,1,0,185621
124539,1,0,185622
124540,1,0,185623
124541,1,0,185624
124542,1,0,185625
124543,1,0,185626
124544,1,0,185627
124545,1,0,185628
124546,1,0,185629
124547,1,0,185630
124548,1,0,185631
124549,2,0,185633
124550,1,0,185634
124551,1,0,185635
124552,2,0,185637
124553,1,0,185638
124554,1,0,185639
124555,1,0,185640
124556,1,0,185641
124557,1,0,185642
124558,1,0,185643
124559,4,0,185647
124560,1,0,185648
124561,2,0,185650
124562,1,0,185651
124563,1,0,185652
124564,2,0,185654
124565,2,0,185656
124566,1,0,185657
124567,2,0,185659
124568,4,0,185663
124569,1,0,185664
124570,1,0,185665
124571,1,0,185666
124572,2,0,185668
124573,2,0,185670
124574,3,0,185673
124575,3,0,185676
124576,3,0,185679
124577,1,0,185680
124578,2,0,185682
124579,1,0,185683
124580,1,0,185684
124581,1,0,185685
124582,1,0,185686
124583,2,0,185688
124584,1,0,185689
124585,1,0,185690
124586,3,0,185693
124587,1,0,185694
124588,2,0,185696
124589,1,0,185697
124590,1,0,185698
124591,1,0,185699
124592,1,0,185700
124593,1,0,185701
124594,1,0,185702
124595,2,0,185704
124596,2,0,185706
124597,1,0,185707
124598,2,0,185709
124599,2,0,185711
124600,1,0,185712
124601,1,0,185713
124602,1,0,185714
124603,1,0,185715
124604,3,0,185718
124605,1,0,185719
124606,1,0,185720
124607,1,0,185721
124608,3,0,185724
124609,1,0,185725
124610,1,0,185726
124611,2,0,185728
124612,1,0,185729
124613,1,0,185730
124614,1,0,185731
124615,2,0,185733
124616,1,0,185734
124617,4,0,185738
124618,2,0,185740
124619,1,0,185741
124620,2,0,185743
124621,1,0,185744
124622,1,0,185745
124623,2,0,185747
124624,1,0,185748
124625,1,0,185749
124626,1,0,185750
124627,1,0,185751
124628,1,0,185752
124629,1,0,185753
124630,1,0,185754
124631,2,0,185756
124632,4,0,185760
124633,1,0,185761
124634,1,0,185762
124635,1,0,185763
124636,1,0,185764
124637,1,0,185765
124638,1,0,185766
124639,1,0,185767
124640,2,0,185769
124641,4,0,185773
124642,3,0,185776
124643,1,0,185777
124644,4,0,185781
124645,1,0,185782
124646,1,0,185783
124647,2,0,185785
124648,1,0,185786
124649,1,0,185787
124650,1,0,185788
124651,2,0,185790
124652,2,0,185792
124653,2,0,185794
124654,1,0,185795
124655,1,0,185796
124656,1,0,185797
124657,1,0,185798
124658,2,0,185800
124659,2,0,185802
124660,1,0,185803
124661,1,0,185804
124662,1,0,185805
124663,1,0,185806
124664,1,0,185807
124665,1,0,185808
124666,1,0,185809
124667,1,0,185810
124668,1,0,185811
124669,1,0,185812
124670,2,0,185814
124671,1,0,185815
124672,1,0,185816
124673,2,0,185818
124674,1,0,185819
124675,2,0,185821
124676,2,0,185823
124677,1,0,185824
124678,1,0,185825
124679,1,0,185826
124680,1,0,185827
124681,1,0,185828
124682,1,0,185829
124683,2,0,185831
124684,2,0,185833
124685,1,0,185834
124686,1,0,185835
124687,1,0,185836
124688,3,0,185839
124689,2,0,185841
124690,1,0,185842
124691,2,0,185844
124692,2,0,185846
124693,3,0,185849
124694,1,0,185850
124695,1,0,185851
124696,4,0,185855
124697,1,0,185856
124698,2,0,185858
124699,1,0,185859
124700,1,0,185860
124701,1,0,185861
124702,1,0,185862
124703,1,0,185863
124704,2,0,185865
124705,1,0,185866
124706,1,0,185867
124707,1,0,185868
124708,2,0,185870
124709,2,0,185872
124710,1,0,185873
124711,1,0,185874
124712,1,0,185875
124713,1,0,185876
124714,4,0,185880
124715,1,0,185881
124716,1,0,185882
124717,1,0,185883
124718,1,0,185884
124719,2,0,185886
124720,1,0,185887
124721,1,0,185888
124722,1,0,185889
124723,1,0,185890
124724,3,0,185893
124725,1,0,185894
124726,1,0,185895
124727,1,0,185896
124728,1,0,185897
124729,2,0,185899
124730,1,0,185900
124731,1,0,185901
124732,1,0,185902
124733,1,0,185903
124734,4,0,185907
124735,1,0,185908
124736,2,0,185910
124737,1,0,185911
124738,1,0,185912
124739,1,0,185913
124740,2,0,185915
124741,1,0,185916
124742,1,0,185917
124743,1,0,185918
124744,2,0,185920
124745,1,0,185921
124746,1,0,185922
124747,1,0,185923
124748,2,0,185925
124749,1,0,185926
124750,2,0,185928
124751,2,0,185930
124752,1,0,185931
124753,1,0,185932
124754,2,0,185934
124755,1,0,185935
124756,1,0,185936
124757,2,0,185938
124758,2,0,185940
124759,1,0,185941
124760,1,0,185942
124761,2,0,185944
124762,1,0,185945
124763,2,0,185947
124764,1,0,185948
124765,1,0,185949
124766,5,0,185954
124767,1,0,185955
124768,1,0,185956
124769,1,0,185957
124770,2,0,185959
124771,2,0,185961
124772,2,0,185963
124773,1,0,185964
124774,2,0,185966
124775,2,0,185968
124776,2,0,185970
124777,2,0,185972
124778,1,0,185973
124779,1,0,185974
124780,4,0,185978
124781,2,0,185980
124782,3,0,185983
124783,1,0,185984
124784,4,0,185988
124785,4,0,185992
124786,1,0,185993
124787,1,0,185994
124788,3,0,185997
124789,2,0,185999
124790,1,0,186000
124791,1,0,186001
124792,1,0,186002
124793,1,0,186003
124794,1,0,186004
124795,2,0,186006
124796,1,0,186007
124797,2,0,186009
124798,2,0,186011
124799,1,0,186012
124800,2,0,186014
124801,1,0,186015
124802,1,0,186016
124803,1,0,186017
124804,1,0,186018
124805,1,0,186019
124806,1,0,186020
124807,1,0,186021
124808,1,0,186022
124809,1,0,186023
124810,2,0,186025
124811,1,0,186026
124812,3,0,186029
124813,1,0,186030
124814,2,0,186032
124815,1,0,186033
124816,2,0,186035
124817,1,0,186036
124818,1,0,186037
124819,1,0,186038
124820,3,0,186041
124821,1,0,186042
124822,1,0,186043
124823,3,0,186046
124824,2,0,186048
124825,1,0,186049
124826,1,0,186050
124827,1,0,186051
124828,1,0,186052
124829,1,0,186053
124830,1,0,186054
124831,1,0,186055
124832,1,0,186056
124833,1,0,186057
124834,1,0,186058
124835,3,0,186061
124836,1,0,186062
124837,1,0,186063
124838,1,0,186064
124839,1,0,186065
124840,1,0,186066
124841,2,0,186068
124842,1,0,186069
124843,2,0,186071
124844,1,0,186072
124845,1,0,186073
124846,1,0,186074
124847,2,0,186076
124848,1,0,186077
124849,1,0,186078
124850,1,0,186079
124851,1,0,186080
124852,1,0,186081
124853,1,0,186082
124854,2,0,186084
124855,1,0,186085
124856,1,0,186086
124857,1,0,186087
124858,1,0,186088
124859,3,0,186091
124860,1,0,186092
124861,1,0,186093
124862,1,0,186094
124863,1,0,186095
124864,1,0,186096
124865,4,0,186100
124866,1,0,186101
124867,1,0,186102
124868,1,0,186103
124869,1,0,186104
124870,1,0,186105
124871,2,0,186107
124872,2,0,186109
124873,1,0,186110
124874,2,0,186112
124875,1,0,186113
124876,2,0,186115
124877,2,0,186117
124878,2,0,186119
124879,1,0,186120
124880,1,0,186121
124881,1,0,186122
124882,5,0,186127
124883,1,0,186128
124884,1,0,186129
124885,1,0,186130
124886,1,0,186131
124887,1,0,186132
124888,1,0,186133
124889,2,0,186135
124890,2,0,186137
124891,1,0,186138
124892,1,0,186139
124893,1,0,186140
124894,1,0,186141
124895,3,0,186144
124896,1,0,186145
124897,1,0,186146
124898,3,0,186149
124899,1,0,186150
124900,1,0,186151
124901,1,0,186152
124902,2,0,186154
124903,2,0,186156
124904,1,0,186157
124905,3,0,186160
124906,1,0,186161
124907,1,0,186162
124908,1,0,186163
124909,2,0,186165
124910,1,0,186166
124911,1,0,186167
124912,1,0,186168
124913,2,0,186170
124914,1,0,186171
124915,1,0,186172
124916,3,0,186175
124917,1,0,186176
124918,1,0,186177
124919,1,0,186178
124920,5,0,186183
124921,1,0,186184
124922,1,0,186185
124923,2,0,186187
124924,3,0,186190
124925,2,0,186192
124926,1,0,186193
124927,1,0,186194
124928,1,0,186195
124929,2,0,186197
124930,1,0,186198
124931,2,0,186200
124932,1,0,186201
124933,2,0,186203
124934,1,0,186204
124935,1,0,186205
124936,1,0,186206
124937,1,0,186207
124938,3,0,186210
124939,1,0,186211
124940,1,0,186212
124941,1,0,186213
124942,1,0,186214
124943,1,0,186215
124944,2,0,186217
124945,1,0,186218
124946,1,0,186219
124947,1,0,186220
124948,1,0,186221
124949,2,0,186223
124950,3,0,186226
124951,1,0,186227
124952,1,0,186228
124953,2,0,186230
124954,1,0,186231
124955,1,0,186232
124956,1,0,186233
124957,1,0,186234
124958,2,0,186236
124959,2,0,186238
124960,1,0,186239
124961,1,0,186240
124962,1,0,186241
124963,1,0,186242
124964,1,0,186243
124965,1,0,186244
124966,1,0,186245
124967,2,0,186247
124968,1,0,186248
124969,1,0,186249
124970,1,0,186250
124971,3,0,186253
124972,2,0,186255
124973,1,0,186256
124974,1,0,186257
124975,2,0,186259
124976,2,0,186261
124977,1,0,186262
124978,2,0,186264
124979,3,0,186267
124980,2,0,186269
124981,1,0,186270
124982,1,0,186271
124983,1,0,186272
124984,1,0,186273
124985,2,0,186275
124986,2,0,186277
124987,1,0,186278
124988,1,0,186279
124989,1,0,186280
124990,3,0,186283
124991,3,0,186286
124992,4,0,186290
124993,1,0,186291
124994,1,0,186292
124995,1,0,186293
124996,1,0,186294
124997,2,0,186296
124998,1,0,186297
124999,1,0,186298
125000,1,0,186299
125001,1,0,186300
125002,2,0,186302
125003,1,0,186303
125004,1,0,186304
125005,1,0,186305
125006,2,0,186307
125007,1,0,186308
125008,2,0,186310
125009,1,0,186311
125010,1,0,186312
125011,2,0,186314
125012,2,0,186316
125013,1,0,186317
125014,3,0,186320
125015,2,0,186322
125016,1,0,186323
125017,2,0,186325
125018,1,0,186326
125019,1,0,186327
125020,1,0,186328
125021,2,0,186330
125022,1,0,186331
125023,2,0,186333
125024,1,0,186334
125025,1,0,186335
125026,2,0,186337
125027,1,0,186338
125028,2,0,186340
125029,1,0,186341
125030,1,0,186342
125031,1,0,186343
125032,5,0,186348
125033,3,0,186351
125034,1,0,186352
125035,1,0,186353
125036,1,0,186354
125037,2,0,186356
125038,1,0,186357
125039,1,0,186358
125040,1,0,186359
125041,1,0,186360
125042,1,0,186361
125043,1,0,186362
125044,3,0,186365
125045,2,0,186367
125046,1,0,186368
125047,1,0,186369
125048,1,0,186370
125049,1,0,186371
125050,1,0,186372
125051,1,0,186373
125052,2,0,186375
125053,2,0,186377
125054,3,0,186380
125055,3,0,186383
125056,1,0,186384
125057,2,0,186386
125058,1,0,186387
125059,1,0,186388
125060,1,0,186389
125061,2,0,186391
125062,1,0,186392
125063,1,0,186393
125064,2,0,186395
125065,1,0,186396
125066,1,0,186397
125067,1,0,186398
125068,2,0,186400
125069,2,0,186402
125070,1,0,186403
125071,1,0,186404
125072,3,0,186407
125073,1,0,186408
125074,2,0,186410
125075,1,0,186411
125076,1,0,186412
125077,2,0,186414
125078,2,0,186416
125079,1,0,186417
125080,1,0,186418
125081,3,0,186421
125082,2,0,186423
125083,1,0,186424
125084,1,0,186425
125085,2,0,186427
125086,1,0,186428
125087,3,0,186431
125088,1,0,186432
125089,1,0,186433
125090,1,0,186434
125091,1,0,186435
125092,1,0,186436
125093,1,0,186437
125094,1,0,186438
125095,2,0,186440
125096,1,0,186441
125097,1,0,186442
125098,1,0,186443
125099,1,0,186444
125100,3,0,186447
125101,2,0,186449
125102,1,0,186450
125103,2,0,186452
125104,1,0,186453
125105,2,0,186455
125106,1,0,186456
125107,2,0,186458
125108,4,0,186462
125109,1,0,186463
125110,1,0,186464
125111,2,0,186466
125112,1,0,186467
125113,3,0,186470
125114,1,0,186471
125115,1,0,186472
125116,2,0,186474
125117,1,0,186475
125118,2,0,186477
125119,2,0,186479
125120,1,0,186480
125121,1,0,186481
125122,1,0,186482
125123,2,0,186484
125124,1,0,186485
125125,2,0,186487
125126,1,0,186488
125127,1,0,186489
125128,1,0,186490
125129,1,0,186491
125130,3,0,186494
125131,1,0,186495
125132,2,0,186497
125133,4,0,186501
125134,1,0,186502
125135,1,0,186503
125136,1,0,186504
125137,1,0,186505
125138,1,0,186506
125139,1,0,186507
125140,1,0,186508
125141,2,0,186510
125142,1,0,186511
125143,4,0,186515
125144,1,0,186516
125145,1,0,186517
125146,1,0,186518
125147,1,0,186519
125148,1,0,186520
125149,1,0,186521
125150,3,0,186524
125151,1,0,186525
125152,1,0,186526
125153,1,0,186527
125154,1,0,186528
125155,1,0,186529
125156,1,0,186530
125157,1,0,186531
125158,1,0,186532
125159,3,0,186535
125160,1,0,186536
125161,1,0,186537
125162,1,0,186538
125163,5,0,186543
125164,1,0,186544
125165,1,0,186545
125166,1,0,186546
125167,1,0,186547
125168,1,0,186548
125169,1,0,186549
125170,1,0,186550
125171,1,0,186551
125172,1,0,186552
125173,1,0,186553
125174,1,0,186554
125175,1,0,186555
125176,1,0,186556
125177,1,0,186557
125178,1,0,186558
125179,1,0,186559
125180,1,0,186560
125181,2,0,186562
125182,1,0,186563
125183,2,0,186565
125184,1,0,186566
125185,1,0,186567
125186,1,0,186568
125187,2,0,186570
125188,1,0,186571
125189,1,0,186572
125190,1,0,186573
125191,1,0,186574
125192,1,0,186575
125193,1,0,186576
125194,1,0,186577
125195,1,0,186578
125196,2,0,186580
125197,1,0,186581
125198,1,0,186582
125199,1,0,186583
125200,2,0,186585
125201,2,0,186587
125202,1,0,186588
125203,1,0,186589
125204,2,0,186591
125205,1,0,186592
125206,1,0,186593
125207,5,0,186598
125208,1,0,186599
125209,2,0,186601
125210,2,0,186603
125211,1,0,186604
125212,1,0,186605
125213,2,0,186607
125214,1,0,186608
125215,1,0,186609
125216,3,0,186612
125217,1,0,186613
125218,2,0,186615
125219,2,0,186617
125220,1,0,186618
125221,1,0,186619
125222,1,0,186620
125223,3,0,186623
125224,1,0,186624
125225,1,0,186625
125226,1,0,186626
125227,1,0,186627
125228,2,0,186629
125229,1,0,186630
125230,1,0,186631
125231,1,0,186632
125232,1,0,186633
125233,1,0,186634
125234,1,0,186635
125235,2,0,186637
125236,2,0,186639
125237,2,0,186641
125238,1,0,186642
125239,2,0,186644
125240,1,0,186645
125241,1,0,186646
125242,1,0,186647
125243,2,0,186649
125244,1,0,186650
125245,1,0,186651
125246,1,0,186652
125247,3,0,186655
125248,1,0,186656
125249,1,0,186657
125250,2,0,186659
125251,1,0,186660
125252,2,0,186662
125253,1,0,186663
125254,1,0,186664
125255,1,0,186665
125256,2,0,186667
125257,1,0,186668
125258,1,0,186669
125259,1,0,186670
125260,1,0,186671
125261,1,0,186672
125262,1,0,186673
125263,1,0,186674
125264,1,0,186675
125265,1,0,186676
125266,1,0,186677
125267,2,0,186679
125268,1,0,186680
125269,1,0,186681
125270,1,0,186682
125271,2,0,186684
125272,2,0,186686
125273,4,0,186690
125274,1,0,186691
125275,1,0,186692
125276,1,0,186693
125277,1,0,186694
125278,2,0,186696
125279,1,0,186697
125280,2,0,186699
125281,2,0,186701
125282,2,0,186703
125283,3,0,186706
125284,4,0,186710
125285,2,0,186712
125286,2,0,186714
125287,1,0,186715
125288,1,0,186716
125289,3,0,186719
125290,1,0,186720
125291,1,0,186721
125292,3,0,186724
125293,1,0,186725
125294,1,0,186726
125295,1,0,186727
125296,1,0,186728
125297,1,0,186729
125298,1,0,186730
125299,1,0,186731
125300,2,0,186733
125301,1,0,186734
125302,1,0,186735
125303,1,0,186736
125304,1,0,186737
125305,1,0,186738
125306,1,0,186739
125307,1,0,186740
125308,1,0,186741
125309,1,0,186742
125310,1,0,186743
125311,1,0,186744
125312,1,0,186745
125313,2,0,186747
125314,2,0,186749
125315,2,0,186751
125316,3,0,186754
125317,2,0,186756
125318,1,0,186757
125319,1,0,186758
125320,1,0,186759
125321,2,0,186761
125322,1,0,186762
125323,1,0,186763
125324,2,0,186765
125325,2,0,186767
125326,2,0,186769
125327,1,0,186770
125328,4,0,186774
125329,1,0,186775
125330,4,0,186779
125331,1,0,186780
125332,2,0,186782
125333,2,0,186784
125334,1,0,186785
125335,1,0,186786
125336,1,0,186787
125337,1,0,186788
125338,2,0,186790
125339,1,0,186791
125340,1,0,186792
125341,2,0,186794
125342,1,0,186795
125343,1,0,186796
125344,1,0,186797
125345,1,0,186798
125346,2,0,186800
125347,5,0,186805
125348,1,0,186806
125349,1,0,186807
125350,2,0,186809
125351,1,0,186810
125352,2,0,186812
125353,2,0,186814
125354,3,0,186817
125355,1,0,186818
125356,1,0,186819
125357,1,0,186820
125358,1,0,186821
125359,1,0,186822
125360,1,0,186823
125361,1,0,186824
125362,1,0,186825
125363,1,0,186826
125364,1,0,186827
125365,1,0,186828
125366,2,0,186830
125367,1,0,186831
125368,1,0,186832
125369,3,0,186835
125370,1,0,186836
125371,1,0,186837
125372,2,0,186839
125373,2,0,186841
125374,3,0,186844
125375,1,0,186845
125376,1,0,186846
125377,1,0,186847
125378,1,0,186848
125379,2,0,186850
125380,2,0,186852
125381,1,0,186853
125382,1,0,186854
125383,1,0,186855
125384,2,0,186857
125385,1,0,186858
125386,1,0,186859
125387,4,0,186863
125388,1,0,186864
125389,1,0,186865
125390,3,0,186868
125391,1,0,186869
125392,1,0,186870
125393,1,0,186871
125394,1,0,186872
125395,2,0,186874
125396,1,0,186875
125397,1,0,186876
125398,1,0,186877
125399,2,0,186879
125400,1,0,186880
125401,3,0,186883
125402,3,0,186886
125403,1,0,186887
125404,1,0,186888
125405,1,0,186889
125406,2,0,186891
125407,1,0,186892
125408,1,0,186893
125409,1,0,186894
125410,1,0,186895
125411,1,0,186896
125412,2,0,186898
125413,1,0,186899
125414,1,0,186900
125415,1,0,186901
125416,1,0,186902
125417,1,0,186903
125418,5,0,186908
125419,1,0,186909
125420,1,0,186910
125421,1,0,186911
125422,1,0,186912
125423,1,0,186913
125424,1,0,186914
125425,1,0,186915
125426,1,0,186916
125427,2,0,186918
125428,1,0,186919
125429,1,0,186920
125430,2,0,186922
125431,1,0,186923
125432,1,0,186924
125433,1,0,186925
125434,1,0,186926
125435,1,0,186927
125436,1,0,186928
125437,1,0,186929
125438,2,0,186931
125439,2,0,186933
125440,1,0,186934
125441,1,0,186935
125442,1,0,186936
125443,1,0,186937
125444,1,0,186938
125445,1,0,186939
125446,2,0,186941
125447,3,0,186944
125448,1,0,186945
125449,1,0,186946
125450,1,0,186947
125451,1,0,186948
125452,1,0,186949
125453,2,0,186951
125454,2,0,186953
125455,1,0,186954
125456,1,0,186955
125457,1,0,186956
125458,2,0,186958
125459,1,0,186959
125460,1,0,186960
125461,1,0,186961
125462,2,0,186963
125463,3,0,186966
125464,2,0,186968
125465,1,0,186969
125466,1,0,186970
125467,1,0,186971
125468,1,0,186972
125469,1,0,186973
125470,2,0,186975
125471,1,0,186976
125472,2,0,186978
125473,1,0,186979
125474,1,0,186980
125475,1,0,186981
125476,3,0,186984
125477,1,0,186985
125478,1,0,186986
125479,2,0,186988
125480,1,0,186989
125481,1,0,186990
125482,2,0,186992
125483,2,0,186994
125484,3,0,186997
125485,1,0,186998
125486,1,0,186999
125487,1,0,187000
125488,3,0,187003
125489,2,0,187005
125490,1,0,187006
125491,1,0,187007
125492,2,0,187009
125493,1,0,187010
125494,1,0,187011
125495,2,0,187013
125496,1,0,187014
125497,2,0,187016
125498,1,0,187017
125499,3,0,187020
125500,2,0,187022
125501,1,0,187023
125502,3,0,187026
125503,1,0,187027
125504,1,0,187028
125505,3,0,187031
125506,1,0,187032
125507,2,0,187034
125508,2,0,187036
125509,4,0,187040
125510,1,0,187041
125511,2,0,187043
125512,2,0,187045
125513,1,0,187046
125514,1,0,187047
125515,1,0,187048
125516,2,0,187050
125517,1,0,187051
125518,1,0,187052
125519,1,0,187053
125520,3,0,187056
125521,1,0,187057
125522,1,0,187058
125523,1,0,187059
125524,3,0,187062
125525,1,0,187063
125526,1,0,187064
125527,1,0,187065
125528,1,0,187066
125529,1,0,187067
125530,1,0,187068
125531,1,0,187069
125532,1,0,187070
125533,1,0,187071
125534,2,0,187073
125535,1,0,187074
125536,1,0,187075
125537,5,0,187080
125538,3,0,187083
125539,2,0,187085
125540,1,0,187086
125541,2,0,187088
125542,2,0,187090
125543,4,0,187094
125544,1,0,187095
125545,1,0,187096
125546,1,0,187097
125547,3,0,187100
125548,1,0,187101
125549,1,0,187102
125550,1,0,187103
125551,3,0,187106
125552,1,0,187107
125553,2,0,187109
125554,2,0,187111
125555,1,0,187112
125556,2,0,187114
125557,1,0,187115
125558,1,0,187116
125559,4,0,187120
125560,3,0,187123
125561,1,0,187124
125562,1,0,187125
125563,1,0,187126
125564,1,0,187127
125565,1,0,187128
125566,1,0,187129
125567,1,0,187130
125568,1,0,187131
125569,1,0,187132
125570,1,0,187133
125571,1,0,187134
125572,1,0,187135
125573,1,0,187136
125574,1,0,187137
125575,1,0,187138
125576,1,0,187139
125577,1,0,187140
125578,1,0,187141
125579,1,0,187142
125580,2,0,187144
125581,1,0,187145
125582,1,0,187146
125583,1,0,187147
125584,2,0,187149
125585,1,0,187150
125586,2,0,187152
125587,1,0,187153
125588,2,0,187155
125589,1,0,187156
125590,1,0,187157
125591,2,0,187159
125592,2,0,187161
125593,1,0,187162
125594,1,0,187163
125595,3,0,187166
125596,1,0,187167
125597,2,0,187169
125598,1,0,187170
125599,1,0,187171
125600,4,0,187175
125601,1,0,187176
125602,1,0,187177
125603,1,0,187178
125604,2,0,187180
125605,1,0,187181
125606,1,0,187182
125607,1,0,187183
125608,1,0,187184
125609,2,0,187186
125610,1,0,187187
125611,1,0,187188
125612,3,0,187191
125613,1,0,187192
125614,1,0,187193
125615,2,0,187195
125616,3,0,187198
125617,1,0,187199
125618,2,0,187201
125619,4,0,187205
125620,1,0,187206
125621,3,0,187209
125622,1,0,187210
125623,2,0,187212
125624,1,0,187213
125625,1,0,187214
125626,2,0,187216
125627,1,0,187217
125628,2,0,187219
125629,1,0,187220
125630,1,0,187221
125631,2,0,187223
125632,2,0,187225
125633,1,0,187226
125634,1,0,187227
125635,2,0,187229
125636,1,0,187230
125637,1,0,187231
125638,1,0,187232
125639,2,0,187234
125640,3,0,187237
125641,1,0,187238
125642,1,0,187239
125643,2,0,187241
125644,1,0,187242
125645,1,0,187243
125646,1,0,187244
125647,2,0,187246
125648,1,0,187247
125649,1,0,187248
125650,1,0,187249
125651,2,0,187251
125652,2,0,187253
125653,1,0,187254
125654,1,0,187255
125655,2,0,187257
125656,1,0,187258
125657,1,0,187259
125658,2,0,187261
125659,1,0,187262
125660,2,0,187264
125661,1,0,187265
125662,2,0,187267
125663,1,0,187268
125664,1,0,187269
125665,1,0,187270
125666,1,0,187271
125667,2,0,187273
125668,1,0,187274
125669,2,0,187276
125670,1,0,187277
125671,2,0,187279
125672,1,0,187280
125673,1,0,187281
125674,3,0,187284
125675,1,0,187285
125676,5,0,187290
125677,2,0,187292
125678,1,0,187293
125679,2,0,187295
125680,1,0,187296
125681,1,0,187297
125682,1,0,187298
125683,1,0,187299
125684,1,0,187300
125685,2,0,187302
125686,2,0,187304
125687,1,0,187305
125688,1,0,187306
125689,1,0,187307
125690,2,0,187309
125691,1,0,187310
125692,4,0,187314
125693,3,0,187317
125694,3,0,187320
125695,2,0,187322
125696,1,0,187323
125697,1,0,187324
125698,5,0,187329
125699,1,0,187330
125700,1,0,187331
125701,1,0,187332
125702,1,0,187333
125703,8,0,187341
125704,2,0,187343
125705,1,0,187344
125706,2,0,187346
125707,2,0,187348
125708,1,0,187349
125709,1,0,187350
125710,1,0,187351
125711,1,0,187352
125712,1,0,187353
125713,1,0,187354
125714,2,0,187356
125715,1,0,187357
125716,1,0,187358
125717,1,0,187359
125718,1,0,187360
125719,1,0,187361
125720,1,0,187362
125721,2,0,187364
125722,1,0,187365
125723,2,0,187367
125724,1,0,187368
125725,1,0,187369
125726,1,0,187370
125727,1,0,187371
125728,1,0,187372
125729,1,0,187373
125730,1,0,187374
125731,1,0,187375
125732,2,0,187377
125733,1,0,187378
125734,2,0,187380
125735,1,0,187381
125736,1,0,187382
125737,1,0,187383
125738,3,0,187386
125739,1,0,187387
125740,2,0,187389
125741,1,0,187390
125742,1,0,187391
125743,1,0,187392
125744,2,0,187394
125745,1,0,187395
125746,1,0,187396
125747,1,0,187397
125748,1,0,187398
125749,1,0,187399
125750,1,0,187400
125751,1,0,187401
125752,1,0,187402
125753,1,0,187403
125754,1,0,187404
125755,1,0,187405
125756,1,0,187406
125757,1,0,187407
125758,2,0,187409
125759,1,0,187410
125760,1,0,187411
125761,1,0,187412
125762,2,0,187414
125763,1,0,187415
125764,1,0,187416
125765,1,0,187417
125766,2,0,187419
125767,1,0,187420
125768,1,0,187421
125769,2,0,187423
125770,1,0,187424
125771,6,0,187430
125772,2,0,187432
125773,1,0,187433
125774,1,0,187434
125775,2,0,187436
125776,1,0,187437
125777,1,0,187438
125778,1,0,187439
125779,1,0,187440
125780,1,0,187441
125781,1,0,187442
125782,1,0,187443
125783,4,0,187447
125784,2,0,187449
125785,1,0,187450
125786,3,0,187453
125787,2,0,187455
125788,1,0,187456
125789,1,0,187457
125790,1,0,187458
125791,1,0,187459
125792,2,0,187461
125793,3,0,187464
125794,1,0,187465
125795,1,0,187466
125796,2,0,187468
125797,1,0,187469
125798,3,0,187472
125799,2,0,187474
125800,1,0,187475
125801,1,0,187476
125802,2,0,187478
125803,2,0,187480
125804,2,0,187482
125805,2,0,187484
125806,1,0,187485
125807,4,0,187489
125808,1,0,187490
125809,2,0,187492
125810,1,0,187493
125811,1,0,187494
125812,1,0,187495
125813,4,0,187499
125814,1,0,187500
125815,5,0,187505
125816,1,0,187506
125817,2,0,187508
125818,1,0,187509
125819,1,0,187510
125820,1,0,187511
125821,1,0,187512
125822,2,0,187514
125823,1,0,187515
125824,2,0,187517
125825,1,0,187518
125826,2,0,187520
125827,1,0,187521
125828,2,0,187523
125829,1,0,187524
125830,2,0,187526
125831,1,0,187527
125832,1,0,187528
125833,1,0,187529
125834,1,0,187530
125835,1,0,187531
125836,2,0,187533
125837,1,0,187534
125838,1,0,187535
125839,1,0,187536
125840,1,0,187537
125841,1,0,187538
125842,1,0,187539
125843,1,0,187540
125844,2,0,187542
125845,1,0,187543
125846,5,0,187548
125847,1,0,187549
125848,1,0,187550
125849,1,0,187551
125850,1,0,187552
125851,1,0,187553
125852,1,0,187554
125853,1,0,187555
125854,1,0,187556
125855,2,0,187558
125856,3,0,187561
125857,1,0,187562
125858,2,0,187564
125859,1,0,187565
125860,1,0,187566
125861,2,0,187568
125862,1,0,187569
125863,1,0,187570
125864,2,0,187572
125865,5,0,187577
125866,4,0,187581
125867,1,0,187582
125868,2,0,187584
125869,1,0,187585
125870,1,0,187586
125871,1,0,187587
125872,1,0,187588
125873,1,0,187589
125874,4,0,187593
125875,1,0,187594
125876,1,0,187595
125877,1,0,187596
125878,1,0,187597
125879,1,0,187598
125880,1,0,187599
125881,1,0,187600
125882,2,0,187602
125883,1,0,187603
125884,1,0,187604
125885,1,0,187605
125886,1,0,187606
125887,1,0,187607
125888,1,0,187608
125889,3,0,187611
125890,1,0,187612
125891,1,0,187613
125892,1,0,187614
125893,1,0,187615
125894,1,0,187616
125895,1,0,187617
125896,2,0,187619
125897,3,0,187622
125898,1,0,187623
125899,2,0,187625
125900,1,0,187626
125901,1,0,187627
125902,1,0,187628
125903,1,0,187629
125904,1,0,187630
125905,1,0,187631
125906,3,0,187634
125907,1,0,187635
125908,1,0,187636
125909,1,0,187637
125910,1,0,187638
125911,1,0,187639
125912,1,0,187640
125913,1,0,187641
125914,2,0,187643
125915,1,0,187644
125916,1,0,187645
125917,2,0,187647
125918,1,0,187648
125919,1,0,187649
125920,1,0,187650
125921,2,0,187652
125922,1,0,187653
125923,1,0,187654
125924,1,0,187655
125925,2,0,187657
125926,1,0,187658
125927,3,0,187661
125928,1,0,187662
125929,1,0,187663
125930,1,0,187664
125931,3,0,187667
125932,1,0,187668
125933,3,0,187671
125934,5,0,187676
125935,1,0,187677
125936,1,0,187678
125937,2,0,187680
125938,2,0,187682
125939,1,0,187683
125940,2,0,187685
125941,2,0,187687
125942,2,0,187689
125943,1,0,187690
125944,3,0,187693
125945,2,0,187695
125946,1,0,187696
125947,1,0,187697
125948,2,0,187699
125949,1,0,187700
125950,1,0,187701
125951,1,0,187702
125952,1,0,187703
125953,1,0,187704
125954,1,0,187705
125955,1,0,187706
125956,1,0,187707
125957,3,0,187710
125958,1,0,187711
125959,1,0,187712
125960,1,0,187713
125961,1,0,187714
125962,1,0,187715
125963,2,0,187717
125964,1,0,187718
125965,1,0,187719
125966,3,0,187722
125967,3,0,187725
125968,1,0,187726
125969,3,0,187729
125970,1,0,187730
125971,1,0,187731
125972,1,0,187732
125973,1,0,187733
125974,2,0,187735
125975,3,0,187738
125976,2,0,187740
125977,1,0,187741
125978,2,0,187743
125979,3,0,187746
125980,1,0,187747
125981,2,0,187749
125982,1,0,187750
125983,1,0,187751
125984,3,0,187754
125985,2,0,187756
125986,1,0,187757
125987,3,0,187760
125988,1,0,187761
125989,2,0,187763
125990,1,0,187764
125991,2,0,187766
125992,1,0,187767
125993,1,0,187768
125994,1,0,187769
125995,1,0,187770
125996,1,0,187771
125997,1,0,187772
125998,1,0,187773
125999,1,0,187774
126000,2,0,187776
126001,1,0,187777
126002,2,0,187779
126003,3,0,187782
126004,2,0,187784
126005,1,0,187785
126006,1,0,187786
126007,1,0,187787
126008,3,0,187790
126009,1,0,187791
126010,1,0,187792
126011,1,0,187793
126012,1,0,187794
126013,1,0,187795
126014,1,0,187796
126015,1,0,187797
126016,2,0,187799
126017,1,0,187800
126018,2,0,187802
126019,1,0,187803
126020,2,0,187805
126021,1,0,187806
126022,1,0,187807
126023,1,0,187808
126024,1,0,187809
126025,1,0,187810
126026,1,0,187811
126027,1,0,187812
126028,3,0,187815
126029,3,0,187818
126030,1,0,187819
126031,2,0,187821
126032,1,0,187822
126033,1,0,187823
126034,1,0,187824
126035,2,0,187826
126036,2,0,187828
126037,2,0,187830
126038,2,0,187832
126039,2,0,187834
126040,1,0,187835
126041,1,0,187836
126042,2,0,187838
126043,1,0,187839
126044,1,0,187840
126045,1,0,187841
126046,3,0,187844
126047,1,0,187845
126048,3,0,187848
126049,1,0,187849
126050,1,0,187850
126051,1,0,187851
126052,1,0,187852
126053,1,0,187853
126054,1,0,187854
126055,3,0,187857
126056,1,0,187858
126057,1,0,187859
126058,1,0,187860
126059,1,0,187861
126060,1,0,187862
126061,1,0,187863
126062,2,0,187865
126063,1,0,187866
126064,2,0,187868
126065,1,0,187869
126066,1,0,187870
126067,1,0,187871
126068,2,0,187873
126069,3,0,187876
126070,1,0,187877
126071,1,0,187878
126072,1,0,187879
126073,1,0,187880
126074,1,0,187881
126075,1,0,187882
126076,1,0,187883
126077,3,0,187886
126078,1,0,187887
126079,2,0,187889
126080,1,0,187890
126081,1,0,187891
126082,3,0,187894
126083,2,0,187896
126084,5,0,187901
126085,1,0,187902
126086,1,0,187903
126087,2,0,187905
126088,6,0,187911
126089,5,0,187916
126090,1,0,187917
126091,1,0,187918
126092,1,0,187919
126093,5,0,187924
126094,2,0,187926
126095,1,0,187927
126096,2,0,187929
126097,3,0,187932
126098,1,0,187933
126099,1,0,187934
126100,3,0,187937
126101,1,0,187938
126102,1,0,187939
126103,1,0,187940
126104,1,0,187941
126105,2,0,187943
126106,1,0,187944
126107,2,0,187946
126108,1,0,187947
126109,3,0,187950
126110,1,0,187951
126111,1,0,187952
126112,1,0,187953
126113,1,0,187954
126114,1,0,187955
126115,1,0,187956
126116,1,0,187957
126117,1,0,187958
126118,9,0,187967
126119,1,0,187968
126120,1,0,187969
126121,1,0,187970
126122,1,0,187971
126123,2,0,187973
126124,2,0,187975
126125,3,0,187978
126126,2,0,187980
126127,3,0,187983
126128,1,0,187984
126129,1,0,187985
126130,2,0,187987
126131,1,0,187988
126132,1,0,187989
126133,1,0,187990
126134,2,0,187992
126135,2,0,187994
126136,4,0,187998
126137,2,0,188000
126138,1,0,188001
126139,1,0,188002
126140,1,0,188003
126141,1,0,188004
126142,1,0,188005
126143,1,0,188006
126144,1,0,188007
126145,2,0,188009
126146,1,0,188010
126147,1,0,188011
126148,1,0,188012
126149,2,0,188014
126150,1,0,188015
126151,3,0,188018
126152,1,0,188019
126153,2,0,188021
126154,3,0,188024
126155,1,0,188025
126156,2,0,188027
126157,1,0,188028
126158,1,0,188029
126159,1,0,188030
126160,1,0,188031
126161,1,0,188032
126162,1,0,188033
126163,2,0,188035
126164,2,0,188037
126165,3,0,188040
126166,1,0,188041
126167,1,0,188042
126168,1,0,188043
126169,2,0,188045
126170,2,0,188047
126171,3,0,188050
126172,1,0,188051
126173,5,0,188056
126174,4,0,188060
126175,1,0,188061
126176,1,0,188062
126177,3,0,188065
126178,1,0,188066
126179,1,0,188067
126180,1,0,188068
126181,1,0,188069
126182,1,0,188070
126183,1,0,188071
126184,2,0,188073
126185,1,0,188074
126186,2,0,188076
126187,1,0,188077
126188,1,0,188078
126189,1,0,188079
126190,2,0,188081
126191,1,0,188082
126192,1,0,188083
126193,1,0,188084
126194,1,0,188085
126195,1,0,188086
126196,1,0,188087
126197,1,0,188088
126198,2,0,188090
126199,1,0,188091
126200,3,0,188094
126201,1,0,188095
126202,1,0,188096
126203,2,0,188098
126204,2,0,188100
126205,1,0,188101
126206,1,0,188102
126207,2,0,188104
126208,2,0,188106
126209,3,0,188109
126210,1,0,188110
126211,1,0,188111
126212,2,0,188113
126213,2,0,188115
126214,1,0,188116
126215,2,0,188118
126216,1,0,188119
126217,1,0,188120
126218,2,0,188122
126219,3,0,188125
126220,1,0,188126
126221,2,0,188128
126222,1,0,188129
126223,1,0,188130
126224,3,0,188133
126225,4,0,188137
126226,2,0,188139
126227,1,0,188140
126228,1,0,188141
126229,2,0,188143
126230,2,0,188145
126231,1,0,188146
126232,1,0,188147
126233,1,0,188148
126234,2,0,188150
126235,1,0,188151
126236,3,0,188154
126237,5,0,188159
126238,1,0,188160
126239,2,0,188162
126240,1,0,188163
126241,1,0,188164
126242,1,0,188165
126243,1,0,188166
126244,1,0,188167
126245,1,0,188168
126246,1,0,188169
126247,2,0,188171
126248,2,0,188173
126249,3,0,188176
126250,1,0,188177
126251,1,0,188178
126252,2,0,188180
126253,1,0,188181
126254,1,0,188182
126255,1,0,188183
126256,2,0,188185
126257,1,0,188186
126258,4,0,188190
126259,2,0,188192
126260,1,0,188193
126261,2,0,188195
126262,1,0,188196
126263,2,0,188198
126264,1,0,188199
126265,1,0,188200
126266,1,0,188201
126267,2,0,188203
126268,3,0,188206
126269,3,0,188209
126270,1,0,188210
126271,1,0,188211
126272,1,0,188212
126273,3,0,188215
126274,2,0,188217
126275,1,0,188218
126276,1,0,188219
126277,1,0,188220
126278,1,0,188221
126279,1,0,188222
126280,2,0,188224
126281,1,0,188225
126282,2,0,188227
126283,1,0,188228
126284,1,0,188229
126285,1,0,188230
126286,1,0,188231
126287,1,0,188232
126288,1,0,188233
126289,1,0,188234
126290,1,0,188235
126291,1,0,188236
126292,2,0,188238
126293,2,0,188240
126294,1,0,188241
126295,1,0,188242
126296,1,0,188243
126297,1,0,188244
126298,3,0,188247
126299,4,0,188251
126300,1,0,188252
126301,2,0,188254
126302,2,0,188256
126303,1,0,188257
126304,1,0,188258
126305,1,0,188259
126306,1,0,188260
126307,2,0,188262
126308,1,0,188263
126309,3,0,188266
126310,1,0,188267
126311,2,0,188269
126312,2,0,188271
126313,1,0,188272
126314,3,0,188275
126315,1,0,188276
126316,1,0,188277
126317,1,0,188278
126318,1,0,188279
126319,1,0,188280
126320,2,0,188282
126321,1,0,188283
126322,1,0,188284
126323,1,0,188285
126324,1,0,188286
126325,1,0,188287
126326,2,0,188289
126327,2,0,188291
126328,1,0,188292
126329,1,0,188293
126330,1,0,188294
126331,1,0,188295
126332,1,0,188296
126333,3,0,188299
126334,1,0,188300
126335,1,0,188301
126336,1,0,188302
126337,1,0,188303
126338,2,0,188305
126339,1,0,188306
126340,1,0,188307
126341,1,0,188308
126342,1,0,188309
126343,1,0,188310
126344,1,0,188311
126345,1,0,188312
126346,2,0,188314
126347,1,0,188315
126348,1,0,188316
126349,1,0,188317
126350,1,0,188318
126351,1,0,188319
126352,1,0,188320
126353,1,0,188321
126354,1,0,188322
126355,1,0,188323
126356,2,0,188325
126357,1,0,188326
126358,2,0,188328
126359,1,0,188329
126360,2,0,188331
126361,1,0,188332
126362,1,0,188333
126363,1,0,188334
126364,1,0,188335
126365,4,0,188339
126366,1,0,188340
126367,1,0,188341
126368,2,0,188343
126369,1,0,188344
126370,1,0,188345
126371,1,0,188346
126372,2,0,188348
126373,1,0,188349
126374,1,0,188350
126375,3,0,188353
126376,3,0,188356
126377,3,0,188359
126378,1,0,188360
126379,2,0,188362
126380,2,0,188364
126381,1,0,188365
126382,1,0,188366
126383,2,0,188368
126384,2,0,188370
126385,2,0,188372
126386,2,0,188374
126387,1,0,188375
126388,1,0,188376
126389,1,0,188377
126390,1,0,188378
126391,1,0,188379
126392,1,0,188380
126393,1,0,188381
126394,3,0,188384
126395,1,0,188385
126396,2,0,188387
126397,2,0,188389
126398,1,0,188390
126399,1,0,188391
126400,1,0,188392
126401,2,0,188394
126402,1,0,188395
126403,1,0,188396
126404,1,0,188397
126405,2,0,188399
126406,1,0,188400
126407,1,0,188401
126408,2,0,188403
126409,1,0,188404
126410,2,0,188406
126411,1,0,188407
126412,1,0,188408
126413,2,0,188410
126414,2,0,188412
126415,2,0,188414
126416,1,0,188415
126417,1,0,188416
126418,1,0,188417
126419,1,0,188418
126420,2,0,188420
126421,1,0,188421
126422,2,0,188423
126423,1,0,188424
126424,1,0,188425
126425,1,0,188426
126426,2,0,188428
126427,1,0,188429
126428,1,0,188430
126429,1,0,188431
126430,1,0,188432
126431,1,0,188433
126432,1,0,188434
126433,1,0,188435
126434,1,0,188436
126435,2,0,188438
126436,1,0,188439
126437,1,0,188440
126438,2,0,188442
126439,1,0,188443
126440,2,0,188445
126441,1,0,188446
126442,1,0,188447
126443,1,0,188448
126444,3,0,188451
126445,2,0,188453
126446,2,0,188455
126447,1,0,188456
126448,2,0,188458
126449,1,0,188459
126450,1,0,188460
126451,3,0,188463
126452,1,0,188464
126453,1,0,188465
126454,1,0,188466
126455,1,0,188467
126456,2,0,188469
126457,1,0,188470
126458,1,0,188471
126459,1,0,188472
126460,3,0,188475
126461,1,0,188476
126462,1,0,188477
126463,1,0,188478
126464,1,0,188479
126465,1,0,188480
126466,1,0,188481
126467,1,0,188482
126468,1,0,188483
126469,1,0,188484
126470,1,0,188485
126471,1,0,188486
126472,2,0,188488
126473,1,0,188489
126474,1,0,188490
126475,1,0,188491
126476,1,0,188492
126477,1,0,188493
126478,1,0,188494
126479,1,0,188495
126480,1,0,188496
126481,2,0,188498
126482,3,0,188501
126483,2,0,188503
126484,1,0,188504
126485,3,0,188507
126486,5,0,188512
126487,2,0,188514
126488,1,0,188515
126489,1,0,188516
126490,1,0,188517
126491,1,0,188518
126492,4,0,188522
126493,1,0,188523
126494,3,0,188526
126495,1,0,188527
126496,1,0,188528
126497,2,0,188530
126498,2,0,188532
126499,6,0,188538
126500,1,0,188539
126501,1,0,188540
126502,3,0,188543
126503,1,0,188544
126504,1,0,188545
126505,1,0,188546
126506,3,0,188549
126507,1,0,188550
126508,1,0,188551
126509,1,0,188552
126510,1,0,188553
126511,2,0,188555
126512,1,0,188556
126513,1,0,188557
126514,1,0,188558
126515,1,0,188559
126516,1,0,188560
126517,1,0,188561
126518,1,0,188562
126519,2,0,188564
126520,1,0,188565
126521,1,0,188566
126522,2,0,188568
126523,1,0,188569
126524,3,0,188572
126525,1,0,188573
126526,1,0,188574
126527,3,0,188577
126528,1,0,188578
126529,1,0,188579
126530,1,0,188580
126531,1,0,188581
126532,1,0,188582
126533,1,0,188583
126534,1,0,188584
126535,4,0,188588
126536,1,0,188589
126537,2,0,188591
126538,2,0,188593
126539,1,0,188594
126540,1,0,188595
126541,1,0,188596
126542,1,0,188597
126543,1,0,188598
126544,1,0,188599
126545,1,0,188600
126546,1,0,188601
126547,1,0,188602
126548,1,0,188603
126549,1,0,188604
126550,2,0,188606
126551,1,0,188607
126552,2,0,188609
126553,1,0,188610
126554,1,0,188611
126555,3,0,188614
126556,1,0,188615
126557,1,0,188616
126558,1,0,188617
126559,1,0,188618
126560,1,0,188619
126561,1,0,188620
126562,1,0,188621
126563,1,0,188622
126564,1,0,188623
126565,1,0,188624
126566,1,0,188625
126567,2,0,188627
126568,1,0,188628
126569,2,0,188630
126570,1,0,188631
126571,1,0,188632
126572,1,0,188633
126573,1,0,188634
126574,3,0,188637
126575,1,0,188638
126576,1,0,188639
126577,1,0,188640
126578,2,0,188642
126579,1,0,188643
126580,1,0,188644
126581,1,0,188645
126582,2,0,188647
126583,1,0,188648
126584,1,0,188649
126585,2,0,188651
126586,1,0,188652
126587,1,0,188653
126588,3,0,188656
126589,1,0,188657
126590,1,0,188658
126591,5,0,188663
126592,1,0,188664
126593,2,0,188666
126594,1,0,188667
126595,2,0,188669
126596,2,0,188671
126597,1,0,188672
126598,1,0,188673
126599,1,0,188674
126600,5,0,188679
126601,1,0,188680
126602,1,0,188681
126603,2,0,188683
126604,3,0,188686
126605,1,0,188687
126606,1,0,188688
126607,2,0,188690
126608,3,0,188693
126609,1,0,188694
126610,2,0,188696
126611,1,0,188697
126612,1,0,188698
126613,1,0,188699
126614,1,0,188700
126615,1,0,188701
126616,2,0,188703
126617,2,0,188705
126618,1,0,188706
126619,1,0,188707
126620,1,0,188708
126621,1,0,188709
126622,1,0,188710
126623,3,0,188713
126624,1,0,188714
126625,1,0,188715
126626,1,0,188716
126627,3,0,188719
126628,1,0,188720
126629,3,0,188723
126630,1,0,188724
126631,1,0,188725
126632,1,0,188726
126633,2,0,188728
126634,1,0,188729
126635,1,0,188730
126636,3,0,188733
126637,1,0,188734
126638,2,0,188736
126639,1,0,188737
126640,2,0,188739
126641,1,0,188740
126642,1,0,188741
126643,1,0,188742
126644,2,0,188744
126645,1,0,188745
126646,1,0,188746
126647,1,0,188747
126648,1,0,188748
126649,3,0,188751
126650,1,0,188752
126651,1,0,188753
126652,1,0,188754
126653,1,0,188755
126654,2,0,188757
126655,1,0,188758
126656,2,0,188760
126657,2,0,188762
126658,1,0,188763
126659,1,0,188764
126660,3,0,188767
126661,1,0,188768
126662,2,0,188770
126663,1,0,188771
126664,1,0,188772
126665,1,0,188773
126666,1,0,188774
126667,1,0,188775
126668,6,0,188781
126669,3,0,188784
126670,1,0,188785
126671,2,0,188787
126672,1,0,188788
126673,1,0,188789
126674,2,0,188791
126675,1,0,188792
126676,1,0,188793
126677,1,0,188794
126678,1,0,188795
126679,1,0,188796
126680,2,0,188798
126681,1,0,188799
126682,2,0,188801
126683,1,0,188802
126684,1,0,188803
126685,1,0,188804
126686,1,0,188805
126687,1,0,188806
126688,1,0,188807
126689,1,0,188808
126690,2,0,188810
126691,2,0,188812
126692,1,0,188813
126693,1,0,188814
126694,2,0,188816
126695,1,0,188817
126696,1,0,188818
126697,2,0,188820
126698,3,0,188823
126699,2,0,188825
126700,1,0,188826
126701,1,0,188827
126702,1,0,188828
126703,1,0,188829
126704,1,0,188830
126705,1,0,188831
126706,1,0,188832
126707,1,0,188833
126708,1,0,188834
126709,2,0,188836
126710,2,0,188838
126711,1,0,188839
126712,1,0,188840
126713,1,0,188841
126714,2,0,188843
126715,1,0,188844
126716,1,0,188845
126717,1,0,188846
126718,1,0,188847
126719,1,0,188848
126720,1,0,188849
126721,2,0,188851
126722,1,0,188852
126723,1,0,188853
126724,2,0,188855
126725,1,0,188856
126726,4,0,188860
126727,1,0,188861
126728,1,0,188862
126729,1,0,188863
126730,1,0,188864
126731,2,0,188866
126732,1,0,188867
126733,1,0,188868
126734,1,0,188869
126735,1,0,188870
126736,1,0,188871
126737,1,0,188872
126738,2,0,188874
126739,3,0,188877
126740,1,0,188878
126741,1,0,188879
126742,1,0,188880
126743,1,0,188881
126744,1,0,188882
126745,1,0,188883
126746,1,0,188884
126747,1,0,188885
126748,2,0,188887
126749,1,0,188888
126750,1,0,188889
126751,2,0,188891
126752,1,0,188892
126753,3,0,188895
126754,1,0,188896
126755,1,0,188897
126756,2,0,188899
126757,1,0,188900
126758,3,0,188903
126759,5,0,188908
126760,1,0,188909
126761,1,0,188910
126762,1,0,188911
126763,1,0,188912
126764,1,0,188913
126765,2,0,188915
126766,1,0,188916
126767,2,0,188918
126768,1,0,188919
126769,2,0,188921
126770,2,0,188923
126771,1,0,188924
126772,1,0,188925
126773,1,0,188926
126774,1,0,188927
126775,1,0,188928
126776,1,0,188929
126777,1,0,188930
126778,1,0,188931
126779,2,0,188933
126780,1,0,188934
126781,2,0,188936
126782,2,0,188938
126783,1,0,188939
126784,1,0,188940
126785,1,0,188941
126786,2,0,188943
126787,3,0,188946
126788,2,0,188948
126789,2,0,188950
126790,2,0,188952
126791,1,0,188953
126792,2,0,188955
126793,4,0,188959
126794,1,0,188960
126795,1,0,188961
126796,1,0,188962
126797,1,0,188963
126798,1,0,188964
126799,1,0,188965
126800,2,0,188967
126801,2,0,188969
126802,2,0,188971
126803,1,0,188972
126804,1,0,188973
126805,1,0,188974
126806,1,0,188975
126807,1,0,188976
126808,5,0,188981
126809,1,0,188982
126810,1,0,188983
126811,1,0,188984
126812,1,0,188985
126813,1,0,188986
126814,1,0,188987
126815,1,0,188988
126816,3,0,188991
126817,4,0,188995
126818,1,0,188996
126819,1,0,188997
126820,1,0,188998
126821,1,0,188999
126822,1,0,189000
126823,4,0,189004
126824,4,0,189008
126825,1,0,189009
126826,1,0,189010
126827,1,0,189011
126828,2,0,189013
126829,1,0,189014
126830,1,0,189015
126831,1,0,189016
126832,1,0,189017
126833,1,0,189018
126834,1,0,189019
126835,1,0,189020
126836,1,0,189021
126837,2,0,189023
126838,1,0,189024
126839,3,0,189027
126840,4,0,189031
126841,1,0,189032
126842,2,0,189034
126843,1,0,189035
126844,1,0,189036
126845,1,0,189037
126846,1,0,189038
126847,1,0,189039
126848,1,0,189040
126849,2,0,189042
126850,3,0,189045
126851,1,0,189046
126852,3,0,189049
126853,1,0,189050
126854,1,0,189051
126855,1,0,189052
126856,1,0,189053
126857,1,0,189054
126858,2,0,189056
126859,1,0,189057
126860,1,0,189058
126861,1,0,189059
126862,1,0,189060
126863,2,0,189062
126864,1,0,189063
126865,1,0,189064
126866,1,0,189065
126867,1,0,189066
126868,4,0,189070
126869,1,0,189071
126870,2,0,189073
126871,1,0,189074
126872,5,0,189079
126873,2,0,189081
126874,1,0,189082
126875,1,0,189083
126876,2,0,189085
126877,1,0,189086
126878,1,0,189087
126879,2,0,189089
126880,1,0,189090
126881,2,0,189092
126882,1,0,189093
126883,1,0,189094
126884,2,0,189096
126885,5,0,189101
126886,1,0,189102
126887,2,0,189104
126888,1,0,189105
126889,1,0,189106
126890,1,0,189107
126891,1,0,189108
126892,1,0,189109
126893,1,0,189110
126894,1,0,189111
126895,1,0,189112
126896,1,0,189113
126897,1,0,189114
126898,1,0,189115
126899,2,0,189117
126900,1,0,189118
126901,3,0,189121
126902,1,0,189122
126903,1,0,189123
126904,1,0,189124
126905,1,0,189125
126906,1,0,189126
126907,1,0,189127
126908,1,0,189128
126909,1,0,189129
126910,2,0,189131
126911,1,0,189132
126912,1,0,189133
126913,2,0,189135
126914,1,0,189136
126915,2,0,189138
126916,1,0,189139
126917,1,0,189140
126918,5,0,189145
126919,1,0,189146
126920,1,0,189147
126921,1,0,189148
126922,3,0,189151
126923,1,0,189152
126924,1,0,189153
126925,2,0,189155
126926,1,0,189156
126927,1,0,189157
126928,1,0,189158
126929,1,0,189159
126930,1,0,189160
126931,1,0,189161
126932,2,0,189163
126933,1,0,189164
126934,1,0,189165
126935,1,0,189166
126936,1,0,189167
126937,2,0,189169
126938,3,0,189172
126939,3,0,189175
126940,1,0,189176
126941,1,0,189177
126942,2,0,189179
126943,1,0,189180
126944,8,0,189188
126945,1,0,189189
126946,4,0,189193
126947,1,0,189194
126948,1,0,189195
126949,1,0,189196
126950,3,0,189199
126951,2,0,189201
126952,2,0,189203
126953,1,0,189204
126954,1,0,189205
126955,1,0,189206
126956,3,0,189209
126957,2,0,189211
126958,4,0,189215
126959,1,0,189216
126960,1,0,189217
126961,2,0,189219
126962,1,0,189220
126963,2,0,189222
126964,1,0,189223
126965,1,0,189224
126966,1,0,189225
126967,1,0,189226
126968,2,0,189228
126969,2,0,189230
126970,1,0,189231
126971,1,0,189232
126972,2,0,189234
126973,1,0,189235
126974,2,0,189237
126975,1,0,189238
126976,1,0,189239
126977,3,0,189242
126978,4,0,189246
126979,1,0,189247
126980,1,0,189248
126981,3,0,189251
126982,1,0,189252
126983,2,0,189254
126984,1,0,189255
126985,1,0,189256
126986,1,0,189257
126987,2,0,189259
126988,1,0,189260
126989,1,0,189261
126990,1,0,189262
126991,1,0,189263
126992,1,0,189264
126993,1,0,189265
126994,1,0,189266
126995,1,0,189267
126996,1,0,189268
126997,1,0,189269
126998,1,0,189270
126999,1,0,189271
127000,2,0,189273
127001,1,0,189274
127002,1,0,189275
127003,1,0,189276
127004,1,0,189277
127005,2,0,189279
127006,1,0,189280
127007,1,0,189281
127008,1,0,189282
127009,1,0,189283
127010,1,0,189284
127011,3,0,189287
127012,2,0,189289
127013,1,0,189290
127014,1,0,189291
127015,2,0,189293
127016,1,0,189294
127017,3,0,189297
127018,2,0,189299
127019,1,0,189300
127020,1,0,189301
127021,2,0,189303
127022,1,0,189304
127023,1,0,189305
127024,6,0,189311
127025,1,0,189312
127026,1,0,189313
127027,1,0,189314
127028,1,0,189315
127029,2,0,189317
127030,2,0,189319
127031,3,0,189322
127032,1,0,189323
127033,2,0,189325
127034,1,0,189326
127035,1,0,189327
127036,2,0,189329
127037,1,0,189330
127038,2,0,189332
127039,1,0,189333
127040,1,0,189334
127041,2,0,189336
127042,1,0,189337
127043,1,0,189338
127044,1,0,189339
127045,1,0,189340
127046,3,0,189343
127047,1,0,189344
127048,1,0,189345
127049,2,0,189347
127050,2,0,189349
127051,1,0,189350
127052,1,0,189351
127053,2,0,189353
127054,1,0,189354
127055,2,0,189356
127056,2,0,189358
127057,1,0,189359
127058,1,0,189360
127059,1,0,189361
127060,2,0,189363
127061,1,0,189364
127062,1,0,189365
127063,1,0,189366
127064,1,0,189367
127065,1,0,189368
127066,2,0,189370
127067,1,0,189371
127068,1,0,189372
127069,1,0,189373
127070,1,0,189374
127071,1,0,189375
127072,4,0,189379
127073,4,0,189383
127074,1,0,189384
127075,2,0,189386
127076,1,0,189387
127077,1,0,189388
127078,1,0,189389
127079,4,0,189393
127080,1,0,189394
127081,1,0,189395
127082,1,0,189396
127083,1,0,189397
127084,1,0,189398
127085,1,0,189399
127086,1,0,189400
127087,2,0,189402
127088,1,0,189403
127089,1,0,189404
127090,6,0,189410
127091,3,0,189413
127092,3,0,189416
127093,1,0,189417
127094,1,0,189418
127095,1,0,189419
127096,1,0,189420
127097,1,0,189421
127098,2,0,189423
127099,1,0,189424
127100,1,0,189425
127101,1,0,189426
127102,1,0,189427
127103,1,0,189428
127104,1,0,189429
127105,1,0,189430
127106,2,0,189432
127107,2,0,189434
127108,1,0,189435
127109,2,0,189437
127110,2,0,189439
127111,1,0,189440
127112,1,0,189441
127113,2,0,189443
127114,1,0,189444
127115,1,0,189445
127116,1,0,189446
127117,1,0,189447
127118,1,0,189448
127119,1,0,189449
127120,1,0,189450
127121,1,0,189451
127122,1,0,189452
127123,2,0,189454
127124,1,0,189455
127125,1,0,189456
127126,1,0,189457
127127,1,0,189458
127128,1,0,189459
127129,3,0,189462
127130,1,0,189463
127131,1,0,189464
127132,1,0,189465
127133,1,0,189466
127134,1,0,189467
127135,1,0,189468
127136,3,0,189471
127137,1,0,189472
127138,2,0,189474
127139,2,0,189476
127140,2,0,189478
127141,1,0,189479
127142,1,0,189480
127143,1,0,189481
127144,2,0,189483
127145,1,0,189484
127146,1,0,189485
127147,2,0,189487
127148,1,0,189488
127149,1,0,189489
127150,2,0,189491
127151,1,0,189492
127152,1,0,189493
127153,2,0,189495
127154,1,0,189496
127155,1,0,189497
127156,1,0,189498
127157,1,0,189499
127158,3,0,189502
127159,2,0,189504
127160,2,0,189506
127161,1,0,189507
127162,2,0,189509
127163,1,0,189510
127164,1,0,189511
127165,2,0,189513
127166,1,0,189514
127167,1,0,189515
127168,2,0,189517
127169,1,0,189518
127170,1,0,189519
127171,1,0,189520
127172,1,0,189521
127173,3,0,189524
127174,1,0,189525
127175,1,0,189526
127176,3,0,189529
127177,1,0,189530
127178,2,0,189532
127179,1,0,189533
127180,2,0,189535
127181,2,0,189537
127182,1,0,189538
127183,2,0,189540
127184,2,0,189542
127185,3,0,189545
127186,2,0,189547
127187,1,0,189548
127188,1,0,189549
127189,1,0,189550
127190,1,0,189551
127191,3,0,189554
127192,1,0,189555
127193,3,0,189558
127194,1,0,189559
127195,1,0,189560
127196,1,0,189561
127197,1,0,189562
127198,2,0,189564
127199,1,0,189565
127200,1,0,189566
127201,1,0,189567
127202,3,0,189570
127203,1,0,189571
127204,1,0,189572
127205,2,0,189574
127206,2,0,189576
127207,2,0,189578
127208,2,0,189580
127209,1,0,189581
127210,2,0,189583
127211,1,0,189584
127212,1,0,189585
127213,1,0,189586
127214,1,0,189587
127215,1,0,189588
127216,1,0,189589
127217,1,0,189590
127218,2,0,189592
127219,2,0,189594
127220,2,0,189596
127221,1,0,189597
127222,3,0,189600
127223,3,0,189603
127224,1,0,189604
127225,1,0,189605
127226,1,0,189606
127227,1,0,189607
127228,1,0,189608
127229,3,0,189611
127230,1,0,189612
127231,1,0,189613
127232,2,0,189615
127233,1,0,189616
127234,2,0,189618
127235,4,0,189622
127236,1,0,189623
127237,2,0,189625
127238,1,0,189626
127239,4,0,189630
127240,2,0,189632
127241,1,0,189633
127242,1,0,189634
127243,1,0,189635
127244,1,0,189636
127245,1,0,189637
127246,1,0,189638
127247,2,0,189640
127248,2,0,189642
127249,1,0,189643
127250,1,0,189644
127251,1,0,189645
127252,3,0,189648
127253,2,0,189650
127254,2,0,189652
127255,1,0,189653
127256,2,0,189655
127257,1,0,189656
127258,1,0,189657
127259,3,0,189660
127260,1,0,189661
127261,1,0,189662
127262,2,0,189664
127263,1,0,189665
127264,2,0,189667
127265,1,0,189668
127266,1,0,189669
127267,1,0,189670
127268,1,0,189671
127269,1,0,189672
127270,1,0,189673
127271,1,0,189674
127272,1,0,189675
127273,1,0,189676
127274,1,0,189677
127275,1,0,189678
127276,1,0,189679
127277,2,0,189681
127278,4,0,189685
127279,1,0,189686
127280,2,0,189688
127281,3,0,189691
127282,2,0,189693
127283,1,0,189694
127284,1,0,189695
127285,1,0,189696
127286,3,0,189699
127287,1,0,189700
127288,1,0,189701
127289,3,0,189704
127290,1,0,189705
127291,1,0,189706
127292,1,0,189707
127293,1,0,189708
127294,1,0,189709
127295,2,0,189711
127296,1,0,189712
127297,1,0,189713
127298,1,0,189714
127299,1,0,189715
127300,2,0,189717
127301,1,0,189718
127302,1,0,189719
127303,1,0,189720
127304,1,0,189721
127305,1,0,189722
127306,1,0,189723
127307,1,0,189724
127308,2,0,189726
127309,1,0,189727
127310,1,0,189728
127311,1,0,189729
127312,1,0,189730
127313,2,0,189732
127314,1,0,189733
127315,1,0,189734
127316,1,0,189735
127317,1,0,189736
127318,1,0,189737
127319,1,0,189738
127320,1,0,189739
127321,1,0,189740
127322,1,0,189741
127323,1,0,189742
127324,2,0,189744
127325,1,0,189745
127326,1,0,189746
127327,2,0,189748
127328,1,0,189749
127329,1,0,189750
127330,1,0,189751
127331,3,0,189754
127332,1,0,189755
127333,1,0,189756
127334,1,0,189757
127335,1,0,189758
127336,1,0,189759
127337,3,0,189762
127338,1,0,189763
127339,1,0,189764
127340,1,0,189765
127341,2,0,189767
127342,3,0,189770
127343,1,0,189771
127344,1,0,189772
127345,2,0,189774
127346,1,0,189775
127347,2,0,189777
127348,2,0,189779
127349,3,0,189782
127350,3,0,189785
127351,2,0,189787
127352,1,0,189788
127353,1,0,189789
127354,2,0,189791
127355,1,0,189792
127356,1,0,189793
127357,1,0,189794
127358,1,0,189795
127359,1,0,189796
127360,1,0,189797
127361,2,0,189799
127362,1,0,189800
127363,1,0,189801
127364,3,0,189804
127365,2,0,189806
127366,3,0,189809
127367,1,0,189810
127368,2,0,189812
127369,1,0,189813
127370,2,0,189815
127371,1,0,189816
127372,1,0,189817
127373,2,0,189819
127374,3,0,189822
127375,3,0,189825
127376,2,0,189827
127377,1,0,189828
127378,1,0,189829
127379,1,0,189830
127380,1,0,189831
127381,1,0,189832
127382,1,0,189833
127383,1,0,189834
127384,1,0,189835
127385,1,0,189836
127386,4,0,189840
127387,1,0,189841
127388,1,0,189842
127389,3,0,189845
127390,2,0,189847
127391,1,0,189848
127392,3,0,189851
127393,1,0,189852
127394,1,0,189853
127395,1,0,189854
127396,1,0,189855
127397,1,0,189856
127398,1,0,189857
127399,2,0,189859
127400,1,0,189860
127401,1,0,189861
127402,1,0,189862
127403,2,0,189864
127404,2,0,189866
127405,1,0,189867
127406,1,0,189868
127407,3,0,189871
127408,6,0,189877
127409,1,0,189878
127410,2,0,189880
127411,2,0,189882
127412,1,0,189883
127413,2,0,189885
127414,1,0,189886
127415,1,0,189887
127416,1,0,189888
127417,1,0,189889
127418,2,0,189891
127419,1,0,189892
127420,2,0,189894
127421,1,0,189895
127422,1,0,189896
127423,1,0,189897
127424,1,0,189898
127425,1,0,189899
127426,1,0,189900
127427,1,0,189901
127428,2,0,189903
127429,2,0,189905
127430,1,0,189906
127431,1,0,189907
127432,1,0,189908
127433,2,0,189910
127434,1,0,189911
127435,1,0,189912
127436,2,0,189914
127437,2,0,189916
127438,1,0,189917
127439,1,0,189918
127440,1,0,189919
127441,2,0,189921
127442,2,0,189923
127443,1,0,189924
127444,1,0,189925
127445,3,0,189928
127446,2,0,189930
127447,1,0,189931
127448,1,0,189932
127449,1,0,189933
127450,1,0,189934
127451,1,0,189935
127452,1,0,189936
127453,1,0,189937
127454,6,0,189943
127455,2,0,189945
127456,3,0,189948
127457,1,0,189949
127458,1,0,189950
127459,2,0,189952
127460,1,0,189953
127461,1,0,189954
127462,1,0,189955
127463,1,0,189956
127464,1,0,189957
127465,1,0,189958
127466,3,0,189961
127467,1,0,189962
127468,1,0,189963
127469,1,0,189964
127470,1,0,189965
127471,1,0,189966
127472,1,0,189967
127473,1,0,189968
127474,2,0,189970
127475,1,0,189971
127476,1,0,189972
127477,1,0,189973
127478,1,0,189974
127479,2,0,189976
127480,1,0,189977
127481,1,0,189978
127482,2,0,189980
127483,1,0,189981
127484,1,0,189982
127485,2,0,189984
127486,1,0,189985
127487,1,0,189986
127488,2,0,189988
127489,1,0,189989
127490,1,0,189990
127491,1,0,189991
127492,1,0,189992
127493,1,0,189993
127494,1,0,189994
127495,1,0,189995
127496,1,0,189996
127497,1,0,189997
127498,1,0,189998
127499,1,0,189999
127500,1,0,190000
127501,2,0,190002
127502,1,0,190003
127503,1,0,190004
127504,2,0,190006
127505,1,0,190007
127506,1,0,190008
127507,1,0,190009
127508,1,0,190010
127509,1,0,190011
127510,1,0,190012
127511,1,0,190013
127512,1,0,190014
127513,1,0,190015
127514,3,0,190018
127515,1,0,190019
127516,3,0,190022
127517,1,0,190023
127518,3,0,190026
127519,2,0,190028
127520,2,0,190030
127521,1,0,190031
127522,1,0,190032
127523,1,0,190033
127524,1,0,190034
127525,1,0,190035
127526,1,0,190036
127527,1,0,190037
127528,1,0,190038
127529,1,0,190039
127530,2,0,190041
127531,3,0,190044
127532,3,0,190047
127533,1,0,190048
127534,1,0,190049
127535,1,0,190050
127536,1,0,190051
127537,1,0,190052
127538,1,0,190053
127539,2,0,190055
127540,1,0,190056
127541,1,0,190057
127542,2,0,190059
127543,4,0,190063
127544,1,0,190064
127545,1,0,190065
127546,2,0,190067
127547,1,0,190068
127548,1,0,190069
127549,1,0,190070
127550,2,0,190072
127551,1,0,190073
127552,2,0,190075
127553,1,0,190076
127554,1,0,190077
127555,1,0,190078
127556,2,0,190080
127557,1,0,190081
127558,2,0,190083
127559,1,0,190084
127560,4,0,190088
127561,1,0,190089
127562,1,0,190090
127563,2,0,190092
127564,1,0,190093
127565,1,0,190094
127566,1,0,190095
127567,2,0,190097
127568,1,0,190098
127569,1,0,190099
127570,1,0,190100
127571,1,0,190101
127572,1,0,190102
127573,1,0,190103
127574,1,0,190104
127575,1,0,190105
127576,1,0,190106
127577,1,0,190107
127578,4,0,190111
127579,1,0,190112
127580,1,0,190113
127581,1,0,190114
127582,1,0,190115
127583,1,0,190116
127584,1,0,190117
127585,1,0,190118
127586,1,0,190119
127587,2,0,190121
127588,1,0,190122
127589,1,0,190123
127590,1,0,190124
127591,1,0,190125
127592,1,0,190126
127593,1,0,190127
127594,2,0,190129
127595,1,0,190130
127596,2,0,190132
127597,2,0,190134
127598,1,0,190135
127599,1,0,190136
127600,1,0,190137
127601,2,0,190139
127602,1,0,190140
127603,1,0,190141
127604,3,0,190144
127605,1,0,190145
127606,1,0,190146
127607,1,0,190147
127608,3,0,190150
127609,1,0,190151
127610,1,0,190152
127611,1,0,190153
127612,1,0,190154
127613,1,0,190155
127614,1,0,190156
127615,2,0,190158
127616,1,0,190159
127617,1,0,190160
127618,1,0,190161
127619,1,0,190162
127620,1,0,190163
127621,2,0,190165
127622,1,0,190166
127623,1,0,190167
127624,1,0,190168
127625,3,0,190171
127626,3,0,190174
127627,1,0,190175
127628,1,0,190176
127629,2,0,190178
127630,1,0,190179
127631,1,0,190180
127632,1,0,190181
127633,1,0,190182
127634,2,0,190184
127635,2,0,190186
127636,1,0,190187
127637,2,0,190189
127638,2,0,190191
127639,1,0,190192
127640,1,0,190193
127641,1,0,190194
127642,1,0,190195
127643,1,0,190196
127644,2,0,190198
127645,1,0,190199
127646,3,0,190202
127647,1,0,190203
127648,1,0,190204
127649,2,0,190206
127650,1,0,190207
127651,1,0,190208
127652,1,0,190209
127653,4,0,190213
127654,1,0,190214
127655,1,0,190215
127656,1,0,190216
127657,2,0,190218
127658,1,0,190219
127659,1,0,190220
127660,1,0,190221
127661,1,0,190222
127662,4,0,190226
127663,3,0,190229
127664,1,0,190230
127665,1,0,190231
127666,1,0,190232
127667,1,0,190233
127668,1,0,190234
127669,2,0,190236
127670,1,0,190237
127671,1,0,190238
127672,1,0,190239
127673,1,0,190240
127674,1,0,190241
127675,1,0,190242
127676,1,0,190243
127677,1,0,190244
127678,1,0,190245
127679,1,0,190246
127680,1,0,190247
127681,1,0,190248
127682,2,0,190250
127683,1,0,190251
127684,3,0,190254
127685,1,0,190255
127686,2,0,190257
127687,1,0,190258
127688,1,0,190259
127689,2,0,190261
127690,1,0,190262
127691,1,0,190263
127692,1,0,190264
127693,3,0,190267
127694,1,0,190268
127695,1,0,190269
127696,1,0,190270
127697,1,0,190271
127698,1,0,190272
127699,1,0,190273
127700,1,0,190274
127701,1,0,190275
127702,2,0,190277
127703,1,0,190278
127704,1,0,190279
127705,2,0,190281
127706,2,0,190283
127707,1,0,190284
127708,3,0,190287
127709,2,0,190289
127710,1,0,190290
127711,1,0,190291
127712,1,0,190292
127713,1,0,190293
127714,1,0,190294
127715,3,0,190297
127716,1,0,190298
127717,2,0,190300
127718,1,0,190301
127719,2,0,190303
127720,2,0,190305
127721,1,0,190306
127722,2,0,190308
127723,1,0,190309
127724,2,0,190311
127725,1,0,190312
127726,1,0,190313
127727,3,0,190316
127728,1,0,190317
127729,1,0,190318
127730,1,0,190319
127731,3,0,190322
127732,2,0,190324
127733,2,0,190326
127734,1,0,190327
127735,2,0,190329
127736,1,0,190330
127737,1,0,190331
127738,1,0,190332
127739,1,0,190333
127740,2,0,190335
127741,1,0,190336
127742,1,0,190337
127743,1,0,190338
127744,2,0,190340
127745,1,0,190341
127746,2,0,190343
127747,1,0,190344
127748,1,0,190345
127749,1,0,190346
127750,3,0,190349
127751,1,0,190350
127752,1,0,190351
127753,1,0,190352
127754,2,0,190354
127755,1,0,190355
127756,1,0,190356
127757,1,0,190357
127758,1,0,190358
127759,2,0,190360
127760,2,0,190362
127761,2,0,190364
127762,1,0,190365
127763,2,0,190367
127764,1,0,190368
127765,2,0,190370
127766,1,0,190371
127767,2,0,190373
127768,1,0,190374
127769,1,0,190375
127770,1,0,190376
127771,1,0,190377
127772,1,0,190378
127773,1,0,190379
127774,1,0,190380
127775,1,0,190381
127776,3,0,190384
127777,1,0,190385
127778,1,0,190386
127779,1,0,190387
127780,1,0,190388
127781,2,0,190390
127782,2,0,190392
127783,1,0,190393
127784,2,0,190395
127785,4,0,190399
127786,1,0,190400
127787,1,0,190401
127788,2,0,190403
127789,2,0,190405
127790,1,0,190406
127791,1,0,190407
127792,1,0,190408
127793,2,0,190410
127794,1,0,190411
127795,2,0,190413
127796,2,0,190415
127797,1,0,190416
127798,1,0,190417
127799,2,0,190419
127800,1,0,190420
127801,1,0,190421
127802,1,0,190422
127803,1,0,190423
127804,1,0,190424
127805,1,0,190425
127806,3,0,190428
127807,1,0,190429
127808,1,0,190430
127809,1,0,190431
127810,1,0,190432
127811,2,0,190434
127812,1,0,190435
127813,4,0,190439
127814,2,0,190441
127815,1,0,190442
127816,1,0,190443
127817,2,0,190445
127818,1,0,190446
127819,1,0,190447
127820,1,0,190448
127821,1,0,190449
127822,1,0,190450
127823,3,0,190453
127824,1,0,190454
127825,1,0,190455
127826,1,0,190456
127827,1,0,190457
127828,1,0,190458
127829,1,0,190459
127830,1,0,190460
127831,1,0,190461
127832,1,0,190462
127833,1,0,190463
127834,2,0,190465
127835,1,0,190466
127836,2,0,190468
127837,2,0,190470
127838,1,0,190471
127839,1,0,190472
127840,3,0,190475
127841,2,0,190477
127842,1,0,190478
127843,2,0,190480
127844,1,0,190481
127845,1,0,190482
127846,2,0,190484
127847,1,0,190485
127848,1,0,190486
127849,2,0,190488
127850,1,0,190489
127851,2,0,190491
127852,1,0,190492
127853,1,0,190493
127854,1,0,190494
127855,2,0,190496
127856,1,0,190497
127857,3,0,190500
127858,2,0,190502
127859,1,0,190503
127860,1,0,190504
127861,1,0,190505
127862,2,0,190507
127863,1,0,190508
127864,1,0,190509
127865,1,0,190510
127866,1,0,190511
127867,1,0,190512
127868,1,0,190513
127869,2,0,190515
127870,1,0,190516
127871,2,0,190518
127872,1,0,190519
127873,1,0,190520
127874,1,0,190521
127875,1,0,190522
127876,1,0,190523
127877,2,0,190525
127878,1,0,190526
127879,1,0,190527
127880,1,0,190528
127881,1,0,190529
127882,1,0,190530
127883,1,0,190531
127884,2,0,190533
127885,1,0,190534
127886,2,0,190536
127887,2,0,190538
127888,2,0,190540
127889,1,0,190541
127890,3,0,190544
127891,1,0,190545
127892,1,0,190546
127893,1,0,190547
127894,2,0,190549
127895,1,0,190550
127896,1,0,190551
127897,1,0,190552
127898,1,0,190553
127899,1,0,190554
127900,1,0,190555
127901,1,0,190556
127902,1,0,190557
127903,1,0,190558
127904,2,0,190560
127905,3,0,190563
127906,2,0,190565
127907,1,0,190566
127908,2,0,190568
127909,2,0,190570
127910,1,0,190571
127911,1,0,190572
127912,1,0,190573
127913,1,0,190574
127914,1,0,190575
127915,1,0,190576
127916,1,0,190577
127917,1,0,190578
127918,2,0,190580
127919,1,0,190581
127920,1,0,190582
127921,3,0,190585
127922,1,0,190586
127923,1,0,190587
127924,1,0,190588
127925,2,0,190590
127926,2,0,190592
127927,1,0,190593
127928,4,0,190597
127929,1,0,190598
127930,1,0,190599
127931,1,0,190600
127932,1,0,190601
127933,2,0,190603
127934,1,0,190604
127935,1,0,190605
127936,2,0,190607
127937,2,0,190609
127938,1,0,190610
127939,2,0,190612
127940,3,0,190615
127941,1,0,190616
127942,1,0,190617
127943,2,0,190619
127944,1,0,190620
127945,1,0,190621
127946,2,0,190623
127947,3,0,190626
127948,1,0,190627
127949,1,0,190628
127950,1,0,190629
127951,1,0,190630
127952,2,0,190632
127953,1,0,190633
127954,2,0,190635
127955,1,0,190636
127956,1,0,190637
127957,5,0,190642
127958,1,0,190643
127959,1,0,190644
127960,1,0,190645
127961,1,0,190646
127962,1,0,190647
127963,2,0,190649
127964,1,0,190650
127965,1,0,190651
127966,1,0,190652
127967,1,0,190653
127968,1,0,190654
127969,1,0,190655
127970,2,0,190657
127971,1,0,190658
127972,1,0,190659
127973,1,0,190660
127974,3,0,190663
127975,1,0,190664
127976,1,0,190665
127977,1,0,190666
127978,1,0,190667
127979,1,0,190668
127980,1,0,190669
127981,1,0,190670
127982,1,0,190671
127983,1,0,190672
127984,1,0,190673
127985,1,0,190674
127986,1,0,190675
127987,1,0,190676
127988,1,0,190677
127989,3,0,190680
127990,1,0,190681
127991,1,0,190682
127992,3,0,190685
127993,1,0,190686
127994,1,0,190687
127995,1,0,190688
127996,1,0,190689
127997,1,0,190690
127998,1,0,190691
127999,1,0,190692
128000,1,0,190693
128001,1,0,190694
128002,1,0,190695
128003,1,0,190696
128004,1,0,190697
128005,1,0,190698
128006,1,0,190699
128007,1,0,190700
128008,2,0,190702
128009,1,0,190703
128010,1,0,190704
128011,1,0,190705
128012,1,0,190706
128013,1,0,190707
128014,1,0,190708
128015,2,0,190710
128016,3,0,190713
128017,2,0,190715
128018,2,0,190717
128019,1,0,190718
128020,2,0,190720
128021,1,0,190721
128022,2,0,190723
128023,2,0,190725
128024,1,0,190726
128025,2,0,190728
128026,1,0,190729
128027,1,0,190730
128028,1,0,190731
128029,1,0,190732
128030,1,0,190733
128031,1,0,190734
128032,2,0,190736
128033,1,0,190737
128034,2,0,190739
128035,1,0,190740
128036,1,0,190741
128037,1,0,190742
128038,1,0,190743
128039,2,0,190745
128040,1,0,190746
128041,1,0,190747
128042,3,0,190750
128043,1,0,190751
128044,3,0,190754
128045,1,0,190755
128046,1,0,190756
128047,1,0,190757
128048,1,0,190758
128049,1,0,190759
128050,3,0,190762
128051,1,0,190763
128052,1,0,190764
128053,1,0,190765
128054,1,0,190766
128055,1,0,190767
128056,3,0,190770
128057,1,0,190771
128058,1,0,190772
128059,2,0,190774
128060,2,0,190776
128061,1,0,190777
128062,2,0,190779
128063,2,0,190781
128064,1,0,190782
128065,1,0,190783
128066,2,0,190785
128067,1,0,190786
128068,1,0,190787
128069,1,0,190788
128070,1,0,190789
128071,2,0,190791
128072,1,0,190792
128073,2,0,190794
128074,1,0,190795
128075,1,0,190796
128076,1,0,190797
128077,2,0,190799
128078,3,0,190802
128079,1,0,190803
128080,1,0,190804
128081,1,0,190805
128082,1,0,190806
128083,2,0,190808
128084,1,0,190809
128085,1,0,190810
128086,3,0,190813
128087,1,0,190814
128088,1,0,190815
128089,1,0,190816
128090,1,0,190817
128091,1,0,190818
128092,2,0,190820
128093,1,0,190821
128094,1,0,190822
128095,1,0,190823
128096,1,0,190824
128097,1,0,190825
128098,2,0,190827
128099,1,0,190828
128100,1,0,190829
128101,3,0,190832
128102,3,0,190835
128103,1,0,190836
128104,1,0,190837
128105,1,0,190838
128106,1,0,190839
128107,1,0,190840
128108,1,0,190841
128109,3,0,190844
128110,1,0,190845
128111,2,0,190847
128112,1,0,190848
128113,1,0,190849
128114,1,0,190850
128115,1,0,190851
128116,2,0,190853
128117,1,0,190854
128118,1,0,190855
128119,2,0,190857
128120,1,0,190858
128121,1,0,190859
128122,1,0,190860
128123,1,0,190861
128124,1,0,190862
128125,1,0,190863
128126,1,0,190864
128127,2,0,190866
128128,12,0,190878
128129,1,0,190879
128130,1,0,190880
128131,1,0,190881
128132,1,0,190882
128133,3,0,190885
128134,1,0,190886
128135,1,0,190887
128136,1,0,190888
128137,1,0,190889
128138,1,0,190890
128139,1,0,190891
128140,1,0,190892
128141,1,0,190893
128142,2,0,190895
128143,1,0,190896
128144,1,0,190897
128145,1,0,190898
128146,1,0,190899
128147,1,0,190900
128148,1,0,190901
128149,2,0,190903
128150,1,0,190904
128151,4,0,190908
128152,2,0,190910
128153,1,0,190911
128154,1,0,190912
128155,1,0,190913
128156,2,0,190915
128157,1,0,190916
128158,2,0,190918
128159,1,0,190919
128160,1,0,190920
128161,4,0,190924
128162,3,0,190927
128163,1,0,190928
128164,1,0,190929
128165,1,0,190930
128166,1,0,190931
128167,2,0,190933
128168,1,0,190934
128169,1,0,190935
128170,1,0,190936
128171,2,0,190938
128172,1,0,190939
128173,2,0,190941
128174,5,0,190946
128175,1,0,190947
128176,2,0,190949
128177,1,0,190950
128178,1,0,190951
128179,4,0,190955
128180,1,0,190956
128181,1,0,190957
128182,1,0,190958
128183,1,0,190959
128184,2,0,190961
128185,2,0,190963
128186,2,0,190965
128187,1,0,190966
128188,1,0,190967
128189,1,0,190968
128190,2,0,190970
128191,1,0,190971
128192,2,0,190973
128193,1,0,190974
128194,1,0,190975
128195,3,0,190978
128196,1,0,190979
128197,2,0,190981
128198,1,0,190982
128199,1,0,190983
128200,1,0,190984
128201,1,0,190985
128202,1,0,190986
128203,1,0,190987
128204,2,0,190989
128205,1,0,190990
128206,1,0,190991
128207,1,0,190992
128208,1,0,190993
128209,1,0,190994
128210,1,0,190995
128211,2,0,190997
128212,1,0,190998
128213,1,0,190999
128214,2,0,191001
128215,1,0,191002
128216,3,0,191005
128217,1,0,191006
128218,1,0,191007
128219,1,0,191008
128220,2,0,191010
128221,1,0,191011
128222,1,0,191012
128223,1,0,191013
128224,1,0,191014
128225,1,0,191015
128226,2,0,191017
128227,1,0,191018
128228,1,0,191019
128229,1,0,191020
128230,2,0,191022
128231,2,0,191024
128232,1,0,191025
128233,1,0,191026
128234,3,0,191029
128235,1,0,191030
128236,1,0,191031
128237,2,0,191033
128238,1,0,191034
128239,2,0,191036
128240,2,0,191038
128241,1,0,191039
128242,1,0,191040
128243,1,0,191041
128244,1,0,191042
128245,1,0,191043
128246,1,0,191044
128247,2,0,191046
128248,3,0,191049
128249,1,0,191050
128250,3,0,191053
128251,1,0,191054
128252,1,0,191055
128253,3,0,191058
128254,3,0,191061
128255,1,0,191062
128256,1,0,191063
128257,1,0,191064
128258,1,0,191065
128259,2,0,191067
128260,2,0,191069
128261,1,0,191070
128262,1,0,191071
128263,1,0,191072
128264,1,0,191073
128265,1,0,191074
128266,1,0,191075
128267,4,0,191079
128268,2,0,191081
128269,1,0,191082
128270,4,0,191086
128271,1,0,191087
128272,1,0,191088
128273,1,0,191089
128274,1,0,191090
128275,2,0,191092
128276,2,0,191094
128277,1,0,191095
128278,1,0,191096
128279,2,0,191098
128280,1,0,191099
128281,1,0,191100
128282,1,0,191101
128283,1,0,191102
128284,1,0,191103
128285,1,0,191104
128286,2,0,191106
128287,1,0,191107
128288,3,0,191110
128289,3,0,191113
128290,2,0,191115
128291,1,0,191116
128292,1,0,191117
128293,2,0,191119
128294,1,0,191120
128295,1,0,191121
128296,1,0,191122
128297,1,0,191123
128298,1,0,191124
128299,2,0,191126
128300,1,0,191127
128301,1,0,191128
128302,1,0,191129
128303,3,0,191132
128304,2,0,191134
128305,1,0,191135
128306,1,0,191136
128307,1,0,191137
128308,1,0,191138
128309,1,0,191139
128310,1,0,191140
128311,3,0,191143
128312,1,0,191144
128313,2,0,191146
128314,2,0,191148
128315,2,0,191150
128316,2,0,191152
128317,2,0,191154
128318,1,0,191155
128319,1,0,191156
128320,1,0,191157
128321,2,0,191159
128322,1,0,191160
128323,1,0,191161
128324,1,0,191162
128325,1,0,191163
128326,1,0,191164
128327,2,0,191166
128328,2,0,191168
128329,1,0,191169
128330,2,0,191171
128331,1,0,191172
128332,1,0,191173
128333,1,0,191174
128334,1,0,191175
128335,1,0,191176
128336,2,0,191178
128337,1,0,191179
128338,2,0,191181
128339,1,0,191182
128340,1,0,191183
128341,1,0,191184
128342,3,0,191187
128343,1,0,191188
128344,1,0,191189
128345,1,0,191190
128346,1,0,191191
128347,1,0,191192
128348,1,0,191193
128349,1,0,191194
128350,1,0,191195
128351,1,0,191196
128352,2,0,191198
128353,1,0,191199
128354,1,0,191200
128355,1,0,191201
128356,3,0,191204
128357,1,0,191205
128358,1,0,191206
128359,2,0,191208
128360,1,0,191209
128361,1,0,191210
128362,1,0,191211
128363,1,0,191212
128364,1,0,191213
128365,1,0,191214
128366,1,0,191215
128367,1,0,191216
128368,3,0,191219
128369,1,0,191220
128370,2,0,191222
128371,1,0,191223
128372,1,0,191224
128373,1,0,191225
128374,1,0,191226
128375,1,0,191227
128376,3,0,191230
128377,2,0,191232
128378,1,0,191233
128379,1,0,191234
128380,1,0,191235
128381,1,0,191236
128382,1,0,191237
128383,1,0,191238
128384,1,0,191239
128385,2,0,191241
128386,1,0,191242
128387,1,0,191243
128388,1,0,191244
128389,1,0,191245
128390,1,0,191246
128391,2,0,191248
128392,1,0,191249
128393,1,0,191250
128394,1,0,191251
128395,1,0,191252
128396,1,0,191253
128397,1,0,191254
128398,4,0,191258
128399,2,0,191260
128400,1,0,191261
128401,1,0,191262
128402,1,0,191263
128403,1,0,191264
128404,1,0,191265
128405,2,0,191267
128406,2,0,191269
128407,1,0,191270
128408,2,0,191272
128409,1,0,191273
128410,1,0,191274
128411,1,0,191275
128412,1,0,191276
128413,1,0,191277
128414,1,0,191278
128415,2,0,191280
128416,1,0,191281
128417,1,0,191282
128418,3,0,191285
128419,2,0,191287
128420,1,0,191288
128421,1,0,191289
128422,1,0,191290
128423,2,0,191292
128424,2,0,191294
128425,1,0,191295
128426,1,0,191296
128427,2,0,191298
128428,1,0,191299
128429,1,0,191300
128430,1,0,191301
128431,1,0,191302
128432,2,0,191304
128433,2,0,191306
128434,2,0,191308
128435,1,0,191309
128436,2,0,191311
128437,1,0,191312
128438,1,0,191313
128439,1,0,191314
128440,1,0,191315
128441,1,0,191316
128442,1,0,191317
128443,1,0,191318
128444,2,0,191320
128445,1,0,191321
128446,1,0,191322
128447,1,0,191323
128448,1,0,191324
128449,3,0,191327
128450,1,0,191328
128451,1,0,191329
128452,1,0,191330
128453,1,0,191331
128454,1,0,191332
128455,1,0,191333
128456,2,0,191335
128457,1,0,191336
128458,1,0,191337
128459,1,0,191338
128460,3,0,191341
128461,1,0,191342
128462,1,0,191343
128463,1,0,191344
128464,1,0,191345
128465,1,0,191346
128466,2,0,191348
128467,1,0,191349
128468,1,0,191350
128469,5,0,191355
128470,2,0,191357
128471,2,0,191359
128472,2,0,191361
128473,1,0,191362
128474,1,0,191363
128475,1,0,191364
128476,1,0,191365
128477,1,0,191366
128478,1,0,191367
128479,1,0,191368
128480,1,0,191369
128481,1,0,191370
128482,1,0,191371
128483,1,0,191372
128484,1,0,191373
128485,1,0,191374
128486,1,0,191375
128487,2,0,191377
128488,2,0,191379
128489,1,0,191380
128490,1,0,191381
128491,1,0,191382
128492,1,0,191383
128493,2,0,191385
128494,1,0,191386
128495,1,0,191387
128496,2,0,191389
128497,2,0,191391
128498,4,0,191395
128499,1,0,191396
128500,1,0,191397
128501,1,0,191398
128502,2,0,191400
128503,2,0,191402
128504,1,0,191403
128505,2,0,191405
128506,1,0,191406
128507,1,0,191407
128508,1,0,191408
128509,2,0,191410
128510,1,0,191411
128511,1,0,191412
128512,1,0,191413
128513,1,0,191414
128514,1,0,191415
128515,1,0,191416
128516,1,0,191417
128517,1,0,191418
128518,1,0,191419
128519,1,0,191420
128520,1,0,191421
128521,2,0,191423
128522,1,0,191424
128523,1,0,191425
128524,2,0,191427
128525,1,0,191428
128526,1,0,191429
128527,1,0,191430
128528,1,0,191431
128529,1,0,191432
128530,1,0,191433
128531,1,0,191434
128532,1,0,191435
128533,1,0,191436
128534,1,0,191437
128535,2,0,191439
128536,2,0,191441
128537,1,0,191442
128538,2,0,191444
128539,3,0,191447
128540,2,0,191449
128541,1,0,191450
128542,1,0,191451
128543,1,0,191452
128544,1,0,191453
128545,1,0,191454
128546,1,0,191455
128547,1,0,191456
128548,1,0,191457
128549,1,0,191458
128550,1,0,191459
128551,2,0,191461
128552,1,0,191462
128553,4,0,191466
128554,1,0,191467
128555,1,0,191468
128556,1,0,191469
128557,1,0,191470
128558,2,0,191472
128559,1,0,191473
128560,2,0,191475
128561,1,0,191476
128562,1,0,191477
128563,1,0,191478
128564,1,0,191479
128565,1,0,191480
128566,1,0,191481
128567,1,0,191482
128568,1,0,191483
128569,1,0,191484
128570,2,0,191486
128571,1,0,191487
128572,1,0,191488
128573,2,0,191490
128574,1,0,191491
128575,4,0,191495
128576,4,0,191499
128577,1,0,191500
128578,2,0,191502
128579,1,0,191503
128580,1,0,191504
128581,1,0,191505
128582,1,0,191506
128583,1,0,191507
128584,1,0,191508
128585,1,0,191509
128586,1,0,191510
128587,1,0,191511
128588,1,0,191512
128589,1,0,191513
128590,1,0,191514
128591,1,0,191515
128592,1,0,191516
128593,1,0,191517
128594,1,0,191518
128595,1,0,191519
128596,2,0,191521
128597,1,0,191522
128598,4,0,191526
128599,1,0,191527
128600,1,0,191528
128601,1,0,191529
128602,1,0,191530
128603,1,0,191531
128604,1,0,191532
128605,1,0,191533
128606,1,0,191534
128607,1,0,191535
128608,1,0,191536
128609,1,0,191537
128610,1,0,191538
128611,1,0,191539
128612,2,0,191541
128613,1,0,191542
128614,2,0,191544
128615,2,0,191546
128616,1,0,191547
128617,1,0,191548
128618,2,0,191550
128619,1,0,191551
128620,1,0,191552
128621,1,0,191553
128622,2,0,191555
128623,2,0,191557
128624,1,0,191558
128625,1,0,191559
128626,1,0,191560
128627,1,0,191561
128628,1,0,191562
128629,1,0,191563
128630,2,0,191565
128631,3,0,191568
128632,1,0,191569
128633,5,0,191574
128634,2,0,191576
128635,2,0,191578
128636,3,0,191581
128637,1,0,191582
128638,1,0,191583
128639,1,0,191584
128640,1,0,191585
128641,1,0,191586
128642,2,0,191588
128643,2,0,191590
128644,1,0,191591
128645,2,0,191593
128646,2,0,191595
128647,1,0,191596
128648,1,0,191597
128649,1,0,191598
128650,1,0,191599
128651,1,0,191600
128652,2,0,191602
128653,2,0,191604
128654,2,0,191606
128655,1,0,191607
128656,2,0,191609
128657,1,0,191610
128658,1,0,191611
128659,1,0,191612
128660,1,0,191613
128661,1,0,191614
128662,1,0,191615
128663,1,0,191616
128664,3,0,191619
128665,1,0,191620
128666,4,0,191624
128667,2,0,191626
128668,1,0,191627
128669,1,0,191628
128670,2,0,191630
128671,2,0,191632
128672,1,0,191633
128673,1,0,191634
128674,1,0,191635
128675,1,0,191636
128676,4,0,191640
128677,1,0,191641
128678,1,0,191642
128679,3,0,191645
128680,1,0,191646
128681,1,0,191647
128682,1,0,191648
128683,1,0,191649
128684,1,0,191650
128685,1,0,191651
128686,1,0,191652
128687,1,0,191653
128688,1,0,191654
128689,2,0,191656
128690,1,0,191657
128691,1,0,191658
128692,1,0,191659
128693,1,0,191660
128694,1,0,191661
128695,1,0,191662
128696,1,0,191663
128697,3,0,191666
128698,1,0,191667
128699,2,0,191669
128700,1,0,191670
128701,1,0,191671
128702,2,0,191673
128703,1,0,191674
128704,1,0,191675
128705,1,0,191676
128706,1,0,191677
128707,2,0,191679
128708,1,0,191680
128709,1,0,191681
128710,1,0,191682
128711,1,0,191683
128712,2,0,191685
128713,1,0,191686
128714,1,0,191687
128715,4,0,191691
128716,1,0,191692
128717,1,0,191693
128718,1,0,191694
128719,1,0,191695
128720,2,0,191697
128721,1,0,191698
128722,2,0,191700
128723,1,0,191701
128724,1,0,191702
128725,3,0,191705
128726,1,0,191706
128727,1,0,191707
128728,1,0,191708
128729,1,0,191709
128730,1,0,191710
128731,1,0,191711
128732,1,0,191712
128733,1,0,191713
128734,1,0,191714
128735,1,0,191715
128736,1,0,191716
128737,1,0,191717
128738,1,0,191718
128739,1,0,191719
128740,1,0,191720
128741,1,0,191721
128742,1,0,191722
128743,3,0,191725
128744,1,0,191726
128745,2,0,191728
128746,1,0,191729
128747,1,0,191730
128748,1,0,191731
128749,1,0,191732
128750,1,0,191733
128751,1,0,191734
128752,1,0,191735
128753,1,0,191736
128754,1,0,191737
128755,1,0,191738
128756,1,0,191739
128757,2,0,191741
128758,1,0,191742
128759,2,0,191744
128760,3,0,191747
128761,2,0,191749
128762,1,0,191750
128763,2,0,191752
128764,2,0,191754
128765,2,0,191756
128766,1,0,191757
128767,1,0,191758
128768,1,0,191759
128769,1,0,191760
128770,1,0,191761
128771,5,0,191766
128772,3,0,191769
128773,1,0,191770
128774,2,0,191772
128775,1,0,191773
128776,1,0,191774
128777,4,0,191778
128778,1,0,191779
128779,4,0,191783
128780,1,0,191784
128781,2,0,191786
128782,2,0,191788
128783,1,0,191789
128784,1,0,191790
128785,2,0,191792
128786,3,0,191795
128787,1,0,191796
128788,1,0,191797
128789,1,0,191798
128790,1,0,191799
128791,1,0,191800
128792,1,0,191801
128793,1,0,191802
128794,1,0,191803
128795,1,0,191804
128796,1,0,191805
128797,1,0,191806
128798,1,0,191807
128799,1,0,191808
128800,2,0,191810
128801,1,0,191811
128802,1,0,191812
128803,1,0,191813
128804,1,0,191814
128805,2,0,191816
128806,1,0,191817
128807,1,0,191818
128808,2,0,191820
128809,1,0,191821
128810,1,0,191822
128811,1,0,191823
128812,1,0,191824
128813,1,0,191825
128814,1,0,191826
128815,1,0,191827
128816,1,0,191828
128817,1,0,191829
128818,1,0,191830
128819,1,0,191831
128820,2,0,191833
128821,1,0,191834
128822,1,0,191835
128823,1,0,191836
128824,1,0,191837
128825,2,0,191839
128826,2,0,191841
128827,1,0,191842
128828,1,0,191843
128829,1,0,191844
128830,1,0,191845
128831,4,0,191849
128832,1,0,191850
128833,1,0,191851
128834,3,0,191854
128835,1,0,191855
128836,1,0,191856
128837,1,0,191857
128838,2,0,191859
128839,2,0,191861
128840,1,0,191862
128841,1,0,191863
128842,1,0,191864
128843,3,0,191867
128844,1,0,191868
128845,2,0,191870
128846,1,0,191871
128847,3,0,191874
128848,2,0,191876
128849,1,0,191877
128850,1,0,191878
128851,1,0,191879
128852,1,0,191880
128853,2,0,191882
128854,1,0,191883
128855,1,0,191884
128856,1,0,191885
128857,1,0,191886
128858,2,0,191888
128859,1,0,191889
128860,1,0,191890
128861,1,0,191891
128862,2,0,191893
128863,1,0,191894
128864,1,0,191895
128865,1,0,191896
128866,3,0,191899
128867,1,0,191900
128868,1,0,191901
128869,1,0,191902
128870,1,0,191903
128871,1,0,191904
128872,2,0,191906
128873,1,0,191907
128874,1,0,191908
128875,1,0,191909
128876,1,0,191910
128877,1,0,191911
128878,1,0,191912
128879,1,0,191913
128880,1,0,191914
128881,2,0,191916
128882,1,0,191917
128883,2,0,191919
128884,2,0,191921
128885,1,0,191922
128886,1,0,191923
128887,1,0,191924
128888,1,0,191925
128889,1,0,191926
128890,1,0,191927
128891,1,0,191928
128892,1,0,191929
128893,1,0,191930
128894,1,0,191931
128895,4,0,191935
128896,1,0,191936
128897,2,0,191938
128898,1,0,191939
128899,1,0,191940
128900,1,0,191941
128901,1,0,191942
128902,2,0,191944
128903,3,0,191947
128904,1,0,191948
128905,1,0,191949
128906,1,0,191950
128907,2,0,191952
128908,1,0,191953
128909,1,0,191954
128910,1,0,191955
128911,1,0,191956
128912,1,0,191957
128913,1,0,191958
128914,2,0,191960
128915,1,0,191961
128916,1,0,191962
128917,2,0,191964
128918,1,0,191965
128919,4,0,191969
128920,2,0,191971
128921,1,0,191972
128922,4,0,191976
128923,1,0,191977
128924,2,0,191979
128925,1,0,191980
128926,1,0,191981
128927,1,0,191982
128928,1,0,191983
128929,1,0,191984
128930,1,0,191985
128931,1,0,191986
128932,1,0,191987
128933,2,0,191989
128934,1,0,191990
128935,1,0,191991
128936,1,0,191992
128937,1,0,191993
128938,1,0,191994
128939,1,0,191995
128940,1,0,191996
128941,1,0,191997
128942,1,0,191998
128943,1,0,191999
128944,2,0,192001
128945,1,0,192002
128946,1,0,192003
128947,1,0,192004
128948,1,0,192005
128949,1,0,192006
128950,1,0,192007
128951,1,0,192008
128952,1,0,192009
128953,1,0,192010
128954,1,0,192011
128955,1,0,192012
128956,1,0,192013
128957,1,0,192014
128958,1,0,192015
128959,1,0,192016
128960,1,0,192017
128961,2,0,192019
128962,1,0,192020
128963,1,0,192021
128964,2,0,192023
128965,2,0,192025
128966,1,0,192026
128967,1,0,192027
128968,1,0,192028
128969,1,0,192029
128970,1,0,192030
128971,1,0,192031
128972,1,0,192032
128973,1,0,192033
128974,1,0,192034
128975,1,0,192035
128976,1,0,192036
128977,1,0,192037
128978,2,0,192039
128979,1,0,192040
128980,2,0,192042
128981,1,0,192043
128982,1,0,192044
128983,1,0,192045
128984,1,0,192046
128985,1,0,192047
128986,1,0,192048
128987,1,0,192049
128988,1,0,192050
128989,1,0,192051
128990,1,0,192052
128991,3,0,192055
128992,2,0,192057
128993,1,0,192058
128994,1,0,192059
128995,1,0,192060
128996,1,0,192061
128997,1,0,192062
128998,1,0,192063
128999,1,0,192064
129000,1,0,192065
129001,2,0,192067
129002,1,0,192068
129003,1,0,192069
129004,1,0,192070
129005,1,0,192071
129006,1,0,192072
129007,1,0,192073
129008,2,0,192075
129009,2,0,192077
129010,1,0,192078
129011,1,0,192079
129012,2,0,192081
129013,1,0,192082
129014,2,0,192084
129015,1,0,192085
129016,1,0,192086
129017,1,0,192087
129018,1,0,192088
129019,2,0,192090
129020,2,0,192092
129021,3,0,192095
129022,2,0,192097
129023,2,0,192099
129024,1,0,192100
129025,1,0,192101
129026,1,0,192102
129027,3,0,192105
129028,1,0,192106
129029,2,0,192108
129030,2,0,192110
129031,1,0,192111
129032,1,0,192112
129033,1,0,192113
129034,2,0,192115
129035,1,0,192116
129036,2,0,192118
129037,1,0,192119
129038,1,0,192120
129039,1,0,192121
129040,1,0,192122
129041,1,0,192123
129042,1,0,192124
129043,2,0,192126
129044,1,0,192127
129045,1,0,192128
129046,3,0,192131
129047,1,0,192132
129048,1,0,192133
129049,1,0,192134
129050,2,0,192136
129051,1,0,192137
129052,1,0,192138
129053,1,0,192139
129054,1,0,192140
129055,1,0,192141
129056,1,0,192142
129057,1,0,192143
129058,1,0,192144
129059,1,0,192145
129060,1,0,192146
129061,1,0,192147
129062,2,0,192149
129063,2,0,192151
129064,1,0,192152
129065,1,0,192153
129066,1,0,192154
129067,1,0,192155
129068,1,0,192156
129069,1,0,192157
129070,1,0,192158
129071,1,0,192159
129072,3,0,192162
129073,2,0,192164
129074,1,0,192165
129075,1,0,192166
129076,1,0,192167
129077,1,0,192168
129078,1,0,192169
129079,1,0,192170
129080,1,0,192171
129081,1,0,192172
129082,1,0,192173
129083,2,0,192175
129084,2,0,192177
129085,1,0,192178
129086,1,0,192179
129087,1,0,192180
129088,2,0,192182
129089,1,0,192183
129090,1,0,192184
129091,1,0,192185
129092,1,0,192186
129093,2,0,192188
129094,2,0,192190
129095,1,0,192191
129096,1,0,192192
129097,1,0,192193
129098,1,0,192194
129099,1,0,192195
129100,1,0,192196
129101,1,0,192197
129102,1,0,192198
129103,1,0,192199
129104,1,0,192200
129105,1,0,192201
129106,1,0,192202
129107,2,0,192204
129108,1,0,192205
129109,1,0,192206
129110,1,0,192207
129111,1,0,192208
129112,1,0,192209
129113,1,0,192210
129114,1,0,192211
129115,1,0,192212
129116,1,0,192213
129117,1,0,192214
129118,1,0,192215
129119,1,0,192216
129120,1,0,192217
129121,1,0,192218
129122,1,0,192219
129123,1,0,192220
129124,2,0,192222
129125,1,0,192223
129126,1,0,192224
129127,1,0,192225
129128,2,0,192227
129129,1,0,192228
129130,2,0,192230
129131,3,0,192233
129132,5,0,192238
129133,1,0,192239
129134,1,0,192240
129135,1,0,192241
129136,1,0,192242
129137,1,0,192243
129138,2,0,192245
129139,1,0,192246
129140,1,0,192247
129141,1,0,192248
129142,2,0,192250
129143,1,0,192251
129144,1,0,192252
129145,1,0,192253
129146,3,0,192256
129147,2,0,192258
129148,1,0,192259
129149,2,0,192261
129150,2,0,192263
129151,2,0,192265
129152,1,0,192266
129153,1,0,192267
129154,1,0,192268
129155,1,0,192269
129156,2,0,192271
129157,1,0,192272
129158,1,0,192273
129159,2,0,192275
129160,1,0,192276
129161,1,0,192277
129162,1,0,192278
129163,1,0,192279
129164,1,0,192280
129165,2,0,192282
129166,1,0,192283
129167,1,0,192284
129168,1,0,192285
129169,1,0,192286
129170,2,0,192288
129171,1,0,192289
129172,2,0,192291
129173,1,0,192292
129174,1,0,192293
129175,1,0,192294
129176,2,0,192296
129177,3,0,192299
129178,1,0,192300
129179,1,0,192301
129180,1,0,192302
129181,1,0,192303
129182,1,0,192304
129183,1,0,192305
129184,1,0,192306
129185,1,0,192307
129186,1,0,192308
129187,1,0,192309
129188,1,0,192310
129189,1,0,192311
129190,1,0,192312
129191,2,0,192314
129192,2,0,192316
129193,2,0,192318
129194,1,0,192319
129195,1,0,192320
129196,1,0,192321
129197,2,0,192323
129198,1,0,192324
129199,1,0,192325
129200,1,0,192326
129201,1,0,192327
129202,1,0,192328
129203,1,0,192329
129204,1,0,192330
129205,1,0,192331
129206,1,0,192332
129207,1,0,192333
129208,1,0,192334
129209,2,0,192336
129210,1,0,192337
129211,1,0,192338
129212,1,0,192339
129213,1,0,192340
129214,1,0,192341
129215,1,0,192342
129216,1,0,192343
129217,1,0,192344
129218,1,0,192345
129219,2,0,192347
129220,1,0,192348
129221,1,0,192349
129222,2,0,192351
129223,1,0,192352
129224,1,0,192353
129225,1,0,192354
129226,2,0,192356
129227,1,0,192357
129228,1,0,192358
129229,2,0,192360
129230,1,0,192361
129231,1,0,192362
129232,1,0,192363
129233,2,0,192365
129234,1,0,192366
129235,1,0,192367
129236,2,0,192369
129237,4,0,192373
129238,2,0,192375
129239,2,0,192377
129240,1,0,192378
129241,1,0,192379
129242,5,0,192384
129243,2,0,192386
129244,1,0,192387
129245,1,0,192388
129246,1,0,192389
129247,1,0,192390
129248,1,0,192391
129249,1,0,192392
129250,1,0,192393
129251,1,0,192394
129252,3,0,192397
129253,3,0,192400
129254,1,0,192401
129255,1,0,192402
129256,1,0,192403
129257,1,0,192404
129258,1,0,192405
129259,2,0,192407
129260,1,0,192408
129261,1,0,192409
129262,1,0,192410
129263,1,0,192411
129264,1,0,192412
129265,1,0,192413
129266,1,0,192414
129267,1,0,192415
129268,1,0,192416
129269,1,0,192417
129270,1,0,192418
129271,2,0,192420
129272,1,0,192421
129273,2,0,192423
129274,1,0,192424
129275,1,0,192425
129276,2,0,192427
129277,1,0,192428
129278,1,0,192429
129279,1,0,192430
129280,1,0,192431
129281,1,0,192432
129282,1,0,192433
129283,1,0,192434
129284,1,0,192435
129285,2,0,192437
129286,1,0,192438
129287,1,0,192439
129288,1,0,192440
129289,2,0,192442
129290,2,0,192444
129291,1,0,192445
129292,4,0,192449
129293,1,0,192450
129294,2,0,192452
129295,1,0,192453
129296,2,0,192455
129297,2,0,192457
129298,1,0,192458
129299,1,0,192459
129300,1,0,192460
129301,1,0,192461
129302,1,0,192462
129303,1,0,192463
129304,1,0,192464
129305,1,0,192465
129306,1,0,192466
129307,1,0,192467
129308,2,0,192469
129309,2,0,192471
129310,1,0,192472
129311,1,0,192473
129312,1,0,192474
129313,3,0,192477
129314,1,0,192478
129315,2,0,192480
129316,1,0,192481
129317,1,0,192482
129318,2,0,192484
129319,1,0,192485
129320,1,0,192486
129321,1,0,192487
129322,3,0,192490
129323,1,0,192491
129324,1,0,192492
129325,1,0,192493
129326,1,0,192494
129327,1,0,192495
129328,1,0,192496
129329,1,0,192497
129330,1,0,192498
129331,2,0,192500
129332,1,0,192501
129333,1,0,192502
129334,1,0,192503
129335,1,0,192504
129336,1,0,192505
129337,1,0,192506
129338,1,0,192507
129339,1,0,192508
129340,1,0,192509
129341,1,0,192510
129342,1,0,192511
129343,4,0,192515
129344,1,0,192516
129345,2,0,192518
129346,1,0,192519
129347,1,0,192520
129348,1,0,192521
129349,1,0,192522
129350,1,0,192523
129351,2,0,192525
129352,1,0,192526
129353,1,0,192527
129354,1,0,192528
129355,1,0,192529
129356,1,0,192530
129357,2,0,192532
129358,1,0,192533
129359,1,0,192534
129360,1,0,192535
129361,1,0,192536
129362,3,0,192539
129363,1,0,192540
129364,1,0,192541
129365,1,0,192542
129366,1,0,192543
129367,3,0,192546
129368,1,0,192547
129369,1,0,192548
129370,1,0,192549
129371,1,0,192550
129372,2,0,192552
129373,2,0,192554
129374,2,0,192556
129375,1,0,192557
129376,1,0,192558
129377,1,0,192559
129378,1,0,192560
129379,1,0,192561
129380,1,0,192562
129381,1,0,192563
129382,3,0,192566
129383,1,0,192567
129384,1,0,192568
129385,1,0,192569
129386,1,0,192570
129387,1,0,192571
129388,1,0,192572
129389,1,0,192573
129390,1,0,192574
129391,1,0,192575
129392,1,0,192576
129393,4,0,192580
129394,3,0,192583
129395,1,0,192584
129396,1,0,192585
129397,1,0,192586
129398,1,0,192587
129399,2,0,192589
129400,1,0,192590
129401,1,0,192591
129402,5,0,192596
129403,1,0,192597
129404,1,0,192598
129405,4,0,192602
129406,1,0,192603
129407,1,0,192604
129408,1,0,192605
129409,1,0,192606
129410,2,0,192608
129411,1,0,192609
129412,3,0,192612
129413,3,0,192615
129414,1,0,192616
129415,4,0,192620
129416,2,0,192622
129417,3,0,192625
129418,1,0,192626
129419,1,0,192627
129420,2,0,192629
129421,3,0,192632
129422,4,0,192636
129423,2,0,192638
129424,1,0,192639
129425,3,0,192642
129426,1,0,192643
129427,1,0,192644
129428,1,0,192645
129429,1,0,192646
129430,1,0,192647
129431,2,0,192649
129432,1,0,192650
129433,1,0,192651
129434,1,0,192652
129435,1,0,192653
129436,2,0,192655
129437,1,0,192656
129438,1,0,192657
129439,1,0,192658
129440,2,0,192660
129441,2,0,192662
129442,1,0,192663
129443,3,0,192666
129444,1,0,192667
129445,1,0,192668
129446,1,0,192669
129447,1,0,192670
129448,1,0,192671
129449,2,0,192673
129450,1,0,192674
129451,3,0,192677
129452,1,0,192678
129453,5,0,192683
129454,1,0,192684
129455,1,0,192685
129456,1,0,192686
129457,4,0,192690
129458,1,0,192691
129459,1,0,192692
129460,1,0,192693
129461,1,0,192694
129462,1,0,192695
129463,1,0,192696
129464,1,0,192697
129465,2,0,192699
129466,1,0,192700
129467,1,0,192701
129468,2,0,192703
129469,1,0,192704
129470,1,0,192705
129471,1,0,192706
129472,1,0,192707
129473,2,0,192709
129474,1,0,192710
129475,1,0,192711
129476,1,0,192712
129477,1,0,192713
129478,1,0,192714
129479,1,0,192715
129480,1,0,192716
129481,1,0,192717
129482,2,0,192719
129483,1,0,192720
129484,1,0,192721
129485,1,0,192722
129486,1,0,192723
129487,3,0,192726
129488,1,0,192727
129489,2,0,192729
129490,2,0,192731
129491,1,0,192732
129492,1,0,192733
129493,1,0,192734
129494,1,0,192735
129495,1,0,192736
129496,2,0,192738
129497,1,0,192739
129498,2,0,192741
129499,2,0,192743
129500,1,0,192744
129501,1,0,192745
129502,1,0,192746
129503,1,0,192747
129504,1,0,192748
129505,1,0,192749
129506,1,0,192750
129507,2,0,192752
129508,1,0,192753
129509,1,0,192754
129510,1,0,192755
129511,1,0,192756
129512,1,0,192757
129513,1,0,192758
129514,1,0,192759
129515,1,0,192760
129516,1,0,192761
129517,3,0,192764
129518,1,0,192765
129519,1,0,192766
129520,1,0,192767
129521,1,0,192768
129522,1,0,192769
129523,1,0,192770
129524,3,0,192773
129525,1,0,192774
129526,1,0,192775
129527,3,0,192778
129528,1,0,192779
129529,3,0,192782
129530,1,0,192783
129531,1,0,192784
129532,2,0,192786
129533,1,0,192787
129534,1,0,192788
129535,1,0,192789
129536,1,0,192790
129537,1,0,192791
129538,1,0,192792
129539,1,0,192793
129540,1,0,192794
129541,1,0,192795
129542,1,0,192796
129543,1,0,192797
129544,1,0,192798
129545,1,0,192799
129546,1,0,192800
129547,2,0,192802
129548,1,0,192803
129549,1,0,192804
129550,1,0,192805
129551,2,0,192807
129552,1,0,192808
129553,2,0,192810
129554,1,0,192811
129555,1,0,192812
129556,1,0,192813
129557,1,0,192814
129558,1,0,192815
129559,1,0,192816
129560,5,0,192821
129561,1,0,192822
129562,1,0,192823
129563,1,0,192824
129564,1,0,192825
129565,1,0,192826
129566,2,0,192828
129567,1,0,192829
129568,1,0,192830
129569,1,0,192831
129570,1,0,192832
129571,3,0,192835
129572,2,0,192837
129573,1,0,192838
129574,1,0,192839
129575,1,0,192840
129576,1,0,192841
129577,2,0,192843
129578,1,0,192844
129579,1,0,192845
129580,3,0,192848
129581,1,0,192849
129582,1,0,192850
129583,2,0,192852
129584,1,0,192853
129585,1,0,192854
129586,1,0,192855
129587,2,0,192857
129588,1,0,192858
129589,1,0,192859
129590,1,0,192860
129591,1,0,192861
129592,1,0,192862
129593,1,0,192863
129594,1,0,192864
129595,2,0,192866
129596,4,0,192870
129597,1,0,192871
129598,1,0,192872
129599,2,0,192874
129600,1,0,192875
129601,1,0,192876
129602,1,0,192877
129603,2,0,192879
129604,1,0,192880
129605,1,0,192881
129606,1,0,192882
129607,1,0,192883
129608,1,0,192884
129609,5,0,192889
129610,1,0,192890
129611,3,0,192893
129612,1,0,192894
129613,1,0,192895
129614,1,0,192896
129615,1,0,192897
129616,1,0,192898
129617,1,0,192899
129618,1,0,192900
129619,1,0,192901
129620,2,0,192903
129621,1,0,192904
129622,1,0,192905
129623,2,0,192907
129624,1,0,192908
129625,1,0,192909
129626,1,0,192910
129627,1,0,192911
129628,2,0,192913
129629,1,0,192914
129630,1,0,192915
129631,1,0,192916
129632,1,0,192917
129633,1,0,192918
129634,1,0,192919
129635,1,0,192920
129636,1,0,192921
129637,2,0,192923
129638,1,0,192924
129639,1,0,192925
129640,2,0,192927
129641,1,0,192928
129642,1,0,192929
129643,1,0,192930
129644,2,0,192932
129645,1,0,192933
129646,1,0,192934
129647,2,0,192936
129648,1,0,192937
129649,1,0,192938
129650,2,0,192940
129651,1,0,192941
129652,1,0,192942
129653,1,0,192943
129654,1,0,192944
129655,1,0,192945
129656,1,0,192946
129657,1,0,192947
129658,1,0,192948
129659,1,0,192949
129660,2,0,192951
129661,1,0,192952
129662,1,0,192953
129663,1,0,192954
129664,1,0,192955
129665,1,0,192956
129666,2,0,192958
129667,1,0,192959
129668,1,0,192960
129669,1,0,192961
129670,2,0,192963
129671,3,0,192966
129672,4,0,192970
129673,3,0,192973
129674,1,0,192974
129675,2,0,192976
129676,2,0,192978
129677,1,0,192979
129678,1,0,192980
129679,1,0,192981
129680,1,0,192982
129681,2,0,192984
129682,1,0,192985
129683,1,0,192986
129684,1,0,192987
129685,1,0,192988
129686,1,0,192989
129687,3,0,192992
129688,1,0,192993
129689,1,0,192994
129690,1,0,192995
129691,1,0,192996
129692,1,0,192997
129693,1,0,192998
129694,1,0,192999
129695,1,0,193000
129696,1,0,193001
129697,1,0,193002
129698,1,0,193003
129699,1,0,193004
129700,2,0,193006
129701,1,0,193007
129702,2,0,193009
129703,1,0,193010
129704,1,0,193011
129705,1,0,193012
129706,6,0,193018
129707,1,0,193019
129708,1,0,193020
129709,1,0,193021
129710,2,0,193023
129711,1,0,193024
129712,1,0,193025
129713,1,0,193026
129714,1,0,193027
129715,2,0,193029
129716,1,0,193030
129717,1,0,193031
129718,1,0,193032
129719,1,0,193033
129720,1,0,193034
129721,1,0,193035
129722,2,0,193037
129723,1,0,193038
129724,1,0,193039
129725,1,0,193040
129726,1,0,193041
129727,1,0,193042
129728,2,0,193044
129729,1,0,193045
129730,1,0,193046
129731,1,0,193047
129732,1,0,193048
129733,1,0,193049
129734,2,0,193051
129735,1,0,193052
129736,2,0,193054
129737,1,0,193055
129738,1,0,193056
129739,1,0,193057
129740,3,0,193060
129741,4,0,193064
129742,1,0,193065
129743,1,0,193066
129744,2,0,193068
129745,1,0,193069
129746,2,0,193071
129747,1,0,193072
129748,3,0,193075
129749,1,0,193076
129750,1,0,193077
129751,6,0,193083
129752,1,0,193084
129753,1,0,193085
129754,1,0,193086
129755,1,0,193087
129756,1,0,193088
129757,3,0,193091
129758,2,0,193093
129759,1,0,193094
129760,1,0,193095
129761,3,0,193098
129762,1,0,193099
129763,1,0,193100
129764,1,0,193101
129765,1,0,193102
129766,4,0,193106
129767,1,0,193107
129768,1,0,193108
129769,1,0,193109
129770,1,0,193110
129771,2,0,193112
129772,1,0,193113
129773,1,0,193114
129774,1,0,193115
129775,2,0,193117
129776,1,0,193118
129777,2,0,193120
129778,1,0,193121
129779,2,0,193123
129780,2,0,193125
129781,1,0,193126
129782,1,0,193127
129783,1,0,193128
129784,1,0,193129
129785,1,0,193130
129786,1,0,193131
129787,2,0,193133
129788,1,0,193134
129789,1,0,193135
129790,1,0,193136
129791,1,0,193137
129792,1,0,193138
129793,1,0,193139
129794,1,0,193140
129795,3,0,193143
129796,1,0,193144
129797,1,0,193145
129798,1,0,193146
129799,1,0,193147
129800,1,0,193148
129801,3,0,193151
129802,1,0,193152
129803,2,0,193154
129804,2,0,193156
129805,1,0,193157
129806,1,0,193158
129807,1,0,193159
129808,1,0,193160
129809,1,0,193161
129810,2,0,193163
129811,1,0,193164
129812,1,0,193165
129813,2,0,193167
129814,1,0,193168
129815,1,0,193169
129816,1,0,193170
129817,2,0,193172
129818,2,0,193174
129819,1,0,193175
129820,2,0,193177
129821,1,0,193178
129822,1,0,193179
129823,1,0,193180
129824,1,0,193181
129825,2,0,193183
129826,1,0,193184
129827,1,0,193185
129828,1,0,193186
129829,1,0,193187
129830,1,0,193188
129831,1,0,193189
129832,2,0,193191
129833,1,0,193192
129834,1,0,193193
129835,3,0,193196
129836,2,0,193198
129837,1,0,193199
129838,1,0,193200
129839,2,0,193202
129840,1,0,193203
129841,1,0,193204
129842,1,0,193205
129843,1,0,193206
129844,1,0,193207
129845,1,0,193208
129846,1,0,193209
129847,1,0,193210
129848,1,0,193211
129849,1,0,193212
129850,1,0,193213
129851,1,0,193214
129852,1,0,193215
129853,1,0,193216
129854,1,0,193217
129855,1,0,193218
129856,1,0,193219
129857,2,0,193221
129858,1,0,193222
129859,1,0,193223
129860,1,0,193224
129861,1,0,193225
129862,1,0,193226
129863,1,0,193227
129864,1,0,193228
129865,1,0,193229
129866,1,0,193230
129867,2,0,193232
129868,1,0,193233
129869,1,0,193234
129870,1,0,193235
129871,2,0,193237
129872,1,0,193238
129873,1,0,193239
129874,1,0,193240
129875,1,0,193241
129876,2,0,193243
129877,2,0,193245
129878,1,0,193246
129879,2,0,193248
129880,1,0,193249
129881,1,0,193250
129882,1,0,193251
129883,1,0,193252
129884,1,0,193253
129885,1,0,193254
129886,1,0,193255
129887,1,0,193256
129888,1,0,193257
129889,1,0,193258
129890,1,0,193259
129891,1,0,193260
129892,1,0,193261
129893,1,0,193262
129894,1,0,193263
129895,1,0,193264
129896,1,0,193265
129897,1,0,193266
129898,1,0,193267
129899,1,0,193268
129900,1,0,193269
129901,1,0,193270
129902,1,0,193271
129903,1,0,193272
129904,1,0,193273
129905,1,0,193274
129906,2,0,193276
129907,1,0,193277
129908,3,0,193280
129909,2,0,193282
129910,1,0,193283
129911,1,0,193284
129912,1,0,193285
129913,2,0,193287
129914,1,0,193288
129915,1,0,193289
129916,2,0,193291
129917,1,0,193292
129918,1,0,193293
129919,4,0,193297
129920,3,0,193300
129921,2,0,193302
129922,1,0,193303
129923,1,0,193304
129924,1,0,193305
129925,1,0,193306
129926,1,0,193307
129927,1,0,193308
129928,5,0,193313
129929,1,0,193314
129930,1,0,193315
129931,1,0,193316
129932,1,0,193317
129933,2,0,193319
129934,1,0,193320
129935,1,0,193321
129936,1,0,193322
129937,1,0,193323
129938,1,0,193324
129939,2,0,193326
129940,2,0,193328
129941,1,0,193329
129942,1,0,193330
129943,1,0,193331
129944,1,0,193332
129945,1,0,193333
129946,1,0,193334
129947,1,0,193335
129948,1,0,193336
129949,1,0,193337
129950,1,0,193338
129951,1,0,193339
129952,1,0,193340
129953,1,0,193341
129954,1,0,193342
129955,1,0,193343
129956,2,0,193345
129957,1,0,193346
129958,3,0,193349
129959,1,0,193350
129960,3,0,193353
129961,1,0,193354
129962,1,0,193355
129963,2,0,193357
129964,1,0,193358
129965,1,0,193359
129966,1,0,193360
129967,1,0,193361
129968,1,0,193362
129969,1,0,193363
129970,1,0,193364
129971,2,0,193366
129972,1,0,193367
129973,1,0,193368
129974,1,0,193369
129975,1,0,193370
129976,1,0,193371
129977,1,0,193372
129978,1,0,193373
129979,1,0,193374
129980,2,0,193376
129981,3,0,193379
129982,1,0,193380
129983,3,0,193383
129984,1,0,193384
129985,2,0,193386
129986,1,0,193387
129987,2,0,193389
129988,1,0,193390
129989,3,0,193393
129990,1,0,193394
129991,3,0,193397
129992,1,0,193398
129993,1,0,193399
129994,3,0,193402
129995,2,0,193404
129996,1,0,193405
129997,1,0,193406
129998,1,0,193407
129999,1,0,193408
130000,1,0,193409
130001,1,0,193410
130002,1,0,193411
130003,1,0,193412
130004,1,0,193413
130005,1,0,193414
130006,2,0,193416
130007,1,0,193417
130008,1,0,193418
130009,1,0,193419
130010,1,0,193420
130011,1,0,193421
130012,1,0,193422
130013,1,0,193423
130014,1,0,193424
130015,1,0,193425
130016,1,0,193426
130017,2,0,193428
130018,1,0,193429
130019,1,0,193430
130020,3,0,193433
130021,1,0,193434
130022,1,0,193435
130023,1,0,193436
130024,1,0,193437
130025,1,0,193438
130026,1,0,193439
130027,1,0,193440
130028,2,0,193442
130029,3,0,193445
130030,2,0,193447
130031,1,0,193448
130032,1,0,193449
130033,1,0,193450
130034,2,0,193452
130035,1,0,193453
130036,2,0,193455
130037,1,0,193456
130038,2,0,193458
130039,2,0,193460
130040,1,0,193461
130041,1,0,193462
130042,1,0,193463
130043,1,0,193464
130044,1,0,193465
130045,1,0,193466
130046,1,0,193467
130047,1,0,193468
130048,1,0,193469
130049,1,0,193470
130050,1,0,193471
130051,3,0,193474
130052,1,0,193475
130053,2,0,193477
130054,1,0,193478
130055,1,0,193479
130056,1,0,193480
130057,1,0,193481
130058,2,0,193483
130059,5,0,193488
130060,1,0,193489
130061,1,0,193490
130062,1,0,193491
130063,1,0,193492
130064,2,0,193494
130065,1,0,193495
130066,1,0,193496
130067,1,0,193497
130068,1,0,193498
130069,2,0,193500
130070,2,0,193502
130071,1,0,193503
130072,2,0,193505
130073,1,0,193506
130074,1,0,193507
130075,2,0,193509
130076,1,0,193510
130077,1,0,193511
130078,1,0,193512
130079,2,0,193514
130080,1,0,193515
130081,4,0,193519
130082,2,0,193521
130083,1,0,193522
130084,1,0,193523
130085,1,0,193524
130086,1,0,193525
130087,1,0,193526
130088,1,0,193527
130089,1,0,193528
130090,1,0,193529
130091,1,0,193530
130092,1,0,193531
130093,1,0,193532
130094,1,0,193533
130095,1,0,193534
130096,1,0,193535
130097,1,0,193536
130098,1,0,193537
130099,1,0,193538
130100,1,0,193539
130101,1,0,193540
130102,2,0,193542
130103,1,0,193543
130104,1,0,193544
130105,1,0,193545
130106,1,0,193546
130107,1,0,193547
130108,1,0,193548
130109,1,0,193549
130110,1,0,193550
130111,1,0,193551
130112,1,0,193552
130113,2,0,193554
130114,1,0,193555
130115,1,0,193556
130116,1,0,193557
130117,1,0,193558
130118,2,0,193560
130119,1,0,193561
130120,2,0,193563
130121,1,0,193564
130122,1,0,193565
130123,1,0,193566
130124,1,0,193567
130125,5,0,193572
130126,1,0,193573
130127,3,0,193576
130128,1,0,193577
130129,1,0,193578
130130,1,0,193579
130131,1,0,193580
130132,1,0,193581
130133,2,0,193583
130134,1,0,193584
130135,1,0,193585
130136,1,0,193586
130137,1,0,193587
130138,2,0,193589
130139,2,0,193591
130140,1,0,193592
130141,4,0,193596
130142,1,0,193597
130143,1,0,193598
130144,4,0,193602
130145,3,0,193605
130146,1,0,193606
130147,1,0,193607
130148,1,0,193608
130149,1,0,193609
130150,1,0,193610
130151,3,0,193613
130152,2,0,193615
130153,1,0,193616
130154,1,0,193617
130155,1,0,193618
130156,2,0,193620
130157,3,0,193623
130158,1,0,193624
130159,1,0,193625
130160,1,0,193626
130161,3,0,193629
130162,1,0,193630
130163,1,0,193631
130164,1,0,193632
130165,1,0,193633
130166,1,0,193634
130167,1,0,193635
130168,1,0,193636
130169,1,0,193637
130170,1,0,193638
130171,2,0,193640
130172,1,0,193641
130173,2,0,193643
130174,1,0,193644
130175,2,0,193646
130176,1,0,193647
130177,1,0,193648
130178,1,0,193649
130179,3,0,193652
130180,1,0,193653
130181,1,0,193654
130182,1,0,193655
130183,1,0,193656
130184,2,0,193658
130185,1,0,193659
130186,1,0,193660
130187,1,0,193661
130188,1,0,193662
130189,1,0,193663
130190,1,0,193664
130191,1,0,193665
130192,1,0,193666
130193,1,0,193667
130194,4,0,193671
130195,1,0,193672
130196,1,0,193673
130197,1,0,193674
130198,1,0,193675
130199,1,0,193676
130200,5,0,193681
130201,1,0,193682
130202,1,0,193683
130203,1,0,193684
130204,2,0,193686
130205,1,0,193687
130206,2,0,193689
130207,2,0,193691
130208,1,0,193692
130209,1,0,193693
130210,1,0,193694
130211,3,0,193697
130212,1,0,193698
130213,1,0,193699
130214,1,0,193700
130215,1,0,193701
130216,2,0,193703
130217,1,0,193704
130218,2,0,193706
130219,1,0,193707
130220,1,0,193708
130221,1,0,193709
130222,2,0,193711
130223,1,0,193712
130224,2,0,193714
130225,2,0,193716
130226,1,0,193717
130227,1,0,193718
130228,1,0,193719
130229,3,0,193722
130230,3,0,193725
130231,1,0,193726
130232,2,0,193728
130233,1,0,193729
130234,1,0,193730
130235,2,0,193732
130236,1,0,193733
130237,1,0,193734
130238,1,0,193735
130239,1,0,193736
130240,1,0,193737
130241,1,0,193738
130242,3,0,193741
130243,1,0,193742
130244,1,0,193743
130245,2,0,193745
130246,2,0,193747
130247,1,0,193748
130248,1,0,193749
130249,1,0,193750
130250,1,0,193751
130251,1,0,193752
130252,1,0,193753
130253,2,0,193755
130254,1,0,193756
130255,2,0,193758
130256,1,0,193759
130257,1,0,193760
130258,2,0,193762
130259,1,0,193763
130260,1,0,193764
130261,3,0,193767
130262,1,0,193768
130263,1,0,193769
130264,1,0,193770
130265,1,0,193771
130266,1,0,193772
130267,1,0,193773
130268,2,0,193775
130269,2,0,193777
130270,3,0,193780
130271,1,0,193781
130272,1,0,193782
130273,1,0,193783
130274,2,0,193785
130275,2,0,193787
130276,1,0,193788
130277,3,0,193791
130278,1,0,193792
130279,2,0,193794
130280,1,0,193795
130281,1,0,193796
130282,2,0,193798
130283,1,0,193799
130284,1,0,193800
130285,1,0,193801
130286,2,0,193803
130287,2,0,193805
130288,1,0,193806
130289,2,0,193808
130290,1,0,193809
130291,2,0,193811
130292,1,0,193812
130293,2,0,193814
130294,1,0,193815
130295,1,0,193816
130296,1,0,193817
130297,1,0,193818
130298,1,0,193819
130299,2,0,193821
130300,1,0,193822
130301,2,0,193824
130302,1,0,193825
130303,2,0,193827
130304,1,0,193828
130305,3,0,193831
130306,2,0,193833
130307,1,0,193834
130308,1,0,193835
130309,1,0,193836
130310,2,0,193838
130311,1,0,193839
130312,1,0,193840
130313,1,0,193841
130314,1,0,193842
130315,2,0,193844
130316,1,0,193845
130317,2,0,193847
130318,1,0,193848
130319,3,0,193851
130320,1,0,193852
130321,1,0,193853
130322,1,0,193854
130323,4,0,193858
130324,1,0,193859
130325,1,0,193860
130326,2,0,193862
130327,1,0,193863
130328,1,0,193864
130329,4,0,193868
130330,1,0,193869
130331,1,0,193870
130332,1,0,193871
130333,1,0,193872
130334,1,0,193873
130335,1,0,193874
130336,1,0,193875
130337,1,0,193876
130338,1,0,193877
130339,1,0,193878
130340,1,0,193879
130341,1,0,193880
130342,4,0,193884
130343,1,0,193885
130344,1,0,193886
130345,1,0,193887
130346,3,0,193890
130347,1,0,193891
130348,2,0,193893
130349,1,0,193894
130350,2,0,193896
130351,1,0,193897
130352,4,0,193901
130353,1,0,193902
130354,1,0,193903
130355,1,0,193904
130356,3,0,193907
130357,2,0,193909
130358,2,0,193911
130359,1,0,193912
130360,1,0,193913
130361,1,0,193914
130362,1,0,193915
130363,2,0,193917
130364,3,0,193920
130365,1,0,193921
130366,2,0,193923
130367,1,0,193924
130368,1,0,193925
130369,1,0,193926
130370,1,0,193927
130371,1,0,193928
130372,1,0,193929
130373,1,0,193930
130374,1,0,193931
130375,2,0,193933
130376,1,0,193934
130377,1,0,193935
130378,1,0,193936
130379,1,0,193937
130380,1,0,193938
130381,1,0,193939
130382,3,0,193942
130383,1,0,193943
130384,1,0,193944
130385,1,0,193945
130386,1,0,193946
130387,2,0,193948
130388,1,0,193949
130389,1,0,193950
130390,1,0,193951
130391,1,0,193952
130392,1,0,193953
130393,2,0,193955
130394,1,0,193956
130395,5,0,193961
130396,1,0,193962
130397,1,0,193963
130398,1,0,193964
130399,3,0,193967
130400,1,0,193968
130401,1,0,193969
130402,1,0,193970
130403,3,0,193973
130404,1,0,193974
130405,1,0,193975
130406,1,0,193976
130407,1,0,193977
130408,1,0,193978
130409,1,0,193979
130410,1,0,193980
130411,1,0,193981
130412,3,0,193984
130413,1,0,193985
130414,1,0,193986
130415,1,0,193987
130416,2,0,193989
130417,2,0,193991
130418,1,0,193992
130419,1,0,193993
130420,2,0,193995
130421,1,0,193996
130422,1,0,193997
130423,2,0,193999
130424,2,0,194001
130425,2,0,194003
130426,2,0,194005
130427,3,0,194008
130428,1,0,194009
130429,2,0,194011
130430,1,0,194012
130431,1,0,194013
130432,2,0,194015
130433,2,0,194017
130434,1,0,194018
130435,2,0,194020
130436,3,0,194023
130437,2,0,194025
130438,1,0,194026
130439,5,0,194031
130440,1,0,194032
130441,1,0,194033
130442,1,0,194034
130443,2,0,194036
130444,6,0,194042
130445,11,0,194053
130446,1,0,194054
130447,1,0,194055
130448,1,0,194056
130449,3,0,194059
130450,1,0,194060
130451,1,0,194061
130452,1,0,194062
130453,1,0,194063
130454,1,0,194064
130455,1,0,194065
130456,1,0,194066
130457,1,0,194067
130458,1,0,194068
130459,2,0,194070
130460,1,0,194071
130461,1,0,194072
130462,7,0,194079
130463,1,0,194080
130464,1,0,194081
130465,3,0,194084
130466,1,0,194085
130467,1,0,194086
130468,2,0,194088
130469,1,0,194089
130470,1,0,194090
130471,1,0,194091
130472,1,0,194092
130473,1,0,194093
130474,1,0,194094
130475,1,0,194095
130476,2,0,194097
130477,1,0,194098
130478,2,0,194100
130479,1,0,194101
130480,1,0,194102
130481,1,0,194103
130482,1,0,194104
130483,1,0,194105
130484,1,0,194106
130485,1,0,194107
130486,2,0,194109
130487,1,0,194110
130488,1,0,194111
130489,7,0,194118
130490,1,0,194119
130491,2,0,194121
130492,1,0,194122
130493,1,0,194123
130494,1,0,194124
130495,2,0,194126
130496,1,0,194127
130497,1,0,194128
130498,1,0,194129
130499,1,0,194130
130500,3,0,194133
130501,2,0,194135
130502,2,0,194137
130503,1,0,194138
130504,1,0,194139
130505,1,0,194140
130506,3,0,194143
130507,2,0,194145
130508,2,0,194147
130509,1,0,194148
130510,1,0,194149
130511,1,0,194150
130512,2,0,194152
130513,1,0,194153
130514,1,0,194154
130515,3,0,194157
130516,1,0,194158
130517,1,0,194159
130518,1,0,194160
130519,1,0,194161
130520,1,0,194162
130521,1,0,194163
130522,1,0,194164
130523,1,0,194165
130524,1,0,194166
130525,1,0,194167
130526,1,0,194168
130527,1,0,194169
130528,1,0,194170
130529,1,0,194171
130530,1,0,194172
130531,1,0,194173
130532,1,0,194174
130533,1,0,194175
130534,1,0,194176
130535,2,0,194178
130536,3,0,194181
130537,1,0,194182
130538,1,0,194183
130539,1,0,194184
130540,1,0,194185
130541,1,0,194186
130542,3,0,194189
130543,1,0,194190
130544,1,0,194191
130545,3,0,194194
130546,1,0,194195
130547,3,0,194198
130548,1,0,194199
130549,1,0,194200
130550,1,0,194201
130551,1,0,194202
130552,2,0,194204
130553,1,0,194205
130554,1,0,194206
130555,2,0,194208
130556,1,0,194209
130557,1,0,194210
130558,1,0,194211
130559,1,0,194212
130560,1,0,194213
130561,1,0,194214
130562,2,0,194216
130563,1,0,194217
130564,1,0,194218
130565,1,0,194219
130566,1,0,194220
130567,1,0,194221
130568,2,0,194223
130569,1,0,194224
130570,1,0,194225
130571,1,0,194226
130572,1,0,194227
130573,1,0,194228
130574,1,0,194229
130575,1,0,194230
130576,1,0,194231
130577,1,0,194232
130578,1,0,194233
130579,1,0,194234
130580,1,0,194235
130581,1,0,194236
130582,1,0,194237
130583,1,0,194238
130584,1,0,194239
130585,1,0,194240
130586,2,0,194242
130587,1,0,194243
130588,1,0,194244
130589,1,0,194245
130590,1,0,194246
130591,1,0,194247
130592,1,0,194248
130593,1,0,194249
130594,1,0,194250
130595,1,0,194251
130596,1,0,194252
130597,3,0,194255
130598,3,0,194258
130599,1,0,194259
130600,2,0,194261
130601,2,0,194263
130602,1,0,194264
130603,22,0,194286
130604,1,0,194287
130605,1,0,194288
130606,1,0,194289
130607,1,0,194290
130608,1,0,194291
130609,1,0,194292
130610,1,0,194293
130611,1,0,194294
130612,1,0,194295
130613,1,0,194296
130614,1,0,194297
130615,2,0,194299
130616,2,0,194301
130617,1,0,194302
130618,2,0,194304
130619,1,0,194305
130620,1,0,194306
130621,1,0,194307
130622,1,0,194308
130623,1,0,194309
130624,1,0,194310
130625,1,0,194311
130626,1,0,194312
130627,1,0,194313
130628,1,0,194314
130629,1,0,194315
130630,1,0,194316
130631,2,0,194318
130632,1,0,194319
130633,1,0,194320
130634,1,0,194321
130635,1,0,194322
130636,2,0,194324
130637,1,0,194325
130638,1,0,194326
130639,1,0,194327
130640,1,0,194328
130641,2,0,194330
130642,1,0,194331
130643,1,0,194332
130644,1,0,194333
130645,1,0,194334
130646,2,0,194336
130647,1,0,194337
130648,2,0,194339
130649,1,0,194340
130650,1,0,194341
130651,1,0,194342
130652,2,0,194344
130653,1,0,194345
130654,2,0,194347
130655,2,0,194349
130656,1,0,194350
130657,1,0,194351
130658,1,0,194352
130659,2,0,194354
130660,1,0,194355
130661,2,0,194357
130662,1,0,194358
130663,1,0,194359
130664,1,0,194360
130665,1,0,194361
130666,1,0,194362
130667,2,0,194364
130668,2,0,194366
130669,2,0,194368
130670,1,0,194369
130671,1,0,194370
130672,1,0,194371
130673,2,0,194373
130674,1,0,194374
130675,1,0,194375
130676,1,0,194376
130677,1,0,194377
130678,1,0,194378
130679,1,0,194379
130680,1,0,194380
130681,1,0,194381
130682,1,0,194382
130683,1,0,194383
130684,2,0,194385
130685,2,0,194387
130686,1,0,194388
130687,1,0,194389
130688,1,0,194390
130689,1,0,194391
130690,1,0,194392
130691,1,0,194393
130692,2,0,194395
130693,1,0,194396
130694,1,0,194397
130695,1,0,194398
130696,1,0,194399
130697,2,0,194401
130698,1,0,194402
130699,1,0,194403
130700,1,0,194404
130701,1,0,194405
130702,1,0,194406
130703,2,0,194408
130704,1,0,194409
130705,1,0,194410
130706,1,0,194411
130707,2,0,194413
130708,1,0,194414
130709,1,0,194415
130710,1,0,194416
130711,1,0,194417
130712,1,0,194418
130713,1,0,194419
130714,1,0,194420
130715,1,0,194421
130716,2,0,194423
130717,1,0,194424
130718,1,0,194425
130719,2,0,194427
130720,1,0,194428
130721,2,0,194430
130722,1,0,194431
130723,1,0,194432
130724,1,0,194433
130725,1,0,194434
130726,4,0,194438
130727,1,0,194439
130728,1,0,194440
130729,1,0,194441
130730,2,0,194443
130731,1,0,194444
130732,2,0,194446
130733,4,0,194450
130734,1,0,194451
130735,1,0,194452
130736,1,0,194453
130737,1,0,194454
130738,1,0,194455
130739,4,0,194459
130740,3,0,194462
130741,1,0,194463
130742,1,0,194464
130743,2,0,194466
130744,1,0,194467
130745,2,0,194469
130746,2,0,194471
130747,1,0,194472
130748,1,0,194473
130749,2,0,194475
130750,3,0,194478
130751,1,0,194479
130752,3,0,194482
130753,1,0,194483
130754,2,0,194485
130755,1,0,194486
130756,1,0,194487
130757,1,0,194488
130758,1,0,194489
130759,1,0,194490
130760,1,0,194491
130761,1,0,194492
130762,1,0,194493
130763,2,0,194495
130764,1,0,194496
130765,1,0,194497
130766,3,0,194500
130767,1,0,194501
130768,1,0,194502
130769,1,0,194503
130770,1,0,194504
130771,1,0,194505
130772,1,0,194506
130773,4,0,194510
130774,1,0,194511
130775,1,0,194512
130776,2,0,194514
130777,1,0,194515
130778,1,0,194516
130779,1,0,194517
130780,2,0,194519
130781,2,0,194521
130782,2,0,194523
130783,3,0,194526
130784,1,0,194527
130785,1,0,194528
130786,2,0,194530
130787,1,0,194531
130788,1,0,194532
130789,2,0,194534
130790,3,0,194537
130791,1,0,194538
130792,1,0,194539
130793,1,0,194540
130794,1,0,194541
130795,1,0,194542
130796,2,0,194544
130797,1,0,194545
130798,1,0,194546
130799,2,0,194548
130800,1,0,194549
130801,1,0,194550
130802,1,0,194551
130803,1,0,194552
130804,1,0,194553
130805,1,0,194554
130806,1,0,194555
130807,1,0,194556
130808,1,0,194557
130809,3,0,194560
130810,1,0,194561
130811,1,0,194562
130812,1,0,194563
130813,2,0,194565
130814,1,0,194566
130815,2,0,194568
130816,3,0,194571
130817,1,0,194572
130818,1,0,194573
130819,1,0,194574
130820,1,0,194575
130821,1,0,194576
130822,1,0,194577
130823,1,0,194578
130824,1,0,194579
130825,1,0,194580
130826,1,0,194581
130827,1,0,194582
130828,1,0,194583
130829,1,0,194584
130830,2,0,194586
130831,1,0,194587
130832,1,0,194588
130833,1,0,194589
130834,1,0,194590
130835,3,0,194593
130836,2,0,194595
130837,2,0,194597
130838,2,0,194599
130839,1,0,194600
130840,2,0,194602
130841,1,0,194603
130842,1,0,194604
130843,2,0,194606
130844,1,0,194607
130845,1,0,194608
130846,7,0,194615
130847,1,0,194616
130848,1,0,194617
130849,1,0,194618
130850,1,0,194619
130851,3,0,194622
130852,1,0,194623
130853,1,0,194624
130854,1,0,194625
130855,2,0,194627
130856,1,0,194628
130857,1,0,194629
130858,1,0,194630
130859,1,0,194631
130860,1,0,194632
130861,1,0,194633
130862,2,0,194635
130863,1,0,194636
130864,2,0,194638
130865,2,0,194640
130866,1,0,194641
130867,1,0,194642
130868,1,0,194643
130869,1,0,194644
130870,1,0,194645
130871,2,0,194647
130872,1,0,194648
130873,1,0,194649
130874,1,0,194650
130875,1,0,194651
130876,1,0,194652
130877,1,0,194653
130878,1,0,194654
130879,1,0,194655
130880,2,0,194657
130881,1,0,194658
130882,1,0,194659
130883,1,0,194660
130884,1,0,194661
130885,1,0,194662
130886,1,0,194663
130887,1,0,194664
130888,1,0,194665
130889,3,0,194668
130890,1,0,194669
130891,1,0,194670
130892,1,0,194671
130893,2,0,194673
130894,1,0,194674
130895,3,0,194677
130896,1,0,194678
130897,1,0,194679
130898,1,0,194680
130899,1,0,194681
130900,1,0,194682
130901,1,0,194683
130902,1,0,194684
130903,1,0,194685
130904,1,0,194686
130905,1,0,194687
130906,1,0,194688
130907,1,0,194689
130908,2,0,194691
130909,1,0,194692
130910,1,0,194693
130911,1,0,194694
130912,1,0,194695
130913,1,0,194696
130914,1,0,194697
130915,1,0,194698
130916,1,0,194699
130917,5,0,194704
130918,1,0,194705
130919,1,0,194706
130920,1,0,194707
130921,1,0,194708
130922,1,0,194709
130923,3,0,194712
130924,2,0,194714
130925,1,0,194715
130926,1,0,194716
130927,1,0,194717
130928,1,0,194718
130929,1,0,194719
130930,2,0,194721
130931,1,0,194722
130932,1,0,194723
130933,2,0,194725
130934,4,0,194729
130935,1,0,194730
130936,1,0,194731
130937,2,0,194733
130938,1,0,194734
130939,1,0,194735
130940,1,0,194736
130941,2,0,194738
130942,1,0,194739
130943,1,0,194740
130944,1,0,194741
130945,1,0,194742
130946,1,0,194743
130947,4,0,194747
130948,1,0,194748
130949,1,0,194749
130950,1,0,194750
130951,2,0,194752
130952,1,0,194753
130953,1,0,194754
130954,1,0,194755
130955,2,0,194757
130956,1,0,194758
130957,1,0,194759
130958,1,0,194760
130959,1,0,194761
130960,1,0,194762
130961,1,0,194763
130962,1,0,194764
130963,1,0,194765
130964,1,0,194766
130965,1,0,194767
130966,1,0,194768
130967,1,0,194769
130968,1,0,194770
130969,1,0,194771
130970,1,0,194772
130971,3,0,194775
130972,1,0,194776
130973,3,0,194779
130974,1,0,194780
130975,1,0,194781
130976,1,0,194782
130977,1,0,194783
130978,1,0,194784
130979,1,0,194785
130980,1,0,194786
130981,1,0,194787
130982,1,0,194788
130983,1,0,194789
130984,1,0,194790
130985,1,0,194791
130986,1,0,194792
130987,1,0,194793
130988,1,0,194794
130989,2,0,194796
130990,3,0,194799
130991,2,0,194801
130992,2,0,194803
130993,3,0,194806
130994,1,0,194807
130995,1,0,194808
130996,1,0,194809
130997,1,0,194810
130998,1,0,194811
130999,3,0,194814
131000,3,0,194817
131001,1,0,194818
131002,2,0,194820
131003,1,0,194821
131004,1,0,194822
131005,1,0,194823
131006,1,0,194824
131007,1,0,194825
131008,1,0,194826
131009,1,0,194827
131010,1,0,194828
131011,1,0,194829
131012,2,0,194831
131013,1,0,194832
131014,1,0,194833
131015,2,0,194835
131016,1,0,194836
131017,2,0,194838
131018,1,0,194839
131019,1,0,194840
131020,1,0,194841
131021,1,0,194842
131022,1,0,194843
131023,1,0,194844
131024,1,0,194845
131025,1,0,194846
131026,2,0,194848
131027,1,0,194849
131028,1,0,194850
131029,1,0,194851
131030,1,0,194852
131031,2,0,194854
131032,1,0,194855
131033,1,0,194856
131034,1,0,194857
131035,2,0,194859
131036,2,0,194861
131037,1,0,194862
131038,1,0,194863
131039,2,0,194865
131040,3,0,194868
131041,1,0,194869
131042,1,0,194870
131043,1,0,194871
131044,1,0,194872
131045,1,0,194873
131046,1,0,194874
131047,1,0,194875
131048,1,0,194876
131049,1,0,194877
131050,1,0,194878
131051,1,0,194879
131052,1,0,194880
131053,1,0,194881
131054,1,0,194882
131055,1,0,194883
131056,1,0,194884
131057,1,0,194885
131058,1,0,194886
131059,1,0,194887
131060,1,0,194888
131061,1,0,194889
131062,2,0,194891
131063,1,0,194892
131064,1,0,194893
131065,2,0,194895
131066,1,0,194896
131067,2,0,194898
131068,2,0,194900
131069,1,0,194901
131070,6,0,194907
131071,1,0,194908
131072,1,0,194909
131073,1,0,194910
131074,1,0,194911
131075,1,0,194912
131076,1,0,194913
131077,1,0,194914
131078,1,0,194915
131079,1,0,194916
131080,1,0,194917
131081,2,0,194919
131082,1,0,194920
131083,3,0,194923
131084,4,0,194927
131085,2,0,194929
131086,2,0,194931
131087,1,0,194932
131088,2,0,194934
131089,1,0,194935
131090,1,0,194936
131091,6,0,194942
131092,1,0,194943
131093,1,0,194944
131094,1,0,194945
131095,1,0,194946
131096,1,0,194947
131097,3,0,194950
131098,2,0,194952
131099,1,0,194953
131100,2,0,194955
131101,4,0,194959
131102,1,0,194960
131103,1,0,194961
131104,1,0,194962
131105,1,0,194963
131106,1,0,194964
131107,1,0,194965
131108,1,0,194966
131109,2,0,194968
131110,1,0,194969
131111,1,0,194970
131112,1,0,194971
131113,1,0,194972
131114,1,0,194973
131115,4,0,194977
131116,1,0,194978
131117,1,0,194979
131118,1,0,194980
131119,1,0,194981
131120,1,0,194982
131121,2,0,194984
131122,1,0,194985
131123,2,0,194987
131124,1,0,194988
131125,1,0,194989
131126,1,0,194990
131127,3,0,194993
131128,1,0,194994
131129,1,0,194995
131130,1,0,194996
131131,3,0,194999
131132,1,0,195000
131133,4,0,195004
131134,1,0,195005
131135,1,0,195006
131136,2,0,195008
131137,1,0,195009
131138,1,0,195010
131139,1,0,195011
131140,1,0,195012
131141,1,0,195013
131142,1,0,195014
131143,1,0,195015
131144,1,0,195016
131145,1,0,195017
131146,2,0,195019
131147,1,0,195020
131148,1,0,195021
131149,1,0,195022
131150,1,0,195023
131151,1,0,195024
131152,1,0,195025
131153,1,0,195026
131154,4,0,195030
131155,1,0,195031
131156,1,0,195032
131157,1,0,195033
131158,1,0,195034
131159,1,0,195035
131160,1,0,195036
131161,1,0,195037
131162,2,0,195039
131163,1,0,195040
131164,1,0,195041
131165,3,0,195044
131166,1,0,195045
131167,1,0,195046
131168,2,0,195048
131169,1,0,195049
131170,1,0,195050
131171,1,0,195051
131172,1,0,195052
131173,1,0,195053
131174,2,0,195055
131175,1,0,195056
131176,1,0,195057
131177,2,0,195059
131178,1,0,195060
131179,3,0,195063
131180,1,0,195064
131181,2,0,195066
131182,1,0,195067
131183,1,0,195068
131184,1,0,195069
131185,1,0,195070
131186,1,0,195071
131187,1,0,195072
131188,1,0,195073
131189,2,0,195075
131190,1,0,195076
131191,2,0,195078
131192,1,0,195079
131193,2,0,195081
131194,1,0,195082
131195,2,0,195084
131196,2,0,195086
131197,1,0,195087
131198,1,0,195088
131199,1,0,195089
131200,1,0,195090
131201,1,0,195091
131202,3,0,195094
131203,1,0,195095
131204,1,0,195096
131205,1,0,195097
131206,2,0,195099
131207,1,0,195100
131208,1,0,195101
131209,1,0,195102
131210,1,0,195103
131211,1,0,195104
131212,1,0,195105
131213,1,0,195106
131214,2,0,195108
131215,1,0,195109
131216,1,0,195110
131217,1,0,195111
131218,1,0,195112
131219,3,0,195115
131220,2,0,195117
131221,1,0,195118
131222,1,0,195119
131223,1,0,195120
131224,1,0,195121
131225,1,0,195122
131226,2,0,195124
131227,1,0,195125
131228,1,0,195126
131229,1,0,195127
131230,1,0,195128
131231,1,0,195129
131232,1,0,195130
131233,3,0,195133
131234,1,0,195134
131235,1,0,195135
131236,1,0,195136
131237,1,0,195137
131238,2,0,195139
131239,1,0,195140
131240,1,0,195141
131241,1,0,195142
131242,5,0,195147
131243,1,0,195148
131244,1,0,195149
131245,2,0,195151
131246,1,0,195152
131247,2,0,195154
131248,1,0,195155
131249,3,0,195158
131250,1,0,195159
131251,2,0,195161
131252,1,0,195162
131253,2,0,195164
131254,4,0,195168
131255,2,0,195170
131256,1,0,195171
131257,1,0,195172
131258,1,0,195173
131259,1,0,195174
131260,1,0,195175
131261,1,0,195176
131262,1,0,195177
131263,2,0,195179
131264,1,0,195180
131265,1,0,195181
131266,2,0,195183
131267,1,0,195184
131268,1,0,195185
131269,1,0,195186
131270,1,0,195187
131271,3,0,195190
131272,1,0,195191
131273,1,0,195192
131274,1,0,195193
131275,1,0,195194
131276,1,0,195195
131277,1,0,195196
131278,2,0,195198
131279,1,0,195199
131280,1,0,195200
131281,1,0,195201
131282,1,0,195202
131283,1,0,195203
131284,1,0,195204
131285,1,0,195205
131286,1,0,195206
131287,1,0,195207
131288,3,0,195210
131289,1,0,195211
131290,4,0,195215
131291,1,0,195216
131292,1,0,195217
131293,1,0,195218
131294,4,0,195222
131295,1,0,195223
131296,4,0,195227
131297,1,0,195228
131298,3,0,195231
131299,1,0,195232
131300,1,0,195233
131301,2,0,195235
131302,1,0,195236
131303,1,0,195237
131304,1,0,195238
131305,1,0,195239
131306,1,0,195240
131307,2,0,195242
131308,2,0,195244
131309,1,0,195245
131310,2,0,195247
131311,1,0,195248
131312,1,0,195249
131313,2,0,195251
131314,1,0,195252
131315,1,0,195253
131316,1,0,195254
131317,1,0,195255
131318,1,0,195256
131319,1,0,195257
131320,2,0,195259
131321,1,0,195260
131322,2,0,195262
131323,1,0,195263
131324,2,0,195265
131325,1,0,195266
131326,2,0,195268
131327,1,0,195269
131328,1,0,195270
131329,2,0,195272
131330,2,0,195274
131331,1,0,195275
131332,1,0,195276
131333,2,0,195278
131334,1,0,195279
131335,1,0,195280
131336,1,0,195281
131337,3,0,195284
131338,3,0,195287
131339,1,0,195288
131340,1,0,195289
131341,2,0,195291
131342,1,0,195292
131343,1,0,195293
131344,1,0,195294
131345,1,0,195295
131346,1,0,195296
131347,1,0,195297
131348,1,0,195298
131349,1,0,195299
131350,2,0,195301
131351,3,0,195304
131352,1,0,195305
131353,2,0,195307
131354,4,0,195311
131355,1,0,195312
131356,2,0,195314
131357,1,0,195315
131358,1,0,195316
131359,1,0,195317
131360,1,0,195318
131361,2,0,195320
131362,2,0,195322
131363,1,0,195323
131364,1,0,195324
131365,2,0,195326
131366,1,0,195327
131367,1,0,195328
131368,3,0,195331
131369,1,0,195332
131370,1,0,195333
131371,2,0,195335
131372,1,0,195336
131373,1,0,195337
131374,1,0,195338
131375,1,0,195339
131376,1,0,195340
131377,1,0,195341
131378,1,0,195342
131379,1,0,195343
131380,1,0,195344
131381,1,0,195345
131382,1,0,195346
131383,1,0,195347
131384,1,0,195348
131385,1,0,195349
131386,3,0,195352
131387,1,0,195353
131388,1,0,195354
131389,1,0,195355
131390,2,0,195357
131391,1,0,195358
131392,1,0,195359
131393,2,0,195361
131394,1,0,195362
131395,2,0,195364
131396,1,0,195365
131397,2,0,195367
131398,2,0,195369
131399,2,0,195371
131400,2,0,195373
131401,2,0,195375
131402,1,0,195376
131403,1,0,195377
131404,5,0,195382
131405,1,0,195383
131406,2,0,195385
131407,3,0,195388
131408,1,0,195389
131409,1,0,195390
131410,2,0,195392
131411,2,0,195394
131412,1,0,195395
131413,2,0,195397
131414,1,0,195398
131415,1,0,195399
131416,1,0,195400
131417,1,0,195401
131418,1,0,195402
131419,1,0,195403
131420,1,0,195404
131421,1,0,195405
131422,1,0,195406
131423,1,0,195407
131424,2,0,195409
131425,1,0,195410
131426,1,0,195411
131427,1,0,195412
131428,1,0,195413
131429,1,0,195414
131430,2,0,195416
131431,1,0,195417
131432,1,0,195418
131433,1,0,195419
131434,1,0,195420
131435,1,0,195421
131436,2,0,195423
131437,1,0,195424
131438,1,0,195425
131439,2,0,195427
131440,2,0,195429
131441,2,0,195431
131442,1,0,195432
131443,3,0,195435
131444,2,0,195437
131445,1,0,195438
131446,1,0,195439
131447,1,0,195440
131448,3,0,195443
131449,3,0,195446
131450,1,0,195447
131451,1,0,195448
131452,1,0,195449
131453,1,0,195450
131454,1,0,195451
131455,1,0,195452
131456,1,0,195453
131457,1,0,195454
131458,1,0,195455
131459,1,0,195456
131460,1,0,195457
131461,2,0,195459
131462,1,0,195460
131463,1,0,195461
131464,2,0,195463
131465,1,0,195464
131466,1,0,195465
131467,1,0,195466
131468,1,0,195467
131469,1,0,195468
131470,3,0,195471
131471,2,0,195473
131472,1,0,195474
131473,1,0,195475
131474,1,0,195476
131475,1,0,195477
131476,1,0,195478
131477,2,0,195480
131478,2,0,195482
131479,2,0,195484
131480,1,0,195485
131481,2,0,195487
131482,3,0,195490
131483,1,0,195491
131484,2,0,195493
131485,1,0,195494
131486,3,0,195497
131487,2,0,195499
131488,1,0,195500
131489,1,0,195501
131490,1,0,195502
131491,1,0,195503
131492,2,0,195505
131493,1,0,195506
131494,1,0,195507
131495,1,0,195508
131496,1,0,195509
131497,1,0,195510
131498,1,0,195511
131499,3,0,195514
131500,1,0,195515
131501,1,0,195516
131502,2,0,195518
131503,2,0,195520
131504,2,0,195522
131505,3,0,195525
131506,2,0,195527
131507,1,0,195528
131508,1,0,195529
131509,1,0,195530
131510,1,0,195531
131511,1,0,195532
131512,1,0,195533
131513,2,0,195535
131514,1,0,195536
131515,2,0,195538
131516,1,0,195539
131517,1,0,195540
131518,1,0,195541
131519,1,0,195542
131520,2,0,195544
131521,1,0,195545
131522,2,0,195547
131523,1,0,195548
131524,2,0,195550
131525,1,0,195551
131526,1,0,195552
131527,1,0,195553
131528,1,0,195554
131529,1,0,195555
131530,1,0,195556
131531,1,0,195557
131532,1,0,195558
131533,1,0,195559
131534,1,0,195560
131535,1,0,195561
131536,1,0,195562
131537,2,0,195564
131538,1,0,195565
131539,1,0,195566
131540,1,0,195567
131541,1,0,195568
131542,1,0,195569
131543,1,0,195570
131544,3,0,195573
131545,1,0,195574
131546,1,0,195575
131547,2,0,195577
131548,1,0,195578
131549,1,0,195579
131550,1,0,195580
131551,2,0,195582
131552,1,0,195583
131553,2,0,195585
131554,1,0,195586
131555,1,0,195587
131556,1,0,195588
131557,2,0,195590
131558,1,0,195591
131559,1,0,195592
131560,1,0,195593
131561,2,0,195595
131562,1,0,195596
131563,1,0,195597
131564,1,0,195598
131565,1,0,195599
131566,1,0,195600
131567,3,0,195603
131568,1,0,195604
131569,1,0,195605
131570,1,0,195606
131571,2,0,195608
131572,1,0,195609
131573,2,0,195611
131574,1,0,195612
131575,1,0,195613
131576,1,0,195614
131577,3,0,195617
131578,1,0,195618
131579,1,0,195619
131580,1,0,195620
131581,1,0,195621
131582,1,0,195622
131583,2,0,195624
131584,1,0,195625
131585,1,0,195626
131586,2,0,195628
131587,1,0,195629
131588,1,0,195630
131589,1,0,195631
131590,1,0,195632
131591,1,0,195633
131592,1,0,195634
131593,1,0,195635
131594,2,0,195637
131595,1,0,195638
131596,2,0,195640
131597,1,0,195641
131598,1,0,195642
131599,1,0,195643
131600,1,0,195644
131601,1,0,195645
131602,1,0,195646
131603,1,0,195647
131604,1,0,195648
131605,2,0,195650
131606,2,0,195652
131607,1,0,195653
131608,1,0,195654
131609,3,0,195657
131610,1,0,195658
131611,1,0,195659
131612,1,0,195660
131613,1,0,195661
131614,1,0,195662
131615,1,0,195663
131616,2,0,195665
131617,1,0,195666
131618,1,0,195667
131619,1,0,195668
131620,2,0,195670
131621,1,0,195671
131622,1,0,195672
131623,1,0,195673
131624,1,0,195674
131625,2,0,195676
131626,1,0,195677
131627,1,0,195678
131628,1,0,195679
131629,2,0,195681
131630,2,0,195683
131631,1,0,195684
131632,1,0,195685
131633,1,0,195686
131634,1,0,195687
131635,3,0,195690
131636,2,0,195692
131637,2,0,195694
131638,2,0,195696
131639,3,0,195699
131640,1,0,195700
131641,1,0,195701
131642,2,0,195703
131643,1,0,195704
131644,1,0,195705
131645,1,0,195706
131646,2,0,195708
131647,2,0,195710
131648,1,0,195711
131649,2,0,195713
131650,1,0,195714
131651,4,0,195718
131652,1,0,195719
131653,2,0,195721
131654,1,0,195722
131655,1,0,195723
131656,2,0,195725
131657,2,0,195727
131658,2,0,195729
131659,1,0,195730
131660,1,0,195731
131661,1,0,195732
131662,1,0,195733
131663,1,0,195734
131664,1,0,195735
131665,1,0,195736
131666,1,0,195737
131667,1,0,195738
131668,1,0,195739
131669,1,0,195740
131670,2,0,195742
131671,1,0,195743
131672,1,0,195744
131673,2,0,195746
131674,1,0,195747
131675,2,0,195749
131676,1,0,195750
131677,1,0,195751
131678,2,0,195753
131679,2,0,195755
131680,1,0,195756
131681,1,0,195757
131682,1,0,195758
131683,1,0,195759
131684,1,0,195760
131685,1,0,195761
131686,3,0,195764
131687,2,0,195766
131688,1,0,195767
131689,1,0,195768
131690,1,0,195769
131691,1,0,195770
131692,3,0,195773
131693,1,0,195774
131694,1,0,195775
131695,3,0,195778
131696,1,0,195779
131697,2,0,195781
131698,1,0,195782
131699,3,0,195785
131700,1,0,195786
131701,1,0,195787
131702,1,0,195788
131703,4,0,195792
131704,1,0,195793
131705,1,0,195794
131706,1,0,195795
131707,1,0,195796
131708,1,0,195797
131709,1,0,195798
131710,1,0,195799
131711,1,0,195800
131712,1,0,195801
131713,1,0,195802
131714,1,0,195803
131715,1,0,195804
131716,2,0,195806
131717,1,0,195807
131718,1,0,195808
131719,3,0,195811
131720,2,0,195813
131721,1,0,195814
131722,1,0,195815
131723,1,0,195816
131724,1,0,195817
131725,1,0,195818
131726,1,0,195819
131727,1,0,195820
131728,1,0,195821
131729,1,0,195822
131730,1,0,195823
131731,1,0,195824
131732,1,0,195825
131733,1,0,195826
131734,1,0,195827
131735,1,0,195828
131736,1,0,195829
131737,1,0,195830
131738,1,0,195831
131739,1,0,195832
131740,2,0,195834
131741,1,0,195835
131742,2,0,195837
131743,1,0,195838
131744,1,0,195839
131745,1,0,195840
131746,1,0,195841
131747,1,0,195842
131748,1,0,195843
131749,1,0,195844
131750,1,0,195845
131751,1,0,195846
131752,2,0,195848
131753,1,0,195849
131754,1,0,195850
131755,1,0,195851
131756,1,0,195852
131757,1,0,195853
131758,2,0,195855
131759,2,0,195857
131760,2,0,195859
131761,1,0,195860
131762,3,0,195863
131763,2,0,195865
131764,1,0,195866
131765,1,0,195867
131766,3,0,195870
131767,2,0,195872
131768,1,0,195873
131769,1,0,195874
131770,2,0,195876
131771,1,0,195877
131772,1,0,195878
131773,1,0,195879
131774,1,0,195880
131775,1,0,195881
131776,3,0,195884
131777,1,0,195885
131778,1,0,195886
131779,1,0,195887
131780,2,0,195889
131781,2,0,195891
131782,1,0,195892
131783,1,0,195893
131784,1,0,195894
131785,2,0,195896
131786,1,0,195897
131787,2,0,195899
131788,1,0,195900
131789,1,0,195901
131790,1,0,195902
131791,1,0,195903
131792,1,0,195904
131793,1,0,195905
131794,1,0,195906
131795,1,0,195907
131796,1,0,195908
131797,1,0,195909
131798,3,0,195912
131799,1,0,195913
131800,1,0,195914
131801,2,0,195916
131802,1,0,195917
131803,1,0,195918
131804,1,0,195919
131805,1,0,195920
131806,1,0,195921
131807,2,0,195923
131808,1,0,195924
131809,1,0,195925
131810,1,0,195926
131811,1,0,195927
131812,2,0,195929
131813,1,0,195930
131814,1,0,195931
131815,2,0,195933
131816,1,0,195934
131817,1,0,195935
131818,1,0,195936
131819,2,0,195938
131820,3,0,195941
131821,1,0,195942
131822,1,0,195943
131823,1,0,195944
131824,1,0,195945
131825,1,0,195946
131826,2,0,195948
131827,2,0,195950
131828,1,0,195951
131829,1,0,195952
131830,1,0,195953
131831,1,0,195954
131832,1,0,195955
131833,1,0,195956
131834,1,0,195957
131835,1,0,195958
131836,1,0,195959
131837,3,0,195962
131838,1,0,195963
131839,1,0,195964
131840,1,0,195965
131841,2,0,195967
131842,2,0,195969
131843,1,0,195970
131844,1,0,195971
131845,3,0,195974
131846,1,0,195975
131847,1,0,195976
131848,2,0,195978
131849,1,0,195979
131850,3,0,195982
131851,1,0,195983
131852,2,0,195985
131853,1,0,195986
131854,1,0,195987
131855,1,0,195988
131856,3,0,195991
131857,1,0,195992
131858,3,0,195995
131859,1,0,195996
131860,1,0,195997
131861,3,0,196000
131862,1,0,196001
131863,3,0,196004
131864,1,0,196005
131865,2,0,196007
131866,1,0,196008
131867,2,0,196010
131868,1,0,196011
131869,2,0,196013
131870,2,0,196015
131871,2,0,196017
131872,2,0,196019
131873,2,0,196021
131874,3,0,196024
131875,1,0,196025
131876,2,0,196027
131877,1,0,196028
131878,1,0,196029
131879,1,0,196030
131880,1,0,196031
131881,1,0,196032
131882,2,0,196034
131883,1,0,196035
131884,2,0,196037
131885,1,0,196038
131886,1,0,196039
131887,1,0,196040
131888,1,0,196041
131889,1,0,196042
131890,1,0,196043
131891,1,0,196044
131892,1,0,196045
131893,1,0,196046
131894,1,0,196047
131895,3,0,196050
131896,1,0,196051
131897,1,0,196052
131898,1,0,196053
131899,1,0,196054
131900,2,0,196056
131901,1,0,196057
131902,1,0,196058
131903,2,0,196060
131904,1,0,196061
131905,1,0,196062
131906,1,0,196063
131907,2,0,196065
131908,1,0,196066
131909,2,0,196068
131910,2,0,196070
131911,1,0,196071
131912,1,0,196072
131913,1,0,196073
131914,2,0,196075
131915,1,0,196076
131916,1,0,196077
131917,1,0,196078
131918,1,0,196079
131919,2,0,196081
131920,1,0,196082
131921,1,0,196083
131922,1,0,196084
131923,1,0,196085
131924,4,0,196089
131925,1,0,196090
131926,1,0,196091
131927,1,0,196092
131928,5,0,196097
131929,1,0,196098
131930,1,0,196099
131931,1,0,196100
131932,1,0,196101
131933,2,0,196103
131934,1,0,196104
131935,1,0,196105
131936,2,0,196107
131937,1,0,196108
131938,1,0,196109
131939,1,0,196110
131940,2,0,196112
131941,1,0,196113
131942,1,0,196114
131943,1,0,196115
131944,1,0,196116
131945,1,0,196117
131946,1,0,196118
131947,3,0,196121
131948,1,0,196122
131949,6,0,196128
131950,1,0,196129
131951,1,0,196130
131952,1,0,196131
131953,1,0,196132
131954,2,0,196134
131955,2,0,196136
131956,1,0,196137
131957,1,0,196138
131958,3,0,196141
131959,1,0,196142
131960,2,0,196144
131961,1,0,196145
131962,1,0,196146
131963,2,0,196148
131964,1,0,196149
131965,2,0,196151
131966,3,0,196154
131967,1,0,196155
131968,3,0,196158
131969,1,0,196159
131970,1,0,196160
131971,2,0,196162
131972,1,0,196163
131973,1,0,196164
131974,1,0,196165
131975,1,0,196166
131976,1,0,196167
131977,3,0,196170
131978,1,0,196171
131979,1,0,196172
131980,1,0,196173
131981,1,0,196174
131982,1,0,196175
131983,1,0,196176
131984,2,0,196178
131985,1,0,196179
131986,1,0,196180
131987,2,0,196182
131988,4,0,196186
131989,1,0,196187
131990,2,0,196189
131991,1,0,196190
131992,1,0,196191
131993,2,0,196193
131994,2,0,196195
131995,1,0,196196
131996,3,0,196199
131997,1,0,196200
131998,1,0,196201
131999,1,0,196202
132000,2,0,196204
132001,1,0,196205
132002,1,0,196206
132003,1,0,196207
132004,2,0,196209
132005,1,0,196210
132006,2,0,196212
132007,2,0,196214
132008,1,0,196215
132009,1,0,196216
132010,1,0,196217
132011,2,0,196219
132012,1,0,196220
132013,2,0,196222
132014,1,0,196223
132015,3,0,196226
132016,1,0,196227
132017,2,0,196229
132018,1,0,196230
132019,1,0,196231
132020,1,0,196232
132021,1,0,196233
132022,1,0,196234
132023,1,0,196235
132024,4,0,196239
132025,1,0,196240
132026,2,0,196242
132027,1,0,196243
132028,1,0,196244
132029,2,0,196246
132030,1,0,196247
132031,1,0,196248
132032,1,0,196249
132033,3,0,196252
132034,3,0,196255
132035,1,0,196256
132036,1,0,196257
132037,1,0,196258
132038,1,0,196259
132039,1,0,196260
132040,1,0,196261
132041,1,0,196262
132042,1,0,196263
132043,1,0,196264
132044,1,0,196265
132045,1,0,196266
132046,1,0,196267
132047,1,0,196268
132048,3,0,196271
132049,1,0,196272
132050,1,0,196273
132051,1,0,196274
132052,1,0,196275
132053,2,0,196277
132054,1,0,196278
132055,1,0,196279
132056,1,0,196280
132057,1,0,196281
132058,1,0,196282
132059,1,0,196283
132060,1,0,196284
132061,1,0,196285
132062,2,0,196287
132063,1,0,196288
132064,2,0,196290
132065,1,0,196291
132066,2,0,196293
132067,1,0,196294
132068,1,0,196295
132069,2,0,196297
132070,1,0,196298
132071,1,0,196299
132072,1,0,196300
132073,1,0,196301
132074,1,0,196302
132075,1,0,196303
132076,1,0,196304
132077,4,0,196308
132078,1,0,196309
132079,2,0,196311
132080,1,0,196312
132081,2,0,196314
132082,2,0,196316
132083,1,0,196317
132084,1,0,196318
132085,2,0,196320
132086,2,0,196322
132087,4,0,196326
132088,1,0,196327
132089,1,0,196328
132090,1,0,196329
132091,1,0,196330
132092,2,0,196332
132093,1,0,196333
132094,3,0,196336
132095,1,0,196337
132096,2,0,196339
132097,3,0,196342
132098,1,0,196343
132099,1,0,196344
132100,2,0,196346
132101,2,0,196348
132102,1,0,196349
132103,2,0,196351
132104,2,0,196353
132105,1,0,196354
132106,3,0,196357
132107,2,0,196359
132108,2,0,196361
132109,1,0,196362
132110,1,0,196363
132111,1,0,196364
132112,2,0,196366
132113,1,0,196367
132114,1,0,196368
132115,1,0,196369
132116,2,0,196371
132117,2,0,196373
132118,3,0,196376
132119,2,0,196378
132120,3,0,196381
132121,1,0,196382
132122,3,0,196385
132123,1,0,196386
132124,1,0,196387
132125,1,0,196388
132126,1,0,196389
132127,1,0,196390
132128,4,0,196394
132129,1,0,196395
132130,1,0,196396
132131,3,0,196399
132132,2,0,196401
132133,1,0,196402
132134,2,0,196404
132135,2,0,196406
132136,1,0,196407
132137,1,0,196408
132138,1,0,196409
132139,1,0,196410
132140,1,0,196411
132141,1,0,196412
132142,1,0,196413
132143,1,0,196414
132144,1,0,196415
132145,1,0,196416
132146,1,0,196417
132147,1,0,196418
132148,1,0,196419
132149,2,0,196421
132150,2,0,196423
132151,1,0,196424
132152,2,0,196426
132153,2,0,196428
132154,2,0,196430
132155,1,0,196431
132156,1,0,196432
132157,1,0,196433
132158,1,0,196434
132159,1,0,196435
132160,2,0,196437
132161,1,0,196438
132162,1,0,196439
132163,1,0,196440
132164,1,0,196441
132165,1,0,196442
132166,1,0,196443
132167,1,0,196444
132168,1,0,196445
132169,1,0,196446
132170,1,0,196447
132171,1,0,196448
132172,1,0,196449
132173,1,0,196450
132174,2,0,196452
132175,1,0,196453
132176,1,0,196454
132177,1,0,196455
132178,1,0,196456
132179,4,0,196460
132180,2,0,196462
132181,3,0,196465
132182,4,0,196469
132183,1,0,196470
132184,1,0,196471
132185,2,0,196473
132186,1,0,196474
132187,1,0,196475
132188,1,0,196476
132189,1,0,196477
132190,1,0,196478
132191,1,0,196479
132192,1,0,196480
132193,4,0,196484
132194,1,0,196485
132195,1,0,196486
132196,1,0,196487
132197,1,0,196488
132198,1,0,196489
132199,4,0,196493
132200,2,0,196495
132201,1,0,196496
132202,1,0,196497
132203,1,0,196498
132204,2,0,196500
132205,1,0,196501
132206,1,0,196502
132207,1,0,196503
132208,1,0,196504
132209,1,0,196505
132210,1,0,196506
132211,3,0,196509
132212,1,0,196510
132213,1,0,196511
132214,2,0,196513
132215,1,0,196514
132216,1,0,196515
132217,2,0,196517
132218,1,0,196518
132219,2,0,196520
132220,2,0,196522
132221,1,0,196523
132222,1,0,196524
132223,3,0,196527
132224,1,0,196528
132225,1,0,196529
132226,1,0,196530
132227,1,0,196531
132228,1,0,196532
132229,2,0,196534
132230,1,0,196535
132231,1,0,196536
132232,1,0,196537
132233,1,0,196538
132234,1,0,196539
132235,1,0,196540
132236,1,0,196541
132237,1,0,196542
132238,1,0,196543
132239,2,0,196545
132240,3,0,196548
132241,3,0,196551
132242,1,0,196552
132243,2,0,196554
132244,1,0,196555
132245,1,0,196556
132246,1,0,196557
132247,2,0,196559
132248,3,0,196562
132249,2,0,196564
132250,3,0,196567
132251,5,0,196572
132252,1,0,196573
132253,1,0,196574
132254,1,0,196575
132255,1,0,196576
132256,1,0,196577
132257,1,0,196578
132258,1,0,196579
132259,3,0,196582
132260,2,0,196584
132261,1,0,196585
132262,1,0,196586
132263,1,0,196587
132264,1,0,196588
132265,1,0,196589
132266,1,0,196590
132267,1,0,196591
132268,1,0,196592
132269,1,0,196593
132270,1,0,196594
132271,1,0,196595
132272,1,0,196596
132273,2,0,196598
132274,2,0,196600
132275,1,0,196601
132276,3,0,196604
132277,1,0,196605
132278,1,0,196606
132279,1,0,196607
132280,1,0,196608
132281,1,0,196609
132282,1,0,196610
132283,1,0,196611
132284,1,0,196612
132285,1,0,196613
132286,1,0,196614
132287,1,0,196615
132288,1,0,196616
132289,1,0,196617
132290,1,0,196618
132291,1,0,196619
132292,3,0,196622
132293,1,0,196623
132294,1,0,196624
132295,1,0,196625
132296,1,0,196626
132297,2,0,196628
132298,2,0,196630
132299,1,0,196631
132300,1,0,196632
132301,2,0,196634
132302,1,0,196635
132303,1,0,196636
132304,2,0,196638
132305,1,0,196639
132306,1,0,196640
132307,1,0,196641
132308,1,0,196642
132309,2,0,196644
132310,3,0,196647
132311,2,0,196649
132312,1,0,196650
132313,1,0,196651
132314,1,0,196652
132315,3,0,196655
132316,1,0,196656
132317,1,0,196657
132318,1,0,196658
132319,1,0,196659
132320,2,0,196661
132321,1,0,196662
132322,1,0,196663
132323,1,0,196664
132324,1,0,196665
132325,2,0,196667
132326,1,0,196668
132327,3,0,196671
132328,1,0,196672
132329,1,0,196673
132330,1,0,196674
132331,1,0,196675
132332,3,0,196678
132333,2,0,196680
132334,2,0,196682
132335,5,0,196687
132336,2,0,196689
132337,1,0,196690
132338,1,0,196691
132339,1,0,196692
132340,2,0,196694
132341,2,0,196696
132342,1,0,196697
132343,1,0,196698
132344,1,0,196699
132345,1,0,196700
132346,2,0,196702
132347,2,0,196704
132348,1,0,196705
132349,1,0,196706
132350,5,0,196711
132351,1,0,196712
132352,4,0,196716
132353,2,0,196718
132354,1,0,196719
132355,1,0,196720
132356,1,0,196721
132357,1,0,196722
132358,3,0,196725
132359,1,0,196726
132360,3,0,196729
132361,2,0,196731
132362,1,0,196732
132363,2,0,196734
132364,1,0,196735
132365,1,0,196736
132366,1,0,196737
132367,1,0,196738
132368,1,0,196739
132369,3,0,196742
132370,1,0,196743
132371,2,0,196745
132372,2,0,196747
132373,1,0,196748
132374,2,0,196750
132375,1,0,196751
132376,4,0,196755
132377,1,0,196756
132378,2,0,196758
132379,1,0,196759
132380,1,0,196760
132381,2,0,196762
132382,1,0,196763
132383,1,0,196764
132384,2,0,196766
132385,1,0,196767
132386,2,0,196769
132387,2,0,196771
132388,2,0,196773
132389,2,0,196775
132390,1,0,196776
132391,1,0,196777
132392,1,0,196778
132393,3,0,196781
132394,3,0,196784
132395,1,0,196785
132396,2,0,196787
132397,1,0,196788
132398,2,0,196790
132399,1,0,196791
132400,1,0,196792
132401,1,0,196793
132402,2,0,196795
132403,2,0,196797
132404,1,0,196798
132405,2,0,196800
132406,1,0,196801
132407,3,0,196804
132408,2,0,196806
132409,1,0,196807
132410,1,0,196808
132411,1,0,196809
132412,1,0,196810
132413,1,0,196811
132414,2,0,196813
132415,1,0,196814
132416,1,0,196815
132417,1,0,196816
132418,1,0,196817
132419,1,0,196818
132420,1,0,196819
132421,2,0,196821
132422,1,0,196822
132423,1,0,196823
132424,1,0,196824
132425,1,0,196825
132426,1,0,196826
132427,1,0,196827
132428,1,0,196828
132429,2,0,196830
132430,2,0,196832
132431,1,0,196833
132432,1,0,196834
132433,1,0,196835
132434,4,0,196839
132435,2,0,196841
132436,1,0,196842
132437,3,0,196845
132438,1,0,196846
132439,1,0,196847
132440,2,0,196849
132441,2,0,196851
132442,2,0,196853
132443,1,0,196854
132444,1,0,196855
132445,1,0,196856
132446,1,0,196857
132447,3,0,196860
132448,1,0,196861
132449,1,0,196862
132450,1,0,196863
132451,2,0,196865
132452,1,0,196866
132453,1,0,196867
132454,4,0,196871
132455,2,0,196873
132456,1,0,196874
132457,1,0,196875
132458,5,0,196880
132459,1,0,196881
132460,4,0,196885
132461,1,0,196886
132462,1,0,196887
132463,1,0,196888
132464,3,0,196891
132465,1,0,196892
132466,1,0,196893
132467,1,0,196894
132468,2,0,196896
132469,1,0,196897
132470,1,0,196898
132471,2,0,196900
132472,1,0,196901
132473,1,0,196902
132474,1,0,196903
132475,1,0,196904
132476,3,0,196907
132477,3,0,196910
132478,2,0,196912
132479,1,0,196913
132480,1,0,196914
132481,1,0,196915
132482,1,0,196916
132483,1,0,196917
132484,1,0,196918
132485,1,0,196919
132486,1,0,196920
132487,1,0,196921
132488,1,0,196922
132489,1,0,196923
132490,1,0,196924
132491,1,0,196925
132492,1,0,196926
132493,1,0,196927
132494,1,0,196928
132495,1,0,196929
132496,1,0,196930
132497,1,0,196931
132498,1,0,196932
132499,1,0,196933
132500,1,0,196934
132501,1,0,196935
132502,1,0,196936
132503,1,0,196937
132504,1,0,196938
132505,1,0,196939
132506,1,0,196940
132507,1,0,196941
132508,1,0,196942
132509,1,0,196943
132510,1,0,196944
132511,1,0,196945
132512,1,0,196946
132513,1,0,196947
132514,1,0,196948
132515,1,0,196949
132516,1,0,196950
132517,1,0,196951
132518,1,0,196952
132519,2,0,196954
132520,1,0,196955
132521,1,0,196956
132522,2,0,196958
132523,1,0,196959
132524,1,0,196960
132525,1,0,196961
132526,1,0,196962
132527,1,0,196963
132528,3,0,196966
132529,1,0,196967
132530,1,0,196968
132531,1,0,196969
132532,2,0,196971
132533,3,0,196974
132534,1,0,196975
132535,1,0,196976
132536,1,0,196977
132537,1,0,196978
132538,1,0,196979
132539,1,0,196980
132540,1,0,196981
132541,2,0,196983
132542,1,0,196984
132543,1,0,196985
132544,1,0,196986
132545,2,0,196988
132546,1,0,196989
132547,1,0,196990
132548,1,0,196991
132549,1,0,196992
132550,1,0,196993
132551,1,0,196994
132552,1,0,196995
132553,1,0,196996
132554,1,0,196997
132555,1,0,196998
132556,1,0,196999
132557,1,0,197000
132558,1,0,197001
132559,1,0,197002
132560,2,0,197004
132561,1,0,197005
132562,3,0,197008
132563,2,0,197010
132564,1,0,197011
132565,1,0,197012
132566,1,0,197013
132567,1,0,197014
132568,1,0,197015
132569,1,0,197016
132570,1,0,197017
132571,2,0,197019
132572,2,0,197021
132573,1,0,197022
132574,1,0,197023
132575,2,0,197025
132576,1,0,197026
132577,1,0,197027
132578,1,0,197028
132579,1,0,197029
132580,1,0,197030
132581,1,0,197031
132582,2,0,197033
132583,1,0,197034
132584,1,0,197035
132585,1,0,197036
132586,1,0,197037
132587,3,0,197040
132588,1,0,197041
132589,1,0,197042
132590,1,0,197043
132591,1,0,197044
132592,1,0,197045
132593,1,0,197046
132594,2,0,197048
132595,1,0,197049
132596,1,0,197050
132597,2,0,197052
132598,1,0,197053
132599,1,0,197054
132600,1,0,197055
132601,1,0,197056
132602,1,0,197057
132603,1,0,197058
132604,1,0,197059
132605,1,0,197060
132606,1,0,197061
132607,1,0,197062
132608,1,0,197063
132609,1,0,197064
132610,3,0,197067
132611,1,0,197068
132612,1,0,197069
132613,1,0,197070
132614,1,0,197071
132615,1,0,197072
132616,3,0,197075
132617,1,0,197076
132618,1,0,197077
132619,1,0,197078
132620,1,0,197079
132621,2,0,197081
132622,2,0,197083
132623,1,0,197084
132624,2,0,197086
132625,1,0,197087
132626,1,0,197088
132627,1,0,197089
132628,1,0,197090
132629,1,0,197091
132630,1,0,197092
132631,1,0,197093
132632,1,0,197094
132633,2,0,197096
132634,3,0,197099
132635,5,0,197104
132636,1,0,197105
132637,1,0,197106
132638,1,0,197107
132639,2,0,197109
132640,1,0,197110
132641,1,0,197111
132642,1,0,197112
132643,1,0,197113
132644,1,0,197114
132645,1,0,197115
132646,1,0,197116
132647,1,0,197117
132648,1,0,197118
132649,1,0,197119
132650,2,0,197121
132651,1,0,197122
132652,1,0,197123
132653,1,0,197124
132654,2,0,197126
132655,1,0,197127
132656,1,0,197128
132657,2,0,197130
132658,1,0,197131
132659,2,0,197133
132660,1,0,197134
132661,2,0,197136
132662,1,0,197137
132663,1,0,197138
132664,2,0,197140
132665,1,0,197141
132666,1,0,197142
132667,1,0,197143
132668,2,0,197145
132669,1,0,197146
132670,1,0,197147
132671,1,0,197148
132672,1,0,197149
132673,3,0,197152
132674,1,0,197153
132675,1,0,197154
132676,3,0,197157
132677,1,0,197158
132678,1,0,197159
132679,1,0,197160
132680,1,0,197161
132681,1,0,197162
132682,1,0,197163
132683,1,0,197164
132684,1,0,197165
132685,1,0,197166
132686,1,0,197167
132687,2,0,197169
132688,1,0,197170
132689,1,0,197171
132690,2,0,197173
132691,2,0,197175
132692,2,0,197177
132693,1,0,197178
132694,1,0,197179
132695,1,0,197180
132696,1,0,197181
132697,1,0,197182
132698,1,0,197183
132699,1,0,197184
132700,1,0,197185
132701,1,0,197186
132702,1,0,197187
132703,1,0,197188
132704,1,0,197189
132705,1,0,197190
132706,1,0,197191
132707,2,0,197193
132708,1,0,197194
132709,1,0,197195
132710,1,0,197196
132711,1,0,197197
132712,1,0,197198
132713,1,0,197199
132714,1,0,197200
132715,2,0,197202
132716,1,0,197203
132717,2,0,197205
132718,1,0,197206
132719,1,0,197207
132720,1,0,197208
132721,1,0,197209
132722,1,0,197210
132723,2,0,197212
132724,4,0,197216
132725,1,0,197217
132726,1,0,197218
132727,1,0,197219
132728,1,0,197220
132729,1,0,197221
132730,1,0,197222
132731,1,0,197223
132732,1,0,197224
132733,2,0,197226
132734,1,0,197227
132735,1,0,197228
132736,1,0,197229
132737,2,0,197231
132738,2,0,197233
132739,1,0,197234
132740,1,0,197235
132741,1,0,197236
132742,1,0,197237
132743,1,0,197238
132744,1,0,197239
132745,1,0,197240
132746,1,0,197241
132747,3,0,197244
132748,1,0,197245
132749,1,0,197246
132750,1,0,197247
132751,1,0,197248
132752,1,0,197249
132753,1,0,197250
132754,1,0,197251
132755,1,0,197252
132756,1,0,197253
132757,1,0,197254
132758,1,0,197255
132759,2,0,197257
132760,1,0,197258
132761,2,0,197260
132762,1,0,197261
132763,1,0,197262
132764,2,0,197264
132765,2,0,197266
132766,1,0,197267
132767,1,0,197268
132768,1,0,197269
132769,2,0,197271
132770,1,0,197272
132771,2,0,197274
132772,2,0,197276
132773,1,0,197277
132774,1,0,197278
132775,1,0,197279
132776,1,0,197280
132777,1,0,197281
132778,1,0,197282
132779,3,0,197285
132780,1,0,197286
132781,1,0,197287
132782,1,0,197288
132783,1,0,197289
132784,1,0,197290
132785,1,0,197291
132786,1,0,197292
132787,1,0,197293
132788,1,0,197294
132789,1,0,197295
132790,2,0,197297
132791,1,0,197298
132792,1,0,197299
132793,1,0,197300
132794,1,0,197301
132795,1,0,197302
132796,1,0,197303
132797,1,0,197304
132798,1,0,197305
132799,1,0,197306
132800,1,0,197307
132801,1,0,197308
132802,2,0,197310
132803,2,0,197312
132804,1,0,197313
132805,2,0,197315
132806,1,0,197316
132807,3,0,197319
132808,1,0,197320
132809,3,0,197323
132810,1,0,197324
132811,1,0,197325
132812,1,0,197326
132813,4,0,197330
132814,1,0,197331
132815,1,0,197332
132816,1,0,197333
132817,1,0,197334
132818,1,0,197335
132819,1,0,197336
132820,2,0,197338
132821,1,0,197339
132822,3,0,197342
132823,1,0,197343
132824,1,0,197344
132825,1,0,197345
132826,1,0,197346
132827,4,0,197350
132828,3,0,197353
132829,1,0,197354
132830,1,0,197355
132831,1,0,197356
132832,2,0,197358
132833,1,0,197359
132834,1,0,197360
132835,1,0,197361
132836,2,0,197363
132837,1,0,197364
132838,2,0,197366
132839,1,0,197367
132840,1,0,197368
132841,1,0,197369
132842,1,0,197370
132843,1,0,197371
132844,1,0,197372
132845,2,0,197374
132846,1,0,197375
132847,3,0,197378
132848,3,0,197381
132849,1,0,197382
132850,1,0,197383
132851,1,0,197384
132852,1,0,197385
132853,1,0,197386
132854,3,0,197389
132855,1,0,197390
132856,4,0,197394
132857,1,0,197395
132858,1,0,197396
132859,1,0,197397
132860,1,0,197398
132861,1,0,197399
132862,1,0,197400
132863,1,0,197401
132864,1,0,197402
132865,1,0,197403
132866,1,0,197404
132867,1,0,197405
132868,1,0,197406
132869,1,0,197407
132870,2,0,197409
132871,1,0,197410
132872,1,0,197411
132873,1,0,197412
132874,1,0,197413
132875,2,0,197415
132876,1,0,197416
132877,1,0,197417
132878,1,0,197418
132879,2,0,197420
132880,1,0,197421
132881,1,0,197422
132882,1,0,197423
132883,1,0,197424
132884,1,0,197425
132885,1,0,197426
132886,2,0,197428
132887,2,0,197430
132888,1,0,197431
132889,2,0,197433
132890,1,0,197434
132891,1,0,197435
132892,2,0,197437
132893,1,0,197438
132894,2,0,197440
132895,2,0,197442
132896,2,0,197444
132897,1,0,197445
132898,2,0,197447
132899,1,0,197448
132900,1,0,197449
132901,1,0,197450
132902,1,0,197451
132903,2,0,197453
132904,1,0,197454
132905,1,0,197455
132906,1,0,197456
132907,2,0,197458
132908,1,0,197459
132909,1,0,197460
132910,4,0,197464
132911,2,0,197466
132912,1,0,197467
132913,3,0,197470
132914,1,0,197471
132915,1,0,197472
132916,1,0,197473
132917,2,0,197475
132918,1,0,197476
132919,1,0,197477
132920,1,0,197478
132921,2,0,197480
132922,1,0,197481
132923,2,0,197483
132924,1,0,197484
132925,1,0,197485
132926,2,0,197487
132927,1,0,197488
132928,2,0,197490
132929,1,0,197491
132930,1,0,197492
132931,2,0,197494
132932,1,0,197495
132933,1,0,197496
132934,1,0,197497
132935,1,0,197498
132936,1,0,197499
132937,1,0,197500
132938,1,0,197501
132939,1,0,197502
132940,1,0,197503
132941,2,0,197505
132942,1,0,197506
132943,3,0,197509
132944,1,0,197510
132945,1,0,197511
132946,1,0,197512
132947,1,0,197513
132948,1,0,197514
132949,1,0,197515
132950,1,0,197516
132951,1,0,197517
132952,1,0,197518
132953,1,0,197519
132954,3,0,197522
132955,2,0,197524
132956,1,0,197525
132957,1,0,197526
132958,1,0,197527
132959,3,0,197530
132960,2,0,197532
132961,1,0,197533
132962,1,0,197534
132963,1,0,197535
132964,2,0,197537
132965,1,0,197538
132966,2,0,197540
132967,1,0,197541
132968,2,0,197543
132969,1,0,197544
132970,2,0,197546
132971,1,0,197547
132972,1,0,197548
132973,3,0,197551
132974,1,0,197552
132975,1,0,197553
132976,1,0,197554
132977,3,0,197557
132978,1,0,197558
132979,1,0,197559
132980,1,0,197560
132981,2,0,197562
132982,1,0,197563
132983,4,0,197567
132984,1,0,197568
132985,2,0,197570
132986,2,0,197572
132987,2,0,197574
132988,1,0,197575
132989,1,0,197576
132990,1,0,197577
132991,2,0,197579
132992,1,0,197580
132993,2,0,197582
132994,2,0,197584
132995,1,0,197585
132996,1,0,197586
132997,1,0,197587
132998,1,0,197588
132999,1,0,197589
133000,3,0,197592
133001,1,0,197593
133002,1,0,197594
133003,1,0,197595
133004,2,0,197597
133005,1,0,197598
133006,1,0,197599
133007,1,0,197600
133008,1,0,197601
133009,1,0,197602
133010,1,0,197603
133011,1,0,197604
133012,1,0,197605
133013,1,0,197606
133014,2,0,197608
133015,2,0,197610
133016,2,0,197612
133017,1,0,197613
133018,1,0,197614
133019,2,0,197616
133020,2,0,197618
133021,2,0,197620
133022,1,0,197621
133023,2,0,197623
133024,1,0,197624
133025,1,0,197625
133026,1,0,197626
133027,1,0,197627
133028,1,0,197628
133029,1,0,197629
133030,2,0,197631
133031,2,0,197633
133032,1,0,197634
133033,1,0,197635
133034,1,0,197636
133035,1,0,197637
133036,1,0,197638
133037,3,0,197641
133038,1,0,197642
133039,1,0,197643
133040,1,0,197644
133041,1,0,197645
133042,1,0,197646
133043,2,0,197648
133044,4,0,197652
133045,4,0,197656
133046,2,0,197658
133047,2,0,197660
133048,1,0,197661
133049,1,0,197662
133050,1,0,197663
133051,1,0,197664
133052,2,0,197666
133053,1,0,197667
133054,1,0,197668
133055,1,0,197669
133056,1,0,197670
133057,1,0,197671
133058,2,0,197673
133059,1,0,197674
133060,1,0,197675
133061,2,0,197677
133062,2,0,197679
133063,1,0,197680
133064,1,0,197681
133065,3,0,197684
133066,1,0,197685
133067,2,0,197687
133068,1,0,197688
133069,1,0,197689
133070,1,0,197690
133071,3,0,197693
133072,1,0,197694
133073,1,0,197695
133074,1,0,197696
133075,1,0,197697
133076,2,0,197699
133077,1,0,197700
133078,1,0,197701
133079,1,0,197702
133080,2,0,197704
133081,1,0,197705
133082,1,0,197706
133083,1,0,197707
133084,1,0,197708
133085,2,0,197710
133086,1,0,197711
133087,2,0,197713
133088,1,0,197714
133089,1,0,197715
133090,1,0,197716
133091,3,0,197719
133092,1,0,197720
133093,1,0,197721
133094,1,0,197722
133095,1,0,197723
133096,1,0,197724
133097,1,0,197725
133098,1,0,197726
133099,1,0,197727
133100,2,0,197729
133101,3,0,197732
133102,3,0,197735
133103,1,0,197736
133104,1,0,197737
133105,1,0,197738
133106,1,0,197739
133107,2,0,197741
133108,1,0,197742
133109,1,0,197743
133110,1,0,197744
133111,3,0,197747
133112,2,0,197749
133113,1,0,197750
133114,1,0,197751
133115,4,0,197755
133116,2,0,197757
133117,2,0,197759
133118,7,0,197766
133119,1,0,197767
133120,1,0,197768
133121,2,0,197770
133122,1,0,197771
133123,1,0,197772
133124,1,0,197773
133125,1,0,197774
133126,5,0,197779
133127,2,0,197781
133128,2,0,197783
133129,2,0,197785
133130,1,0,197786
133131,1,0,197787
133132,2,0,197789
133133,1,0,197790
133134,2,0,197792
133135,1,0,197793
133136,3,0,197796
133137,2,0,197798
133138,1,0,197799
133139,1,0,197800
133140,1,0,197801
133141,1,0,197802
133142,1,0,197803
133143,1,0,197804
133144,1,0,197805
133145,1,0,197806
133146,4,0,197810
133147,1,0,197811
133148,1,0,197812
133149,3,0,197815
133150,3,0,197818
133151,1,0,197819
133152,1,0,197820
133153,1,0,197821
133154,1,0,197822
133155,1,0,197823
133156,1,0,197824
133157,1,0,197825
133158,1,0,197826
133159,1,0,197827
133160,1,0,197828
133161,1,0,197829
133162,1,0,197830
133163,3,0,197833
133164,1,0,197834
133165,1,0,197835
133166,1,0,197836
133167,1,0,197837
133168,1,0,197838
133169,2,0,197840
133170,4,0,197844
133171,2,0,197846
133172,1,0,197847
133173,1,0,197848
133174,1,0,197849
133175,1,0,197850
133176,1,0,197851
133177,1,0,197852
133178,1,0,197853
133179,2,0,197855
133180,1,0,197856
133181,1,0,197857
133182,1,0,197858
133183,1,0,197859
133184,1,0,197860
133185,2,0,197862
133186,3,0,197865
133187,1,0,197866
133188,1,0,197867
133189,1,0,197868
133190,1,0,197869
133191,1,0,197870
133192,1,0,197871
133193,1,0,197872
133194,1,0,197873
133195,3,0,197876
133196,2,0,197878
133197,1,0,197879
133198,1,0,197880
133199,1,0,197881
133200,1,0,197882
133201,1,0,197883
133202,2,0,197885
133203,1,0,197886
133204,1,0,197887
133205,1,0,197888
133206,1,0,197889
133207,1,0,197890
133208,1,0,197891
133209,1,0,197892
133210,2,0,197894
133211,1,0,197895
133212,1,0,197896
133213,1,0,197897
133214,1,0,197898
133215,3,0,197901
133216,1,0,197902
133217,1,0,197903
133218,1,0,197904
133219,1,0,197905
133220,1,0,197906
133221,1,0,197907
133222,2,0,197909
133223,1,0,197910
133224,1,0,197911
133225,1,0,197912
133226,1,0,197913
133227,1,0,197914
133228,3,0,197917
133229,1,0,197918
133230,3,0,197921
133231,2,0,197923
133232,1,0,197924
133233,1,0,197925
133234,1,0,197926
133235,1,0,197927
133236,2,0,197929
133237,1,0,197930
133238,1,0,197931
133239,1,0,197932
133240,1,0,197933
133241,1,0,197934
133242,1,0,197935
133243,1,0,197936
133244,1,0,197937
133245,1,0,197938
133246,2,0,197940
133247,1,0,197941
133248,1,0,197942
133249,1,0,197943
133250,1,0,197944
133251,1,0,197945
133252,2,0,197947
133253,1,0,197948
133254,1,0,197949
133255,1,0,197950
133256,1,0,197951
133257,1,0,197952
133258,1,0,197953
133259,1,0,197954
133260,1,0,197955
133261,3,0,197958
133262,2,0,197960
133263,1,0,197961
133264,1,0,197962
133265,1,0,197963
133266,1,0,197964
133267,1,0,197965
133268,1,0,197966
133269,1,0,197967
133270,1,0,197968
133271,1,0,197969
133272,1,0,197970
133273,2,0,197972
133274,1,0,197973
133275,2,0,197975
133276,1,0,197976
133277,1,0,197977
133278,1,0,197978
133279,1,0,197979
133280,1,0,197980
133281,1,0,197981
133282,1,0,197982
133283,1,0,197983
133284,1,0,197984
133285,1,0,197985
133286,1,0,197986
133287,1,0,197987
133288,1,0,197988
133289,2,0,197990
133290,1,0,197991
133291,1,0,197992
133292,1,0,197993
133293,1,0,197994
133294,1,0,197995
133295,1,0,197996
133296,2,0,197998
133297,1,0,197999
133298,1,0,198000
133299,1,0,198001
133300,1,0,198002
133301,1,0,198003
133302,3,0,198006
133303,1,0,198007
133304,3,0,198010
133305,1,0,198011
133306,1,0,198012
133307,1,0,198013
133308,2,0,198015
133309,1,0,198016
133310,1,0,198017
133311,1,0,198018
133312,1,0,198019
133313,2,0,198021
133314,1,0,198022
133315,1,0,198023
133316,1,0,198024
133317,1,0,198025
133318,1,0,198026
133319,1,0,198027
133320,1,0,198028
133321,1,0,198029
133322,1,0,198030
133323,3,0,198033
133324,1,0,198034
133325,1,0,198035
133326,1,0,198036
133327,1,0,198037
133328,1,0,198038
133329,1,0,198039
133330,1,0,198040
133331,1,0,198041
133332,1,0,198042
133333,2,0,198044
133334,1,0,198045
133335,1,0,198046
133336,1,0,198047
133337,1,0,198048
133338,1,0,198049
133339,1,0,198050
133340,1,0,198051
133341,1,0,198052
133342,2,0,198054
133343,1,0,198055
133344,1,0,198056
133345,1,0,198057
133346,1,0,198058
133347,1,0,198059
133348,1,0,198060
133349,1,0,198061
133350,1,0,198062
133351,1,0,198063
133352,1,0,198064
133353,1,0,198065
133354,1,0,198066
133355,2,0,198068
133356,1,0,198069
133357,1,0,198070
133358,1,0,198071
133359,1,0,198072
133360,1,0,198073
133361,1,0,198074
133362,1,0,198075
133363,2,0,198077
133364,1,0,198078
133365,1,0,198079
133366,2,0,198081
133367,1,0,198082
133368,3,0,198085
133369,1,0,198086
133370,1,0,198087
133371,1,0,198088
133372,1,0,198089
133373,3,0,198092
133374,1,0,198093
133375,1,0,198094
133376,1,0,198095
133377,1,0,198096
133378,1,0,198097
133379,1,0,198098
133380,1,0,198099
133381,1,0,198100
133382,1,0,198101
133383,1,0,198102
133384,1,0,198103
133385,2,0,198105
133386,1,0,198106
133387,1,0,198107
133388,2,0,198109
133389,1,0,198110
133390,1,0,198111
133391,1,0,198112
133392,2,0,198114
133393,4,0,198118
133394,1,0,198119
133395,1,0,198120
133396,1,0,198121
133397,3,0,198124
133398,1,0,198125
133399,1,0,198126
133400,1,0,198127
133401,1,0,198128
133402,1,0,198129
133403,1,0,198130
133404,1,0,198131
133405,1,0,198132
133406,2,0,198134
133407,1,0,198135
133408,1,0,198136
133409,1,0,198137
133410,3,0,198140
133411,3,0,198143
133412,1,0,198144
133413,1,0,198145
133414,1,0,198146
133415,1,0,198147
133416,1,0,198148
133417,1,0,198149
133418,1,0,198150
133419,1,0,198151
133420,1,0,198152
133421,1,0,198153
133422,1,0,198154
133423,1,0,198155
133424,2,0,198157
133425,1,0,198158
133426,1,0,198159
133427,1,0,198160
133428,3,0,198163
133429,1,0,198164
133430,1,0,198165
133431,3,0,198168
133432,1,0,198169
133433,1,0,198170
133434,3,0,198173
133435,1,0,198174
133436,2,0,198176
133437,1,0,198177
133438,1,0,198178
133439,1,0,198179
133440,1,0,198180
133441,1,0,198181
133442,1,0,198182
133443,3,0,198185
133444,1,0,198186
133445,1,0,198187
133446,2,0,198189
133447,1,0,198190
133448,1,0,198191
133449,4,0,198195
133450,1,0,198196
133451,1,0,198197
133452,2,0,198199
133453,1,0,198200
133454,1,0,198201
133455,1,0,198202
133456,1,0,198203
133457,2,0,198205
133458,1,0,198206
133459,1,0,198207
133460,2,0,198209
133461,2,0,198211
133462,1,0,198212
133463,3,0,198215
133464,1,0,198216
133465,3,0,198219
133466,3,0,198222
133467,3,0,198225
133468,1,0,198226
133469,1,0,198227
133470,1,0,198228
133471,1,0,198229
133472,1,0,198230
133473,1,0,198231
133474,1,0,198232
133475,3,0,198235
133476,2,0,198237
133477,3,0,198240
133478,1,0,198241
133479,1,0,198242
133480,1,0,198243
133481,2,0,198245
133482,1,0,198246
133483,1,0,198247
133484,1,0,198248
133485,2,0,198250
133486,1,0,198251
133487,1,0,198252
133488,2,0,198254
133489,1,0,198255
133490,1,0,198256
133491,5,0,198261
133492,1,0,198262
133493,2,0,198264
133494,1,0,198265
133495,3,0,198268
133496,1,0,198269
133497,2,0,198271
133498,1,0,198272
133499,1,0,198273
133500,1,0,198274
133501,3,0,198277
133502,1,0,198278
133503,2,0,198280
133504,1,0,198281
133505,1,0,198282
133506,1,0,198283
133507,2,0,198285
133508,1,0,198286
133509,1,0,198287
133510,1,0,198288
133511,1,0,198289
133512,3,0,198292
133513,1,0,198293
133514,1,0,198294
133515,1,0,198295
133516,1,0,198296
133517,1,0,198297
133518,2,0,198299
133519,1,0,198300
133520,1,0,198301
133521,1,0,198302
133522,1,0,198303
133523,4,0,198307
133524,1,0,198308
133525,1,0,198309
133526,2,0,198311
133527,3,0,198314
133528,2,0,198316
133529,2,0,198318
133530,2,0,198320
133531,1,0,198321
133532,1,0,198322
133533,2,0,198324
133534,1,0,198325
133535,2,0,198327
133536,2,0,198329
133537,5,0,198334
133538,3,0,198337
133539,1,0,198338
133540,1,0,198339
133541,1,0,198340
133542,1,0,198341
133543,1,0,198342
133544,5,0,198347
133545,1,0,198348
133546,1,0,198349
133547,1,0,198350
133548,2,0,198352
133549,1,0,198353
133550,1,0,198354
133551,2,0,198356
133552,1,0,198357
133553,2,0,198359
133554,1,0,198360
133555,2,0,198362
133556,1,0,198363
133557,2,0,198365
133558,1,0,198366
133559,1,0,198367
133560,1,0,198368
133561,2,0,198370
133562,3,0,198373
133563,1,0,198374
133564,1,0,198375
133565,1,0,198376
133566,1,0,198377
133567,1,0,198378
133568,2,0,198380
133569,2,0,198382
133570,1,0,198383
133571,1,0,198384
133572,2,0,198386
133573,1,0,198387
133574,1,0,198388
133575,1,0,198389
133576,1,0,198390
133577,1,0,198391
133578,1,0,198392
133579,1,0,198393
133580,1,0,198394
133581,1,0,198395
133582,1,0,198396
133583,2,0,198398
133584,1,0,198399
133585,1,0,198400
133586,1,0,198401
133587,1,0,198402
133588,2,0,198404
133589,1,0,198405
133590,1,0,198406
133591,3,0,198409
133592,1,0,198410
133593,1,0,198411
133594,2,0,198413
133595,1,0,198414
133596,1,0,198415
133597,1,0,198416
133598,1,0,198417
133599,1,0,198418
133600,1,0,198419
133601,1,0,198420
133602,1,0,198421
133603,2,0,198423
133604,1,0,198424
133605,1,0,198425
133606,1,0,198426
133607,2,0,198428
133608,1,0,198429
133609,1,0,198430
133610,1,0,198431
133611,1,0,198432
133612,3,0,198435
133613,1,0,198436
133614,3,0,198439
133615,6,0,198445
133616,2,0,198447
133617,2,0,198449
133618,2,0,198451
133619,1,0,198452
133620,1,0,198453
133621,3,0,198456
133622,1,0,198457
133623,1,0,198458
133624,2,0,198460
133625,1,0,198461
133626,1,0,198462
133627,1,0,198463
133628,1,0,198464
133629,1,0,198465
133630,1,0,198466
133631,1,0,198467
133632,1,0,198468
133633,1,0,198469
133634,1,0,198470
133635,1,0,198471
133636,3,0,198474
133637,2,0,198476
133638,1,0,198477
133639,1,0,198478
133640,2,0,198480
133641,1,0,198481
133642,1,0,198482
133643,2,0,198484
133644,2,0,198486
133645,4,0,198490
133646,1,0,198491
133647,1,0,198492
133648,1,0,198493
133649,2,0,198495
133650,2,0,198497
133651,1,0,198498
133652,3,0,198501
133653,1,0,198502
133654,1,0,198503
133655,2,0,198505
133656,1,0,198506
133657,1,0,198507
133658,1,0,198508
133659,1,0,198509
133660,1,0,198510
133661,1,0,198511
133662,2,0,198513
133663,1,0,198514
133664,1,0,198515
133665,1,0,198516
133666,3,0,198519
133667,2,0,198521
133668,2,0,198523
133669,1,0,198524
133670,1,0,198525
133671,1,0,198526
133672,1,0,198527
133673,1,0,198528
133674,1,0,198529
133675,1,0,198530
133676,1,0,198531
133677,1,0,198532
133678,1,0,198533
133679,1,0,198534
133680,1,0,198535
133681,1,0,198536
133682,1,0,198537
133683,1,0,198538
133684,1,0,198539
133685,1,0,198540
133686,1,0,198541
133687,1,0,198542
133688,1,0,198543
133689,3,0,198546
133690,2,0,198548
133691,3,0,198551
133692,1,0,198552
133693,1,0,198553
133694,2,0,198555
133695,1,0,198556
133696,1,0,198557
133697,1,0,198558
133698,2,0,198560
133699,1,0,198561
133700,1,0,198562
133701,1,0,198563
133702,1,0,198564
133703,1,0,198565
133704,1,0,198566
133705,1,0,198567
133706,1,0,198568
133707,1,0,198569
133708,1,0,198570
133709,3,0,198573
133710,2,0,198575
133711,1,0,198576
133712,2,0,198578
133713,1,0,198579
133714,1,0,198580
133715,1,0,198581
133716,1,0,198582
133717,1,0,198583
133718,1,0,198584
133719,1,0,198585
133720,1,0,198586
133721,2,0,198588
133722,1,0,198589
133723,1,0,198590
133724,2,0,198592
133725,3,0,198595
133726,3,0,198598
133727,2,0,198600
133728,1,0,198601
133729,3,0,198604
133730,3,0,198607
133731,1,0,198608
133732,1,0,198609
133733,2,0,198611
133734,3,0,198614
133735,1,0,198615
133736,1,0,198616
133737,3,0,198619
133738,1,0,198620
133739,1,0,198621
133740,1,0,198622
133741,3,0,198625
133742,1,0,198626
133743,1,0,198627
133744,4,0,198631
133745,1,0,198632
133746,1,0,198633
133747,2,0,198635
133748,2,0,198637
133749,1,0,198638
133750,1,0,198639
133751,1,0,198640
133752,1,0,198641
133753,1,0,198642
133754,2,0,198644
133755,1,0,198645
133756,2,0,198647
133757,1,0,198648
133758,1,0,198649
133759,3,0,198652
133760,3,0,198655
133761,1,0,198656
133762,1,0,198657
133763,1,0,198658
133764,1,0,198659
133765,2,0,198661
133766,3,0,198664
133767,1,0,198665
133768,2,0,198667
133769,1,0,198668
133770,5,0,198673
133771,1,0,198674
133772,2,0,198676
133773,2,0,198678
133774,1,0,198679
133775,1,0,198680
133776,1,0,198681
133777,1,0,198682
133778,1,0,198683
133779,2,0,198685
133780,1,0,198686
133781,2,0,198688
133782,1,0,198689
133783,1,0,198690
133784,1,0,198691
133785,1,0,198692
133786,1,0,198693
133787,2,0,198695
133788,1,0,198696
133789,2,0,198698
133790,1,0,198699
133791,1,0,198700
133792,1,0,198701
133793,2,0,198703
133794,2,0,198705
133795,1,0,198706
133796,1,0,198707
133797,1,0,198708
133798,1,0,198709
133799,1,0,198710
133800,1,0,198711
133801,3,0,198714
133802,1,0,198715
133803,2,0,198717
133804,2,0,198719
133805,1,0,198720
133806,1,0,198721
133807,1,0,198722
133808,1,0,198723
133809,1,0,198724
133810,3,0,198727
133811,1,0,198728
133812,1,0,198729
133813,1,0,198730
133814,1,0,198731
133815,1,0,198732
133816,1,0,198733
133817,1,0,198734
133818,1,0,198735
133819,1,0,198736
133820,2,0,198738
133821,1,0,198739
133822,1,0,198740
133823,1,0,198741
133824,1,0,198742
133825,1,0,198743
133826,2,0,198745
133827,2,0,198747
133828,1,0,198748
133829,1,0,198749
133830,2,0,198751
133831,1,0,198752
133832,1,0,198753
133833,3,0,198756
133834,1,0,198757
133835,2,0,198759
133836,1,0,198760
133837,4,0,198764
133838,1,0,198765
133839,3,0,198768
133840,1,0,198769
133841,2,0,198771
133842,1,0,198772
133843,2,0,198774
133844,1,0,198775
133845,1,0,198776
133846,2,0,198778
133847,1,0,198779
133848,1,0,198780
133849,1,0,198781
133850,2,0,198783
133851,1,0,198784
133852,1,0,198785
133853,2,0,198787
133854,1,0,198788
133855,1,0,198789
133856,1,0,198790
133857,1,0,198791
133858,1,0,198792
133859,2,0,198794
133860,1,0,198795
133861,1,0,198796
133862,1,0,198797
133863,1,0,198798
133864,1,0,198799
133865,1,0,198800
133866,2,0,198802
133867,2,0,198804
133868,2,0,198806
133869,1,0,198807
133870,1,0,198808
133871,1,0,198809
133872,2,0,198811
133873,1,0,198812
133874,1,0,198813
133875,5,0,198818
133876,2,0,198820
133877,1,0,198821
133878,1,0,198822
133879,3,0,198825
133880,1,0,198826
133881,1,0,198827
133882,2,0,198829
133883,1,0,198830
133884,2,0,198832
133885,1,0,198833
133886,1,0,198834
133887,1,0,198835
133888,2,0,198837
133889,1,0,198838
133890,1,0,198839
133891,1,0,198840
133892,1,0,198841
133893,1,0,198842
133894,1,0,198843
133895,1,0,198844
133896,1,0,198845
133897,1,0,198846
133898,1,0,198847
133899,1,0,198848
133900,1,0,198849
133901,4,0,198853
133902,1,0,198854
133903,1,0,198855
133904,1,0,198856
133905,1,0,198857
133906,1,0,198858
133907,1,0,198859
133908,1,0,198860
133909,1,0,198861
133910,1,0,198862
133911,1,0,198863
133912,1,0,198864
133913,1,0,198865
133914,1,0,198866
133915,1,0,198867
133916,2,0,198869
133917,1,0,198870
133918,1,0,198871
133919,1,0,198872
133920,2,0,198874
133921,1,0,198875
133922,2,0,198877
133923,1,0,198878
133924,1,0,198879
133925,2,0,198881
133926,1,0,198882
133927,2,0,198884
133928,1,0,198885
133929,2,0,198887
133930,1,0,198888
133931,2,0,198890
133932,1,0,198891
133933,1,0,198892
133934,1,0,198893
133935,1,0,198894
133936,1,0,198895
133937,1,0,198896
133938,2,0,198898
133939,1,0,198899
133940,2,0,198901
133941,1,0,198902
133942,5,0,198907
133943,1,0,198908
133944,2,0,198910
133945,1,0,198911
133946,1,0,198912
133947,2,0,198914
133948,1,0,198915
133949,1,0,198916
133950,1,0,198917
133951,2,0,198919
133952,2,0,198921
133953,1,0,198922
133954,3,0,198925
133955,1,0,198926
133956,1,0,198927
133957,1,0,198928
133958,1,0,198929
133959,1,0,198930
133960,2,0,198932
133961,2,0,198934
133962,1,0,198935
133963,4,0,198939
133964,2,0,198941
133965,1,0,198942
133966,3,0,198945
133967,1,0,198946
133968,2,0,198948
133969,2,0,198950
133970,1,0,198951
133971,1,0,198952
133972,1,0,198953
133973,1,0,198954
133974,2,0,198956
133975,1,0,198957
133976,3,0,198960
133977,2,0,198962
133978,1,0,198963
133979,2,0,198965
133980,1,0,198966
133981,1,0,198967
133982,1,0,198968
133983,1,0,198969
133984,1,0,198970
133985,1,0,198971
133986,1,0,198972
133987,1,0,198973
133988,1,0,198974
133989,2,0,198976
133990,3,0,198979
133991,2,0,198981
133992,3,0,198984
133993,1,0,198985
133994,2,0,198987
133995,2,0,198989
133996,1,0,198990
133997,1,0,198991
133998,1,0,198992
133999,3,0,198995
134000,1,0,198996
134001,2,0,198998
134002,1,0,198999
134003,2,0,199001
134004,1,0,199002
134005,2,0,199004
134006,2,0,199006
134007,1,0,199007
134008,1,0,199008
134009,1,0,199009
134010,1,0,199010
134011,2,0,199012
134012,1,0,199013
134013,1,0,199014
134014,2,0,199016
134015,2,0,199018
134016,1,0,199019
134017,1,0,199020
134018,2,0,199022
134019,1,0,199023
134020,1,0,199024
134021,1,0,199025
134022,1,0,199026
134023,1,0,199027
134024,5,0,199032
134025,3,0,199035
134026,1,0,199036
134027,2,0,199038
134028,3,0,199041
134029,2,0,199043
134030,2,0,199045
134031,2,0,199047
134032,1,0,199048
134033,1,0,199049
134034,1,0,199050
134035,2,0,199052
134036,2,0,199054
134037,1,0,199055
134038,1,0,199056
134039,1,0,199057
134040,1,0,199058
134041,1,0,199059
134042,2,0,199061
134043,1,0,199062
134044,1,0,199063
134045,2,0,199065
134046,1,0,199066
134047,1,0,199067
134048,1,0,199068
134049,2,0,199070
134050,1,0,199071
134051,1,0,199072
134052,1,0,199073
134053,1,0,199074
134054,1,0,199075
134055,1,0,199076
134056,1,0,199077
134057,1,0,199078
134058,1,0,199079
134059,1,0,199080
134060,1,0,199081
134061,2,0,199083
134062,1,0,199084
134063,1,0,199085
134064,1,0,199086
134065,2,0,199088
134066,2,0,199090
134067,3,0,199093
134068,1,0,199094
134069,1,0,199095
134070,1,0,199096
134071,1,0,199097
134072,1,0,199098
134073,2,0,199100
134074,1,0,199101
134075,1,0,199102
134076,1,0,199103
134077,1,0,199104
134078,1,0,199105
134079,4,0,199109
134080,1,0,199110
134081,1,0,199111
134082,1,0,199112
134083,1,0,199113
134084,2,0,199115
134085,1,0,199116
134086,1,0,199117
134087,1,0,199118
134088,1,0,199119
134089,4,0,199123
134090,2,0,199125
134091,1,0,199126
134092,1,0,199127
134093,2,0,199129
134094,3,0,199132
134095,1,0,199133
134096,2,0,199135
134097,1,0,199136
134098,1,0,199137
134099,1,0,199138
134100,1,0,199139
134101,2,0,199141
134102,2,0,199143
134103,1,0,199144
134104,1,0,199145
134105,1,0,199146
134106,1,0,199147
134107,3,0,199150
134108,2,0,199152
134109,1,0,199153
134110,1,0,199154
134111,1,0,199155
134112,3,0,199158
134113,1,0,199159
134114,1,0,199160
134115,1,0,199161
134116,1,0,199162
134117,1,0,199163
134118,1,0,199164
134119,1,0,199165
134120,2,0,199167
134121,1,0,199168
134122,1,0,199169
134123,3,0,199172
134124,2,0,199174
134125,2,0,199176
134126,1,0,199177
134127,1,0,199178
134128,2,0,199180
134129,4,0,199184
134130,1,0,199185
134131,1,0,199186
134132,1,0,199187
134133,1,0,199188
134134,2,0,199190
134135,3,0,199193
134136,1,0,199194
134137,1,0,199195
134138,1,0,199196
134139,1,0,199197
134140,1,0,199198
134141,1,0,199199
134142,1,0,199200
134143,1,0,199201
134144,1,0,199202
134145,1,0,199203
134146,2,0,199205
134147,2,0,199207
134148,1,0,199208
134149,2,0,199210
134150,2,0,199212
134151,3,0,199215
134152,1,0,199216
134153,1,0,199217
134154,1,0,199218
134155,1,0,199219
134156,1,0,199220
134157,1,0,199221
134158,1,0,199222
134159,2,0,199224
134160,1,0,199225
134161,1,0,199226
134162,1,0,199227
134163,1,0,199228
134164,1,0,199229
134165,3,0,199232
134166,1,0,199233
134167,1,0,199234
134168,2,0,199236
134169,1,0,199237
134170,1,0,199238
134171,5,0,199243
134172,1,0,199244
134173,1,0,199245
134174,2,0,199247
134175,1,0,199248
134176,1,0,199249
134177,1,0,199250
134178,2,0,199252
134179,1,0,199253
134180,1,0,199254
134181,2,0,199256
134182,1,0,199257
134183,1,0,199258
134184,1,0,199259
134185,1,0,199260
134186,1,0,199261
134187,2,0,199263
134188,1,0,199264
134189,1,0,199265
134190,1,0,199266
134191,1,0,199267
134192,1,0,199268
134193,1,0,199269
134194,1,0,199270
134195,1,0,199271
134196,1,0,199272
134197,1,0,199273
134198,1,0,199274
134199,1,0,199275
134200,1,0,199276
134201,1,0,199277
134202,1,0,199278
134203,1,0,199279
134204,1,0,199280
134205,1,0,199281
134206,1,0,199282
134207,1,0,199283
134208,1,0,199284
134209,2,0,199286
134210,1,0,199287
134211,1,0,199288
134212,1,0,199289
134213,2,0,199291
134214,1,0,199292
134215,1,0,199293
134216,2,0,199295
134217,1,0,199296
134218,1,0,199297
134219,1,0,199298
134220,1,0,199299
134221,2,0,199301
134222,1,0,199302
134223,1,0,199303
134224,1,0,199304
134225,1,0,199305
134226,1,0,199306
134227,1,0,199307
134228,1,0,199308
134229,1,0,199309
134230,1,0,199310
134231,2,0,199312
134232,1,0,199313
134233,1,0,199314
134234,1,0,199315
134235,1,0,199316
134236,1,0,199317
134237,1,0,199318
134238,1,0,199319
134239,1,0,199320
134240,1,0,199321
134241,1,0,199322
134242,2,0,199324
134243,1,0,199325
134244,1,0,199326
134245,1,0,199327
134246,1,0,199328
134247,2,0,199330
134248,2,0,199332
134249,1,0,199333
134250,1,0,199334
134251,1,0,199335
134252,1,0,199336
134253,2,0,199338
134254,1,0,199339
134255,1,0,199340
134256,1,0,199341
134257,1,0,199342
134258,1,0,199343
134259,1,0,199344
134260,2,0,199346
134261,1,0,199347
134262,1,0,199348
134263,1,0,199349
134264,5,0,199354
134265,1,0,199355
134266,1,0,199356
134267,1,0,199357
134268,1,0,199358
134269,1,0,199359
134270,2,0,199361
134271,2,0,199363
134272,1,0,199364
134273,1,0,199365
134274,1,0,199366
134275,2,0,199368
134276,1,0,199369
134277,1,0,199370
134278,1,0,199371
134279,1,0,199372
134280,1,0,199373
134281,1,0,199374
134282,1,0,199375
134283,1,0,199376
134284,3,0,199379
134285,1,0,199380
134286,1,0,199381
134287,2,0,199383
134288,4,0,199387
134289,1,0,199388
134290,1,0,199389
134291,2,0,199391
134292,1,0,199392
134293,1,0,199393
134294,1,0,199394
134295,1,0,199395
134296,2,0,199397
134297,1,0,199398
134298,1,0,199399
134299,1,0,199400
134300,1,0,199401
134301,2,0,199403
134302,2,0,199405
134303,1,0,199406
134304,1,0,199407
134305,1,0,199408
134306,1,0,199409
134307,4,0,199413
134308,1,0,199414
134309,1,0,199415
134310,1,0,199416
134311,1,0,199417
134312,2,0,199419
134313,3,0,199422
134314,1,0,199423
134315,1,0,199424
134316,1,0,199425
134317,1,0,199426
134318,1,0,199427
134319,1,0,199428
134320,1,0,199429
134321,1,0,199430
134322,1,0,199431
134323,1,0,199432
134324,1,0,199433
134325,3,0,199436
134326,2,0,199438
134327,1,0,199439
134328,1,0,199440
134329,1,0,199441
134330,1,0,199442
134331,1,0,199443
134332,1,0,199444
134333,1,0,199445
134334,1,0,199446
134335,1,0,199447
134336,1,0,199448
134337,3,0,199451
134338,2,0,199453
134339,1,0,199454
134340,4,0,199458
134341,1,0,199459
134342,1,0,199460
134343,1,0,199461
134344,1,0,199462
134345,1,0,199463
134346,1,0,199464
134347,1,0,199465
134348,1,0,199466
134349,1,0,199467
134350,1,0,199468
134351,2,0,199470
134352,1,0,199471
134353,2,0,199473
134354,1,0,199474
134355,1,0,199475
134356,1,0,199476
134357,1,0,199477
134358,1,0,199478
134359,3,0,199481
134360,2,0,199483
134361,1,0,199484
134362,1,0,199485
134363,1,0,199486
134364,1,0,199487
134365,1,0,199488
134366,2,0,199490
134367,1,0,199491
134368,1,0,199492
134369,1,0,199493
134370,1,0,199494
134371,2,0,199496
134372,1,0,199497
134373,2,0,199499
134374,1,0,199500
134375,1,0,199501
134376,1,0,199502
134377,3,0,199505
134378,1,0,199506
134379,1,0,199507
134380,1,0,199508
134381,2,0,199510
134382,1,0,199511
134383,1,0,199512
134384,1,0,199513
134385,1,0,199514
134386,1,0,199515
134387,1,0,199516
134388,1,0,199517
134389,3,0,199520
134390,1,0,199521
134391,1,0,199522
134392,1,0,199523
134393,2,0,199525
134394,1,0,199526
134395,1,0,199527
134396,1,0,199528
134397,1,0,199529
134398,2,0,199531
134399,1,0,199532
134400,1,0,199533
134401,1,0,199534
134402,1,0,199535
134403,1,0,199536
134404,1,0,199537
134405,2,0,199539
134406,1,0,199540
134407,1,0,199541
134408,1,0,199542
134409,1,0,199543
134410,1,0,199544
134411,1,0,199545
134412,3,0,199548
134413,2,0,199550
134414,1,0,199551
134415,2,0,199553
134416,3,0,199556
134417,2,0,199558
134418,2,0,199560
134419,4,0,199564
134420,2,0,199566
134421,1,0,199567
134422,3,0,199570
134423,1,0,199571
134424,1,0,199572
134425,2,0,199574
134426,1,0,199575
134427,1,0,199576
134428,1,0,199577
134429,1,0,199578
134430,2,0,199580
134431,3,0,199583
134432,2,0,199585
134433,1,0,199586
134434,1,0,199587
134435,1,0,199588
134436,2,0,199590
134437,1,0,199591
134438,2,0,199593
134439,1,0,199594
134440,1,0,199595
134441,1,0,199596
134442,1,0,199597
134443,1,0,199598
134444,2,0,199600
134445,2,0,199602
134446,4,0,199606
134447,1,0,199607
134448,2,0,199609
134449,1,0,199610
134450,1,0,199611
134451,1,0,199612
134452,1,0,199613
134453,1,0,199614
134454,5,0,199619
134455,1,0,199620
134456,3,0,199623
134457,1,0,199624
134458,1,0,199625
134459,2,0,199627
134460,1,0,199628
134461,1,0,199629
134462,1,0,199630
134463,2,0,199632
134464,2,0,199634
134465,2,0,199636
134466,3,0,199639
134467,1,0,199640
134468,1,0,199641
134469,1,0,199642
134470,1,0,199643
134471,1,0,199644
134472,1,0,199645
134473,2,0,199647
134474,2,0,199649
134475,2,0,199651
134476,1,0,199652
134477,1,0,199653
134478,1,0,199654
134479,1,0,199655
134480,1,0,199656
134481,4,0,199660
134482,2,0,199662
134483,2,0,199664
134484,1,0,199665
134485,1,0,199666
134486,1,0,199667
134487,1,0,199668
134488,1,0,199669
134489,3,0,199672
134490,2,0,199674
134491,4,0,199678
134492,3,0,199681
134493,1,0,199682
134494,1,0,199683
134495,1,0,199684
134496,3,0,199687
134497,1,0,199688
134498,1,0,199689
134499,1,0,199690
134500,1,0,199691
134501,1,0,199692
134502,1,0,199693
134503,1,0,199694
134504,2,0,199696
134505,1,0,199697
134506,3,0,199700
134507,1,0,199701
134508,2,0,199703
134509,1,0,199704
134510,2,0,199706
134511,1,0,199707
134512,1,0,199708
134513,1,0,199709
134514,1,0,199710
134515,1,0,199711
134516,6,0,199717
134517,1,0,199718
134518,4,0,199722
134519,1,0,199723
134520,2,0,199725
134521,2,0,199727
134522,1,0,199728
134523,1,0,199729
134524,1,0,199730
134525,1,0,199731
134526,1,0,199732
134527,4,0,199736
134528,1,0,199737
134529,1,0,199738
134530,1,0,199739
134531,1,0,199740
134532,1,0,199741
134533,2,0,199743
134534,3,0,199746
134535,1,0,199747
134536,2,0,199749
134537,1,0,199750
134538,3,0,199753
134539,3,0,199756
134540,2,0,199758
134541,1,0,199759
134542,1,0,199760
134543,1,0,199761
134544,1,0,199762
134545,2,0,199764
134546,3,0,199767
134547,1,0,199768
134548,1,0,199769
134549,1,0,199770
134550,1,0,199771
134551,2,0,199773
134552,3,0,199776
134553,1,0,199777
134554,4,0,199781
134555,1,0,199782
134556,1,0,199783
134557,1,0,199784
134558,1,0,199785
134559,1,0,199786
134560,1,0,199787
134561,1,0,199788
134562,2,0,199790
134563,1,0,199791
134564,1,0,199792
134565,1,0,199793
134566,1,0,199794
134567,2,0,199796
134568,2,0,199798
134569,1,0,199799
134570,1,0,199800
134571,1,0,199801
134572,4,0,199805
134573,1,0,199806
134574,1,0,199807
134575,1,0,199808
134576,1,0,199809
134577,1,0,199810
134578,4,0,199814
134579,1,0,199815
134580,1,0,199816
134581,1,0,199817
134582,1,0,199818
134583,1,0,199819
134584,1,0,199820
134585,1,0,199821
134586,1,0,199822
134587,1,0,199823
134588,2,0,199825
134589,1,0,199826
134590,1,0,199827
134591,1,0,199828
134592,2,0,199830
134593,3,0,199833
134594,1,0,199834
134595,2,0,199836
134596,1,0,199837
134597,2,0,199839
134598,3,0,199842
134599,2,0,199844
134600,1,0,199845
134601,1,0,199846
134602,3,0,199849
134603,1,0,199850
134604,1,0,199851
134605,1,0,199852
134606,3,0,199855
134607,2,0,199857
134608,1,0,199858
134609,2,0,199860
134610,1,0,199861
134611,1,0,199862
134612,1,0,199863
134613,1,0,199864
134614,1,0,199865
134615,1,0,199866
134616,2,0,199868
134617,1,0,199869
134618,2,0,199871
134619,1,0,199872
134620,2,0,199874
134621,2,0,199876
134622,2,0,199878
134623,1,0,199879
134624,1,0,199880
134625,1,0,199881
134626,1,0,199882
134627,1,0,199883
134628,1,0,199884
134629,1,0,199885
134630,1,0,199886
134631,1,0,199887
134632,1,0,199888
134633,1,0,199889
134634,1,0,199890
134635,1,0,199891
134636,1,0,199892
134637,1,0,199893
134638,1,0,199894
134639,1,0,199895
134640,2,0,199897
134641,1,0,199898
134642,2,0,199900
134643,2,0,199902
134644,2,0,199904
134645,1,0,199905
134646,1,0,199906
134647,3,0,199909
134648,1,0,199910
134649,1,0,199911
134650,1,0,199912
134651,2,0,199914
134652,1,0,199915
134653,1,0,199916
134654,1,0,199917
134655,1,0,199918
134656,3,0,199921
134657,2,0,199923
134658,1,0,199924
134659,2,0,199926
134660,2,0,199928
134661,1,0,199929
134662,1,0,199930
134663,1,0,199931
134664,1,0,199932
134665,1,0,199933
134666,1,0,199934
134667,1,0,199935
134668,2,0,199937
134669,1,0,199938
134670,1,0,199939
134671,1,0,199940
134672,1,0,199941
134673,1,0,199942
134674,4,0,199946
134675,1,0,199947
134676,1,0,199948
134677,1,0,199949
134678,1,0,199950
134679,2,0,199952
134680,1,0,199953
134681,1,0,199954
134682,1,0,199955
134683,1,0,199956
134684,1,0,199957
134685,2,0,199959
134686,1,0,199960
134687,1,0,199961
134688,1,0,199962
134689,1,0,199963
134690,2,0,199965
134691,2,0,199967
134692,1,0,199968
134693,2,0,199970
134694,2,0,199972
134695,1,0,199973
134696,1,0,199974
134697,3,0,199977
134698,2,0,199979
134699,2,0,199981
134700,3,0,199984
134701,1,0,199985
134702,1,0,199986
134703,1,0,199987
134704,1,0,199988
134705,1,0,199989
134706,1,0,199990
134707,1,0,199991
134708,1,0,199992
134709,1,0,199993
134710,2,0,199995
134711,1,0,199996
134712,1,0,199997
134713,1,0,199998
134714,2,0,200000
134715,1,0,200001
134716,1,0,200002
134717,2,0,200004
134718,1,0,200005
134719,1,0,200006
134720,1,0,200007
134721,1,0,200008
134722,3,0,200011
134723,4,0,200015
134724,1,0,200016
134725,3,0,200019
134726,1,0,200020
134727,3,0,200023
134728,1,0,200024
134729,2,0,200026
134730,1,0,200027
134731,5,0,200032
134732,1,0,200033
134733,1,0,200034
134734,2,0,200036
134735,1,0,200037
134736,2,0,200039
134737,2,0,200041
134738,4,0,200045
134739,1,0,200046
134740,1,0,200047
134741,1,0,200048
134742,1,0,200049
134743,1,0,200050
134744,1,0,200051
134745,1,0,200052
134746,1,0,200053
134747,1,0,200054
134748,4,0,200058
134749,1,0,200059
134750,1,0,200060
134751,1,0,200061
134752,1,0,200062
134753,1,0,200063
134754,5,0,200068
134755,1,0,200069
134756,1,0,200070
134757,1,0,200071
134758,1,0,200072
134759,2,0,200074
134760,1,0,200075
134761,1,0,200076
134762,1,0,200077
134763,2,0,200079
134764,3,0,200082
134765,2,0,200084
134766,1,0,200085
134767,1,0,200086
134768,1,0,200087
134769,1,0,200088
134770,2,0,200090
134771,4,0,200094
134772,1,0,200095
134773,1,0,200096
134774,1,0,200097
134775,2,0,200099
134776,2,0,200101
134777,3,0,200104
134778,1,0,200105
134779,2,0,200107
134780,1,0,200108
134781,1,0,200109
134782,1,0,200110
134783,1,0,200111
134784,2,0,200113
134785,1,0,200114
134786,2,0,200116
134787,1,0,200117
134788,1,0,200118
134789,1,0,200119
134790,2,0,200121
134791,2,0,200123
134792,1,0,200124
134793,1,0,200125
134794,1,0,200126
134795,2,0,200128
134796,1,0,200129
134797,1,0,200130
134798,4,0,200134
134799,3,0,200137
134800,1,0,200138
134801,4,0,200142
134802,1,0,200143
134803,1,0,200144
134804,3,0,200147
134805,1,0,200148
134806,1,0,200149
134807,1,0,200150
134808,2,0,200152
134809,1,0,200153
134810,1,0,200154
134811,1,0,200155
134812,1,0,200156
134813,2,0,200158
134814,2,0,200160
134815,2,0,200162
134816,2,0,200164
134817,2,0,200166
134818,1,0,200167
134819,2,0,200169
134820,1,0,200170
134821,2,0,200172
134822,2,0,200174
134823,2,0,200176
134824,2,0,200178
134825,3,0,200181
134826,1,0,200182
134827,2,0,200184
134828,1,0,200185
134829,1,0,200186
134830,1,0,200187
134831,3,0,200190
134832,1,0,200191
134833,2,0,200193
134834,1,0,200194
134835,3,0,200197
134836,1,0,200198
134837,1,0,200199
134838,2,0,200201
134839,1,0,200202
134840,1,0,200203
134841,1,0,200204
134842,1,0,200205
134843,1,0,200206
134844,2,0,200208
134845,1,0,200209
134846,1,0,200210
134847,1,0,200211
134848,1,0,200212
134849,1,0,200213
134850,1,0,200214
134851,1,0,200215
134852,2,0,200217
134853,2,0,200219
134854,2,0,200221
134855,1,0,200222
134856,2,0,200224
134857,2,0,200226
134858,1,0,200227
134859,2,0,200229
134860,4,0,200233
134861,1,0,200234
134862,1,0,200235
134863,2,0,200237
134864,1,0,200238
134865,2,0,200240
134866,1,0,200241
134867,1,0,200242
134868,1,0,200243
134869,1,0,200244
134870,1,0,200245
134871,1,0,200246
134872,1,0,200247
134873,1,0,200248
134874,1,0,200249
134875,1,0,200250
134876,1,0,200251
134877,2,0,200253
134878,1,0,200254
134879,1,0,200255
134880,1,0,200256
134881,1,0,200257
134882,1,0,200258
134883,2,0,200260
134884,1,0,200261
134885,2,0,200263
134886,1,0,200264
134887,2,0,200266
134888,1,0,200267
134889,2,0,200269
134890,1,0,200270
134891,2,0,200272
134892,1,0,200273
134893,2,0,200275
134894,3,0,200278
134895,1,0,200279
134896,3,0,200282
134897,1,0,200283
134898,1,0,200284
134899,1,0,200285
134900,1,0,200286
134901,1,0,200287
134902,3,0,200290
134903,1,0,200291
134904,1,0,200292
134905,2,0,200294
134906,3,0,200297
134907,1,0,200298
134908,1,0,200299
134909,1,0,200300
134910,1,0,200301
134911,1,0,200302
134912,1,0,200303
134913,1,0,200304
134914,4,0,200308
134915,1,0,200309
134916,1,0,200310
134917,1,0,200311
134918,1,0,200312
134919,1,0,200313
134920,2,0,200315
134921,2,0,200317
134922,1,0,200318
134923,2,0,200320
134924,1,0,200321
134925,1,0,200322
134926,4,0,200326
134927,1,0,200327
134928,1,0,200328
134929,1,0,200329
134930,2,0,200331
134931,1,0,200332
134932,3,0,200335
134933,1,0,200336
134934,1,0,200337
134935,2,0,200339
134936,1,0,200340
134937,1,0,200341
134938,1,0,200342
134939,1,0,200343
134940,2,0,200345
134941,1,0,200346
134942,1,0,200347
134943,3,0,200350
134944,2,0,200352
134945,1,0,200353
134946,2,0,200355
134947,2,0,200357
134948,1,0,200358
134949,1,0,200359
134950,1,0,200360
134951,1,0,200361
134952,1,0,200362
134953,3,0,200365
134954,1,0,200366
134955,1,0,200367
134956,1,0,200368
134957,1,0,200369
134958,1,0,200370
134959,1,0,200371
134960,1,0,200372
134961,2,0,200374
134962,1,0,200375
134963,1,0,200376
134964,1,0,200377
134965,1,0,200378
134966,2,0,200380
134967,3,0,200383
134968,1,0,200384
134969,1,0,200385
134970,1,0,200386
134971,1,0,200387
134972,1,0,200388
134973,2,0,200390
134974,1,0,200391
134975,2,0,200393
134976,2,0,200395
134977,1,0,200396
134978,1,0,200397
134979,4,0,200401
134980,1,0,200402
134981,2,0,200404
134982,2,0,200406
134983,1,0,200407
134984,2,0,200409
134985,1,0,200410
134986,1,0,200411
134987,1,0,200412
134988,1,0,200413
134989,2,0,200415
134990,2,0,200417
134991,1,0,200418
134992,2,0,200420
134993,1,0,200421
134994,4,0,200425
134995,2,0,200427
134996,5,0,200432
134997,2,0,200434
134998,3,0,200437
134999,2,0,200439
135000,2,0,200441
135001,1,0,200442
135002,1,0,200443
135003,2,0,200445
135004,2,0,200447
135005,1,0,200448
135006,1,0,200449
135007,2,0,200451
135008,1,0,200452
135009,1,0,200453
135010,1,0,200454
135011,2,0,200456
135012,1,0,200457
135013,2,0,200459
135014,1,0,200460
135015,1,0,200461
135016,2,0,200463
135017,1,0,200464
135018,2,0,200466
135019,3,0,200469
135020,1,0,200470
135021,1,0,200471
135022,3,0,200474
135023,2,0,200476
135024,1,0,200477
135025,1,0,200478
135026,1,0,200479
135027,1,0,200480
135028,1,0,200481
135029,1,0,200482
135030,1,0,200483
135031,1,0,200484
135032,2,0,200486
135033,2,0,200488
135034,2,0,200490
135035,1,0,200491
135036,1,0,200492
135037,2,0,200494
135038,1,0,200495
135039,1,0,200496
135040,1,0,200497
135041,2,0,200499
135042,3,0,200502
135043,1,0,200503
135044,3,0,200506
135045,1,0,200507
135046,1,0,200508
135047,1,0,200509
135048,1,0,200510
135049,1,0,200511
135050,1,0,200512
135051,2,0,200514
135052,1,0,200515
135053,2,0,200517
135054,4,0,200521
135055,1,0,200522
135056,1,0,200523
135057,4,0,200527
135058,1,0,200528
135059,1,0,200529
135060,1,0,200530
135061,1,0,200531
135062,1,0,200532
135063,1,0,200533
135064,2,0,200535
135065,3,0,200538
135066,1,0,200539
135067,3,0,200542
135068,1,0,200543
135069,1,0,200544
135070,1,0,200545
135071,1,0,200546
135072,1,0,200547
135073,2,0,200549
135074,1,0,200550
135075,3,0,200553
135076,2,0,200555
135077,1,0,200556
135078,1,0,200557
135079,1,0,200558
135080,1,0,200559
135081,1,0,200560
135082,1,0,200561
135083,1,0,200562
135084,2,0,200564
135085,1,0,200565
135086,2,0,200567
135087,1,0,200568
135088,1,0,200569
135089,1,0,200570
135090,2,0,200572
135091,1,0,200573
135092,1,0,200574
135093,1,0,200575
135094,1,0,200576
135095,1,0,200577
135096,3,0,200580
135097,1,0,200581
135098,1,0,200582
135099,1,0,200583
135100,3,0,200586
135101,2,0,200588
135102,1,0,200589
135103,1,0,200590
135104,1,0,200591
135105,3,0,200594
135106,2,0,200596
135107,1,0,200597
135108,2,0,200599
135109,1,0,200600
135110,1,0,200601
135111,1,0,200602
135112,1,0,200603
135113,2,0,200605
135114,2,0,200607
135115,1,0,200608
135116,1,0,200609
135117,2,0,200611
135118,1,0,200612
135119,1,0,200613
135120,4,0,200617
135121,1,0,200618
135122,2,0,200620
135123,1,0,200621
135124,1,0,200622
135125,3,0,200625
135126,1,0,200626
135127,3,0,200629
135128,1,0,200630
135129,2,0,200632
135130,2,0,200634
135131,2,0,200636
135132,1,0,200637
135133,2,0,200639
135134,1,0,200640
135135,1,0,200641
135136,2,0,200643
135137,1,0,200644
135138,1,0,200645
135139,1,0,200646
135140,1,0,200647
135141,1,0,200648
135142,1,0,200649
135143,1,0,200650
135144,3,0,200653
135145,1,0,200654
135146,1,0,200655
135147,1,0,200656
135148,1,0,200657
135149,1,0,200658
135150,2,0,200660
135151,1,0,200661
135152,1,0,200662
135153,1,0,200663
135154,3,0,200666
135155,1,0,200667
135156,5,0,200672
135157,2,0,200674
135158,3,0,200677
135159,1,0,200678
135160,1,0,200679
135161,1,0,200680
135162,1,0,200681
135163,1,0,200682
135164,1,0,200683
135165,1,0,200684
135166,1,0,200685
135167,1,0,200686
135168,1,0,200687
135169,1,0,200688
135170,3,0,200691
135171,1,0,200692
135172,2,0,200694
135173,1,0,200695
135174,1,0,200696
135175,1,0,200697
135176,1,0,200698
135177,3,0,200701
135178,3,0,200704
135179,1,0,200705
135180,1,0,200706
135181,2,0,200708
135182,3,0,200711
135183,1,0,200712
135184,1,0,200713
135185,1,0,200714
135186,1,0,200715
135187,4,0,200719
135188,2,0,200721
135189,2,0,200723
135190,1,0,200724
135191,1,0,200725
135192,2,0,200727
135193,3,0,200730
135194,3,0,200733
135195,1,0,200734
135196,1,0,200735
135197,5,0,200740
135198,2,0,200742
135199,1,0,200743
135200,1,0,200744
135201,1,0,200745
135202,3,0,200748
135203,1,0,200749
135204,1,0,200750
135205,2,0,200752
135206,2,0,200754
135207,1,0,200755
135208,1,0,200756
135209,2,0,200758
135210,1,0,200759
135211,1,0,200760
135212,1,0,200761
135213,1,0,200762
135214,3,0,200765
135215,1,0,200766
135216,1,0,200767
135217,1,0,200768
135218,3,0,200771
135219,2,0,200773
135220,1,0,200774
135221,1,0,200775
135222,1,0,200776
135223,1,0,200777
135224,1,0,200778
135225,1,0,200779
135226,3,0,200782
135227,1,0,200783
135228,1,0,200784
135229,1,0,200785
135230,2,0,200787
135231,1,0,200788
135232,1,0,200789
135233,1,0,200790
135234,1,0,200791
135235,1,0,200792
135236,1,0,200793
135237,1,0,200794
135238,1,0,200795
135239,3,0,200798
135240,1,0,200799
135241,3,0,200802
135242,3,0,200805
135243,1,0,200806
135244,2,0,200808
135245,2,0,200810
135246,1,0,200811
135247,1,0,200812
135248,1,0,200813
135249,2,0,200815
135250,1,0,200816
135251,1,0,200817
135252,1,0,200818
135253,1,0,200819
135254,1,0,200820
135255,3,0,200823
135256,1,0,200824
135257,1,0,200825
135258,1,0,200826
135259,2,0,200828
135260,1,0,200829
135261,1,0,200830
135262,2,0,200832
135263,3,0,200835
135264,1,0,200836
135265,1,0,200837
135266,1,0,200838
135267,1,0,200839
135268,1,0,200840
135269,1,0,200841
135270,3,0,200844
135271,1,0,200845
135272,1,0,200846
135273,1,0,200847
135274,1,0,200848
135275,1,0,200849
135276,2,0,200851
135277,3,0,200854
135278,1,0,200855
135279,1,0,200856
135280,1,0,200857
135281,1,0,200858
135282,1,0,200859
135283,1,0,200860
135284,1,0,200861
135285,2,0,200863
135286,2,0,200865
135287,1,0,200866
135288,1,0,200867
135289,1,0,200868
135290,2,0,200870
135291,2,0,200872
135292,1,0,200873
135293,1,0,200874
135294,2,0,200876
135295,2,0,200878
135296,4,0,200882
135297,1,0,200883
135298,2,0,200885
135299,1,0,200886
135300,1,0,200887
135301,1,0,200888
135302,2,0,200890
135303,2,0,200892
135304,1,0,200893
135305,1,0,200894
135306,2,0,200896
135307,1,0,200897
135308,2,0,200899
135309,2,0,200901
135310,1,0,200902
135311,3,0,200905
135312,1,0,200906
135313,1,0,200907
135314,1,0,200908
135315,1,0,200909
135316,1,0,200910
135317,1,0,200911
135318,1,0,200912
135319,1,0,200913
135320,2,0,200915
135321,1,0,200916
135322,2,0,200918
135323,3,0,200921
135324,1,0,200922
135325,1,0,200923
135326,1,0,200924
135327,2,0,200926
135328,4,0,200930
135329,1,0,200931
135330,1,0,200932
135331,4,0,200936
135332,1,0,200937
135333,1,0,200938
135334,1,0,200939
135335,1,0,200940
135336,1,0,200941
135337,1,0,200942
135338,1,0,200943
135339,1,0,200944
135340,1,0,200945
135341,1,0,200946
135342,2,0,200948
135343,1,0,200949
135344,1,0,200950
135345,1,0,200951
135346,2,0,200953
135347,3,0,200956
135348,1,0,200957
135349,1,0,200958
135350,2,0,200960
135351,1,0,200961
135352,1,0,200962
135353,1,0,200963
135354,1,0,200964
135355,1,0,200965
135356,1,0,200966
135357,1,0,200967
135358,1,0,200968
135359,1,0,200969
135360,2,0,200971
135361,1,0,200972
135362,1,0,200973
135363,1,0,200974
135364,2,0,200976
135365,1,0,200977
135366,1,0,200978
135367,1,0,200979
135368,1,0,200980
135369,2,0,200982
135370,1,0,200983
135371,1,0,200984
135372,1,0,200985
135373,4,0,200989
135374,4,0,200993
135375,2,0,200995
135376,2,0,200997
135377,1,0,200998
135378,1,0,200999
135379,1,0,201000
135380,1,0,201001
135381,1,0,201002
135382,1,0,201003
135383,1,0,201004
135384,1,0,201005
135385,1,0,201006
135386,1,0,201007
135387,1,0,201008
135388,1,0,201009
135389,2,0,201011
135390,3,0,201014
135391,1,0,201015
135392,2,0,201017
135393,2,0,201019
135394,1,0,201020
135395,2,0,201022
135396,1,0,201023
135397,1,0,201024
135398,1,0,201025
135399,1,0,201026
135400,1,0,201027
135401,1,0,201028
135402,1,0,201029
135403,2,0,201031
135404,1,0,201032
135405,1,0,201033
135406,1,0,201034
135407,2,0,201036
135408,1,0,201037
135409,2,0,201039
135410,2,0,201041
135411,1,0,201042
135412,1,0,201043
135413,1,0,201044
135414,3,0,201047
135415,1,0,201048
135416,2,0,201050
135417,1,0,201051
135418,1,0,201052
135419,2,0,201054
135420,2,0,201056
135421,1,0,201057
135422,2,0,201059
135423,1,0,201060
135424,2,0,201062
135425,1,0,201063
135426,1,0,201064
135427,2,0,201066
135428,1,0,201067
135429,1,0,201068
135430,1,0,201069
135431,1,0,201070
135432,2,0,201072
135433,1,0,201073
135434,1,0,201074
135435,2,0,201076
135436,1,0,201077
135437,1,0,201078
135438,2,0,201080
135439,1,0,201081
135440,1,0,201082
135441,1,0,201083
135442,1,0,201084
135443,1,0,201085
135444,2,0,201087
135445,1,0,201088
135446,3,0,201091
135447,1,0,201092
135448,1,0,201093
135449,5,0,201098
135450,1,0,201099
135451,1,0,201100
135452,2,0,201102
135453,1,0,201103
135454,1,0,201104
135455,1,0,201105
135456,3,0,201108
135457,1,0,201109
135458,2,0,201111
135459,1,0,201112
135460,2,0,201114
135461,4,0,201118
135462,2,0,201120
135463,1,0,201121
135464,1,0,201122
135465,1,0,201123
135466,2,0,201125
135467,1,0,201126
135468,1,0,201127
135469,1,0,201128
135470,1,0,201129
135471,1,0,201130
135472,2,0,201132
135473,3,0,201135
135474,1,0,201136
135475,2,0,201138
135476,1,0,201139
135477,1,0,201140
135478,1,0,201141
135479,1,0,201142
135480,1,0,201143
135481,2,0,201145
135482,1,0,201146
135483,1,0,201147
135484,1,0,201148
135485,1,0,201149
135486,1,0,201150
135487,1,0,201151
135488,1,0,201152
135489,3,0,201155
135490,1,0,201156
135491,1,0,201157
135492,1,0,201158
135493,2,0,201160
135494,1,0,201161
135495,2,0,201163
135496,1,0,201164
135497,2,0,201166
135498,1,0,201167
135499,1,0,201168
135500,1,0,201169
135501,3,0,201172
135502,1,0,201173
135503,1,0,201174
135504,5,0,201179
135505,1,0,201180
135506,1,0,201181
135507,1,0,201182
135508,2,0,201184
135509,1,0,201185
135510,1,0,201186
135511,1,0,201187
135512,1,0,201188
135513,1,0,201189
135514,1,0,201190
135515,2,0,201192
135516,2,0,201194
135517,1,0,201195
135518,1,0,201196
135519,1,0,201197
135520,1,0,201198
135521,1,0,201199
135522,4,0,201203
135523,3,0,201206
135524,1,0,201207
135525,3,0,201210
135526,1,0,201211
135527,1,0,201212
135528,1,0,201213
135529,1,0,201214
135530,1,0,201215
135531,1,0,201216
135532,1,0,201217
135533,1,0,201218
135534,2,0,201220
135535,1,0,201221
135536,1,0,201222
135537,2,0,201224
135538,1,0,201225
135539,1,0,201226
135540,2,0,201228
135541,1,0,201229
135542,1,0,201230
135543,1,0,201231
135544,2,0,201233
135545,1,0,201234
135546,1,0,201235
135547,2,0,201237
135548,3,0,201240
135549,2,0,201242
135550,1,0,201243
135551,1,0,201244
135552,1,0,201245
135553,1,0,201246
135554,3,0,201249
135555,2,0,201251
135556,2,0,201253
135557,1,0,201254
135558,1,0,201255
135559,1,0,201256
135560,3,0,201259
135561,1,0,201260
135562,1,0,201261
135563,1,0,201262
135564,1,0,201263
135565,2,0,201265
135566,1,0,201266
135567,1,0,201267
135568,1,0,201268
135569,1,0,201269
135570,2,0,201271
135571,1,0,201272
135572,2,0,201274
135573,1,0,201275
135574,1,0,201276
135575,5,0,201281
135576,1,0,201282
135577,1,0,201283
135578,2,0,201285
135579,2,0,201287
135580,1,0,201288
135581,1,0,201289
135582,1,0,201290
135583,2,0,201292
135584,2,0,201294
135585,1,0,201295
135586,1,0,201296
135587,1,0,201297
135588,1,0,201298
135589,5,0,201303
135590,1,0,201304
135591,2,0,201306
135592,2,0,201308
135593,1,0,201309
135594,3,0,201312
135595,2,0,201314
135596,1,0,201315
135597,2,0,201317
135598,3,0,201320
135599,2,0,201322
135600,3,0,201325
135601,1,0,201326
135602,1,0,201327
135603,1,0,201328
135604,1,0,201329
135605,1,0,201330
135606,2,0,201332
135607,1,0,201333
135608,2,0,201335
135609,1,0,201336
135610,1,0,201337
135611,1,0,201338
135612,1,0,201339
135613,1,0,201340
135614,1,0,201341
135615,1,0,201342
135616,1,0,201343
135617,4,0,201347
135618,2,0,201349
135619,1,0,201350
135620,1,0,201351
135621,1,0,201352
135622,1,0,201353
135623,1,0,201354
135624,1,0,201355
135625,4,0,201359
135626,1,0,201360
135627,1,0,201361
135628,1,0,201362
135629,1,0,201363
135630,1,0,201364
135631,1,0,201365
135632,1,0,201366
135633,1,0,201367
135634,2,0,201369
135635,1,0,201370
135636,1,0,201371
135637,3,0,201374
135638,3,0,201377
135639,2,0,201379
135640,1,0,201380
135641,1,0,201381
135642,1,0,201382
135643,2,0,201384
135644,1,0,201385
135645,1,0,201386
135646,2,0,201388
135647,1,0,201389
135648,4,0,201393
135649,1,0,201394
135650,2,0,201396
135651,1,0,201397
135652,1,0,201398
135653,1,0,201399
135654,1,0,201400
135655,2,0,201402
135656,1,0,201403
135657,1,0,201404
135658,1,0,201405
135659,1,0,201406
135660,1,0,201407
135661,1,0,201408
135662,1,0,201409
135663,1,0,201410
135664,1,0,201411
135665,2,0,201413
135666,1,0,201414
135667,2,0,201416
135668,1,0,201417
135669,1,0,201418
135670,2,0,201420
135671,2,0,201422
135672,1,0,201423
135673,2,0,201425
135674,2,0,201427
135675,1,0,201428
135676,1,0,201429
135677,1,0,201430
135678,1,0,201431
135679,1,0,201432
135680,2,0,201434
135681,1,0,201435
135682,3,0,201438
135683,1,0,201439
135684,1,0,201440
135685,1,0,201441
135686,1,0,201442
135687,1,0,201443
135688,2,0,201445
135689,1,0,201446
135690,1,0,201447
135691,1,0,201448
135692,1,0,201449
135693,1,0,201450
135694,1,0,201451
135695,2,0,201453
135696,1,0,201454
135697,3,0,201457
135698,1,0,201458
135699,1,0,201459
135700,1,0,201460
135701,1,0,201461
135702,1,0,201462
135703,1,0,201463
135704,2,0,201465
135705,1,0,201466
135706,4,0,201470
135707,1,0,201471
135708,1,0,201472
135709,1,0,201473
135710,2,0,201475
135711,1,0,201476
135712,1,0,201477
135713,2,0,201479
135714,1,0,201480
135715,1,0,201481
135716,1,0,201482
135717,1,0,201483
135718,1,0,201484
135719,1,0,201485
135720,1,0,201486
135721,3,0,201489
135722,1,0,201490
135723,1,0,201491
135724,1,0,201492
135725,1,0,201493
135726,2,0,201495
135727,1,0,201496
135728,3,0,201499
135729,2,0,201501
135730,1,0,201502
135731,1,0,201503
135732,2,0,201505
135733,3,0,201508
135734,1,0,201509
135735,3,0,201512
135736,2,0,201514
135737,1,0,201515
135738,1,0,201516
135739,4,0,201520
135740,2,0,201522
135741,1,0,201523
135742,3,0,201526
135743,1,0,201527
135744,1,0,201528
135745,1,0,201529
135746,1,0,201530
135747,1,0,201531
135748,1,0,201532
135749,1,0,201533
135750,2,0,201535
135751,3,0,201538
135752,2,0,201540
135753,2,0,201542
135754,1,0,201543
135755,1,0,201544
135756,1,0,201545
135757,2,0,201547
135758,1,0,201548
135759,2,0,201550
135760,1,0,201551
135761,3,0,201554
135762,1,0,201555
135763,1,0,201556
135764,4,0,201560
135765,1,0,201561
135766,2,0,201563
135767,1,0,201564
135768,3,0,201567
135769,1,0,201568
135770,1,0,201569
135771,2,0,201571
135772,1,0,201572
135773,1,0,201573
135774,3,0,201576
135775,1,0,201577
135776,2,0,201579
135777,1,0,201580
135778,1,0,201581
135779,2,0,201583
135780,1,0,201584
135781,1,0,201585
135782,1,0,201586
135783,5,0,201591
135784,1,0,201592
135785,1,0,201593
135786,2,0,201595
135787,3,0,201598
135788,1,0,201599
135789,2,0,201601
135790,2,0,201603
135791,2,0,201605
135792,1,0,201606
135793,2,0,201608
135794,1,0,201609
135795,1,0,201610
135796,1,0,201611
135797,1,0,201612
135798,1,0,201613
135799,1,0,201614
135800,1,0,201615
135801,1,0,201616
135802,3,0,201619
135803,1,0,201620
135804,1,0,201621
135805,1,0,201622
135806,1,0,201623
135807,1,0,201624
135808,4,0,201628
135809,1,0,201629
135810,1,0,201630
135811,3,0,201633
135812,1,0,201634
135813,1,0,201635
135814,1,0,201636
135815,2,0,201638
135816,1,0,201639
135817,2,0,201641
135818,1,0,201642
135819,2,0,201644
135820,1,0,201645
135821,1,0,201646
135822,1,0,201647
135823,2,0,201649
135824,1,0,201650
135825,1,0,201651
135826,1,0,201652
135827,2,0,201654
135828,2,0,201656
135829,2,0,201658
135830,2,0,201660
135831,1,0,201661
135832,1,0,201662
135833,2,0,201664
135834,1,0,201665
135835,1,0,201666
135836,2,0,201668
135837,1,0,201669
135838,1,0,201670
135839,1,0,201671
135840,2,0,201673
135841,1,0,201674
135842,1,0,201675
135843,5,0,201680
135844,1,0,201681
135845,1,0,201682
135846,2,0,201684
135847,1,0,201685
135848,1,0,201686
135849,1,0,201687
135850,1,0,201688
135851,1,0,201689
135852,2,0,201691
135853,1,0,201692
135854,2,0,201694
135855,3,0,201697
135856,2,0,201699
135857,1,0,201700
135858,1,0,201701
135859,1,0,201702
135860,1,0,201703
135861,2,0,201705
135862,3,0,201708
135863,1,0,201709
135864,1,0,201710
135865,4,0,201714
135866,1,0,201715
135867,1,0,201716
135868,3,0,201719
135869,1,0,201720
135870,1,0,201721
135871,2,0,201723
135872,1,0,201724
135873,1,0,201725
135874,1,0,201726
135875,3,0,201729
135876,1,0,201730
135877,1,0,201731
135878,1,0,201732
135879,1,0,201733
135880,2,0,201735
135881,2,0,201737
135882,1,0,201738
135883,1,0,201739
135884,1,0,201740
135885,1,0,201741
135886,1,0,201742
135887,2,0,201744
135888,1,0,201745
135889,1,0,201746
135890,1,0,201747
135891,2,0,201749
135892,1,0,201750
135893,1,0,201751
135894,1,0,201752
135895,1,0,201753
135896,2,0,201755
135897,1,0,201756
135898,1,0,201757
135899,1,0,201758
135900,1,0,201759
135901,1,0,201760
135902,1,0,201761
135903,1,0,201762
135904,1,0,201763
135905,1,0,201764
135906,1,0,201765
135907,1,0,201766
135908,1,0,201767
135909,6,0,201773
135910,1,0,201774
135911,1,0,201775
135912,2,0,201777
135913,1,0,201778
135914,1,0,201779
135915,1,0,201780
135916,3,0,201783
135917,1,0,201784
135918,1,0,201785
135919,1,0,201786
135920,2,0,201788
135921,1,0,201789
135922,1,0,201790
135923,1,0,201791
135924,1,0,201792
135925,1,0,201793
135926,1,0,201794
135927,1,0,201795
135928,1,0,201796
135929,1,0,201797
135930,2,0,201799
135931,1,0,201800
135932,1,0,201801
135933,1,0,201802
135934,1,0,201803
135935,1,0,201804
135936,1,0,201805
135937,2,0,201807
135938,1,0,201808
135939,1,0,201809
135940,1,0,201810
135941,2,0,201812
135942,3,0,201815
135943,2,0,201817
135944,1,0,201818
135945,2,0,201820
135946,1,0,201821
135947,1,0,201822
135948,1,0,201823
135949,3,0,201826
135950,2,0,201828
135951,1,0,201829
135952,2,0,201831
135953,1,0,201832
135954,1,0,201833
135955,2,0,201835
135956,1,0,201836
135957,2,0,201838
135958,2,0,201840
135959,2,0,201842
135960,4,0,201846
135961,1,0,201847
135962,2,0,201849
135963,1,0,201850
135964,1,0,201851
135965,4,0,201855
135966,1,0,201856
135967,2,0,201858
135968,1,0,201859
135969,1,0,201860
135970,2,0,201862
135971,1,0,201863
135972,1,0,201864
135973,1,0,201865
135974,2,0,201867
135975,1,0,201868
135976,2,0,201870
135977,1,0,201871
135978,2,0,201873
135979,1,0,201874
135980,2,0,201876
135981,1,0,201877
135982,1,0,201878
135983,2,0,201880
135984,1,0,201881
135985,1,0,201882
135986,3,0,201885
135987,2,0,201887
135988,1,0,201888
135989,1,0,201889
135990,1,0,201890
135991,1,0,201891
135992,1,0,201892
135993,1,0,201893
135994,2,0,201895
135995,1,0,201896
135996,1,0,201897
135997,3,0,201900
135998,2,0,201902
135999,1,0,201903
136000,4,0,201907
136001,1,0,201908
136002,1,0,201909
136003,3,0,201912
136004,1,0,201913
136005,1,0,201914
136006,1,0,201915
136007,4,0,201919
136008,1,0,201920
136009,2,0,201922
136010,1,0,201923
136011,3,0,201926
136012,2,0,201928
136013,3,0,201931
136014,1,0,201932
136015,2,0,201934
136016,1,0,201935
136017,1,0,201936
136018,2,0,201938
136019,3,0,201941
136020,1,0,201942
136021,1,0,201943
136022,2,0,201945
136023,1,0,201946
136024,2,0,201948
136025,1,0,201949
136026,2,0,201951
136027,1,0,201952
136028,2,0,201954
136029,2,0,201956
136030,1,0,201957
136031,2,0,201959
136032,3,0,201962
136033,1,0,201963
136034,2,0,201965
136035,1,0,201966
136036,2,0,201968
136037,2,0,201970
136038,1,0,201971
136039,2,0,201973
136040,1,0,201974
136041,7,0,201981
136042,2,0,201983
136043,1,0,201984
136044,2,0,201986
136045,1,0,201987
136046,3,0,201990
136047,1,0,201991
136048,1,0,201992
136049,1,0,201993
136050,1,0,201994
136051,3,0,201997
136052,1,0,201998
136053,1,0,201999
136054,2,0,202001
136055,2,0,202003
136056,1,0,202004
136057,1,0,202005
136058,1,0,202006
136059,4,0,202010
136060,1,0,202011
136061,1,0,202012
136062,1,0,202013
136063,1,0,202014
136064,6,0,202020
136065,2,0,202022
136066,3,0,202025
136067,1,0,202026
136068,3,0,202029
136069,2,0,202031
136070,1,0,202032
136071,2,0,202034
136072,1,0,202035
136073,2,0,202037
136074,1,0,202038
136075,1,0,202039
136076,1,0,202040
136077,2,0,202042
136078,2,0,202044
136079,3,0,202047
136080,1,0,202048
136081,1,0,202049
136082,1,0,202050
136083,1,0,202051
136084,1,0,202052
136085,1,0,202053
136086,1,0,202054
136087,1,0,202055
136088,1,0,202056
136089,1,0,202057
136090,1,0,202058
136091,1,0,202059
136092,2,0,202061
136093,1,0,202062
136094,1,0,202063
136095,1,0,202064
136096,1,0,202065
136097,3,0,202068
136098,1,0,202069
136099,3,0,202072
136100,2,0,202074
136101,1,0,202075
136102,1,0,202076
136103,1,0,202077
136104,1,0,202078
136105,1,0,202079
136106,2,0,202081
136107,1,0,202082
136108,2,0,202084
136109,1,0,202085
136110,2,0,202087
136111,1,0,202088
136112,1,0,202089
136113,1,0,202090
136114,2,0,202092
136115,1,0,202093
136116,1,0,202094
136117,6,0,202100
136118,1,0,202101
136119,1,0,202102
136120,2,0,202104
136121,1,0,202105
136122,1,0,202106
136123,2,0,202108
136124,3,0,202111
136125,1,0,202112
136126,1,0,202113
136127,1,0,202114
136128,3,0,202117
136129,1,0,202118
136130,1,0,202119
136131,3,0,202122
136132,1,0,202123
136133,1,0,202124
136134,1,0,202125
136135,1,0,202126
136136,1,0,202127
136137,1,0,202128
136138,1,0,202129
136139,1,0,202130
136140,1,0,202131
136141,2,0,202133
136142,1,0,202134
136143,1,0,202135
136144,1,0,202136
136145,1,0,202137
136146,1,0,202138
136147,1,0,202139
136148,1,0,202140
136149,1,0,202141
136150,1,0,202142
136151,2,0,202144
136152,1,0,202145
136153,1,0,202146
136154,1,0,202147
136155,1,0,202148
136156,1,0,202149
136157,1,0,202150
136158,1,0,202151
136159,1,0,202152
136160,1,0,202153
136161,1,0,202154
136162,1,0,202155
136163,4,0,202159
136164,1,0,202160
136165,2,0,202162
136166,1,0,202163
136167,1,0,202164
136168,1,0,202165
136169,1,0,202166
136170,1,0,202167
136171,1,0,202168
136172,1,0,202169
136173,1,0,202170
136174,1,0,202171
136175,1,0,202172
136176,1,0,202173
136177,1,0,202174
136178,1,0,202175
136179,1,0,202176
136180,4,0,202180
136181,2,0,202182
136182,1,0,202183
136183,2,0,202185
136184,1,0,202186
136185,1,0,202187
136186,1,0,202188
136187,1,0,202189
136188,1,0,202190
136189,1,0,202191
136190,2,0,202193
136191,2,0,202195
136192,1,0,202196
136193,2,0,202198
136194,2,0,202200
136195,1,0,202201
136196,2,0,202203
136197,1,0,202204
136198,1,0,202205
136199,1,0,202206
136200,1,0,202207
136201,1,0,202208
136202,1,0,202209
136203,2,0,202211
136204,1,0,202212
136205,1,0,202213
136206,1,0,202214
136207,1,0,202215
136208,2,0,202217
136209,1,0,202218
136210,1,0,202219
136211,1,0,202220
136212,1,0,202221
136213,1,0,202222
136214,1,0,202223
136215,1,0,202224
136216,1,0,202225
136217,3,0,202228
136218,1,0,202229
136219,1,0,202230
136220,2,0,202232
136221,1,0,202233
136222,1,0,202234
136223,2,0,202236
136224,1,0,202237
136225,2,0,202239
136226,1,0,202240
136227,1,0,202241
136228,1,0,202242
136229,1,0,202243
136230,1,0,202244
136231,1,0,202245
136232,1,0,202246
136233,2,0,202248
136234,1,0,202249
136235,1,0,202250
136236,1,0,202251
136237,1,0,202252
136238,3,0,202255
136239,2,0,202257
136240,2,0,202259
136241,1,0,202260
136242,1,0,202261
136243,1,0,202262
136244,1,0,202263
136245,5,0,202268
136246,1,0,202269
136247,1,0,202270
136248,2,0,202272
136249,1,0,202273
136250,1,0,202274
136251,1,0,202275
136252,1,0,202276
136253,2,0,202278
136254,1,0,202279
136255,1,0,202280
136256,1,0,202281
136257,1,0,202282
136258,3,0,202285
136259,1,0,202286
136260,1,0,202287
136261,2,0,202289
136262,1,0,202290
136263,2,0,202292
136264,1,0,202293
136265,1,0,202294
136266,3,0,202297
136267,1,0,202298
136268,2,0,202300
136269,2,0,202302
136270,3,0,202305
136271,2,0,202307
136272,1,0,202308
136273,3,0,202311
136274,1,0,202312
136275,1,0,202313
136276,1,0,202314
136277,1,0,202315
136278,1,0,202316
136279,1,0,202317
136280,4,0,202321
136281,1,0,202322
136282,1,0,202323
136283,2,0,202325
136284,2,0,202327
136285,1,0,202328
136286,1,0,202329
136287,3,0,202332
136288,1,0,202333
136289,1,0,202334
136290,1,0,202335
136291,1,0,202336
136292,1,0,202337
136293,1,0,202338
136294,1,0,202339
136295,1,0,202340
136296,1,0,202341
136297,1,0,202342
136298,1,0,202343
136299,1,0,202344
136300,2,0,202346
136301,1,0,202347
136302,1,0,202348
136303,1,0,202349
136304,2,0,202351
136305,1,0,202352
136306,1,0,202353
136307,1,0,202354
136308,1,0,202355
136309,1,0,202356
136310,2,0,202358
136311,1,0,202359
136312,1,0,202360
136313,1,0,202361
136314,2,0,202363
136315,2,0,202365
136316,1,0,202366
136317,1,0,202367
136318,1,0,202368
136319,1,0,202369
136320,1,0,202370
136321,1,0,202371
136322,2,0,202373
136323,2,0,202375
136324,3,0,202378
136325,2,0,202380
136326,1,0,202381
136327,1,0,202382
136328,1,0,202383
136329,2,0,202385
136330,1,0,202386
136331,3,0,202389
136332,1,0,202390
136333,1,0,202391
136334,1,0,202392
136335,1,0,202393
136336,1,0,202394
136337,3,0,202397
136338,1,0,202398
136339,1,0,202399
136340,1,0,202400
136341,1,0,202401
136342,1,0,202402
136343,1,0,202403
136344,2,0,202405
136345,3,0,202408
136346,1,0,202409
136347,2,0,202411
136348,2,0,202413
136349,1,0,202414
136350,1,0,202415
136351,1,0,202416
136352,1,0,202417
136353,2,0,202419
136354,1,0,202420
136355,2,0,202422
136356,2,0,202424
136357,2,0,202426
136358,5,0,202431
136359,1,0,202432
136360,1,0,202433
136361,1,0,202434
136362,3,0,202437
136363,2,0,202439
136364,1,0,202440
136365,1,0,202441
136366,1,0,202442
136367,1,0,202443
136368,2,0,202445
136369,1,0,202446
136370,1,0,202447
136371,1,0,202448
136372,1,0,202449
136373,1,0,202450
136374,1,0,202451
136375,1,0,202452
136376,2,0,202454
136377,1,0,202455
136378,1,0,202456
136379,1,0,202457
136380,1,0,202458
136381,2,0,202460
136382,1,0,202461
136383,1,0,202462
136384,2,0,202464
136385,1,0,202465
136386,1,0,202466
136387,1,0,202467
136388,2,0,202469
136389,1,0,202470
136390,1,0,202471
136391,1,0,202472
136392,1,0,202473
136393,2,0,202475
136394,2,0,202477
136395,1,0,202478
136396,1,0,202479
136397,1,0,202480
136398,1,0,202481
136399,1,0,202482
136400,1,0,202483
136401,1,0,202484
136402,1,0,202485
136403,1,0,202486
136404,2,0,202488
136405,1,0,202489
136406,2,0,202491
136407,1,0,202492
136408,1,0,202493
136409,2,0,202495
136410,1,0,202496
136411,2,0,202498
136412,1,0,202499
136413,1,0,202500
136414,1,0,202501
136415,1,0,202502
136416,1,0,202503
136417,4,0,202507
136418,2,0,202509
136419,2,0,202511
136420,1,0,202512
136421,1,0,202513
136422,1,0,202514
136423,2,0,202516
136424,1,0,202517
136425,1,0,202518
136426,1,0,202519
136427,1,0,202520
136428,1,0,202521
136429,1,0,202522
136430,3,0,202525
136431,1,0,202526
136432,2,0,202528
136433,1,0,202529
136434,1,0,202530
136435,1,0,202531
136436,2,0,202533
136437,1,0,202534
136438,2,0,202536
136439,1,0,202537
136440,1,0,202538
136441,1,0,202539
136442,1,0,202540
136443,2,0,202542
136444,1,0,202543
136445,3,0,202546
136446,1,0,202547
136447,1,0,202548
136448,1,0,202549
136449,2,0,202551
136450,1,0,202552
136451,1,0,202553
136452,2,0,202555
136453,1,0,202556
136454,1,0,202557
136455,1,0,202558
136456,1,0,202559
136457,3,0,202562
136458,1,0,202563
136459,1,0,202564
136460,1,0,202565
136461,1,0,202566
136462,2,0,202568
136463,1,0,202569
136464,2,0,202571
136465,1,0,202572
136466,1,0,202573
136467,1,0,202574
136468,4,0,202578
136469,1,0,202579
136470,1,0,202580
136471,1,0,202581
136472,1,0,202582
136473,1,0,202583
136474,2,0,202585
136475,1,0,202586
136476,1,0,202587
136477,3,0,202590
136478,1,0,202591
136479,1,0,202592
136480,2,0,202594
136481,1,0,202595
136482,1,0,202596
136483,1,0,202597
136484,1,0,202598
136485,1,0,202599
136486,1,0,202600
136487,1,0,202601
136488,1,0,202602
136489,1,0,202603
136490,3,0,202606
136491,1,0,202607
136492,2,0,202609
136493,5,0,202614
136494,2,0,202616
136495,2,0,202618
136496,1,0,202619
136497,1,0,202620
136498,1,0,202621
136499,2,0,202623
136500,1,0,202624
136501,1,0,202625
136502,1,0,202626
136503,3,0,202629
136504,1,0,202630
136505,1,0,202631
136506,1,0,202632
136507,1,0,202633
136508,1,0,202634
136509,1,0,202635
136510,1,0,202636
136511,1,0,202637
136512,4,0,202641
136513,2,0,202643
136514,1,0,202644
136515,1,0,202645
136516,2,0,202647
136517,1,0,202648
136518,1,0,202649
136519,1,0,202650
136520,1,0,202651
136521,1,0,202652
136522,1,0,202653
136523,1,0,202654
136524,1,0,202655
136525,1,0,202656
136526,1,0,202657
136527,1,0,202658
136528,1,0,202659
136529,1,0,202660
136530,1,0,202661
136531,1,0,202662
136532,2,0,202664
136533,1,0,202665
136534,1,0,202666
136535,1,0,202667
136536,1,0,202668
136537,1,0,202669
136538,2,0,202671
136539,1,0,202672
136540,1,0,202673
136541,1,0,202674
136542,3,0,202677
136543,2,0,202679
136544,1,0,202680
136545,2,0,202682
136546,1,0,202683
136547,1,0,202684
136548,1,0,202685
136549,2,0,202687
136550,1,0,202688
136551,2,0,202690
136552,1,0,202691
136553,1,0,202692
136554,1,0,202693
136555,1,0,202694
136556,1,0,202695
136557,1,0,202696
136558,1,0,202697
136559,2,0,202699
136560,1,0,202700
136561,1,0,202701
136562,1,0,202702
136563,1,0,202703
136564,1,0,202704
136565,1,0,202705
136566,1,0,202706
136567,1,0,202707
136568,1,0,202708
136569,1,0,202709
136570,1,0,202710
136571,1,0,202711
136572,1,0,202712
136573,1,0,202713
136574,1,0,202714
136575,1,0,202715
136576,1,0,202716
136577,1,0,202717
136578,1,0,202718
136579,2,0,202720
136580,1,0,202721
136581,1,0,202722
136582,1,0,202723
136583,3,0,202726
136584,2,0,202728
136585,1,0,202729
136586,3,0,202732
136587,1,0,202733
136588,2,0,202735
136589,4,0,202739
136590,2,0,202741
136591,1,0,202742
136592,3,0,202745
136593,1,0,202746
136594,1,0,202747
136595,1,0,202748
136596,1,0,202749
136597,2,0,202751
136598,1,0,202752
136599,1,0,202753
136600,3,0,202756
136601,1,0,202757
136602,3,0,202760
136603,1,0,202761
136604,1,0,202762
136605,1,0,202763
136606,1,0,202764
136607,1,0,202765
136608,3,0,202768
136609,1,0,202769
136610,1,0,202770
136611,1,0,202771
136612,3,0,202774
136613,2,0,202776
136614,1,0,202777
136615,2,0,202779
136616,1,0,202780
136617,1,0,202781
136618,2,0,202783
136619,1,0,202784
136620,1,0,202785
136621,1,0,202786
136622,1,0,202787
136623,1,0,202788
136624,1,0,202789
136625,2,0,202791
136626,1,0,202792
136627,5,0,202797
136628,1,0,202798
136629,1,0,202799
136630,1,0,202800
136631,1,0,202801
136632,1,0,202802
136633,3,0,202805
136634,3,0,202808
136635,1,0,202809
136636,1,0,202810
136637,1,0,202811
136638,1,0,202812
136639,1,0,202813
136640,3,0,202816
136641,1,0,202817
136642,1,0,202818
136643,2,0,202820
136644,3,0,202823
136645,1,0,202824
136646,1,0,202825
136647,2,0,202827
136648,1,0,202828
136649,1,0,202829
136650,5,0,202834
136651,1,0,202835
136652,1,0,202836
136653,1,0,202837
136654,2,0,202839
136655,1,0,202840
136656,1,0,202841
136657,1,0,202842
136658,1,0,202843
136659,1,0,202844
136660,1,0,202845
136661,1,0,202846
136662,1,0,202847
136663,3,0,202850
136664,1,0,202851
136665,1,0,202852
136666,1,0,202853
136667,2,0,202855
136668,1,0,202856
136669,1,0,202857
136670,1,0,202858
136671,1,0,202859
136672,2,0,202861
136673,3,0,202864
136674,1,0,202865
136675,1,0,202866
136676,3,0,202869
136677,1,0,202870
136678,1,0,202871
136679,1,0,202872
136680,2,0,202874
136681,1,0,202875
136682,1,0,202876
136683,2,0,202878
136684,2,0,202880
136685,2,0,202882
136686,1,0,202883
136687,2,0,202885
136688,1,0,202886
136689,1,0,202887
136690,1,0,202888
136691,1,0,202889
136692,1,0,202890
136693,1,0,202891
136694,1,0,202892
136695,1,0,202893
136696,1,0,202894
136697,3,0,202897
136698,1,0,202898
136699,1,0,202899
136700,1,0,202900
136701,2,0,202902
136702,1,0,202903
136703,2,0,202905
136704,1,0,202906
136705,1,0,202907
136706,1,0,202908
136707,1,0,202909
136708,1,0,202910
136709,1,0,202911
136710,1,0,202912
136711,4,0,202916
136712,2,0,202918
136713,1,0,202919
136714,1,0,202920
136715,1,0,202921
136716,2,0,202923
136717,2,0,202925
136718,2,0,202927
136719,5,0,202932
136720,2,0,202934
136721,1,0,202935
136722,1,0,202936
136723,1,0,202937
136724,1,0,202938
136725,1,0,202939
136726,3,0,202942
136727,1,0,202943
136728,1,0,202944
136729,1,0,202945
136730,2,0,202947
136731,1,0,202948
136732,1,0,202949
136733,6,0,202955
136734,1,0,202956
136735,1,0,202957
136736,1,0,202958
136737,1,0,202959
136738,1,0,202960
136739,1,0,202961
136740,1,0,202962
136741,1,0,202963
136742,2,0,202965
136743,1,0,202966
136744,1,0,202967
136745,1,0,202968
136746,2,0,202970
136747,4,0,202974
136748,2,0,202976
136749,1,0,202977
136750,2,0,202979
136751,1,0,202980
136752,2,0,202982
136753,1,0,202983
136754,1,0,202984
136755,1,0,202985
136756,1,0,202986
136757,1,0,202987
136758,1,0,202988
136759,1,0,202989
136760,1,0,202990
136761,4,0,202994
136762,1,0,202995
136763,2,0,202997
136764,2,0,202999
136765,1,0,203000
136766,1,0,203001
136767,1,0,203002
136768,1,0,203003
136769,1,0,203004
136770,1,0,203005
136771,1,0,203006
136772,1,0,203007
136773,1,0,203008
136774,2,0,203010
136775,1,0,203011
136776,1,0,203012
136777,1,0,203013
136778,1,0,203014
136779,1,0,203015
136780,1,0,203016
136781,1,0,203017
136782,2,0,203019
136783,1,0,203020
136784,1,0,203021
136785,1,0,203022
136786,1,0,203023
136787,1,0,203024
136788,1,0,203025
136789,2,0,203027
136790,1,0,203028
136791,2,0,203030
136792,1,0,203031
136793,1,0,203032
136794,1,0,203033
136795,1,0,203034
136796,1,0,203035
136797,1,0,203036
136798,1,0,203037
136799,1,0,203038
136800,1,0,203039
136801,1,0,203040
136802,1,0,203041
136803,1,0,203042
136804,1,0,203043
136805,1,0,203044
136806,1,0,203045
136807,1,0,203046
136808,1,0,203047
136809,1,0,203048
136810,1,0,203049
136811,1,0,203050
136812,1,0,203051
136813,1,0,203052
136814,1,0,203053
136815,1,0,203054
136816,1,0,203055
136817,1,0,203056
136818,1,0,203057
136819,2,0,203059
136820,1,0,203060
136821,2,0,203062
136822,1,0,203063
136823,1,0,203064
136824,1,0,203065
136825,1,0,203066
136826,2,0,203068
136827,1,0,203069
136828,2,0,203071
136829,3,0,203074
136830,1,0,203075
136831,1,0,203076
136832,2,0,203078
136833,1,0,203079
136834,1,0,203080
136835,1,0,203081
136836,2,0,203083
136837,2,0,203085
136838,1,0,203086
136839,1,0,203087
136840,1,0,203088
136841,1,0,203089
136842,1,0,203090
136843,2,0,203092
136844,1,0,203093
136845,1,0,203094
136846,1,0,203095
136847,1,0,203096
136848,1,0,203097
136849,1,0,203098
136850,1,0,203099
136851,1,0,203100
136852,1,0,203101
136853,2,0,203103
136854,1,0,203104
136855,1,0,203105
136856,1,0,203106
136857,2,0,203108
136858,1,0,203109
136859,1,0,203110
136860,1,0,203111
136861,1,0,203112
136862,3,0,203115
136863,1,0,203116
136864,1,0,203117
136865,1,0,203118
136866,2,0,203120
136867,1,0,203121
136868,1,0,203122
136869,1,0,203123
136870,1,0,203124
136871,3,0,203127
136872,1,0,203128
136873,1,0,203129
136874,1,0,203130
136875,4,0,203134
136876,1,0,203135
136877,1,0,203136
136878,1,0,203137
136879,1,0,203138
136880,1,0,203139
136881,1,0,203140
136882,1,0,203141
136883,1,0,203142
136884,1,0,203143
136885,1,0,203144
136886,1,0,203145
136887,1,0,203146
136888,1,0,203147
136889,1,0,203148
136890,4,0,203152
136891,3,0,203155
136892,1,0,203156
136893,1,0,203157
136894,1,0,203158
136895,1,0,203159
136896,1,0,203160
136897,1,0,203161
136898,1,0,203162
136899,1,0,203163
136900,2,0,203165
136901,2,0,203167
136902,1,0,203168
136903,1,0,203169
136904,1,0,203170
136905,1,0,203171
136906,1,0,203172
136907,1,0,203173
136908,1,0,203174
136909,1,0,203175
136910,1,0,203176
136911,1,0,203177
136912,1,0,203178
136913,1,0,203179
136914,1,0,203180
136915,1,0,203181
136916,1,0,203182
136917,2,0,203184
136918,1,0,203185
136919,1,0,203186
136920,1,0,203187
136921,1,0,203188
136922,2,0,203190
136923,1,0,203191
136924,2,0,203193
136925,1,0,203194
136926,1,0,203195
136927,2,0,203197
136928,1,0,203198
136929,2,0,203200
136930,1,0,203201
136931,1,0,203202
136932,1,0,203203
136933,2,0,203205
136934,2,0,203207
136935,1,0,203208
136936,4,0,203212
136937,1,0,203213
136938,1,0,203214
136939,1,0,203215
136940,7,0,203222
136941,1,0,203223
136942,1,0,203224
136943,1,0,203225
136944,1,0,203226
136945,1,0,203227
136946,1,0,203228
136947,1,0,203229
136948,1,0,203230
136949,1,0,203231
136950,2,0,203233
136951,4,0,203237
136952,1,0,203238
136953,1,0,203239
136954,1,0,203240
136955,1,0,203241
136956,1,0,203242
136957,1,0,203243
136958,1,0,203244
136959,1,0,203245
136960,1,0,203246
136961,2,0,203248
136962,2,0,203250
136963,1,0,203251
136964,1,0,203252
136965,2,0,203254
136966,1,0,203255
136967,1,0,203256
136968,1,0,203257
136969,2,0,203259
136970,1,0,203260
136971,1,0,203261
136972,1,0,203262
136973,2,0,203264
136974,2,0,203266
136975,1,0,203267
136976,2,0,203269
136977,1,0,203270
136978,1,0,203271
136979,1,0,203272
136980,3,0,203275
136981,1,0,203276
136982,1,0,203277
136983,1,0,203278
136984,1,0,203279
136985,1,0,203280
136986,1,0,203281
136987,1,0,203282
136988,1,0,203283
136989,1,0,203284
136990,1,0,203285
136991,1,0,203286
136992,1,0,203287
136993,1,0,203288
136994,1,0,203289
136995,1,0,203290
136996,1,0,203291
136997,1,0,203292
136998,1,0,203293
136999,3,0,203296
137000,1,0,203297
137001,1,0,203298
137002,1,0,203299
137003,3,0,203302
137004,1,0,203303
137005,1,0,203304
137006,2,0,203306
137007,1,0,203307
137008,1,0,203308
137009,1,0,203309
137010,5,0,203314
137011,1,0,203315
137012,1,0,203316
137013,1,0,203317
137014,1,0,203318
137015,3,0,203321
137016,1,0,203322
137017,3,0,203325
137018,1,0,203326
137019,1,0,203327
137020,1,0,203328
137021,1,0,203329
137022,2,0,203331
137023,1,0,203332
137024,1,0,203333
137025,1,0,203334
137026,1,0,203335
137027,1,0,203336
137028,4,0,203340
137029,2,0,203342
137030,1,0,203343
137031,1,0,203344
137032,1,0,203345
137033,2,0,203347
137034,1,0,203348
137035,1,0,203349
137036,2,0,203351
137037,1,0,203352
137038,1,0,203353
137039,1,0,203354
137040,1,0,203355
137041,1,0,203356
137042,1,0,203357
137043,1,0,203358
137044,1,0,203359
137045,1,0,203360
137046,1,0,203361
137047,1,0,203362
137048,1,0,203363
137049,1,0,203364
137050,1,0,203365
137051,1,0,203366
137052,1,0,203367
137053,1,0,203368
137054,3,0,203371
137055,1,0,203372
137056,3,0,203375
137057,1,0,203376
137058,2,0,203378
137059,2,0,203380
137060,2,0,203382
137061,2,0,203384
137062,2,0,203386
137063,3,0,203389
137064,2,0,203391
137065,1,0,203392
137066,1,0,203393
137067,1,0,203394
137068,1,0,203395
137069,2,0,203397
137070,2,0,203399
137071,1,0,203400
137072,1,0,203401
137073,1,0,203402
137074,1,0,203403
137075,1,0,203404
137076,1,0,203405
137077,1,0,203406
137078,1,0,203407
137079,1,0,203408
137080,1,0,203409
137081,1,0,203410
137082,3,0,203413
137083,1,0,203414
137084,1,0,203415
137085,1,0,203416
137086,1,0,203417
137087,1,0,203418
137088,1,0,203419
137089,1,0,203420
137090,1,0,203421
137091,3,0,203424
137092,1,0,203425
137093,2,0,203427
137094,1,0,203428
137095,1,0,203429
137096,1,0,203430
137097,1,0,203431
137098,1,0,203432
137099,1,0,203433
137100,3,0,203436
137101,1,0,203437
137102,1,0,203438
137103,1,0,203439
137104,1,0,203440
137105,1,0,203441
137106,1,0,203442
137107,1,0,203443
137108,1,0,203444
137109,2,0,203446
137110,1,0,203447
137111,1,0,203448
137112,1,0,203449
137113,2,0,203451
137114,2,0,203453
137115,1,0,203454
137116,2,0,203456
137117,2,0,203458
137118,1,0,203459
137119,1,0,203460
137120,1,0,203461
137121,1,0,203462
137122,1,0,203463
137123,1,0,203464
137124,1,0,203465
137125,1,0,203466
137126,1,0,203467
137127,1,0,203468
137128,2,0,203470
137129,1,0,203471
137130,1,0,203472
137131,1,0,203473
137132,2,0,203475
137133,1,0,203476
137134,4,0,203480
137135,1,0,203481
137136,1,0,203482
137137,2,0,203484
137138,1,0,203485
137139,1,0,203486
137140,1,0,203487
137141,1,0,203488
137142,1,0,203489
137143,1,0,203490
137144,5,0,203495
137145,1,0,203496
137146,1,0,203497
137147,2,0,203499
137148,1,0,203500
137149,1,0,203501
137150,1,0,203502
137151,1,0,203503
137152,1,0,203504
137153,1,0,203505
137154,1,0,203506
137155,1,0,203507
137156,2,0,203509
137157,1,0,203510
137158,1,0,203511
137159,1,0,203512
137160,1,0,203513
137161,1,0,203514
137162,2,0,203516
137163,2,0,203518
137164,1,0,203519
137165,1,0,203520
137166,1,0,203521
137167,1,0,203522
137168,1,0,203523
137169,1,0,203524
137170,1,0,203525
137171,1,0,203526
137172,2,0,203528
137173,2,0,203530
137174,1,0,203531
137175,1,0,203532
137176,2,0,203534
137177,1,0,203535
137178,1,0,203536
137179,1,0,203537
137180,2,0,203539
137181,1,0,203540
137182,1,0,203541
137183,1,0,203542
137184,1,0,203543
137185,1,0,203544
137186,1,0,203545
137187,1,0,203546
137188,1,0,203547
137189,1,0,203548
137190,1,0,203549
137191,1,0,203550
137192,2,0,203552
137193,1,0,203553
137194,1,0,203554
137195,1,0,203555
137196,1,0,203556
137197,1,0,203557
137198,1,0,203558
137199,2,0,203560
137200,1,0,203561
137201,1,0,203562
137202,2,0,203564
137203,1,0,203565
137204,1,0,203566
137205,2,0,203568
137206,1,0,203569
137207,3,0,203572
137208,3,0,203575
137209,1,0,203576
137210,1,0,203577
137211,3,0,203580
137212,1,0,203581
137213,2,0,203583
137214,1,0,203584
137215,1,0,203585
137216,1,0,203586
137217,2,0,203588
137218,4,0,203592
137219,2,0,203594
137220,1,0,203595
137221,2,0,203597
137222,1,0,203598
137223,1,0,203599
137224,1,0,203600
137225,2,0,203602
137226,1,0,203603
137227,1,0,203604
137228,1,0,203605
137229,3,0,203608
137230,2,0,203610
137231,1,0,203611
137232,2,0,203613
137233,1,0,203614
137234,1,0,203615
137235,1,0,203616
137236,1,0,203617
137237,1,0,203618
137238,1,0,203619
137239,1,0,203620
137240,1,0,203621
137241,1,0,203622
137242,1,0,203623
137243,1,0,203624
137244,1,0,203625
137245,3,0,203628
137246,1,0,203629
137247,1,0,203630
137248,2,0,203632
137249,1,0,203633
137250,3,0,203636
137251,2,0,203638
137252,1,0,203639
137253,1,0,203640
137254,1,0,203641
137255,2,0,203643
137256,2,0,203645
137257,1,0,203646
137258,1,0,203647
137259,1,0,203648
137260,1,0,203649
137261,1,0,203650
137262,3,0,203653
137263,1,0,203654
137264,1,0,203655
137265,2,0,203657
137266,1,0,203658
137267,2,0,203660
137268,1,0,203661
137269,1,0,203662
137270,2,0,203664
137271,1,0,203665
137272,2,0,203667
137273,1,0,203668
137274,1,0,203669
137275,6,0,203675
137276,1,0,203676
137277,6,0,203682
137278,2,0,203684
137279,2,0,203686
137280,1,0,203687
137281,1,0,203688
137282,1,0,203689
137283,1,0,203690
137284,1,0,203691
137285,3,0,203694
137286,2,0,203696
137287,1,0,203697
137288,1,0,203698
137289,1,0,203699
137290,1,0,203700
137291,1,0,203701
137292,2,0,203703
137293,1,0,203704
137294,1,0,203705
137295,1,0,203706
137296,1,0,203707
137297,2,0,203709
137298,1,0,203710
137299,1,0,203711
137300,5,0,203716
137301,2,0,203718
137302,2,0,203720
137303,1,0,203721
137304,1,0,203722
137305,2,0,203724
137306,1,0,203725
137307,1,0,203726
137308,3,0,203729
137309,1,0,203730
137310,1,0,203731
137311,1,0,203732
137312,1,0,203733
137313,3,0,203736
137314,1,0,203737
137315,1,0,203738
137316,1,0,203739
137317,4,0,203743
137318,2,0,203745
137319,2,0,203747
137320,1,0,203748
137321,4,0,203752
137322,1,0,203753
137323,1,0,203754
137324,1,0,203755
137325,2,0,203757
137326,1,0,203758
137327,1,0,203759
137328,1,0,203760
137329,2,0,203762
137330,1,0,203763
137331,1,0,203764
137332,1,0,203765
137333,2,0,203767
137334,1,0,203768
137335,2,0,203770
137336,1,0,203771
137337,1,0,203772
137338,1,0,203773
137339,1,0,203774
137340,1,0,203775
137341,2,0,203777
137342,1,0,203778
137343,1,0,203779
137344,1,0,203780
137345,1,0,203781
137346,2,0,203783
137347,2,0,203785
137348,1,0,203786
137349,1,0,203787
137350,1,0,203788
137351,2,0,203790
137352,1,0,203791
137353,1,0,203792
137354,1,0,203793
137355,1,0,203794
137356,1,0,203795
137357,1,0,203796
137358,2,0,203798
137359,1,0,203799
137360,1,0,203800
137361,3,0,203803
137362,1,0,203804
137363,3,0,203807
137364,1,0,203808
137365,1,0,203809
137366,3,0,203812
137367,1,0,203813
137368,1,0,203814
137369,1,0,203815
137370,1,0,203816
137371,1,0,203817
137372,1,0,203818
137373,1,0,203819
137374,1,0,203820
137375,1,0,203821
137376,1,0,203822
137377,1,0,203823
137378,1,0,203824
137379,2,0,203826
137380,1,0,203827
137381,2,0,203829
137382,2,0,203831
137383,1,0,203832
137384,1,0,203833
137385,1,0,203834
137386,2,0,203836
137387,1,0,203837
137388,1,0,203838
137389,1,0,203839
137390,1,0,203840
137391,2,0,203842
137392,1,0,203843
137393,1,0,203844
137394,2,0,203846
137395,1,0,203847
137396,2,0,203849
137397,2,0,203851
137398,1,0,203852
137399,1,0,203853
137400,1,0,203854
137401,1,0,203855
137402,1,0,203856
137403,1,0,203857
137404,2,0,203859
137405,1,0,203860
137406,1,0,203861
137407,1,0,203862
137408,1,0,203863
137409,1,0,203864
137410,1,0,203865
137411,1,0,203866
137412,1,0,203867
137413,2,0,203869
137414,2,0,203871
137415,3,0,203874
137416,2,0,203876
137417,1,0,203877
137418,1,0,203878
137419,1,0,203879
137420,2,0,203881
137421,2,0,203883
137422,1,0,203884
137423,4,0,203888
137424,1,0,203889
137425,2,0,203891
137426,1,0,203892
137427,1,0,203893
137428,1,0,203894
137429,1,0,203895
137430,2,0,203897
137431,1,0,203898
137432,1,0,203899
137433,1,0,203900
137434,1,0,203901
137435,1,0,203902
137436,1,0,203903
137437,2,0,203905
137438,1,0,203906
137439,1,0,203907
137440,2,0,203909
137441,2,0,203911
137442,2,0,203913
137443,2,0,203915
137444,1,0,203916
137445,2,0,203918
137446,2,0,203920
137447,2,0,203922
137448,1,0,203923
137449,3,0,203926
137450,2,0,203928
137451,2,0,203930
137452,2,0,203932
137453,2,0,203934
137454,2,0,203936
137455,2,0,203938
137456,1,0,203939
137457,1,0,203940
137458,1,0,203941
137459,3,0,203944
137460,1,0,203945
137461,1,0,203946
137462,1,0,203947
137463,1,0,203948
137464,3,0,203951
137465,1,0,203952
137466,1,0,203953
137467,2,0,203955
137468,2,0,203957
137469,1,0,203958
137470,6,0,203964
137471,2,0,203966
137472,4,0,203970
137473,1,0,203971
137474,1,0,203972
137475,1,0,203973
137476,2,0,203975
137477,1,0,203976
137478,1,0,203977
137479,1,0,203978
137480,1,0,203979
137481,1,0,203980
137482,1,0,203981
137483,2,0,203983
137484,1,0,203984
137485,1,0,203985
137486,1,0,203986
137487,2,0,203988
137488,1,0,203989
137489,1,0,203990
137490,4,0,203994
137491,2,0,203996
137492,1,0,203997
137493,1,0,203998
137494,1,0,203999
137495,1,0,204000
137496,2,0,204002
137497,2,0,204004
137498,1,0,204005
137499,1,0,204006
137500,1,0,204007
137501,2,0,204009
137502,1,0,204010
137503,4,0,204014
137504,1,0,204015
137505,1,0,204016
137506,1,0,204017
137507,1,0,204018
137508,1,0,204019
137509,3,0,204022
137510,1,0,204023
137511,1,0,204024
137512,1,0,204025
137513,1,0,204026
137514,2,0,204028
137515,1,0,204029
137516,2,0,204031
137517,1,0,204032
137518,1,0,204033
137519,2,0,204035
137520,1,0,204036
137521,2,0,204038
137522,2,0,204040
137523,4,0,204044
137524,1,0,204045
137525,1,0,204046
137526,1,0,204047
137527,4,0,204051
137528,1,0,204052
137529,1,0,204053
137530,1,0,204054
137531,2,0,204056
137532,3,0,204059
137533,1,0,204060
137534,1,0,204061
137535,1,0,204062
137536,4,0,204066
137537,2,0,204068
137538,2,0,204070
137539,1,0,204071
137540,2,0,204073
137541,1,0,204074
137542,1,0,204075
137543,1,0,204076
137544,1,0,204077
137545,2,0,204079
137546,2,0,204081
137547,2,0,204083
137548,1,0,204084
137549,1,0,204085
137550,1,0,204086
137551,2,0,204088
137552,1,0,204089
137553,3,0,204092
137554,1,0,204093
137555,4,0,204097
137556,1,0,204098
137557,2,0,204100
137558,1,0,204101
137559,1,0,204102
137560,2,0,204104
137561,1,0,204105
137562,1,0,204106
137563,1,0,204107
137564,1,0,204108
137565,2,0,204110
137566,1,0,204111
137567,1,0,204112
137568,1,0,204113
137569,1,0,204114
137570,2,0,204116
137571,1,0,204117
137572,4,0,204121
137573,1,0,204122
137574,1,0,204123
137575,1,0,204124
137576,1,0,204125
137577,1,0,204126
137578,1,0,204127
137579,1,0,204128
137580,1,0,204129
137581,1,0,204130
137582,2,0,204132
137583,1,0,204133
137584,2,0,204135
137585,3,0,204138
137586,1,0,204139
137587,1,0,204140
137588,1,0,204141
137589,1,0,204142
137590,2,0,204144
137591,1,0,204145
137592,1,0,204146
137593,1,0,204147
137594,1,0,204148
137595,1,0,204149
137596,1,0,204150
137597,1,0,204151
137598,3,0,204154
137599,1,0,204155
137600,1,0,204156
137601,1,0,204157
137602,1,0,204158
137603,1,0,204159
137604,2,0,204161
137605,2,0,204163
137606,1,0,204164
137607,3,0,204167
137608,1,0,204168
137609,1,0,204169
137610,1,0,204170
137611,1,0,204171
137612,1,0,204172
137613,1,0,204173
137614,2,0,204175
137615,1,0,204176
137616,1,0,204177
137617,2,0,204179
137618,1,0,204180
137619,1,0,204181
137620,2,0,204183
137621,3,0,204186
137622,1,0,204187
137623,1,0,204188
137624,1,0,204189
137625,2,0,204191
137626,1,0,204192
137627,1,0,204193
137628,3,0,204196
137629,2,0,204198
137630,1,0,204199
137631,1,0,204200
137632,1,0,204201
137633,2,0,204203
137634,2,0,204205
137635,1,0,204206
137636,2,0,204208
137637,1,0,204209
137638,3,0,204212
137639,1,0,204213
137640,1,0,204214
137641,1,0,204215
137642,2,0,204217
137643,1,0,204218
137644,3,0,204221
137645,2,0,204223
137646,2,0,204225
137647,2,0,204227
137648,1,0,204228
137649,1,0,204229
137650,1,0,204230
137651,2,0,204232
137652,2,0,204234
137653,1,0,204235
137654,2,0,204237
137655,1,0,204238
137656,1,0,204239
137657,1,0,204240
137658,1,0,204241
137659,1,0,204242
137660,2,0,204244
137661,1,0,204245
137662,1,0,204246
137663,1,0,204247
137664,2,0,204249
137665,2,0,204251
137666,7,0,204258
137667,1,0,204259
137668,1,0,204260
137669,1,0,204261
137670,1,0,204262
137671,1,0,204263
137672,2,0,204265
137673,2,0,204267
137674,1,0,204268
137675,1,0,204269
137676,1,0,204270
137677,2,0,204272
137678,1,0,204273
137679,2,0,204275
137680,2,0,204277
137681,2,0,204279
137682,5,0,204284
137683,2,0,204286
137684,1,0,204287
137685,1,0,204288
137686,1,0,204289
137687,1,0,204290
137688,1,0,204291
137689,4,0,204295
137690,1,0,204296
137691,1,0,204297
137692,1,0,204298
137693,1,0,204299
137694,2,0,204301
137695,1,0,204302
137696,1,0,204303
137697,1,0,204304
137698,1,0,204305
137699,1,0,204306
137700,2,0,204308
137701,2,0,204310
137702,1,0,204311
137703,1,0,204312
137704,1,0,204313
137705,1,0,204314
137706,1,0,204315
137707,1,0,204316
137708,2,0,204318
137709,1,0,204319
137710,1,0,204320
137711,3,0,204323
137712,5,0,204328
137713,1,0,204329
137714,1,0,204330
137715,1,0,204331
137716,3,0,204334
137717,1,0,204335
137718,2,0,204337
137719,1,0,204338
137720,1,0,204339
137721,3,0,204342
137722,1,0,204343
137723,1,0,204344
137724,1,0,204345
137725,2,0,204347
137726,1,0,204348
137727,1,0,204349
137728,1,0,204350
137729,2,0,204352
137730,1,0,204353
137731,1,0,204354
137732,1,0,204355
137733,1,0,204356
137734,1,0,204357
137735,2,0,204359
137736,1,0,204360
137737,4,0,204364
137738,3,0,204367
137739,1,0,204368
137740,1,0,204369
137741,3,0,204372
137742,1,0,204373
137743,3,0,204376
137744,2,0,204378
137745,1,0,204379
137746,1,0,204380
137747,1,0,204381
137748,1,0,204382
137749,2,0,204384
137750,1,0,204385
137751,1,0,204386
137752,2,0,204388
137753,1,0,204389
137754,4,0,204393
137755,1,0,204394
137756,1,0,204395
137757,2,0,204397
137758,1,0,204398
137759,1,0,204399
137760,1,0,204400
137761,1,0,204401
137762,1,0,204402
137763,2,0,204404
137764,1,0,204405
137765,3,0,204408
137766,1,0,204409
137767,1,0,204410
137768,1,0,204411
137769,1,0,204412
137770,1,0,204413
137771,1,0,204414
137772,1,0,204415
137773,1,0,204416
137774,1,0,204417
137775,2,0,204419
137776,1,0,204420
137777,1,0,204421
137778,1,0,204422
137779,2,0,204424
137780,1,0,204425
137781,1,0,204426
137782,2,0,204428
137783,1,0,204429
137784,2,0,204431
137785,1,0,204432
137786,1,0,204433
137787,1,0,204434
137788,1,0,204435
137789,2,0,204437
137790,1,0,204438
137791,1,0,204439
137792,1,0,204440
137793,1,0,204441
137794,1,0,204442
137795,1,0,204443
137796,2,0,204445
137797,1,0,204446
137798,3,0,204449
137799,2,0,204451
137800,1,0,204452
137801,1,0,204453
137802,3,0,204456
137803,1,0,204457
137804,1,0,204458
137805,1,0,204459
137806,1,0,204460
137807,1,0,204461
137808,2,0,204463
137809,1,0,204464
137810,1,0,204465
137811,1,0,204466
137812,1,0,204467
137813,1,0,204468
137814,2,0,204470
137815,2,0,204472
137816,1,0,204473
137817,1,0,204474
137818,1,0,204475
137819,1,0,204476
137820,1,0,204477
137821,1,0,204478
137822,1,0,204479
137823,1,0,204480
137824,1,0,204481
137825,2,0,204483
137826,1,0,204484
137827,1,0,204485
137828,3,0,204488
137829,1,0,204489
137830,1,0,204490
137831,1,0,204491
137832,1,0,204492
137833,1,0,204493
137834,1,0,204494
137835,2,0,204496
137836,1,0,204497
137837,1,0,204498
137838,1,0,204499
137839,1,0,204500
137840,1,0,204501
137841,1,0,204502
137842,3,0,204505
137843,2,0,204507
137844,1,0,204508
137845,2,0,204510
137846,1,0,204511
137847,2,0,204513
137848,1,0,204514
137849,1,0,204515
137850,2,0,204517
137851,2,0,204519
137852,1,0,204520
137853,1,0,204521
137854,2,0,204523
137855,1,0,204524
137856,1,0,204525
137857,1,0,204526
137858,1,0,204527
137859,1,0,204528
137860,1,0,204529
137861,1,0,204530
137862,3,0,204533
137863,2,0,204535
137864,1,0,204536
137865,1,0,204537
137866,1,0,204538
137867,2,0,204540
137868,2,0,204542
137869,1,0,204543
137870,2,0,204545
137871,1,0,204546
137872,1,0,204547
137873,1,0,204548
137874,1,0,204549
137875,1,0,204550
137876,1,0,204551
137877,1,0,204552
137878,1,0,204553
137879,1,0,204554
137880,2,0,204556
137881,1,0,204557
137882,1,0,204558
137883,1,0,204559
137884,1,0,204560
137885,2,0,204562
137886,1,0,204563
137887,1,0,204564
137888,3,0,204567
137889,1,0,204568
137890,1,0,204569
137891,1,0,204570
137892,1,0,204571
137893,1,0,204572
137894,1,0,204573
137895,1,0,204574
137896,1,0,204575
137897,2,0,204577
137898,1,0,204578
137899,1,0,204579
137900,2,0,204581
137901,2,0,204583
137902,2,0,204585
137903,1,0,204586
137904,1,0,204587
137905,1,0,204588
137906,1,0,204589
137907,2,0,204591
137908,1,0,204592
137909,1,0,204593
137910,1,0,204594
137911,1,0,204595
137912,1,0,204596
137913,1,0,204597
137914,3,0,204600
137915,1,0,204601
137916,2,0,204603
137917,3,0,204606
137918,1,0,204607
137919,2,0,204609
137920,2,0,204611
137921,1,0,204612
137922,1,0,204613
137923,1,0,204614
137924,4,0,204618
137925,1,0,204619
137926,1,0,204620
137927,1,0,204621
137928,1,0,204622
137929,1,0,204623
137930,1,0,204624
137931,1,0,204625
137932,3,0,204628
137933,1,0,204629
137934,2,0,204631
137935,1,0,204632
137936,1,0,204633
137937,3,0,204636
137938,1,0,204637
137939,1,0,204638
137940,1,0,204639
137941,2,0,204641
137942,1,0,204642
137943,1,0,204643
137944,1,0,204644
137945,1,0,204645
137946,1,0,204646
137947,1,0,204647
137948,2,0,204649
137949,1,0,204650
137950,2,0,204652
137951,1,0,204653
137952,2,0,204655
137953,1,0,204656
137954,1,0,204657
137955,2,0,204659
137956,1,0,204660
137957,1,0,204661
137958,1,0,204662
137959,1,0,204663
137960,1,0,204664
137961,2,0,204666
137962,1,0,204667
137963,1,0,204668
137964,1,0,204669
137965,2,0,204671
137966,1,0,204672
137967,2,0,204674
137968,1,0,204675
137969,2,0,204677
137970,1,0,204678
137971,1,0,204679
137972,2,0,204681
137973,1,0,204682
137974,2,0,204684
137975,2,0,204686
137976,1,0,204687
137977,1,0,204688
137978,1,0,204689
137979,1,0,204690
137980,1,0,204691
137981,1,0,204692
137982,1,0,204693
137983,1,0,204694
137984,1,0,204695
137985,1,0,204696
137986,1,0,204697
137987,1,0,204698
137988,1,0,204699
137989,1,0,204700
137990,1,0,204701
137991,3,0,204704
137992,1,0,204705
137993,2,0,204707
137994,1,0,204708
137995,2,0,204710
137996,1,0,204711
137997,1,0,204712
137998,4,0,204716
137999,1,0,204717
138000,3,0,204720
138001,1,0,204721
138002,1,0,204722
138003,1,0,204723
138004,1,0,204724
138005,3,0,204727
138006,2,0,204729
138007,1,0,204730
138008,1,0,204731
138009,1,0,204732
138010,3,0,204735
138011,1,0,204736
138012,1,0,204737
138013,1,0,204738
138014,1,0,204739
138015,2,0,204741
138016,1,0,204742
138017,3,0,204745
138018,4,0,204749
138019,1,0,204750
138020,1,0,204751
138021,1,0,204752
138022,1,0,204753
138023,1,0,204754
138024,1,0,204755
138025,1,0,204756
138026,1,0,204757
138027,1,0,204758
138028,2,0,204760
138029,1,0,204761
138030,1,0,204762
138031,1,0,204763
138032,1,0,204764
138033,1,0,204765
138034,1,0,204766
138035,2,0,204768
138036,1,0,204769
138037,1,0,204770
138038,1,0,204771
138039,1,0,204772
138040,1,0,204773
138041,1,0,204774
138042,1,0,204775
138043,1,0,204776
138044,1,0,204777
138045,1,0,204778
138046,1,0,204779
138047,2,0,204781
138048,1,0,204782
138049,1,0,204783
138050,2,0,204785
138051,2,0,204787
138052,2,0,204789
138053,2,0,204791
138054,1,0,204792
138055,1,0,204793
138056,1,0,204794
138057,1,0,204795
138058,2,0,204797
138059,1,0,204798
138060,1,0,204799
138061,4,0,204803
138062,1,0,204804
138063,1,0,204805
138064,1,0,204806
138065,2,0,204808
138066,1,0,204809
138067,1,0,204810
138068,1,0,204811
138069,1,0,204812
138070,1,0,204813
138071,1,0,204814
138072,3,0,204817
138073,1,0,204818
138074,2,0,204820
138075,1,0,204821
138076,1,0,204822
138077,1,0,204823
138078,1,0,204824
138079,1,0,204825
138080,2,0,204827
138081,1,0,204828
138082,1,0,204829
138083,1,0,204830
138084,1,0,204831
138085,2,0,204833
138086,1,0,204834
138087,1,0,204835
138088,1,0,204836
138089,2,0,204838
138090,2,0,204840
138091,2,0,204842
138092,1,0,204843
138093,2,0,204845
138094,1,0,204846
138095,1,0,204847
138096,2,0,204849
138097,1,0,204850
138098,4,0,204854
138099,1,0,204855
138100,1,0,204856
138101,2,0,204858
138102,3,0,204861
138103,1,0,204862
138104,1,0,204863
138105,1,0,204864
138106,1,0,204865
138107,2,0,204867
138108,1,0,204868
138109,2,0,204870
138110,2,0,204872
138111,1,0,204873
138112,3,0,204876
138113,1,0,204877
138114,1,0,204878
138115,1,0,204879
138116,1,0,204880
138117,1,0,204881
138118,1,0,204882
138119,2,0,204884
138120,1,0,204885
138121,1,0,204886
138122,1,0,204887
138123,3,0,204890
138124,1,0,204891
138125,2,0,204893
138126,1,0,204894
138127,1,0,204895
138128,1,0,204896
138129,1,0,204897
138130,2,0,204899
138131,1,0,204900
138132,1,0,204901
138133,1,0,204902
138134,4,0,204906
138135,1,0,204907
138136,1,0,204908
138137,1,0,204909
138138,1,0,204910
138139,1,0,204911
138140,1,0,204912
138141,1,0,204913
138142,1,0,204914
138143,1,0,204915
138144,1,0,204916
138145,1,0,204917
138146,1,0,204918
138147,1,0,204919
138148,1,0,204920
138149,2,0,204922
138150,1,0,204923
138151,3,0,204926
138152,1,0,204927
138153,1,0,204928
138154,2,0,204930
138155,1,0,204931
138156,1,0,204932
138157,2,0,204934
138158,5,0,204939
138159,2,0,204941
138160,2,0,204943
138161,2,0,204945
138162,1,0,204946
138163,2,0,204948
138164,2,0,204950
138165,1,0,204951
138166,2,0,204953
138167,2,0,204955
138168,1,0,204956
138169,1,0,204957
138170,2,0,204959
138171,2,0,204961
138172,2,0,204963
138173,1,0,204964
138174,1,0,204965
138175,2,0,204967
138176,1,0,204968
138177,1,0,204969
138178,1,0,204970
138179,2,0,204972
138180,1,0,204973
138181,1,0,204974
138182,1,0,204975
138183,1,0,204976
138184,1,0,204977
138185,5,0,204982
138186,1,0,204983
138187,1,0,204984
138188,2,0,204986
138189,1,0,204987
138190,1,0,204988
138191,1,0,204989
138192,1,0,204990
138193,1,0,204991
138194,3,0,204994
138195,1,0,204995
138196,3,0,204998
138197,7,0,205005
138198,1,0,205006
138199,2,0,205008
138200,1,0,205009
138201,2,0,205011
138202,1,0,205012
138203,1,0,205013
138204,1,0,205014
138205,1,0,205015
138206,1,0,205016
138207,3,0,205019
138208,2,0,205021
138209,1,0,205022
138210,1,0,205023
138211,1,0,205024
138212,2,0,205026
138213,1,0,205027
138214,1,0,205028
138215,1,0,205029
138216,2,0,205031
138217,1,0,205032
138218,1,0,205033
138219,2,0,205035
138220,1,0,205036
138221,2,0,205038
138222,1,0,205039
138223,1,0,205040
138224,1,0,205041
138225,2,0,205043
138226,1,0,205044
138227,2,0,205046
138228,1,0,205047
138229,3,0,205050
138230,2,0,205052
138231,2,0,205054
138232,2,0,205056
138233,1,0,205057
138234,2,0,205059
138235,1,0,205060
138236,2,0,205062
138237,2,0,205064
138238,1,0,205065
138239,1,0,205066
138240,2,0,205068
138241,2,0,205070
138242,2,0,205072
138243,1,0,205073
138244,1,0,205074
138245,2,0,205076
138246,1,0,205077
138247,2,0,205079
138248,1,0,205080
138249,1,0,205081
138250,1,0,205082
138251,1,0,205083
138252,1,0,205084
138253,2,0,205086
138254,1,0,205087
138255,2,0,205089
138256,1,0,205090
138257,1,0,205091
138258,1,0,205092
138259,1,0,205093
138260,1,0,205094
138261,1,0,205095
138262,1,0,205096
138263,1,0,205097
138264,2,0,205099
138265,1,0,205100
138266,1,0,205101
138267,1,0,205102
138268,1,0,205103
138269,2,0,205105
138270,1,0,205106
138271,2,0,205108
138272,2,0,205110
138273,1,0,205111
138274,1,0,205112
138275,2,0,205114
138276,2,0,205116
138277,1,0,205117
138278,2,0,205119
138279,1,0,205120
138280,2,0,205122
138281,2,0,205124
138282,2,0,205126
138283,1,0,205127
138284,1,0,205128
138285,1,0,205129
138286,1,0,205130
138287,1,0,205131
138288,1,0,205132
138289,1,0,205133
138290,3,0,205136
138291,1,0,205137
138292,3,0,205140
138293,1,0,205141
138294,2,0,205143
138295,1,0,205144
138296,2,0,205146
138297,1,0,205147
138298,1,0,205148
138299,2,0,205150
138300,1,0,205151
138301,1,0,205152
138302,1,0,205153
138303,1,0,205154
138304,1,0,205155
138305,1,0,205156
138306,1,0,205157
138307,2,0,205159
138308,1,0,205160
138309,2,0,205162
138310,3,0,205165
138311,3,0,205168
138312,2,0,205170
138313,2,0,205172
138314,1,0,205173
138315,2,0,205175
138316,3,0,205178
138317,1,0,205179
138318,1,0,205180
138319,1,0,205181
138320,1,0,205182
138321,1,0,205183
138322,1,0,205184
138323,1,0,205185
138324,1,0,205186
138325,1,0,205187
138326,1,0,205188
138327,2,0,205190
138328,3,0,205193
138329,1,0,205194
138330,1,0,205195
138331,1,0,205196
138332,1,0,205197
138333,1,0,205198
138334,4,0,205202
138335,1,0,205203
138336,4,0,205207
138337,1,0,205208
138338,1,0,205209
138339,1,0,205210
138340,2,0,205212
138341,1,0,205213
138342,1,0,205214
138343,1,0,205215
138344,1,0,205216
138345,5,0,205221
138346,2,0,205223
138347,1,0,205224
138348,2,0,205226
138349,1,0,205227
138350,1,0,205228
138351,1,0,205229
138352,1,0,205230
138353,1,0,205231
138354,1,0,205232
138355,1,0,205233
138356,2,0,205235
138357,1,0,205236
138358,1,0,205237
138359,1,0,205238
138360,1,0,205239
138361,1,0,205240
138362,1,0,205241
138363,1,0,205242
138364,1,0,205243
138365,1,0,205244
138366,1,0,205245
138367,1,0,205246
138368,3,0,205249
138369,1,0,205250
138370,2,0,205252
138371,1,0,205253
138372,1,0,205254
138373,2,0,205256
138374,1,0,205257
138375,1,0,205258
138376,1,0,205259
138377,1,0,205260
138378,1,0,205261
138379,1,0,205262
138380,1,0,205263
138381,1,0,205264
138382,1,0,205265
138383,1,0,205266
138384,1,0,205267
138385,1,0,205268
138386,2,0,205270
138387,1,0,205271
138388,1,0,205272
138389,1,0,205273
138390,1,0,205274
138391,1,0,205275
138392,1,0,205276
138393,1,0,205277
138394,2,0,205279
138395,1,0,205280
138396,3,0,205283
138397,2,0,205285
138398,1,0,205286
138399,1,0,205287
138400,2,0,205289
138401,1,0,205290
138402,1,0,205291
138403,1,0,205292
138404,1,0,205293
138405,1,0,205294
138406,2,0,205296
138407,1,0,205297
138408,1,0,205298
138409,1,0,205299
138410,2,0,205301
138411,1,0,205302
138412,1,0,205303
138413,1,0,205304
138414,3,0,205307
138415,1,0,205308
138416,1,0,205309
138417,2,0,205311
138418,3,0,205314
138419,2,0,205316
138420,1,0,205317
138421,2,0,205319
138422,1,0,205320
138423,1,0,205321
138424,1,0,205322
138425,1,0,205323
138426,2,0,205325
138427,1,0,205326
138428,2,0,205328
138429,1,0,205329
138430,2,0,205331
138431,1,0,205332
138432,1,0,205333
138433,2,0,205335
138434,1,0,205336
138435,1,0,205337
138436,2,0,205339
138437,1,0,205340
138438,3,0,205343
138439,6,0,205349
138440,1,0,205350
138441,2,0,205352
138442,2,0,205354
138443,3,0,205357
138444,1,0,205358
138445,2,0,205360
138446,1,0,205361
138447,2,0,205363
138448,1,0,205364
138449,2,0,205366
138450,1,0,205367
138451,1,0,205368
138452,4,0,205372
138453,1,0,205373
138454,3,0,205376
138455,1,0,205377
138456,1,0,205378
138457,1,0,205379
138458,2,0,205381
138459,1,0,205382
138460,3,0,205385
138461,1,0,205386
138462,1,0,205387
138463,1,0,205388
138464,3,0,205391
138465,1,0,205392
138466,1,0,205393
138467,1,0,205394
138468,1,0,205395
138469,1,0,205396
138470,1,0,205397
138471,1,0,205398
138472,1,0,205399
138473,2,0,205401
138474,1,0,205402
138475,4,0,205406
138476,1,0,205407
138477,1,0,205408
138478,1,0,205409
138479,1,0,205410
138480,2,0,205412
138481,1,0,205413
138482,1,0,205414
138483,1,0,205415
138484,1,0,205416
138485,2,0,205418
138486,2,0,205420
138487,1,0,205421
138488,1,0,205422
138489,1,0,205423
138490,8,0,205431
138491,2,0,205433
138492,1,0,205434
138493,6,0,205440
138494,1,0,205441
138495,1,0,205442
138496,1,0,205443
138497,1,0,205444
138498,2,0,205446
138499,1,0,205447
138500,1,0,205448
138501,1,0,205449
138502,1,0,205450
138503,1,0,205451
138504,1,0,205452
138505,1,0,205453
138506,1,0,205454
138507,1,0,205455
138508,1,0,205456
138509,1,0,205457
138510,1,0,205458
138511,2,0,205460
138512,2,0,205462
138513,1,0,205463
138514,1,0,205464
138515,2,0,205466
138516,1,0,205467
138517,1,0,205468
138518,1,0,205469
138519,2,0,205471
138520,2,0,205473
138521,2,0,205475
138522,1,0,205476
138523,1,0,205477
138524,1,0,205478
138525,1,0,205479
138526,1,0,205480
138527,1,0,205481
138528,1,0,205482
138529,1,0,205483
138530,1,0,205484
138531,1,0,205485
138532,1,0,205486
138533,1,0,205487
138534,1,0,205488
138535,2,0,205490
138536,1,0,205491
138537,3,0,205494
138538,4,0,205498
138539,3,0,205501
138540,1,0,205502
138541,1,0,205503
138542,1,0,205504
138543,1,0,205505
138544,1,0,205506
138545,1,0,205507
138546,1,0,205508
138547,1,0,205509
138548,1,0,205510
138549,1,0,205511
138550,1,0,205512
138551,2,0,205514
138552,1,0,205515
138553,1,0,205516
138554,2,0,205518
138555,2,0,205520
138556,3,0,205523
138557,3,0,205526
138558,1,0,205527
138559,2,0,205529
138560,2,0,205531
138561,3,0,205534
138562,4,0,205538
138563,2,0,205540
138564,1,0,205541
138565,1,0,205542
138566,1,0,205543
138567,3,0,205546
138568,1,0,205547
138569,1,0,205548
138570,1,0,205549
138571,7,0,205556
138572,1,0,205557
138573,2,0,205559
138574,5,0,205564
138575,1,0,205565
138576,1,0,205566
138577,1,0,205567
138578,3,0,205570
138579,1,0,205571
138580,2,0,205573
138581,1,0,205574
138582,1,0,205575
138583,1,0,205576
138584,1,0,205577
138585,1,0,205578
138586,3,0,205581
138587,8,0,205589
138588,1,0,205590
138589,1,0,205591
138590,1,0,205592
138591,2,0,205594
138592,1,0,205595
138593,5,0,205600
138594,1,0,205601
138595,2,0,205603
138596,1,0,205604
138597,1,0,205605
138598,1,0,205606
138599,1,0,205607
138600,1,0,205608
138601,1,0,205609
138602,1,0,205610
138603,1,0,205611
138604,2,0,205613
138605,1,0,205614
138606,1,0,205615
138607,1,0,205616
138608,1,0,205617
138609,2,0,205619
138610,1,0,205620
138611,1,0,205621
138612,1,0,205622
138613,1,0,205623
138614,1,0,205624
138615,2,0,205626
138616,2,0,205628
138617,2,0,205630
138618,1,0,205631
138619,2,0,205633
138620,2,0,205635
138621,1,0,205636
138622,1,0,205637
138623,1,0,205638
138624,1,0,205639
138625,1,0,205640
138626,3,0,205643
138627,1,0,205644
138628,2,0,205646
138629,1,0,205647
138630,2,0,205649
138631,1,0,205650
138632,5,0,205655
138633,1,0,205656
138634,1,0,205657
138635,2,0,205659
138636,4,0,205663
138637,1,0,205664
138638,1,0,205665
138639,1,0,205666
138640,1,0,205667
138641,1,0,205668
138642,1,0,205669
138643,2,0,205671
138644,2,0,205673
138645,3,0,205676
138646,1,0,205677
138647,2,0,205679
138648,2,0,205681
138649,1,0,205682
138650,1,0,205683
138651,2,0,205685
138652,1,0,205686
138653,1,0,205687
138654,1,0,205688
138655,3,0,205691
138656,2,0,205693
138657,1,0,205694
138658,2,0,205696
138659,1,0,205697
138660,1,0,205698
138661,1,0,205699
138662,1,0,205700
138663,2,0,205702
138664,2,0,205704
138665,1,0,205705
138666,1,0,205706
138667,1,0,205707
138668,1,0,205708
138669,1,0,205709
138670,2,0,205711
138671,4,0,205715
138672,2,0,205717
138673,1,0,205718
138674,3,0,205721
138675,1,0,205722
138676,1,0,205723
138677,2,0,205725
138678,1,0,205726
138679,1,0,205727
138680,2,0,205729
138681,1,0,205730
138682,1,0,205731
138683,1,0,205732
138684,2,0,205734
138685,2,0,205736
138686,1,0,205737
138687,1,0,205738
138688,1,0,205739
138689,2,0,205741
138690,1,0,205742
138691,1,0,205743
138692,1,0,205744
138693,1,0,205745
138694,1,0,205746
138695,1,0,205747
138696,2,0,205749
138697,1,0,205750
138698,2,0,205752
138699,1,0,205753
138700,1,0,205754
138701,1,0,205755
138702,1,0,205756
138703,1,0,205757
138704,1,0,205758
138705,1,0,205759
138706,1,0,205760
138707,5,0,205765
138708,2,0,205767
138709,1,0,205768
138710,1,0,205769
138711,1,0,205770
138712,1,0,205771
138713,1,0,205772
138714,1,0,205773
138715,2,0,205775
138716,1,0,205776
138717,2,0,205778
138718,1,0,205779
138719,1,0,205780
138720,1,0,205781
138721,1,0,205782
138722,1,0,205783
138723,2,0,205785
138724,2,0,205787
138725,1,0,205788
138726,1,0,205789
138727,1,0,205790
138728,1,0,205791
138729,1,0,205792
138730,1,0,205793
138731,1,0,205794
138732,4,0,205798
138733,2,0,205800
138734,1,0,205801
138735,1,0,205802
138736,1,0,205803
138737,1,0,205804
138738,2,0,205806
138739,1,0,205807
138740,1,0,205808
138741,3,0,205811
138742,2,0,205813
138743,3,0,205816
138744,1,0,205817
138745,1,0,205818
138746,3,0,205821
138747,1,0,205822
138748,5,0,205827
138749,1,0,205828
138750,3,0,205831
138751,1,0,205832
138752,1,0,205833
138753,1,0,205834
138754,1,0,205835
138755,1,0,205836
138756,1,0,205837
138757,2,0,205839
138758,1,0,205840
138759,2,0,205842
138760,1,0,205843
138761,3,0,205846
138762,2,0,205848
138763,1,0,205849
138764,1,0,205850
138765,1,0,205851
138766,2,0,205853
138767,1,0,205854
138768,1,0,205855
138769,2,0,205857
138770,1,0,205858
138771,1,0,205859
138772,3,0,205862
138773,1,0,205863
138774,1,0,205864
138775,1,0,205865
138776,2,0,205867
138777,1,0,205868
138778,1,0,205869
138779,1,0,205870
138780,1,0,205871
138781,3,0,205874
138782,1,0,205875
138783,1,0,205876
138784,1,0,205877
138785,2,0,205879
138786,1,0,205880
138787,1,0,205881
138788,1,0,205882
138789,1,0,205883
138790,1,0,205884
138791,1,0,205885
138792,1,0,205886
138793,1,0,205887
138794,1,0,205888
138795,4,0,205892
138796,1,0,205893
138797,1,0,205894
138798,5,0,205899
138799,1,0,205900
138800,1,0,205901
138801,1,0,205902
138802,1,0,205903
138803,1,0,205904
138804,1,0,205905
138805,1,0,205906
138806,1,0,205907
138807,6,0,205913
138808,1,0,205914
138809,1,0,205915
138810,1,0,205916
138811,2,0,205918
138812,1,0,205919
138813,3,0,205922
138814,1,0,205923
138815,1,0,205924
138816,1,0,205925
138817,1,0,205926
138818,3,0,205929
138819,1,0,205930
138820,2,0,205932
138821,1,0,205933
138822,1,0,205934
138823,1,0,205935
138824,1,0,205936
138825,2,0,205938
138826,1,0,205939
138827,1,0,205940
138828,2,0,205942
138829,1,0,205943
138830,1,0,205944
138831,1,0,205945
138832,1,0,205946
138833,1,0,205947
138834,1,0,205948
138835,1,0,205949
138836,1,0,205950
138837,3,0,205953
138838,1,0,205954
138839,1,0,205955
138840,2,0,205957
138841,1,0,205958
138842,1,0,205959
138843,2,0,205961
138844,3,0,205964
138845,1,0,205965
138846,1,0,205966
138847,1,0,205967
138848,2,0,205969
138849,1,0,205970
138850,3,0,205973
138851,4,0,205977
138852,1,0,205978
138853,4,0,205982
138854,1,0,205983
138855,1,0,205984
138856,1,0,205985
138857,2,0,205987
138858,1,0,205988
138859,1,0,205989
138860,1,0,205990
138861,1,0,205991
138862,1,0,205992
138863,1,0,205993
138864,1,0,205994
138865,1,0,205995
138866,2,0,205997
138867,1,0,205998
138868,1,0,205999
138869,3,0,206002
138870,1,0,206003
138871,5,0,206008
138872,2,0,206010
138873,1,0,206011
138874,2,0,206013
138875,1,0,206014
138876,1,0,206015
138877,2,0,206017
138878,2,0,206019
138879,3,0,206022
138880,1,0,206023
138881,1,0,206024
138882,1,0,206025
138883,1,0,206026
138884,1,0,206027
138885,1,0,206028
138886,1,0,206029
138887,2,0,206031
138888,1,0,206032
138889,1,0,206033
138890,2,0,206035
138891,1,0,206036
138892,1,0,206037
138893,1,0,206038
138894,2,0,206040
138895,1,0,206041
138896,3,0,206044
138897,1,0,206045
138898,2,0,206047
138899,1,0,206048
138900,1,0,206049
138901,1,0,206050
138902,2,0,206052
138903,1,0,206053
138904,2,0,206055
138905,2,0,206057
138906,1,0,206058
138907,1,0,206059
138908,1,0,206060
138909,3,0,206063
138910,3,0,206066
138911,1,0,206067
138912,2,0,206069
138913,2,0,206071
138914,1,0,206072
138915,2,0,206074
138916,2,0,206076
138917,1,0,206077
138918,2,0,206079
138919,1,0,206080
138920,1,0,206081
138921,1,0,206082
138922,1,0,206083
138923,1,0,206084
138924,1,0,206085
138925,1,0,206086
138926,2,0,206088
138927,1,0,206089
138928,1,0,206090
138929,2,0,206092
138930,2,0,206094
138931,1,0,206095
138932,2,0,206097
138933,1,0,206098
138934,1,0,206099
138935,1,0,206100
138936,1,0,206101
138937,2,0,206103
138938,1,0,206104
138939,2,0,206106
138940,2,0,206108
138941,2,0,206110
138942,1,0,206111
138943,1,0,206112
138944,1,0,206113
138945,1,0,206114
138946,1,0,206115
138947,1,0,206116
138948,1,0,206117
138949,1,0,206118
138950,2,0,206120
138951,1,0,206121
138952,1,0,206122
138953,2,0,206124
138954,1,0,206125
138955,1,0,206126
138956,2,0,206128
138957,3,0,206131
138958,1,0,206132
138959,1,0,206133
138960,1,0,206134
138961,2,0,206136
138962,2,0,206138
138963,1,0,206139
138964,1,0,206140
138965,1,0,206141
138966,1,0,206142
138967,2,0,206144
138968,2,0,206146
138969,2,0,206148
138970,1,0,206149
138971,4,0,206153
138972,2,0,206155
138973,1,0,206156
138974,2,0,206158
138975,1,0,206159
138976,1,0,206160
138977,1,0,206161
138978,1,0,206162
138979,1,0,206163
138980,1,0,206164
138981,1,0,206165
138982,1,0,206166
138983,1,0,206167
138984,2,0,206169
138985,1,0,206170
138986,1,0,206171
138987,1,0,206172
138988,2,0,206174
138989,1,0,206175
138990,3,0,206178
138991,1,0,206179
138992,1,0,206180
138993,1,0,206181
138994,1,0,206182
138995,1,0,206183
138996,1,0,206184
138997,1,0,206185
138998,2,0,206187
138999,1,0,206188
139000,1,0,206189
139001,1,0,206190
139002,1,0,206191
139003,1,0,206192
139004,1,0,206193
139005,1,0,206194
139006,2,0,206196
139007,1,0,206197
139008,1,0,206198
139009,1,0,206199
139010,1,0,206200
139011,2,0,206202
139012,1,0,206203
139013,1,0,206204
139014,1,0,206205
139015,1,0,206206
139016,3,0,206209
139017,1,0,206210
139018,6,0,206216
139019,1,0,206217
139020,3,0,206220
139021,1,0,206221
139022,5,0,206226
139023,1,0,206227
139024,5,0,206232
139025,1,0,206233
139026,1,0,206234
139027,1,0,206235
139028,2,0,206237
139029,1,0,206238
139030,1,0,206239
139031,1,0,206240
139032,1,0,206241
139033,1,0,206242
139034,3,0,206245
139035,3,0,206248
139036,2,0,206250
139037,1,0,206251
139038,2,0,206253
139039,1,0,206254
139040,3,0,206257
139041,3,0,206260
139042,1,0,206261
139043,1,0,206262
139044,3,0,206265
139045,1,0,206266
139046,1,0,206267
139047,1,0,206268
139048,1,0,206269
139049,1,0,206270
139050,1,0,206271
139051,2,0,206273
139052,1,0,206274
139053,3,0,206277
139054,1,0,206278
139055,3,0,206281
139056,1,0,206282
139057,1,0,206283
139058,3,0,206286
139059,1,0,206287
139060,1,0,206288
139061,4,0,206292
139062,1,0,206293
139063,1,0,206294
139064,2,0,206296
139065,3,0,206299
139066,1,0,206300
139067,2,0,206302
139068,3,0,206305
139069,1,0,206306
139070,1,0,206307
139071,3,0,206310
139072,2,0,206312
139073,1,0,206313
139074,1,0,206314
139075,3,0,206317
139076,3,0,206320
139077,1,0,206321
139078,3,0,206324
139079,2,0,206326
139080,1,0,206327
139081,1,0,206328
139082,1,0,206329
139083,1,0,206330
139084,1,0,206331
139085,1,0,206332
139086,1,0,206333
139087,1,0,206334
139088,3,0,206337
139089,1,0,206338
139090,1,0,206339
139091,1,0,206340
139092,2,0,206342
139093,1,0,206343
139094,1,0,206344
139095,1,0,206345
139096,1,0,206346
139097,1,0,206347
139098,1,0,206348
139099,1,0,206349
139100,1,0,206350
139101,3,0,206353
139102,1,0,206354
139103,2,0,206356
139104,1,0,206357
139105,1,0,206358
139106,1,0,206359
139107,3,0,206362
139108,2,0,206364
139109,1,0,206365
139110,1,0,206366
139111,1,0,206367
139112,1,0,206368
139113,1,0,206369
139114,1,0,206370
139115,2,0,206372
139116,1,0,206373
139117,2,0,206375
139118,2,0,206377
139119,1,0,206378
139120,2,0,206380
139121,1,0,206381
139122,2,0,206383
139123,1,0,206384
139124,1,0,206385
139125,1,0,206386
139126,1,0,206387
139127,1,0,206388
139128,2,0,206390
139129,1,0,206391
139130,1,0,206392
139131,1,0,206393
139132,1,0,206394
139133,1,0,206395
139134,1,0,206396
139135,1,0,206397
139136,2,0,206399
139137,1,0,206400
139138,2,0,206402
139139,1,0,206403
139140,1,0,206404
139141,1,0,206405
139142,1,0,206406
139143,1,0,206407
139144,1,0,206408
139145,3,0,206411
139146,1,0,206412
139147,1,0,206413
139148,1,0,206414
139149,3,0,206417
139150,1,0,206418
139151,1,0,206419
139152,1,0,206420
139153,1,0,206421
139154,2,0,206423
139155,1,0,206424
139156,1,0,206425
139157,1,0,206426
139158,1,0,206427
139159,3,0,206430
139160,1,0,206431
139161,2,0,206433
139162,2,0,206435
139163,1,0,206436
139164,1,0,206437
139165,2,0,206439
139166,1,0,206440
139167,1,0,206441
139168,2,0,206443
139169,1,0,206444
139170,2,0,206446
139171,1,0,206447
139172,1,0,206448
139173,4,0,206452
139174,2,0,206454
139175,1,0,206455
139176,1,0,206456
139177,2,0,206458
139178,2,0,206460
139179,1,0,206461
139180,1,0,206462
139181,1,0,206463
139182,1,0,206464
139183,1,0,206465
139184,1,0,206466
139185,1,0,206467
139186,1,0,206468
139187,1,0,206469
139188,1,0,206470
139189,1,0,206471
139190,2,0,206473
139191,2,0,206475
139192,1,0,206476
139193,1,0,206477
139194,1,0,206478
139195,1,0,206479
139196,1,0,206480
139197,1,0,206481
139198,1,0,206482
139199,1,0,206483
139200,2,0,206485
139201,1,0,206486
139202,1,0,206487
139203,1,0,206488
139204,1,0,206489
139205,4,0,206493
139206,1,0,206494
139207,1,0,206495
139208,1,0,206496
139209,1,0,206497
139210,1,0,206498
139211,1,0,206499
139212,2,0,206501
139213,1,0,206502
139214,2,0,206504
139215,2,0,206506
139216,1,0,206507
139217,1,0,206508
139218,2,0,206510
139219,1,0,206511
139220,1,0,206512
139221,1,0,206513
139222,1,0,206514
139223,2,0,206516
139224,1,0,206517
139225,2,0,206519
139226,1,0,206520
139227,1,0,206521
139228,1,0,206522
139229,1,0,206523
139230,3,0,206526
139231,2,0,206528
139232,2,0,206530
139233,1,0,206531
139234,1,0,206532
139235,1,0,206533
139236,10,0,206543
139237,1,0,206544
139238,1,0,206545
139239,2,0,206547
139240,3,0,206550
139241,1,0,206551
139242,1,0,206552
139243,1,0,206553
139244,3,0,206556
139245,1,0,206557
139246,1,0,206558
139247,1,0,206559
139248,1,0,206560
139249,2,0,206562
139250,1,0,206563
139251,1,0,206564
139252,2,0,206566
139253,1,0,206567
139254,1,0,206568
139255,1,0,206569
139256,2,0,206571
139257,3,0,206574
139258,1,0,206575
139259,1,0,206576
139260,1,0,206577
139261,2,0,206579
139262,1,0,206580
139263,1,0,206581
139264,1,0,206582
139265,2,0,206584
139266,3,0,206587
139267,1,0,206588
139268,1,0,206589
139269,1,0,206590
139270,1,0,206591
139271,1,0,206592
139272,1,0,206593
139273,2,0,206595
139274,1,0,206596
139275,2,0,206598
139276,1,0,206599
139277,2,0,206601
139278,1,0,206602
139279,1,0,206603
139280,2,0,206605
139281,1,0,206606
139282,1,0,206607
139283,1,0,206608
139284,2,0,206610
139285,3,0,206613
139286,1,0,206614
139287,1,0,206615
139288,1,0,206616
139289,1,0,206617
139290,1,0,206618
139291,1,0,206619
139292,1,0,206620
139293,1,0,206621
139294,2,0,206623
139295,1,0,206624
139296,1,0,206625
139297,1,0,206626
139298,1,0,206627
139299,2,0,206629
139300,1,0,206630
139301,1,0,206631
139302,1,0,206632
139303,2,0,206634
139304,1,0,206635
139305,1,0,206636
139306,2,0,206638
139307,1,0,206639
139308,1,0,206640
139309,1,0,206641
139310,1,0,206642
139311,1,0,206643
139312,1,0,206644
139313,1,0,206645
139314,1,0,206646
139315,2,0,206648
139316,2,0,206650
139317,1,0,206651
139318,1,0,206652
139319,1,0,206653
139320,1,0,206654
139321,1,0,206655
139322,1,0,206656
139323,1,0,206657
139324,2,0,206659
139325,1,0,206660
139326,1,0,206661
139327,2,0,206663
139328,1,0,206664
139329,1,0,206665
139330,1,0,206666
139331,1,0,206667
139332,1,0,206668
139333,1,0,206669
139334,1,0,206670
139335,1,0,206671
139336,1,0,206672
139337,2,0,206674
139338,2,0,206676
139339,1,0,206677
139340,2,0,206679
139341,1,0,206680
139342,1,0,206681
139343,1,0,206682
139344,3,0,206685
139345,1,0,206686
139346,3,0,206689
139347,1,0,206690
139348,3,0,206693
139349,1,0,206694
139350,1,0,206695
139351,1,0,206696
139352,1,0,206697
139353,1,0,206698
139354,1,0,206699
139355,1,0,206700
139356,2,0,206702
139357,3,0,206705
139358,1,0,206706
139359,2,0,206708
139360,2,0,206710
139361,1,0,206711
139362,1,0,206712
139363,1,0,206713
139364,1,0,206714
139365,1,0,206715
139366,2,0,206717
139367,1,0,206718
139368,1,0,206719
139369,2,0,206721
139370,1,0,206722
139371,2,0,206724
139372,1,0,206725
139373,1,0,206726
139374,2,0,206728
139375,1,0,206729
139376,1,0,206730
139377,1,0,206731
139378,2,0,206733
139379,3,0,206736
139380,1,0,206737
139381,1,0,206738
139382,1,0,206739
139383,1,0,206740
139384,1,0,206741
139385,1,0,206742
139386,1,0,206743
139387,1,0,206744
139388,2,0,206746
139389,1,0,206747
139390,1,0,206748
139391,1,0,206749
139392,1,0,206750
139393,1,0,206751
139394,1,0,206752
139395,1,0,206753
139396,2,0,206755
139397,2,0,206757
139398,1,0,206758
139399,1,0,206759
139400,2,0,206761
139401,1,0,206762
139402,2,0,206764
139403,1,0,206765
139404,1,0,206766
139405,2,0,206768
139406,2,0,206770
139407,2,0,206772
139408,1,0,206773
139409,1,0,206774
139410,2,0,206776
139411,2,0,206778
139412,2,0,206780
139413,1,0,206781
139414,1,0,206782
139415,1,0,206783
139416,1,0,206784
139417,1,0,206785
139418,1,0,206786
139419,1,0,206787
139420,2,0,206789
139421,1,0,206790
139422,1,0,206791
139423,1,0,206792
139424,1,0,206793
139425,1,0,206794
139426,1,0,206795
139427,2,0,206797
139428,1,0,206798
139429,1,0,206799
139430,1,0,206800
139431,1,0,206801
139432,2,0,206803
139433,1,0,206804
139434,2,0,206806
139435,1,0,206807
139436,1,0,206808
139437,3,0,206811
139438,3,0,206814
139439,1,0,206815
139440,3,0,206818
139441,1,0,206819
139442,1,0,206820
139443,1,0,206821
139444,1,0,206822
139445,1,0,206823
139446,1,0,206824
139447,1,0,206825
139448,4,0,206829
139449,1,0,206830
139450,4,0,206834
139451,2,0,206836
139452,2,0,206838
139453,1,0,206839
139454,1,0,206840
139455,1,0,206841
139456,2,0,206843
139457,2,0,206845
139458,3,0,206848
139459,1,0,206849
139460,1,0,206850
139461,1,0,206851
139462,1,0,206852
139463,5,0,206857
139464,1,0,206858
139465,1,0,206859
139466,2,0,206861
139467,2,0,206863
139468,2,0,206865
139469,2,0,206867
139470,3,0,206870
139471,2,0,206872
139472,1,0,206873
139473,4,0,206877
139474,2,0,206879
139475,1,0,206880
139476,2,0,206882
139477,1,0,206883
139478,1,0,206884
139479,1,0,206885
139480,1,0,206886
139481,1,0,206887
139482,5,0,206892
139483,2,0,206894
139484,1,0,206895
139485,4,0,206899
139486,1,0,206900
139487,1,0,206901
139488,1,0,206902
139489,3,0,206905
139490,1,0,206906
139491,2,0,206908
139492,1,0,206909
139493,1,0,206910
139494,1,0,206911
139495,1,0,206912
139496,1,0,206913
139497,1,0,206914
139498,2,0,206916
139499,1,0,206917
139500,1,0,206918
139501,1,0,206919
139502,1,0,206920
139503,1,0,206921
139504,1,0,206922
139505,2,0,206924
139506,1,0,206925
139507,1,0,206926
139508,1,0,206927
139509,1,0,206928
139510,3,0,206931
139511,1,0,206932
139512,3,0,206935
139513,2,0,206937
139514,3,0,206940
139515,1,0,206941
139516,1,0,206942
139517,1,0,206943
139518,1,0,206944
139519,1,0,206945
139520,1,0,206946
139521,2,0,206948
139522,1,0,206949
139523,1,0,206950
139524,1,0,206951
139525,2,0,206953
139526,1,0,206954
139527,1,0,206955
139528,1,0,206956
139529,1,0,206957
139530,2,0,206959
139531,1,0,206960
139532,1,0,206961
139533,2,0,206963
139534,3,0,206966
139535,1,0,206967
139536,4,0,206971
139537,1,0,206972
139538,1,0,206973
139539,1,0,206974
139540,6,0,206980
139541,1,0,206981
139542,4,0,206985
139543,2,0,206987
139544,3,0,206990
139545,3,0,206993
139546,4,0,206997
139547,1,0,206998
139548,1,0,206999
139549,1,0,207000
139550,1,0,207001
139551,1,0,207002
139552,1,0,207003
139553,1,0,207004
139554,1,0,207005
139555,3,0,207008
139556,1,0,207009
139557,2,0,207011
139558,1,0,207012
139559,1,0,207013
139560,2,0,207015
139561,2,0,207017
139562,3,0,207020
139563,1,0,207021
139564,1,0,207022
139565,3,0,207025
139566,4,0,207029
139567,1,0,207030
139568,1,0,207031
139569,1,0,207032
139570,1,0,207033
139571,3,0,207036
139572,2,0,207038
139573,1,0,207039
139574,2,0,207041
139575,1,0,207042
139576,1,0,207043
139577,1,0,207044
139578,1,0,207045
139579,6,0,207051
139580,1,0,207052
139581,4,0,207056
139582,1,0,207057
139583,2,0,207059
139584,1,0,207060
139585,1,0,207061
139586,1,0,207062
139587,1,0,207063
139588,2,0,207065
139589,1,0,207066
139590,2,0,207068
139591,2,0,207070
139592,1,0,207071
139593,2,0,207073
139594,1,0,207074
139595,2,0,207076
139596,1,0,207077
139597,2,0,207079
139598,1,0,207080
139599,2,0,207082
139600,2,0,207084
139601,1,0,207085
139602,1,0,207086
139603,1,0,207087
139604,2,0,207089
139605,1,0,207090
139606,1,0,207091
139607,2,0,207093
139608,1,0,207094
139609,1,0,207095
139610,1,0,207096
139611,2,0,207098
139612,1,0,207099
139613,1,0,207100
139614,1,0,207101
139615,2,0,207103
139616,3,0,207106
139617,1,0,207107
139618,1,0,207108
139619,2,0,207110
139620,1,0,207111
139621,1,0,207112
139622,1,0,207113
139623,1,0,207114
139624,1,0,207115
139625,3,0,207118
139626,2,0,207120
139627,1,0,207121
139628,1,0,207122
139629,2,0,207124
139630,2,0,207126
139631,1,0,207127
139632,1,0,207128
139633,2,0,207130
139634,1,0,207131
139635,3,0,207134
139636,1,0,207135
139637,1,0,207136
139638,3,0,207139
139639,2,0,207141
139640,1,0,207142
139641,1,0,207143
139642,1,0,207144
139643,2,0,207146
139644,1,0,207147
139645,1,0,207148
139646,1,0,207149
139647,2,0,207151
139648,1,0,207152
139649,1,0,207153
139650,1,0,207154
139651,1,0,207155
139652,1,0,207156
139653,2,0,207158
139654,1,0,207159
139655,2,0,207161
139656,1,0,207162
139657,1,0,207163
139658,3,0,207166
139659,1,0,207167
139660,2,0,207169
139661,1,0,207170
139662,1,0,207171
139663,1,0,207172
139664,1,0,207173
139665,1,0,207174
139666,1,0,207175
139667,1,0,207176
139668,1,0,207177
139669,1,0,207178
139670,1,0,207179
139671,1,0,207180
139672,2,0,207182
139673,1,0,207183
139674,2,0,207185
139675,1,0,207186
139676,1,0,207187
139677,1,0,207188
139678,1,0,207189
139679,1,0,207190
139680,1,0,207191
139681,1,0,207192
139682,1,0,207193
139683,1,0,207194
139684,1,0,207195
139685,1,0,207196
139686,3,0,207199
139687,1,0,207200
139688,1,0,207201
139689,3,0,207204
139690,1,0,207205
139691,3,0,207208
139692,1,0,207209
139693,1,0,207210
139694,1,0,207211
139695,1,0,207212
139696,3,0,207215
139697,1,0,207216
139698,2,0,207218
139699,1,0,207219
139700,1,0,207220
139701,1,0,207221
139702,1,0,207222
139703,1,0,207223
139704,1,0,207224
139705,1,0,207225
139706,1,0,207226
139707,1,0,207227
139708,1,0,207228
139709,1,0,207229
139710,4,0,207233
139711,1,0,207234
139712,1,0,207235
139713,5,0,207240
139714,3,0,207243
139715,1,0,207244
139716,1,0,207245
139717,1,0,207246
139718,1,0,207247
139719,1,0,207248
139720,3,0,207251
139721,1,0,207252
139722,1,0,207253
139723,1,0,207254
139724,1,0,207255
139725,1,0,207256
139726,1,0,207257
139727,1,0,207258
139728,1,0,207259
139729,1,0,207260
139730,1,0,207261
139731,1,0,207262
139732,2,0,207264
139733,1,0,207265
139734,1,0,207266
139735,3,0,207269
139736,1,0,207270
139737,2,0,207272
139738,1,0,207273
139739,1,0,207274
139740,2,0,207276
139741,1,0,207277
139742,1,0,207278
139743,1,0,207279
139744,1,0,207280
139745,1,0,207281
139746,1,0,207282
139747,3,0,207285
139748,2,0,207287
139749,2,0,207289
139750,1,0,207290
139751,1,0,207291
139752,1,0,207292
139753,1,0,207293
139754,1,0,207294
139755,1,0,207295
139756,1,0,207296
139757,1,0,207297
139758,1,0,207298
139759,1,0,207299
139760,2,0,207301
139761,1,0,207302
139762,2,0,207304
139763,1,0,207305
139764,2,0,207307
139765,3,0,207310
139766,1,0,207311
139767,1,0,207312
139768,3,0,207315
139769,2,0,207317
139770,5,0,207322
139771,1,0,207323
139772,1,0,207324
139773,1,0,207325
139774,1,0,207326
139775,1,0,207327
139776,1,0,207328
139777,1,0,207329
139778,2,0,207331
139779,1,0,207332
139780,1,0,207333
139781,1,0,207334
139782,1,0,207335
139783,2,0,207337
139784,1,0,207338
139785,2,0,207340
139786,1,0,207341
139787,1,0,207342
139788,2,0,207344
139789,1,0,207345
139790,2,0,207347
139791,1,0,207348
139792,1,0,207349
139793,1,0,207350
139794,2,0,207352
139795,1,0,207353
139796,1,0,207354
139797,1,0,207355
139798,1,0,207356
139799,1,0,207357
139800,2,0,207359
139801,1,0,207360
139802,1,0,207361
139803,1,0,207362
139804,2,0,207364
139805,1,0,207365
139806,1,0,207366
139807,2,0,207368
139808,1,0,207369
139809,1,0,207370
139810,2,0,207372
139811,1,0,207373
139812,1,0,207374
139813,1,0,207375
139814,1,0,207376
139815,1,0,207377
139816,2,0,207379
139817,1,0,207380
139818,2,0,207382
139819,1,0,207383
139820,1,0,207384
139821,1,0,207385
139822,1,0,207386
139823,1,0,207387
139824,3,0,207390
139825,1,0,207391
139826,1,0,207392
139827,1,0,207393
139828,1,0,207394
139829,1,0,207395
139830,1,0,207396
139831,1,0,207397
139832,1,0,207398
139833,2,0,207400
139834,1,0,207401
139835,2,0,207403
139836,2,0,207405
139837,1,0,207406
139838,1,0,207407
139839,1,0,207408
139840,2,0,207410
139841,1,0,207411
139842,1,0,207412
139843,1,0,207413
139844,1,0,207414
139845,1,0,207415
139846,1,0,207416
139847,1,0,207417
139848,1,0,207418
139849,2,0,207420
139850,1,0,207421
139851,2,0,207423
139852,1,0,207424
139853,1,0,207425
139854,1,0,207426
139855,9,0,207435
139856,1,0,207436
139857,1,0,207437
139858,1,0,207438
139859,1,0,207439
139860,1,0,207440
139861,1,0,207441
139862,1,0,207442
139863,1,0,207443
139864,1,0,207444
139865,1,0,207445
139866,2,0,207447
139867,1,0,207448
139868,1,0,207449
139869,1,0,207450
139870,3,0,207453
139871,1,0,207454
139872,2,0,207456
139873,2,0,207458
139874,1,0,207459
139875,1,0,207460
139876,1,0,207461
139877,1,0,207462
139878,1,0,207463
139879,1,0,207464
139880,2,0,207466
139881,1,0,207467
139882,1,0,207468
139883,1,0,207469
139884,1,0,207470
139885,1,0,207471
139886,1,0,207472
139887,3,0,207475
139888,1,0,207476
139889,1,0,207477
139890,1,0,207478
139891,1,0,207479
139892,1,0,207480
139893,1,0,207481
139894,1,0,207482
139895,2,0,207484
139896,1,0,207485
139897,1,0,207486
139898,1,0,207487
139899,2,0,207489
139900,1,0,207490
139901,1,0,207491
139902,1,0,207492
139903,1,0,207493
139904,1,0,207494
139905,1,0,207495
139906,1,0,207496
139907,1,0,207497
139908,1,0,207498
139909,1,0,207499
139910,2,0,207501
139911,1,0,207502
139912,1,0,207503
139913,3,0,207506
139914,1,0,207507
139915,1,0,207508
139916,1,0,207509
139917,1,0,207510
139918,1,0,207511
139919,2,0,207513
139920,2,0,207515
139921,1,0,207516
139922,1,0,207517
139923,1,0,207518
139924,1,0,207519
139925,1,0,207520
139926,1,0,207521
139927,3,0,207524
139928,1,0,207525
139929,1,0,207526
139930,1,0,207527
139931,1,0,207528
139932,5,0,207533
139933,2,0,207535
139934,2,0,207537
139935,1,0,207538
139936,1,0,207539
139937,1,0,207540
139938,2,0,207542
139939,1,0,207543
139940,2,0,207545
139941,3,0,207548
139942,1,0,207549
139943,3,0,207552
139944,1,0,207553
139945,1,0,207554
139946,2,0,207556
139947,1,0,207557
139948,1,0,207558
139949,3,0,207561
139950,2,0,207563
139951,2,0,207565
139952,1,0,207566
139953,1,0,207567
139954,1,0,207568
139955,1,0,207569
139956,1,0,207570
139957,2,0,207572
139958,1,0,207573
139959,1,0,207574
139960,1,0,207575
139961,1,0,207576
139962,2,0,207578
139963,1,0,207579
139964,1,0,207580
139965,1,0,207581
139966,1,0,207582
139967,1,0,207583
139968,1,0,207584
139969,1,0,207585
139970,3,0,207588
139971,2,0,207590
139972,2,0,207592
139973,1,0,207593
139974,1,0,207594
139975,1,0,207595
139976,1,0,207596
139977,1,0,207597
139978,2,0,207599
139979,1,0,207600
139980,1,0,207601
139981,3,0,207604
139982,4,0,207608
139983,1,0,207609
139984,2,0,207611
139985,1,0,207612
139986,1,0,207613
139987,1,0,207614
139988,1,0,207615
139989,2,0,207617
139990,1,0,207618
139991,1,0,207619
139992,1,0,207620
139993,1,0,207621
139994,1,0,207622
139995,1,0,207623
139996,1,0,207624
139997,1,0,207625
139998,1,0,207626
139999,1,0,207627
140000,1,0,207628
140001,1,0,207629
140002,2,0,207631
140003,2,0,207633
140004,1,0,207634
140005,2,0,207636
140006,1,0,207637
140007,2,0,207639
140008,2,0,207641
140009,1,0,207642
140010,1,0,207643
140011,2,0,207645
140012,1,0,207646
140013,1,0,207647
140014,1,0,207648
140015,1,0,207649
140016,1,0,207650
140017,1,0,207651
140018,2,0,207653
140019,1,0,207654
140020,1,0,207655
140021,1,0,207656
140022,2,0,207658
140023,1,0,207659
140024,2,0,207661
140025,1,0,207662
140026,1,0,207663
140027,2,0,207665
140028,1,0,207666
140029,1,0,207667
140030,2,0,207669
140031,2,0,207671
140032,2,0,207673
140033,3,0,207676
140034,1,0,207677
140035,1,0,207678
140036,2,0,207680
140037,3,0,207683
140038,1,0,207684
140039,1,0,207685
140040,1,0,207686
140041,1,0,207687
140042,1,0,207688
140043,1,0,207689
140044,2,0,207691
140045,1,0,207692
140046,2,0,207694
140047,1,0,207695
140048,1,0,207696
140049,1,0,207697
140050,2,0,207699
140051,2,0,207701
140052,2,0,207703
140053,2,0,207705
140054,2,0,207707
140055,2,0,207709
140056,1,0,207710
140057,1,0,207711
140058,1,0,207712
140059,1,0,207713
140060,2,0,207715
140061,1,0,207716
140062,1,0,207717
140063,1,0,207718
140064,1,0,207719
140065,1,0,207720
140066,3,0,207723
140067,2,0,207725
140068,2,0,207727
140069,1,0,207728
140070,1,0,207729
140071,2,0,207731
140072,1,0,207732
140073,1,0,207733
140074,2,0,207735
140075,1,0,207736
140076,1,0,207737
140077,1,0,207738
140078,2,0,207740
140079,1,0,207741
140080,1,0,207742
140081,1,0,207743
140082,1,0,207744
140083,1,0,207745
140084,1,0,207746
140085,1,0,207747
140086,2,0,207749
140087,1,0,207750
140088,1,0,207751
140089,2,0,207753
140090,1,0,207754
140091,1,0,207755
140092,1,0,207756
140093,1,0,207757
140094,1,0,207758
140095,2,0,207760
140096,1,0,207761
140097,1,0,207762
140098,1,0,207763
140099,3,0,207766
140100,1,0,207767
140101,1,0,207768
140102,1,0,207769
140103,1,0,207770
140104,1,0,207771
140105,1,0,207772
140106,3,0,207775
140107,1,0,207776
140108,1,0,207777
140109,1,0,207778
140110,1,0,207779
140111,2,0,207781
140112,1,0,207782
140113,4,0,207786
140114,2,0,207788
140115,1,0,207789
140116,1,0,207790
140117,1,0,207791
140118,1,0,207792
140119,1,0,207793
140120,1,0,207794
140121,2,0,207796
140122,1,0,207797
140123,2,0,207799
140124,1,0,207800
140125,2,0,207802
140126,1,0,207803
140127,2,0,207805
140128,1,0,207806
140129,1,0,207807
140130,4,0,207811
140131,1,0,207812
140132,1,0,207813
140133,1,0,207814
140134,1,0,207815
140135,1,0,207816
140136,3,0,207819
140137,1,0,207820
140138,1,0,207821
140139,3,0,207824
140140,1,0,207825
140141,1,0,207826
140142,1,0,207827
140143,1,0,207828
140144,2,0,207830
140145,1,0,207831
140146,1,0,207832
140147,2,0,207834
140148,3,0,207837
140149,3,0,207840
140150,1,0,207841
140151,1,0,207842
140152,1,0,207843
140153,1,0,207844
140154,1,0,207845
140155,1,0,207846
140156,1,0,207847
140157,2,0,207849
140158,2,0,207851
140159,1,0,207852
140160,2,0,207854
140161,1,0,207855
140162,1,0,207856
140163,2,0,207858
140164,1,0,207859
140165,4,0,207863
140166,1,0,207864
140167,1,0,207865
140168,1,0,207866
140169,2,0,207868
140170,1,0,207869
140171,3,0,207872
140172,1,0,207873
140173,1,0,207874
140174,2,0,207876
140175,1,0,207877
140176,1,0,207878
140177,1,0,207879
140178,1,0,207880
140179,1,0,207881
140180,1,0,207882
140181,2,0,207884
140182,1,0,207885
140183,3,0,207888
140184,4,0,207892
140185,1,0,207893
140186,1,0,207894
140187,2,0,207896
140188,2,0,207898
140189,2,0,207900
140190,1,0,207901
140191,2,0,207903
140192,3,0,207906
140193,1,0,207907
140194,1,0,207908
140195,1,0,207909
140196,3,0,207912
140197,2,0,207914
140198,1,0,207915
140199,2,0,207917
140200,1,0,207918
140201,1,0,207919
140202,1,0,207920
140203,3,0,207923
140204,2,0,207925
140205,1,0,207926
140206,1,0,207927
140207,1,0,207928
140208,1,0,207929
140209,2,0,207931
140210,1,0,207932
140211,1,0,207933
140212,1,0,207934
140213,2,0,207936
140214,1,0,207937
140215,1,0,207938
140216,1,0,207939
140217,3,0,207942
140218,1,0,207943
140219,1,0,207944
140220,1,0,207945
140221,1,0,207946
140222,1,0,207947
140223,1,0,207948
140224,2,0,207950
140225,1,0,207951
140226,1,0,207952
140227,1,0,207953
140228,3,0,207956
140229,1,0,207957
140230,2,0,207959
140231,1,0,207960
140232,1,0,207961
140233,1,0,207962
140234,1,0,207963
140235,1,0,207964
140236,1,0,207965
140237,2,0,207967
140238,1,0,207968
140239,2,0,207970
140240,1,0,207971
140241,1,0,207972
140242,1,0,207973
140243,1,0,207974
140244,1,0,207975
140245,2,0,207977
140246,3,0,207980
140247,1,0,207981
140248,1,0,207982
140249,1,0,207983
140250,1,0,207984
140251,2,0,207986
140252,1,0,207987
140253,2,0,207989
140254,1,0,207990
140255,1,0,207991
140256,1,0,207992
140257,1,0,207993
140258,1,0,207994
140259,1,0,207995
140260,1,0,207996
140261,1,0,207997
140262,1,0,207998
140263,2,0,208000
140264,1,0,208001
140265,1,0,208002
140266,1,0,208003
140267,1,0,208004
140268,1,0,208005
140269,1,0,208006
140270,1,0,208007
140271,1,0,208008
140272,2,0,208010
140273,1,0,208011
140274,1,0,208012
140275,5,0,208017
140276,1,0,208018
140277,1,0,208019
140278,1,0,208020
140279,3,0,208023
140280,1,0,208024
140281,3,0,208027
140282,1,0,208028
140283,1,0,208029
140284,2,0,208031
140285,1,0,208032
140286,1,0,208033
140287,1,0,208034
140288,2,0,208036
140289,1,0,208037
140290,1,0,208038
140291,1,0,208039
140292,1,0,208040
140293,1,0,208041
140294,1,0,208042
140295,1,0,208043
140296,1,0,208044
140297,1,0,208045
140298,1,0,208046
140299,2,0,208048
140300,1,0,208049
140301,1,0,208050
140302,1,0,208051
140303,3,0,208054
140304,1,0,208055
140305,1,0,208056
140306,1,0,208057
140307,1,0,208058
140308,2,0,208060
140309,1,0,208061
140310,2,0,208063
140311,4,0,208067
140312,2,0,208069
140313,1,0,208070
140314,1,0,208071
140315,3,0,208074
140316,1,0,208075
140317,3,0,208078
140318,2,0,208080
140319,1,0,208081
140320,1,0,208082
140321,1,0,208083
140322,1,0,208084
140323,1,0,208085
140324,1,0,208086
140325,1,0,208087
140326,2,0,208089
140327,3,0,208092
140328,1,0,208093
140329,1,0,208094
140330,1,0,208095
140331,1,0,208096
140332,1,0,208097
140333,1,0,208098
140334,3,0,208101
140335,1,0,208102
140336,1,0,208103
140337,1,0,208104
140338,3,0,208107
140339,1,0,208108
140340,1,0,208109
140341,1,0,208110
140342,1,0,208111
140343,1,0,208112
140344,1,0,208113
140345,1,0,208114
140346,1,0,208115
140347,2,0,208117
140348,1,0,208118
140349,1,0,208119
140350,1,0,208120
140351,1,0,208121
140352,2,0,208123
140353,1,0,208124
140354,2,0,208126
140355,1,0,208127
140356,1,0,208128
140357,2,0,208130
140358,1,0,208131
140359,2,0,208133
140360,2,0,208135
140361,1,0,208136
140362,1,0,208137
140363,3,0,208140
140364,1,0,208141
140365,1,0,208142
140366,1,0,208143
140367,1,0,208144
140368,2,0,208146
140369,1,0,208147
140370,1,0,208148
140371,1,0,208149
140372,2,0,208151
140373,2,0,208153
140374,1,0,208154
140375,2,0,208156
140376,1,0,208157
140377,1,0,208158
140378,2,0,208160
140379,1,0,208161
140380,1,0,208162
140381,1,0,208163
140382,1,0,208164
140383,2,0,208166
140384,2,0,208168
140385,1,0,208169
140386,1,0,208170
140387,1,0,208171
140388,2,0,208173
140389,1,0,208174
140390,1,0,208175
140391,2,0,208177
140392,2,0,208179
140393,1,0,208180
140394,2,0,208182
140395,2,0,208184
140396,1,0,208185
140397,1,0,208186
140398,1,0,208187
140399,1,0,208188
140400,1,0,208189
140401,1,0,208190
140402,1,0,208191
140403,1,0,208192
140404,1,0,208193
140405,2,0,208195
140406,1,0,208196
140407,1,0,208197
140408,1,0,208198
140409,1,0,208199
140410,1,0,208200
140411,2,0,208202
140412,1,0,208203
140413,1,0,208204
140414,2,0,208206
140415,1,0,208207
140416,1,0,208208
140417,1,0,208209
140418,1,0,208210
140419,2,0,208212
140420,1,0,208213
140421,1,0,208214
140422,1,0,208215
140423,1,0,208216
140424,1,0,208217
140425,1,0,208218
140426,2,0,208220
140427,2,0,208222
140428,1,0,208223
140429,1,0,208224
140430,1,0,208225
140431,1,0,208226
140432,1,0,208227
140433,1,0,208228
140434,1,0,208229
140435,1,0,208230
140436,1,0,208231
140437,2,0,208233
140438,1,0,208234
140439,1,0,208235
140440,1,0,208236
140441,1,0,208237
140442,1,0,208238
140443,1,0,208239
140444,3,0,208242
140445,2,0,208244
140446,1,0,208245
140447,1,0,208246
140448,1,0,208247
140449,4,0,208251
140450,2,0,208253
140451,1,0,208254
140452,1,0,208255
140453,4,0,208259
140454,3,0,208262
140455,1,0,208263
140456,1,0,208264
140457,2,0,208266
140458,1,0,208267
140459,3,0,208270
140460,1,0,208271
140461,1,0,208272
140462,1,0,208273
140463,2,0,208275
140464,1,0,208276
140465,1,0,208277
140466,1,0,208278
140467,2,0,208280
140468,2,0,208282
140469,1,0,208283
140470,1,0,208284
140471,1,0,208285
140472,1,0,208286
140473,1,0,208287
140474,2,0,208289
140475,1,0,208290
140476,1,0,208291
140477,1,0,208292
140478,1,0,208293
140479,1,0,208294
140480,1,0,208295
140481,1,0,208296
140482,1,0,208297
140483,2,0,208299
140484,1,0,208300
140485,2,0,208302
140486,1,0,208303
140487,1,0,208304
140488,1,0,208305
140489,1,0,208306
140490,1,0,208307
140491,2,0,208309
140492,1,0,208310
140493,1,0,208311
140494,2,0,208313
140495,1,0,208314
140496,2,0,208316
140497,1,0,208317
140498,1,0,208318
140499,1,0,208319
140500,1,0,208320
140501,1,0,208321
140502,1,0,208322
140503,1,0,208323
140504,1,0,208324
140505,2,0,208326
140506,1,0,208327
140507,1,0,208328
140508,3,0,208331
140509,1,0,208332
140510,1,0,208333
140511,2,0,208335
140512,1,0,208336
140513,1,0,208337
140514,1,0,208338
140515,1,0,208339
140516,1,0,208340
140517,1,0,208341
140518,1,0,208342
140519,1,0,208343
140520,2,0,208345
140521,3,0,208348
140522,1,0,208349
140523,1,0,208350
140524,2,0,208352
140525,1,0,208353
140526,1,0,208354
140527,1,0,208355
140528,1,0,208356
140529,1,0,208357
140530,1,0,208358
140531,1,0,208359
140532,1,0,208360
140533,1,0,208361
140534,2,0,208363
140535,1,0,208364
140536,2,0,208366
140537,1,0,208367
140538,1,0,208368
140539,1,0,208369
140540,1,0,208370
140541,1,0,208371
140542,1,0,208372
140543,1,0,208373
140544,3,0,208376
140545,1,0,208377
140546,1,0,208378
140547,1,0,208379
140548,1,0,208380
140549,1,0,208381
140550,1,0,208382
140551,2,0,208384
140552,1,0,208385
140553,1,0,208386
140554,1,0,208387
140555,1,0,208388
140556,1,0,208389
140557,2,0,208391
140558,1,0,208392
140559,3,0,208395
140560,1,0,208396
140561,1,0,208397
140562,1,0,208398
140563,2,0,208400
140564,1,0,208401
140565,1,0,208402
140566,1,0,208403
140567,1,0,208404
140568,1,0,208405
140569,1,0,208406
140570,1,0,208407
140571,1,0,208408
140572,3,0,208411
140573,1,0,208412
140574,2,0,208414
140575,4,0,208418
140576,2,0,208420
140577,1,0,208421
140578,2,0,208423
140579,2,0,208425
140580,2,0,208427
140581,1,0,208428
140582,2,0,208430
140583,1,0,208431
140584,1,0,208432
140585,1,0,208433
140586,2,0,208435
140587,1,0,208436
140588,1,0,208437
140589,2,0,208439
140590,1,0,208440
140591,1,0,208441
140592,1,0,208442
140593,1,0,208443
140594,1,0,208444
140595,3,0,208447
140596,1,0,208448
140597,2,0,208450
140598,1,0,208451
140599,1,0,208452
140600,1,0,208453
140601,2,0,208455
140602,1,0,208456
140603,1,0,208457
140604,1,0,208458
140605,1,0,208459
140606,1,0,208460
140607,1,0,208461
140608,1,0,208462
140609,1,0,208463
140610,1,0,208464
140611,1,0,208465
140612,2,0,208467
140613,1,0,208468
140614,1,0,208469
140615,1,0,208470
140616,1,0,208471
140617,1,0,208472
140618,1,0,208473
140619,1,0,208474
140620,1,0,208475
140621,1,0,208476
140622,1,0,208477
140623,1,0,208478
140624,2,0,208480
140625,1,0,208481
140626,2,0,208483
140627,1,0,208484
140628,2,0,208486
140629,1,0,208487
140630,1,0,208488
140631,1,0,208489
140632,1,0,208490
140633,1,0,208491
140634,1,0,208492
140635,1,0,208493
140636,1,0,208494
140637,1,0,208495
140638,1,0,208496
140639,1,0,208497
140640,1,0,208498
140641,1,0,208499
140642,1,0,208500
140643,1,0,208501
140644,1,0,208502
140645,3,0,208505
140646,1,0,208506
140647,1,0,208507
140648,2,0,208509
140649,2,0,208511
140650,1,0,208512
140651,1,0,208513
140652,1,0,208514
140653,1,0,208515
140654,1,0,208516
140655,1,0,208517
140656,1,0,208518
140657,1,0,208519
140658,2,0,208521
140659,1,0,208522
140660,1,0,208523
140661,2,0,208525
140662,3,0,208528
140663,1,0,208529
140664,1,0,208530
140665,1,0,208531
140666,1,0,208532
140667,1,0,208533
140668,1,0,208534
140669,2,0,208536
140670,1,0,208537
140671,3,0,208540
140672,1,0,208541
140673,1,0,208542
140674,2,0,208544
140675,1,0,208545
140676,1,0,208546
140677,1,0,208547
140678,1,0,208548
140679,1,0,208549
140680,1,0,208550
140681,1,0,208551
140682,1,0,208552
140683,1,0,208553
140684,3,0,208556
140685,1,0,208557
140686,1,0,208558
140687,2,0,208560
140688,1,0,208561
140689,1,0,208562
140690,1,0,208563
140691,3,0,208566
140692,1,0,208567
140693,1,0,208568
140694,1,0,208569
140695,1,0,208570
140696,2,0,208572
140697,1,0,208573
140698,1,0,208574
140699,1,0,208575
140700,2,0,208577
140701,2,0,208579
140702,2,0,208581
140703,2,0,208583
140704,1,0,208584
140705,1,0,208585
140706,1,0,208586
140707,1,0,208587
140708,1,0,208588
140709,1,0,208589
140710,1,0,208590
140711,2,0,208592
140712,1,0,208593
140713,1,0,208594
140714,1,0,208595
140715,1,0,208596
140716,1,0,208597
140717,2,0,208599
140718,1,0,208600
140719,2,0,208602
140720,2,0,208604
140721,2,0,208606
140722,1,0,208607
140723,1,0,208608
140724,1,0,208609
140725,1,0,208610
140726,2,0,208612
140727,1,0,208613
140728,1,0,208614
140729,1,0,208615
140730,1,0,208616
140731,2,0,208618
140732,1,0,208619
140733,1,0,208620
140734,1,0,208621
140735,2,0,208623
140736,5,0,208628
140737,1,0,208629
140738,1,0,208630
140739,3,0,208633
140740,1,0,208634
140741,1,0,208635
140742,1,0,208636
140743,1,0,208637
140744,1,0,208638
140745,2,0,208640
140746,1,0,208641
140747,1,0,208642
140748,4,0,208646
140749,1,0,208647
140750,1,0,208648
140751,2,0,208650
140752,1,0,208651
140753,1,0,208652
140754,1,0,208653
140755,1,0,208654
140756,1,0,208655
140757,1,0,208656
140758,1,0,208657
140759,1,0,208658
140760,1,0,208659
140761,1,0,208660
140762,1,0,208661
140763,2,0,208663
140764,2,0,208665
140765,1,0,208666
140766,1,0,208667
140767,4,0,208671
140768,1,0,208672
140769,1,0,208673
140770,1,0,208674
140771,1,0,208675
140772,1,0,208676
140773,3,0,208679
140774,1,0,208680
140775,1,0,208681
140776,1,0,208682
140777,4,0,208686
140778,1,0,208687
140779,2,0,208689
140780,1,0,208690
140781,2,0,208692
140782,1,0,208693
140783,1,0,208694
140784,1,0,208695
140785,2,0,208697
140786,1,0,208698
140787,1,0,208699
140788,1,0,208700
140789,3,0,208703
140790,1,0,208704
140791,1,0,208705
140792,1,0,208706
140793,2,0,208708
140794,2,0,208710
140795,1,0,208711
140796,3,0,208714
140797,1,0,208715
140798,1,0,208716
140799,3,0,208719
140800,3,0,208722
140801,1,0,208723
140802,2,0,208725
140803,1,0,208726
140804,1,0,208727
140805,1,0,208728
140806,2,0,208730
140807,1,0,208731
140808,4,0,208735
140809,2,0,208737
140810,1,0,208738
140811,2,0,208740
140812,1,0,208741
140813,2,0,208743
140814,1,0,208744
140815,1,0,208745
140816,1,0,208746
140817,1,0,208747
140818,1,0,208748
140819,1,0,208749
140820,1,0,208750
140821,1,0,208751
140822,3,0,208754
140823,1,0,208755
140824,1,0,208756
140825,2,0,208758
140826,1,0,208759
140827,1,0,208760
140828,1,0,208761
140829,3,0,208764
140830,1,0,208765
140831,1,0,208766
140832,1,0,208767
140833,1,0,208768
140834,1,0,208769
140835,1,0,208770
140836,1,0,208771
140837,1,0,208772
140838,2,0,208774
140839,2,0,208776
140840,1,0,208777
140841,1,0,208778
140842,2,0,208780
140843,1,0,208781
140844,1,0,208782
140845,1,0,208783
140846,1,0,208784
140847,1,0,208785
140848,2,0,208787
140849,1,0,208788
140850,1,0,208789
140851,1,0,208790
140852,1,0,208791
140853,1,0,208792
140854,1,0,208793
140855,1,0,208794
140856,1,0,208795
140857,1,0,208796
140858,1,0,208797
140859,1,0,208798
140860,1,0,208799
140861,1,0,208800
140862,2,0,208802
140863,4,0,208806
140864,1,0,208807
140865,1,0,208808
140866,1,0,208809
140867,3,0,208812
140868,2,0,208814
140869,1,0,208815
140870,1,0,208816
140871,1,0,208817
140872,1,0,208818
140873,1,0,208819
140874,1,0,208820
140875,2,0,208822
140876,1,0,208823
140877,2,0,208825
140878,1,0,208826
140879,1,0,208827
140880,2,0,208829
140881,1,0,208830
140882,1,0,208831
140883,2,0,208833
140884,1,0,208834
140885,1,0,208835
140886,2,0,208837
140887,2,0,208839
140888,1,0,208840
140889,1,0,208841
140890,2,0,208843
140891,1,0,208844
140892,1,0,208845
140893,3,0,208848
140894,1,0,208849
140895,2,0,208851
140896,1,0,208852
140897,1,0,208853
140898,1,0,208854
140899,3,0,208857
140900,1,0,208858
140901,1,0,208859
140902,1,0,208860
140903,1,0,208861
140904,1,0,208862
140905,1,0,208863
140906,1,0,208864
140907,1,0,208865
140908,1,0,208866
140909,2,0,208868
140910,1,0,208869
140911,1,0,208870
140912,2,0,208872
140913,1,0,208873
140914,1,0,208874
140915,1,0,208875
140916,1,0,208876
140917,1,0,208877
140918,1,0,208878
140919,1,0,208879
140920,1,0,208880
140921,1,0,208881
140922,1,0,208882
140923,1,0,208883
140924,1,0,208884
140925,1,0,208885
140926,1,0,208886
140927,1,0,208887
140928,1,0,208888
140929,1,0,208889
140930,1,0,208890
140931,1,0,208891
140932,1,0,208892
140933,1,0,208893
140934,1,0,208894
140935,2,0,208896
140936,1,0,208897
140937,2,0,208899
140938,1,0,208900
140939,1,0,208901
140940,1,0,208902
140941,2,0,208904
140942,1,0,208905
140943,2,0,208907
140944,2,0,208909
140945,1,0,208910
140946,1,0,208911
140947,1,0,208912
140948,3,0,208915
140949,1,0,208916
140950,1,0,208917
140951,1,0,208918
140952,1,0,208919
140953,2,0,208921
140954,2,0,208923
140955,1,0,208924
140956,1,0,208925
140957,1,0,208926
140958,3,0,208929
140959,1,0,208930
140960,1,0,208931
140961,1,0,208932
140962,1,0,208933
140963,2,0,208935
140964,1,0,208936
140965,1,0,208937
140966,1,0,208938
140967,2,0,208940
140968,2,0,208942
140969,2,0,208944
140970,1,0,208945
140971,2,0,208947
140972,1,0,208948
140973,1,0,208949
140974,1,0,208950
140975,1,0,208951
140976,1,0,208952
140977,1,0,208953
140978,1,0,208954
140979,2,0,208956
140980,1,0,208957
140981,5,0,208962
140982,1,0,208963
140983,2,0,208965
140984,1,0,208966
140985,2,0,208968
140986,1,0,208969
140987,1,0,208970
140988,2,0,208972
140989,1,0,208973
140990,2,0,208975
140991,3,0,208978
140992,1,0,208979
140993,1,0,208980
140994,2,0,208982
140995,1,0,208983
140996,1,0,208984
140997,1,0,208985
140998,2,0,208987
140999,2,0,208989
141000,1,0,208990
141001,2,0,208992
141002,3,0,208995
141003,1,0,208996
141004,3,0,208999
141005,2,0,209001
141006,1,0,209002
141007,1,0,209003
141008,1,0,209004
141009,1,0,209005
141010,1,0,209006
141011,1,0,209007
141012,3,0,209010
141013,1,0,209011
141014,1,0,209012
141015,2,0,209014
141016,1,0,209015
141017,1,0,209016
141018,1,0,209017
141019,2,0,209019
141020,2,0,209021
141021,1,0,209022
141022,1,0,209023
141023,1,0,209024
141024,2,0,209026
141025,2,0,209028
141026,3,0,209031
141027,2,0,209033
141028,3,0,209036
141029,1,0,209037
141030,1,0,209038
141031,1,0,209039
141032,1,0,209040
141033,2,0,209042
141034,1,0,209043
141035,2,0,209045
141036,1,0,209046
141037,2,0,209048
141038,1,0,209049
141039,1,0,209050
141040,1,0,209051
141041,1,0,209052
141042,3,0,209055
141043,1,0,209056
141044,1,0,209057
141045,1,0,209058
141046,2,0,209060
141047,1,0,209061
141048,1,0,209062
141049,1,0,209063
141050,1,0,209064
141051,1,0,209065
141052,2,0,209067
141053,1,0,209068
141054,1,0,209069
141055,2,0,209071
141056,1,0,209072
141057,1,0,209073
141058,3,0,209076
141059,1,0,209077
141060,1,0,209078
141061,1,0,209079
141062,2,0,209081
141063,1,0,209082
141064,1,0,209083
141065,1,0,209084
141066,2,0,209086
141067,1,0,209087
141068,1,0,209088
141069,1,0,209089
141070,1,0,209090
141071,1,0,209091
141072,1,0,209092
141073,1,0,209093
141074,2,0,209095
141075,3,0,209098
141076,2,0,209100
141077,1,0,209101
141078,1,0,209102
141079,1,0,209103
141080,1,0,209104
141081,2,0,209106
141082,1,0,209107
141083,1,0,209108
141084,2,0,209110
141085,2,0,209112
141086,3,0,209115
141087,2,0,209117
141088,2,0,209119
141089,1,0,209120
141090,1,0,209121
141091,1,0,209122
141092,2,0,209124
141093,1,0,209125
141094,1,0,209126
141095,5,0,209131
141096,4,0,209135
141097,1,0,209136
141098,1,0,209137
141099,1,0,209138
141100,1,0,209139
141101,1,0,209140
141102,1,0,209141
141103,1,0,209142
141104,1,0,209143
141105,2,0,209145
141106,2,0,209147
141107,1,0,209148
141108,1,0,209149
141109,4,0,209153
141110,1,0,209154
141111,1,0,209155
141112,1,0,209156
141113,1,0,209157
141114,2,0,209159
141115,1,0,209160
141116,2,0,209162
141117,1,0,209163
141118,2,0,209165
141119,1,0,209166
141120,1,0,209167
141121,1,0,209168
141122,1,0,209169
141123,1,0,209170
141124,1,0,209171
141125,1,0,209172
141126,1,0,209173
141127,1,0,209174
141128,2,0,209176
141129,1,0,209177
141130,1,0,209178
141131,1,0,209179
141132,2,0,209181
141133,1,0,209182
141134,2,0,209184
141135,1,0,209185
141136,1,0,209186
141137,1,0,209187
141138,1,0,209188
141139,1,0,209189
141140,1,0,209190
141141,1,0,209191
141142,1,0,209192
141143,1,0,209193
141144,1,0,209194
141145,1,0,209195
141146,1,0,209196
141147,1,0,209197
141148,3,0,209200
141149,1,0,209201
141150,2,0,209203
141151,1,0,209204
141152,2,0,209206
141153,1,0,209207
141154,1,0,209208
141155,1,0,209209
141156,1,0,209210
141157,2,0,209212
141158,1,0,209213
141159,1,0,209214
141160,1,0,209215
141161,1,0,209216
141162,1,0,209217
141163,1,0,209218
141164,2,0,209220
141165,2,0,209222
141166,2,0,209224
141167,1,0,209225
141168,1,0,209226
141169,1,0,209227
141170,1,0,209228
141171,1,0,209229
141172,1,0,209230
141173,3,0,209233
141174,2,0,209235
141175,1,0,209236
141176,1,0,209237
141177,1,0,209238
141178,1,0,209239
141179,1,0,209240
141180,1,0,209241
141181,1,0,209242
141182,1,0,209243
141183,1,0,209244
141184,1,0,209245
141185,1,0,209246
141186,1,0,209247
141187,1,0,209248
141188,2,0,209250
141189,2,0,209252
141190,2,0,209254
141191,2,0,209256
141192,1,0,209257
141193,1,0,209258
141194,2,0,209260
141195,1,0,209261
141196,1,0,209262
141197,1,0,209263
141198,1,0,209264
141199,1,0,209265
141200,1,0,209266
141201,1,0,209267
141202,2,0,209269
141203,1,0,209270
141204,1,0,209271
141205,2,0,209273
141206,4,0,209277
141207,1,0,209278
141208,1,0,209279
141209,1,0,209280
141210,1,0,209281
141211,1,0,209282
141212,1,0,209283
141213,1,0,209284
141214,2,0,209286
141215,1,0,209287
141216,1,0,209288
141217,1,0,209289
141218,1,0,209290
141219,1,0,209291
141220,1,0,209292
141221,2,0,209294
141222,1,0,209295
141223,2,0,209297
141224,1,0,209298
141225,2,0,209300
141226,1,0,209301
141227,3,0,209304
141228,2,0,209306
141229,2,0,209308
141230,1,0,209309
141231,1,0,209310
141232,1,0,209311
141233,3,0,209314
141234,1,0,209315
141235,1,0,209316
141236,1,0,209317
141237,3,0,209320
141238,1,0,209321
141239,1,0,209322
141240,1,0,209323
141241,1,0,209324
141242,1,0,209325
141243,1,0,209326
141244,2,0,209328
141245,2,0,209330
141246,2,0,209332
141247,1,0,209333
141248,1,0,209334
141249,1,0,209335
141250,1,0,209336
141251,1,0,209337
141252,3,0,209340
141253,1,0,209341
141254,1,0,209342
141255,1,0,209343
141256,2,0,209345
141257,3,0,209348
141258,1,0,209349
141259,1,0,209350
141260,1,0,209351
141261,1,0,209352
141262,1,0,209353
141263,3,0,209356
141264,1,0,209357
141265,2,0,209359
141266,1,0,209360
141267,1,0,209361
141268,1,0,209362
141269,1,0,209363
141270,1,0,209364
141271,1,0,209365
141272,1,0,209366
141273,3,0,209369
141274,1,0,209370
141275,1,0,209371
141276,1,0,209372
141277,2,0,209374
141278,1,0,209375
141279,1,0,209376
141280,2,0,209378
141281,1,0,209379
141282,1,0,209380
141283,1,0,209381
141284,2,0,209383
141285,2,0,209385
141286,1,0,209386
141287,2,0,209388
141288,1,0,209389
141289,2,0,209391
141290,1,0,209392
141291,1,0,209393
141292,1,0,209394
141293,1,0,209395
141294,1,0,209396
141295,2,0,209398
141296,1,0,209399
141297,1,0,209400
141298,1,0,209401
141299,2,0,209403
141300,1,0,209404
141301,1,0,209405
141302,2,0,209407
141303,1,0,209408
141304,1,0,209409
141305,1,0,209410
141306,2,0,209412
141307,2,0,209414
141308,1,0,209415
141309,1,0,209416
141310,1,0,209417
141311,1,0,209418
141312,1,0,209419
141313,1,0,209420
141314,2,0,209422
141315,1,0,209423
141316,1,0,209424
141317,1,0,209425
141318,2,0,209427
141319,4,0,209431
141320,1,0,209432
141321,1,0,209433
141322,2,0,209435
141323,1,0,209436
141324,1,0,209437
141325,1,0,209438
141326,1,0,209439
141327,1,0,209440
141328,1,0,209441
141329,1,0,209442
141330,1,0,209443
141331,1,0,209444
141332,1,0,209445
141333,3,0,209448
141334,3,0,209451
141335,1,0,209452
141336,1,0,209453
141337,2,0,209455
141338,1,0,209456
141339,1,0,209457
141340,2,0,209459
141341,1,0,209460
141342,1,0,209461
141343,1,0,209462
141344,1,0,209463
141345,2,0,209465
141346,1,0,209466
141347,1,0,209467
141348,1,0,209468
141349,1,0,209469
141350,2,0,209471
141351,1,0,209472
141352,1,0,209473
141353,2,0,209475
141354,2,0,209477
141355,1,0,209478
141356,1,0,209479
141357,1,0,209480
141358,1,0,209481
141359,2,0,209483
141360,1,0,209484
141361,1,0,209485
141362,1,0,209486
141363,2,0,209488
141364,1,0,209489
141365,1,0,209490
141366,1,0,209491
141367,2,0,209493
141368,2,0,209495
141369,1,0,209496
141370,1,0,209497
141371,2,0,209499
141372,2,0,209501
141373,1,0,209502
141374,3,0,209505
141375,1,0,209506
141376,2,0,209508
141377,3,0,209511
141378,1,0,209512
141379,1,0,209513
141380,1,0,209514
141381,1,0,209515
141382,1,0,209516
141383,3,0,209519
141384,1,0,209520
141385,1,0,209521
141386,1,0,209522
141387,2,0,209524
141388,1,0,209525
141389,1,0,209526
141390,3,0,209529
141391,1,0,209530
141392,3,0,209533
141393,1,0,209534
141394,1,0,209535
141395,1,0,209536
141396,1,0,209537
141397,2,0,209539
141398,2,0,209541
141399,1,0,209542
141400,1,0,209543
141401,1,0,209544
141402,1,0,209545
141403,1,0,209546
141404,1,0,209547
141405,1,0,209548
141406,2,0,209550
141407,1,0,209551
141408,1,0,209552
141409,1,0,209553
141410,1,0,209554
141411,1,0,209555
141412,1,0,209556
141413,1,0,209557
141414,1,0,209558
141415,2,0,209560
141416,1,0,209561
141417,1,0,209562
141418,1,0,209563
141419,2,0,209565
141420,1,0,209566
141421,1,0,209567
141422,1,0,209568
141423,2,0,209570
141424,2,0,209572
141425,1,0,209573
141426,1,0,209574
141427,2,0,209576
141428,1,0,209577
141429,1,0,209578
141430,2,0,209580
141431,1,0,209581
141432,1,0,209582
141433,2,0,209584
141434,1,0,209585
141435,2,0,209587
141436,1,0,209588
141437,4,0,209592
141438,2,0,209594
141439,2,0,209596
141440,1,0,209597
141441,2,0,209599
141442,1,0,209600
141443,1,0,209601
141444,3,0,209604
141445,1,0,209605
141446,3,0,209608
141447,1,0,209609
141448,1,0,209610
141449,1,0,209611
141450,1,0,209612
141451,2,0,209614
141452,1,0,209615
141453,1,0,209616
141454,1,0,209617
141455,2,0,209619
141456,4,0,209623
141457,1,0,209624
141458,2,0,209626
141459,2,0,209628
141460,4,0,209632
141461,1,0,209633
141462,1,0,209634
141463,1,0,209635
141464,1,0,209636
141465,1,0,209637
141466,1,0,209638
141467,1,0,209639
141468,1,0,209640
141469,1,0,209641
141470,1,0,209642
141471,1,0,209643
141472,1,0,209644
141473,1,0,209645
141474,1,0,209646
141475,1,0,209647
141476,1,0,209648
141477,3,0,209651
141478,1,0,209652
141479,1,0,209653
141480,1,0,209654
141481,1,0,209655
141482,1,0,209656
141483,1,0,209657
141484,1,0,209658
141485,2,0,209660
141486,1,0,209661
141487,1,0,209662
141488,1,0,209663
141489,1,0,209664
141490,1,0,209665
141491,2,0,209667
141492,1,0,209668
141493,1,0,209669
141494,2,0,209671
141495,1,0,209672
141496,1,0,209673
141497,1,0,209674
141498,1,0,209675
141499,1,0,209676
141500,1,0,209677
141501,1,0,209678
141502,1,0,209679
141503,1,0,209680
141504,1,0,209681
141505,1,0,209682
141506,1,0,209683
141507,1,0,209684
141508,1,0,209685
141509,1,0,209686
141510,1,0,209687
141511,1,0,209688
141512,1,0,209689
141513,2,0,209691
141514,1,0,209692
141515,1,0,209693
141516,1,0,209694
141517,1,0,209695
141518,1,0,209696
141519,1,0,209697
141520,1,0,209698
141521,1,0,209699
141522,1,0,209700
141523,1,0,209701
141524,1,0,209702
141525,1,0,209703
141526,2,0,209705
141527,2,0,209707
141528,1,0,209708
141529,1,0,209709
141530,1,0,209710
141531,1,0,209711
141532,2,0,209713
141533,1,0,209714
141534,1,0,209715
141535,1,0,209716
141536,1,0,209717
141537,1,0,209718
141538,3,0,209721
141539,1,0,209722
141540,1,0,209723
141541,1,0,209724
141542,1,0,209725
141543,1,0,209726
141544,1,0,209727
141545,1,0,209728
141546,1,0,209729
141547,1,0,209730
141548,2,0,209732
141549,1,0,209733
141550,1,0,209734
141551,2,0,209736
141552,1,0,209737
141553,1,0,209738
141554,1,0,209739
141555,1,0,209740
141556,1,0,209741
141557,1,0,209742
141558,2,0,209744
141559,1,0,209745
141560,2,0,209747
141561,2,0,209749
141562,1,0,209750
141563,1,0,209751
141564,1,0,209752
141565,1,0,209753
141566,1,0,209754
141567,1,0,209755
141568,1,0,209756
141569,1,0,209757
141570,1,0,209758
141571,1,0,209759
141572,1,0,209760
141573,1,0,209761
141574,1,0,209762
141575,1,0,209763
141576,1,0,209764
141577,1,0,209765
141578,2,0,209767
141579,1,0,209768
141580,1,0,209769
141581,1,0,209770
141582,1,0,209771
141583,2,0,209773
141584,1,0,209774
141585,2,0,209776
141586,1,0,209777
141587,1,0,209778
141588,1,0,209779
141589,1,0,209780
141590,1,0,209781
141591,1,0,209782
141592,2,0,209784
141593,1,0,209785
141594,1,0,209786
141595,1,0,209787
141596,1,0,209788
141597,1,0,209789
141598,2,0,209791
141599,1,0,209792
141600,1,0,209793
141601,2,0,209795
141602,1,0,209796
141603,1,0,209797
141604,2,0,209799
141605,1,0,209800
141606,3,0,209803
141607,1,0,209804
141608,1,0,209805
141609,1,0,209806
141610,1,0,209807
141611,2,0,209809
141612,1,0,209810
141613,1,0,209811
141614,1,0,209812
141615,2,0,209814
141616,1,0,209815
141617,4,0,209819
141618,1,0,209820
141619,2,0,209822
141620,1,0,209823
141621,1,0,209824
141622,3,0,209827
141623,1,0,209828
141624,1,0,209829
141625,2,0,209831
141626,4,0,209835
141627,2,0,209837
141628,2,0,209839
141629,1,0,209840
141630,1,0,209841
141631,2,0,209843
141632,1,0,209844
141633,1,0,209845
141634,2,0,209847
141635,1,0,209848
141636,2,0,209850
141637,1,0,209851
141638,1,0,209852
141639,1,0,209853
141640,1,0,209854
141641,1,0,209855
141642,1,0,209856
141643,1,0,209857
141644,1,0,209858
141645,1,0,209859
141646,1,0,209860
141647,2,0,209862
141648,1,0,209863
141649,1,0,209864
141650,2,0,209866
141651,1,0,209867
141652,1,0,209868
141653,2,0,209870
141654,1,0,209871
141655,2,0,209873
141656,1,0,209874
141657,1,0,209875
141658,1,0,209876
141659,1,0,209877
141660,1,0,209878
141661,1,0,209879
141662,1,0,209880
141663,1,0,209881
141664,1,0,209882
141665,1,0,209883
141666,2,0,209885
141667,1,0,209886
141668,1,0,209887
141669,1,0,209888
141670,2,0,209890
141671,1,0,209891
141672,1,0,209892
141673,1,0,209893
141674,5,0,209898
141675,11,0,209909
141676,1,0,209910
141677,1,0,209911
141678,2,0,209913
141679,1,0,209914
141680,1,0,209915
141681,1,0,209916
141682,1,0,209917
141683,1,0,209918
141684,1,0,209919
141685,4,0,209923
141686,1,0,209924
141687,1,0,209925
141688,2,0,209927
141689,1,0,209928
141690,1,0,209929
141691,1,0,209930
141692,1,0,209931
141693,1,0,209932
141694,2,0,209934
141695,1,0,209935
141696,1,0,209936
141697,4,0,209940
141698,1,0,209941
141699,1,0,209942
141700,1,0,209943
141701,1,0,209944
141702,1,0,209945
141703,1,0,209946
141704,1,0,209947
141705,1,0,209948
141706,2,0,209950
141707,1,0,209951
141708,1,0,209952
141709,1,0,209953
141710,1,0,209954
141711,1,0,209955
141712,1,0,209956
141713,2,0,209958
141714,1,0,209959
141715,1,0,209960
141716,1,0,209961
141717,1,0,209962
141718,1,0,209963
141719,1,0,209964
141720,1,0,209965
141721,1,0,209966
141722,1,0,209967
141723,1,0,209968
141724,2,0,209970
141725,1,0,209971
141726,1,0,209972
141727,1,0,209973
141728,3,0,209976
141729,1,0,209977
141730,1,0,209978
141731,1,0,209979
141732,1,0,209980
141733,1,0,209981
141734,1,0,209982
141735,1,0,209983
141736,2,0,209985
141737,2,0,209987
141738,2,0,209989
141739,1,0,209990
141740,2,0,209992
141741,1,0,209993
141742,2,0,209995
141743,1,0,209996
141744,2,0,209998
141745,1,0,209999
141746,1,0,210000
141747,1,0,210001
141748,1,0,210002
141749,2,0,210004
141750,2,0,210006
141751,3,0,210009
141752,1,0,210010
141753,1,0,210011
141754,1,0,210012
141755,1,0,210013
141756,1,0,210014
141757,1,0,210015
141758,1,0,210016
141759,1,0,210017
141760,1,0,210018
141761,4,0,210022
141762,1,0,210023
141763,1,0,210024
141764,1,0,210025
141765,1,0,210026
141766,1,0,210027
141767,2,0,210029
141768,3,0,210032
141769,1,0,210033
141770,3,0,210036
141771,1,0,210037
141772,2,0,210039
141773,1,0,210040
141774,1,0,210041
141775,1,0,210042
141776,1,0,210043
141777,1,0,210044
141778,1,0,210045
141779,1,0,210046
141780,1,0,210047
141781,1,0,210048
141782,1,0,210049
141783,1,0,210050
141784,3,0,210053
141785,1,0,210054
141786,1,0,210055
141787,1,0,210056
141788,2,0,210058
141789,1,0,210059
141790,1,0,210060
141791,1,0,210061
141792,1,0,210062
141793,1,0,210063
141794,1,0,210064
141795,2,0,210066
141796,1,0,210067
141797,1,0,210068
141798,1,0,210069
141799,1,0,210070
141800,2,0,210072
141801,1,0,210073
141802,1,0,210074
141803,1,0,210075
141804,1,0,210076
141805,1,0,210077
141806,1,0,210078
141807,1,0,210079
141808,2,0,210081
141809,1,0,210082
141810,1,0,210083
141811,1,0,210084
141812,2,0,210086
141813,1,0,210087
141814,1,0,210088
141815,4,0,210092
141816,3,0,210095
141817,1,0,210096
141818,1,0,210097
141819,1,0,210098
141820,1,0,210099
141821,1,0,210100
141822,2,0,210102
141823,1,0,210103
141824,1,0,210104
141825,1,0,210105
141826,1,0,210106
141827,1,0,210107
141828,1,0,210108
141829,1,0,210109
141830,1,0,210110
141831,1,0,210111
141832,4,0,210115
141833,2,0,210117
141834,1,0,210118
141835,1,0,210119
141836,1,0,210120
141837,1,0,210121
141838,3,0,210124
141839,1,0,210125
141840,2,0,210127
141841,1,0,210128
141842,1,0,210129
141843,1,0,210130
141844,1,0,210131
141845,1,0,210132
141846,1,0,210133
141847,1,0,210134
141848,1,0,210135
141849,2,0,210137
141850,1,0,210138
141851,1,0,210139
141852,1,0,210140
141853,2,0,210142
141854,3,0,210145
141855,2,0,210147
141856,1,0,210148
141857,1,0,210149
141858,1,0,210150
141859,1,0,210151
141860,1,0,210152
141861,1,0,210153
141862,1,0,210154
141863,1,0,210155
141864,1,0,210156
141865,2,0,210158
141866,2,0,210160
141867,1,0,210161
141868,1,0,210162
141869,1,0,210163
141870,1,0,210164
141871,1,0,210165
141872,3,0,210168
141873,1,0,210169
141874,12,0,210181
141875,1,0,210182
141876,1,0,210183
141877,2,0,210185
141878,2,0,210187
141879,1,0,210188
141880,1,0,210189
141881,1,0,210190
141882,1,0,210191
141883,1,0,210192
141884,1,0,210193
141885,1,0,210194
141886,2,0,210196
141887,1,0,210197
141888,1,0,210198
141889,2,0,210200
141890,1,0,210201
141891,1,0,210202
141892,1,0,210203
141893,1,0,210204
141894,1,0,210205
141895,1,0,210206
141896,1,0,210207
141897,3,0,210210
141898,1,0,210211
141899,1,0,210212
141900,3,0,210215
141901,1,0,210216
141902,1,0,210217
141903,1,0,210218
141904,1,0,210219
141905,1,0,210220
141906,1,0,210221
141907,1,0,210222
141908,2,0,210224
141909,1,0,210225
141910,1,0,210226
141911,2,0,210228
141912,2,0,210230
141913,2,0,210232
141914,1,0,210233
141915,1,0,210234
141916,1,0,210235
141917,1,0,210236
141918,1,0,210237
141919,1,0,210238
141920,1,0,210239
141921,1,0,210240
141922,1,0,210241
141923,1,0,210242
141924,1,0,210243
141925,1,0,210244
141926,1,0,210245
141927,1,0,210246
141928,1,0,210247
141929,1,0,210248
141930,2,0,210250
141931,2,0,210252
141932,1,0,210253
141933,1,0,210254
141934,1,0,210255
141935,1,0,210256
141936,1,0,210257
141937,1,0,210258
141938,1,0,210259
141939,1,0,210260
141940,1,0,210261
141941,1,0,210262
141942,2,0,210264
141943,3,0,210267
141944,3,0,210270
141945,1,0,210271
141946,1,0,210272
141947,1,0,210273
141948,1,0,210274
141949,1,0,210275
141950,2,0,210277
141951,1,0,210278
141952,1,0,210279
141953,2,0,210281
141954,1,0,210282
141955,2,0,210284
141956,1,0,210285
141957,1,0,210286
141958,1,0,210287
141959,1,0,210288
141960,1,0,210289
141961,2,0,210291
141962,3,0,210294
141963,1,0,210295
141964,1,0,210296
141965,2,0,210298
141966,1,0,210299
141967,1,0,210300
141968,1,0,210301
141969,1,0,210302
141970,1,0,210303
141971,1,0,210304
141972,2,0,210306
141973,1,0,210307
141974,1,0,210308
141975,1,0,210309
141976,1,0,210310
141977,2,0,210312
141978,1,0,210313
141979,1,0,210314
141980,1,0,210315
141981,1,0,210316
141982,1,0,210317
141983,2,0,210319
141984,1,0,210320
141985,1,0,210321
141986,1,0,210322
141987,1,0,210323
141988,3,0,210326
141989,1,0,210327
141990,1,0,210328
141991,1,0,210329
141992,4,0,210333
141993,2,0,210335
141994,3,0,210338
141995,1,0,210339
141996,4,0,210343
141997,1,0,210344
141998,1,0,210345
141999,1,0,210346
142000,2,0,210348
142001,1,0,210349
142002,2,0,210351
142003,1,0,210352
142004,1,0,210353
142005,1,0,210354
142006,1,0,210355
142007,1,0,210356
142008,1,0,210357
142009,1,0,210358
142010,2,0,210360
142011,1,0,210361
142012,1,0,210362
142013,1,0,210363
142014,1,0,210364
142015,1,0,210365
142016,1,0,210366
142017,2,0,210368
142018,2,0,210370
142019,1,0,210371
142020,2,0,210373
142021,1,0,210374
142022,1,0,210375
142023,2,0,210377
142024,1,0,210378
142025,1,0,210379
142026,1,0,210380
142027,1,0,210381
142028,1,0,210382
142029,2,0,210384
142030,1,0,210385
142031,2,0,210387
142032,4,0,210391
142033,1,0,210392
142034,1,0,210393
142035,2,0,210395
142036,1,0,210396
142037,1,0,210397
142038,1,0,210398
142039,1,0,210399
142040,1,0,210400
142041,1,0,210401
142042,1,0,210402
142043,1,0,210403
142044,1,0,210404
142045,1,0,210405
142046,2,0,210407
142047,1,0,210408
142048,1,0,210409
142049,1,0,210410
142050,2,0,210412
142051,1,0,210413
142052,3,0,210416
142053,1,0,210417
142054,3,0,210420
142055,1,0,210421
142056,1,0,210422
142057,1,0,210423
142058,1,0,210424
142059,1,0,210425
142060,1,0,210426
142061,2,0,210428
142062,2,0,210430
142063,1,0,210431
142064,2,0,210433
142065,2,0,210435
142066,1,0,210436
142067,3,0,210439
142068,1,0,210440
142069,2,0,210442
142070,1,0,210443
142071,2,0,210445
142072,1,0,210446
142073,2,0,210448
142074,1,0,210449
142075,1,0,210450
142076,2,0,210452
142077,1,0,210453
142078,1,0,210454
142079,1,0,210455
142080,1,0,210456
142081,1,0,210457
142082,1,0,210458
142083,1,0,210459
142084,1,0,210460
142085,1,0,210461
142086,3,0,210464
142087,1,0,210465
142088,1,0,210466
142089,1,0,210467
142090,1,0,210468
142091,1,0,210469
142092,1,0,210470
142093,3,0,210473
142094,1,0,210474
142095,2,0,210476
142096,1,0,210477
142097,1,0,210478
142098,1,0,210479
142099,4,0,210483
142100,1,0,210484
142101,1,0,210485
142102,1,0,210486
142103,1,0,210487
142104,1,0,210488
142105,1,0,210489
142106,2,0,210491
142107,1,0,210492
142108,1,0,210493
142109,1,0,210494
142110,1,0,210495
142111,1,0,210496
142112,2,0,210498
142113,1,0,210499
142114,1,0,210500
142115,1,0,210501
142116,1,0,210502
142117,1,0,210503
142118,1,0,210504
142119,1,0,210505
142120,1,0,210506
142121,1,0,210507
142122,1,0,210508
142123,1,0,210509
142124,1,0,210510
142125,1,0,210511
142126,1,0,210512
142127,1,0,210513
142128,1,0,210514
142129,1,0,210515
142130,1,0,210516
142131,1,0,210517
142132,1,0,210518
142133,1,0,210519
142134,1,0,210520
142135,1,0,210521
142136,4,0,210525
142137,2,0,210527
142138,1,0,210528
142139,1,0,210529
142140,1,0,210530
142141,1,0,210531
142142,1,0,210532
142143,1,0,210533
142144,1,0,210534
142145,1,0,210535
142146,1,0,210536
142147,1,0,210537
142148,1,0,210538
142149,1,0,210539
142150,1,0,210540
142151,1,0,210541
142152,2,0,210543
142153,2,0,210545
142154,2,0,210547
142155,1,0,210548
142156,1,0,210549
142157,1,0,210550
142158,1,0,210551
142159,1,0,210552
142160,1,0,210553
142161,1,0,210554
142162,1,0,210555
142163,1,0,210556
142164,2,0,210558
142165,2,0,210560
142166,1,0,210561
142167,1,0,210562
142168,1,0,210563
142169,2,0,210565
142170,1,0,210566
142171,1,0,210567
142172,1,0,210568
142173,2,0,210570
142174,1,0,210571
142175,1,0,210572
142176,1,0,210573
142177,1,0,210574
142178,1,0,210575
142179,2,0,210577
142180,1,0,210578
142181,1,0,210579
142182,1,0,210580
142183,1,0,210581
142184,1,0,210582
142185,1,0,210583
142186,1,0,210584
142187,1,0,210585
142188,2,0,210587
142189,1,0,210588
142190,1,0,210589
142191,2,0,210591
142192,2,0,210593
142193,2,0,210595
142194,1,0,210596
142195,1,0,210597
142196,1,0,210598
142197,2,0,210600
142198,1,0,210601
142199,1,0,210602
142200,2,0,210604
142201,1,0,210605
142202,1,0,210606
142203,1,0,210607
142204,1,0,210608
142205,1,0,210609
142206,1,0,210610
142207,1,0,210611
142208,3,0,210614
142209,1,0,210615
142210,1,0,210616
142211,1,0,210617
142212,1,0,210618
142213,1,0,210619
142214,1,0,210620
142215,1,0,210621
142216,1,0,210622
142217,1,0,210623
142218,1,0,210624
142219,1,0,210625
142220,2,0,210627
142221,1,0,210628
142222,2,0,210630
142223,1,0,210631
142224,1,0,210632
142225,2,0,210634
142226,1,0,210635
142227,1,0,210636
142228,1,0,210637
142229,1,0,210638
142230,1,0,210639
142231,1,0,210640
142232,1,0,210641
142233,1,0,210642
142234,1,0,210643
142235,1,0,210644
142236,1,0,210645
142237,1,0,210646
142238,1,0,210647
142239,1,0,210648
142240,1,0,210649
142241,1,0,210650
142242,1,0,210651
142243,3,0,210654
142244,1,0,210655
142245,2,0,210657
142246,1,0,210658
142247,1,0,210659
142248,1,0,210660
142249,1,0,210661
142250,1,0,210662
142251,2,0,210664
142252,1,0,210665
142253,1,0,210666
142254,2,0,210668
142255,1,0,210669
142256,1,0,210670
142257,1,0,210671
142258,1,0,210672
142259,1,0,210673
142260,2,0,210675
142261,1,0,210676
142262,1,0,210677
142263,1,0,210678
142264,1,0,210679
142265,1,0,210680
142266,1,0,210681
142267,3,0,210684
142268,3,0,210687
142269,1,0,210688
142270,1,0,210689
142271,1,0,210690
142272,2,0,210692
142273,1,0,210693
142274,1,0,210694
142275,1,0,210695
142276,1,0,210696
142277,1,0,210697
142278,1,0,210698
142279,1,0,210699
142280,2,0,210701
142281,2,0,210703
142282,1,0,210704
142283,1,0,210705
142284,1,0,210706
142285,2,0,210708
142286,2,0,210710
142287,1,0,210711
142288,2,0,210713
142289,1,0,210714
142290,1,0,210715
142291,2,0,210717
142292,1,0,210718
142293,4,0,210722
142294,1,0,210723
142295,3,0,210726
142296,1,0,210727
142297,1,0,210728
142298,1,0,210729
142299,2,0,210731
142300,1,0,210732
142301,1,0,210733
142302,1,0,210734
142303,2,0,210736
142304,2,0,210738
142305,1,0,210739
142306,2,0,210741
142307,1,0,210742
142308,2,0,210744
142309,1,0,210745
142310,2,0,210747
142311,2,0,210749
142312,1,0,210750
142313,4,0,210754
142314,1,0,210755
142315,1,0,210756
142316,2,0,210758
142317,1,0,210759
142318,2,0,210761
142319,1,0,210762
142320,2,0,210764
142321,1,0,210765
142322,1,0,210766
142323,1,0,210767
142324,2,0,210769
142325,2,0,210771
142326,1,0,210772
142327,1,0,210773
142328,1,0,210774
142329,1,0,210775
142330,3,0,210778
142331,1,0,210779
142332,2,0,210781
142333,1,0,210782
142334,1,0,210783
142335,1,0,210784
142336,1,0,210785
142337,1,0,210786
142338,1,0,210787
142339,2,0,210789
142340,1,0,210790
142341,3,0,210793
142342,1,0,210794
142343,1,0,210795
142344,1,0,210796
142345,1,0,210797
142346,2,0,210799
142347,3,0,210802
142348,1,0,210803
142349,1,0,210804
142350,1,0,210805
142351,1,0,210806
142352,1,0,210807
142353,1,0,210808
142354,2,0,210810
142355,1,0,210811
142356,1,0,210812
142357,2,0,210814
142358,1,0,210815
142359,1,0,210816
142360,1,0,210817
142361,1,0,210818
142362,1,0,210819
142363,1,0,210820
142364,4,0,210824
142365,1,0,210825
142366,1,0,210826
142367,3,0,210829
142368,2,0,210831
142369,2,0,210833
142370,2,0,210835
142371,1,0,210836
142372,1,0,210837
142373,2,0,210839
142374,1,0,210840
142375,1,0,210841
142376,1,0,210842
142377,1,0,210843
142378,1,0,210844
142379,2,0,210846
142380,1,0,210847
142381,1,0,210848
142382,1,0,210849
142383,1,0,210850
142384,1,0,210851
142385,2,0,210853
142386,1,0,210854
142387,1,0,210855
142388,1,0,210856
142389,2,0,210858
142390,1,0,210859
142391,4,0,210863
142392,1,0,210864
142393,1,0,210865
142394,1,0,210866
142395,1,0,210867
142396,1,0,210868
142397,1,0,210869
142398,1,0,210870
142399,1,0,210871
142400,1,0,210872
142401,1,0,210873
142402,1,0,210874
142403,1,0,210875
142404,1,0,210876
142405,1,0,210877
142406,1,0,210878
142407,1,0,210879
142408,1,0,210880
142409,1,0,210881
142410,1,0,210882
142411,3,0,210885
142412,2,0,210887
142413,1,0,210888
142414,1,0,210889
142415,1,0,210890
142416,1,0,210891
142417,1,0,210892
142418,1,0,210893
142419,1,0,210894
142420,1,0,210895
142421,2,0,210897
142422,1,0,210898
142423,1,0,210899
142424,1,0,210900
142425,1,0,210901
142426,1,0,210902
142427,1,0,210903
142428,1,0,210904
142429,1,0,210905
142430,1,0,210906
142431,1,0,210907
142432,1,0,210908
142433,2,0,210910
142434,1,0,210911
142435,1,0,210912
142436,1,0,210913
142437,1,0,210914
142438,1,0,210915
142439,1,0,210916
142440,2,0,210918
142441,1,0,210919
142442,1,0,210920
142443,1,0,210921
142444,1,0,210922
142445,1,0,210923
142446,2,0,210925
142447,1,0,210926
142448,2,0,210928
142449,1,0,210929
142450,2,0,210931
142451,1,0,210932
142452,2,0,210934
142453,1,0,210935
142454,1,0,210936
142455,1,0,210937
142456,1,0,210938
142457,1,0,210939
142458,1,0,210940
142459,2,0,210942
142460,1,0,210943
142461,1,0,210944
142462,1,0,210945
142463,1,0,210946
142464,1,0,210947
142465,1,0,210948
142466,1,0,210949
142467,2,0,210951
142468,1,0,210952
142469,1,0,210953
142470,3,0,210956
142471,1,0,210957
142472,1,0,210958
142473,2,0,210960
142474,1,0,210961
142475,1,0,210962
142476,2,0,210964
142477,1,0,210965
142478,1,0,210966
142479,1,0,210967
142480,2,0,210969
142481,2,0,210971
142482,1,0,210972
142483,1,0,210973
142484,2,0,210975
142485,1,0,210976
142486,1,0,210977
142487,1,0,210978
142488,2,0,210980
142489,1,0,210981
142490,1,0,210982
142491,2,0,210984
142492,1,0,210985
142493,1,0,210986
142494,1,0,210987
142495,1,0,210988
142496,2,0,210990
142497,1,0,210991
142498,1,0,210992
142499,1,0,210993
142500,4,0,210997
142501,3,0,211000
142502,1,0,211001
142503,1,0,211002
142504,1,0,211003
142505,3,0,211006
142506,1,0,211007
142507,1,0,211008
142508,1,0,211009
142509,1,0,211010
142510,1,0,211011
142511,1,0,211012
142512,2,0,211014
142513,1,0,211015
142514,1,0,211016
142515,1,0,211017
142516,2,0,211019
142517,1,0,211020
142518,1,0,211021
142519,2,0,211023
142520,1,0,211024
142521,1,0,211025
142522,2,0,211027
142523,2,0,211029
142524,1,0,211030
142525,1,0,211031
142526,1,0,211032
142527,1,0,211033
142528,1,0,211034
142529,1,0,211035
142530,2,0,211037
142531,2,0,211039
142532,4,0,211043
142533,1,0,211044
142534,1,0,211045
142535,1,0,211046
142536,1,0,211047
142537,1,0,211048
142538,1,0,211049
142539,1,0,211050
142540,1,0,211051
142541,1,0,211052
142542,1,0,211053
142543,1,0,211054
142544,1,0,211055
142545,2,0,211057
142546,1,0,211058
142547,1,0,211059
142548,1,0,211060
142549,1,0,211061
142550,1,0,211062
142551,1,0,211063
142552,1,0,211064
142553,1,0,211065
142554,2,0,211067
142555,1,0,211068
142556,2,0,211070
142557,1,0,211071
142558,1,0,211072
142559,5,0,211077
142560,1,0,211078
142561,2,0,211080
142562,1,0,211081
142563,1,0,211082
142564,1,0,211083
142565,1,0,211084
142566,1,0,211085
142567,1,0,211086
142568,1,0,211087
142569,3,0,211090
142570,1,0,211091
142571,1,0,211092
142572,1,0,211093
142573,2,0,211095
142574,1,0,211096
142575,1,0,211097
142576,2,0,211099
142577,1,0,211100
142578,1,0,211101
142579,1,0,211102
142580,2,0,211104
142581,2,0,211106
142582,1,0,211107
142583,1,0,211108
142584,1,0,211109
142585,1,0,211110
142586,1,0,211111
142587,2,0,211113
142588,1,0,211114
142589,1,0,211115
142590,1,0,211116
142591,1,0,211117
142592,1,0,211118
142593,2,0,211120
142594,1,0,211121
142595,1,0,211122
142596,2,0,211124
142597,1,0,211125
142598,1,0,211126
142599,2,0,211128
142600,1,0,211129
142601,3,0,211132
142602,1,0,211133
142603,1,0,211134
142604,1,0,211135
142605,1,0,211136
142606,4,0,211140
142607,2,0,211142
142608,2,0,211144
142609,1,0,211145
142610,2,0,211147
142611,1,0,211148
142612,1,0,211149
142613,1,0,211150
142614,1,0,211151
142615,1,0,211152
142616,1,0,211153
142617,3,0,211156
142618,1,0,211157
142619,2,0,211159
142620,2,0,211161
142621,2,0,211163
142622,1,0,211164
142623,1,0,211165
142624,1,0,211166
142625,1,0,211167
142626,3,0,211170
142627,1,0,211171
142628,1,0,211172
142629,1,0,211173
142630,1,0,211174
142631,1,0,211175
142632,1,0,211176
142633,2,0,211178
142634,2,0,211180
142635,3,0,211183
142636,1,0,211184
142637,1,0,211185
142638,1,0,211186
142639,3,0,211189
142640,1,0,211190
142641,1,0,211191
142642,1,0,211192
142643,1,0,211193
142644,1,0,211194
142645,1,0,211195
142646,1,0,211196
142647,2,0,211198
142648,1,0,211199
142649,1,0,211200
142650,1,0,211201
142651,2,0,211203
142652,1,0,211204
142653,1,0,211205
142654,2,0,211207
142655,1,0,211208
142656,1,0,211209
142657,1,0,211210
142658,1,0,211211
142659,2,0,211213
142660,1,0,211214
142661,1,0,211215
142662,2,0,211217
142663,2,0,211219
142664,1,0,211220
142665,1,0,211221
142666,1,0,211222
142667,3,0,211225
142668,1,0,211226
142669,1,0,211227
142670,1,0,211228
142671,2,0,211230
142672,1,0,211231
142673,1,0,211232
142674,2,0,211234
142675,1,0,211235
142676,1,0,211236
142677,1,0,211237
142678,1,0,211238
142679,2,0,211240
142680,2,0,211242
142681,1,0,211243
142682,1,0,211244
142683,1,0,211245
142684,2,0,211247
142685,1,0,211248
142686,1,0,211249
142687,1,0,211250
142688,1,0,211251
142689,1,0,211252
142690,1,0,211253
142691,2,0,211255
142692,1,0,211256
142693,2,0,211258
142694,2,0,211260
142695,1,0,211261
142696,1,0,211262
142697,1,0,211263
142698,1,0,211264
142699,1,0,211265
142700,1,0,211266
142701,1,0,211267
142702,1,0,211268
142703,1,0,211269
142704,2,0,211271
142705,1,0,211272
142706,1,0,211273
142707,2,0,211275
142708,1,0,211276
142709,2,0,211278
142710,1,0,211279
142711,1,0,211280
142712,4,0,211284
142713,1,0,211285
142714,1,0,211286
142715,1,0,211287
142716,1,0,211288
142717,3,0,211291
142718,1,0,211292
142719,1,0,211293
142720,1,0,211294
142721,1,0,211295
142722,1,0,211296
142723,1,0,211297
142724,2,0,211299
142725,1,0,211300
142726,1,0,211301
142727,1,0,211302
142728,2,0,211304
142729,1,0,211305
142730,1,0,211306
142731,1,0,211307
142732,1,0,211308
142733,1,0,211309
142734,1,0,211310
142735,2,0,211312
142736,1,0,211313
142737,1,0,211314
142738,1,0,211315
142739,1,0,211316
142740,1,0,211317
142741,1,0,211318
142742,1,0,211319
142743,1,0,211320
142744,1,0,211321
142745,3,0,211324
142746,1,0,211325
142747,1,0,211326
142748,1,0,211327
142749,1,0,211328
142750,1,0,211329
142751,1,0,211330
142752,1,0,211331
142753,1,0,211332
142754,1,0,211333
142755,1,0,211334
142756,1,0,211335
142757,3,0,211338
142758,1,0,211339
142759,3,0,211342
142760,1,0,211343
142761,1,0,211344
142762,1,0,211345
142763,1,0,211346
142764,1,0,211347
142765,1,0,211348
142766,1,0,211349
142767,1,0,211350
142768,1,0,211351
142769,1,0,211352
142770,2,0,211354
142771,1,0,211355
142772,1,0,211356
142773,1,0,211357
142774,1,0,211358
142775,1,0,211359
142776,1,0,211360
142777,1,0,211361
142778,1,0,211362
142779,1,0,211363
142780,1,0,211364
142781,2,0,211366
142782,1,0,211367
142783,1,0,211368
142784,2,0,211370
142785,1,0,211371
142786,1,0,211372
142787,1,0,211373
142788,1,0,211374
142789,1,0,211375
142790,2,0,211377
142791,1,0,211378
142792,1,0,211379
142793,1,0,211380
142794,3,0,211383
142795,1,0,211384
142796,1,0,211385
142797,2,0,211387
142798,1,0,211388
142799,1,0,211389
142800,1,0,211390
142801,4,0,211394
142802,1,0,211395
142803,2,0,211397
142804,2,0,211399
142805,1,0,211400
142806,1,0,211401
142807,2,0,211403
142808,1,0,211404
142809,1,0,211405
142810,3,0,211408
142811,1,0,211409
142812,2,0,211411
142813,1,0,211412
142814,1,0,211413
142815,3,0,211416
142816,1,0,211417
142817,1,0,211418
142818,1,0,211419
142819,1,0,211420
142820,1,0,211421
142821,2,0,211423
142822,1,0,211424
142823,1,0,211425
142824,1,0,211426
142825,1,0,211427
142826,1,0,211428
142827,3,0,211431
142828,2,0,211433
142829,2,0,211435
142830,1,0,211436
142831,4,0,211440
142832,1,0,211441
142833,1,0,211442
142834,1,0,211443
142835,1,0,211444
142836,1,0,211445
142837,3,0,211448
142838,1,0,211449
142839,1,0,211450
142840,1,0,211451
142841,2,0,211453
142842,2,0,211455
142843,3,0,211458
142844,1,0,211459
142845,1,0,211460
142846,1,0,211461
142847,1,0,211462
142848,1,0,211463
142849,2,0,211465
142850,1,0,211466
142851,1,0,211467
142852,1,0,211468
142853,1,0,211469
142854,1,0,211470
142855,1,0,211471
142856,1,0,211472
142857,1,0,211473
142858,3,0,211476
142859,2,0,211478
142860,1,0,211479
142861,1,0,211480
142862,1,0,211481
142863,2,0,211483
142864,1,0,211484
142865,2,0,211486
142866,1,0,211487
142867,1,0,211488
142868,1,0,211489
142869,3,0,211492
142870,1,0,211493
142871,1,0,211494
142872,1,0,211495
142873,1,0,211496
142874,1,0,211497
142875,1,0,211498
142876,1,0,211499
142877,1,0,211500
142878,1,0,211501
142879,1,0,211502
142880,1,0,211503
142881,1,0,211504
142882,1,0,211505
142883,2,0,211507
142884,2,0,211509
142885,1,0,211510
142886,2,0,211512
142887,1,0,211513
142888,1,0,211514
142889,2,0,211516
142890,1,0,211517
142891,1,0,211518
142892,1,0,211519
142893,1,0,211520
142894,1,0,211521
142895,1,0,211522
142896,1,0,211523
142897,1,0,211524
142898,2,0,211526
142899,1,0,211527
142900,1,0,211528
142901,1,0,211529
142902,2,0,211531
142903,1,0,211532
142904,2,0,211534
142905,2,0,211536
142906,1,0,211537
142907,1,0,211538
142908,1,0,211539
142909,2,0,211541
142910,3,0,211544
142911,1,0,211545
142912,1,0,211546
142913,1,0,211547
142914,1,0,211548
142915,1,0,211549
142916,1,0,211550
142917,1,0,211551
142918,1,0,211552
142919,2,0,211554
142920,3,0,211557
142921,2,0,211559
142922,1,0,211560
142923,2,0,211562
142924,1,0,211563
142925,1,0,211564
142926,1,0,211565
142927,2,0,211567
142928,1,0,211568
142929,3,0,211571
142930,2,0,211573
142931,1,0,211574
142932,2,0,211576
142933,1,0,211577
142934,1,0,211578
142935,1,0,211579
142936,1,0,211580
142937,1,0,211581
142938,2,0,211583
142939,1,0,211584
142940,1,0,211585
142941,1,0,211586
142942,1,0,211587
142943,1,0,211588
142944,2,0,211590
142945,1,0,211591
142946,1,0,211592
142947,2,0,211594
142948,1,0,211595
142949,2,0,211597
142950,1,0,211598
142951,1,0,211599
142952,1,0,211600
142953,2,0,211602
142954,2,0,211604
142955,1,0,211605
142956,1,0,211606
142957,2,0,211608
142958,1,0,211609
142959,1,0,211610
142960,1,0,211611
142961,1,0,211612
142962,1,0,211613
142963,1,0,211614
142964,2,0,211616
142965,1,0,211617
142966,1,0,211618
142967,3,0,211621
142968,1,0,211622
142969,1,0,211623
142970,1,0,211624
142971,1,0,211625
142972,1,0,211626
142973,1,0,211627
142974,3,0,211630
142975,1,0,211631
142976,1,0,211632
142977,1,0,211633
142978,1,0,211634
142979,5,0,211639
142980,1,0,211640
142981,1,0,211641
142982,1,0,211642
142983,1,0,211643
142984,1,0,211644
142985,2,0,211646
142986,1,0,211647
142987,1,0,211648
142988,1,0,211649
142989,1,0,211650
142990,1,0,211651
142991,1,0,211652
142992,1,0,211653
142993,2,0,211655
142994,1,0,211656
142995,1,0,211657
142996,2,0,211659
142997,1,0,211660
142998,1,0,211661
142999,1,0,211662
143000,1,0,211663
143001,1,0,211664
143002,1,0,211665
143003,1,0,211666
143004,1,0,211667
143005,1,0,211668
143006,1,0,211669
143007,1,0,211670
143008,1,0,211671
143009,2,0,211673
143010,1,0,211674
143011,2,0,211676
143012,1,0,211677
143013,1,0,211678
143014,1,0,211679
143015,1,0,211680
143016,1,0,211681
143017,1,0,211682
143018,1,0,211683
143019,1,0,211684
143020,1,0,211685
143021,1,0,211686
143022,1,0,211687
143023,1,0,211688
143024,1,0,211689
143025,1,0,211690
143026,2,0,211692
143027,2,0,211694
143028,1,0,211695
143029,1,0,211696
143030,2,0,211698
143031,1,0,211699
143032,2,0,211701
143033,1,0,211702
143034,1,0,211703
143035,1,0,211704
143036,1,0,211705
143037,3,0,211708
143038,1,0,211709
143039,2,0,211711
143040,1,0,211712
143041,1,0,211713
143042,2,0,211715
143043,1,0,211716
143044,1,0,211717
143045,1,0,211718
143046,1,0,211719
143047,1,0,211720
143048,1,0,211721
143049,1,0,211722
143050,2,0,211724
143051,1,0,211725
143052,1,0,211726
143053,2,0,211728
143054,1,0,211729
143055,3,0,211732
143056,2,0,211734
143057,1,0,211735
143058,2,0,211737
143059,1,0,211738
143060,1,0,211739
143061,1,0,211740
143062,1,0,211741
143063,1,0,211742
143064,4,0,211746
143065,3,0,211749
143066,1,0,211750
143067,1,0,211751
143068,1,0,211752
143069,3,0,211755
143070,1,0,211756
143071,1,0,211757
143072,1,0,211758
143073,1,0,211759
143074,1,0,211760
143075,1,0,211761
143076,1,0,211762
143077,1,0,211763
143078,1,0,211764
143079,2,0,211766
143080,1,0,211767
143081,1,0,211768
143082,1,0,211769
143083,1,0,211770
143084,1,0,211771
143085,1,0,211772
143086,1,0,211773
143087,2,0,211775
143088,1,0,211776
143089,1,0,211777
143090,3,0,211780
143091,1,0,211781
143092,1,0,211782
143093,1,0,211783
143094,1,0,211784
143095,2,0,211786
143096,1,0,211787
143097,2,0,211789
143098,1,0,211790
143099,2,0,211792
143100,1,0,211793
143101,1,0,211794
143102,2,0,211796
143103,1,0,211797
143104,1,0,211798
143105,1,0,211799
143106,2,0,211801
143107,1,0,211802
143108,1,0,211803
143109,1,0,211804
143110,1,0,211805
143111,1,0,211806
143112,1,0,211807
143113,1,0,211808
143114,1,0,211809
143115,2,0,211811
143116,2,0,211813
143117,2,0,211815
143118,1,0,211816
143119,2,0,211818
143120,1,0,211819
143121,1,0,211820
143122,1,0,211821
143123,1,0,211822
143124,2,0,211824
143125,4,0,211828
143126,1,0,211829
143127,1,0,211830
143128,1,0,211831
143129,1,0,211832
143130,1,0,211833
143131,1,0,211834
143132,1,0,211835
143133,2,0,211837
143134,1,0,211838
143135,1,0,211839
143136,3,0,211842
143137,1,0,211843
143138,2,0,211845
143139,1,0,211846
143140,2,0,211848
143141,1,0,211849
143142,1,0,211850
143143,2,0,211852
143144,1,0,211853
143145,1,0,211854
143146,1,0,211855
143147,2,0,211857
143148,3,0,211860
143149,3,0,211863
143150,2,0,211865
143151,1,0,211866
143152,1,0,211867
143153,4,0,211871
143154,2,0,211873
143155,2,0,211875
143156,1,0,211876
143157,1,0,211877
143158,1,0,211878
143159,2,0,211880
143160,1,0,211881
143161,2,0,211883
143162,1,0,211884
143163,2,0,211886
143164,1,0,211887
143165,2,0,211889
143166,1,0,211890
143167,1,0,211891
143168,1,0,211892
143169,1,0,211893
143170,1,0,211894
143171,2,0,211896
143172,1,0,211897
143173,1,0,211898
143174,2,0,211900
143175,2,0,211902
143176,1,0,211903
143177,1,0,211904
143178,2,0,211906
143179,1,0,211907
143180,4,0,211911
143181,1,0,211912
143182,1,0,211913
143183,1,0,211914
143184,1,0,211915
143185,1,0,211916
143186,1,0,211917
143187,1,0,211918
143188,2,0,211920
143189,1,0,211921
143190,2,0,211923
143191,1,0,211924
143192,1,0,211925
143193,1,0,211926
143194,2,0,211928
143195,2,0,211930
143196,1,0,211931
143197,1,0,211932
143198,1,0,211933
143199,2,0,211935
143200,1,0,211936
143201,2,0,211938
143202,1,0,211939
143203,1,0,211940
143204,1,0,211941
143205,1,0,211942
143206,1,0,211943
143207,1,0,211944
143208,1,0,211945
143209,1,0,211946
143210,1,0,211947
143211,2,0,211949
143212,1,0,211950
143213,1,0,211951
143214,1,0,211952
143215,1,0,211953
143216,3,0,211956
143217,1,0,211957
143218,1,0,211958
143219,1,0,211959
143220,3,0,211962
143221,1,0,211963
143222,2,0,211965
143223,1,0,211966
143224,1,0,211967
143225,1,0,211968
143226,1,0,211969
143227,1,0,211970
143228,1,0,211971
143229,1,0,211972
143230,2,0,211974
143231,1,0,211975
143232,2,0,211977
143233,2,0,211979
143234,2,0,211981
143235,1,0,211982
143236,1,0,211983
143237,1,0,211984
143238,1,0,211985
143239,1,0,211986
143240,1,0,211987
143241,1,0,211988
143242,2,0,211990
143243,1,0,211991
143244,2,0,211993
143245,1,0,211994
143246,2,0,211996
143247,1,0,211997
143248,1,0,211998
143249,1,0,211999
143250,2,0,212001
143251,1,0,212002
143252,2,0,212004
143253,2,0,212006
143254,1,0,212007
143255,1,0,212008
143256,1,0,212009
143257,1,0,212010
143258,2,0,212012
143259,1,0,212013
143260,2,0,212015
143261,1,0,212016
143262,1,0,212017
143263,1,0,212018
143264,1,0,212019
143265,1,0,212020
143266,2,0,212022
143267,1,0,212023
143268,1,0,212024
143269,1,0,212025
143270,2,0,212027
143271,1,0,212028
143272,1,0,212029
143273,1,0,212030
143274,1,0,212031
143275,1,0,212032
143276,1,0,212033
143277,1,0,212034
143278,1,0,212035
143279,1,0,212036
143280,1,0,212037
143281,3,0,212040
143282,1,0,212041
143283,1,0,212042
143284,2,0,212044
143285,1,0,212045
143286,1,0,212046
143287,1,0,212047
143288,1,0,212048
143289,1,0,212049
143290,1,0,212050
143291,3,0,212053
143292,1,0,212054
143293,1,0,212055
143294,1,0,212056
143295,1,0,212057
143296,1,0,212058
143297,1,0,212059
143298,2,0,212061
143299,1,0,212062
143300,1,0,212063
143301,1,0,212064
143302,1,0,212065
143303,1,0,212066
143304,1,0,212067
143305,1,0,212068
143306,1,0,212069
143307,1,0,212070
143308,1,0,212071
143309,1,0,212072
143310,1,0,212073
143311,1,0,212074
143312,2,0,212076
143313,2,0,212078
143314,1,0,212079
143315,1,0,212080
143316,1,0,212081
143317,1,0,212082
143318,3,0,212085
143319,2,0,212087
143320,1,0,212088
143321,1,0,212089
143322,1,0,212090
143323,3,0,212093
143324,1,0,212094
143325,1,0,212095
143326,1,0,212096
143327,1,0,212097
143328,1,0,212098
143329,1,0,212099
143330,2,0,212101
143331,1,0,212102
143332,1,0,212103
143333,1,0,212104
143334,1,0,212105
143335,1,0,212106
143336,2,0,212108
143337,1,0,212109
143338,1,0,212110
143339,1,0,212111
143340,1,0,212112
143341,1,0,212113
143342,1,0,212114
143343,2,0,212116
143344,2,0,212118
143345,2,0,212120
143346,1,0,212121
143347,1,0,212122
143348,2,0,212124
143349,1,0,212125
143350,1,0,212126
143351,1,0,212127
143352,1,0,212128
143353,1,0,212129
143354,2,0,212131
143355,1,0,212132
143356,1,0,212133
143357,1,0,212134
143358,1,0,212135
143359,2,0,212137
143360,2,0,212139
143361,1,0,212140
143362,1,0,212141
143363,2,0,212143
143364,1,0,212144
143365,1,0,212145
143366,1,0,212146
143367,1,0,212147
143368,1,0,212148
143369,1,0,212149
143370,2,0,212151
143371,2,0,212153
143372,1,0,212154
143373,1,0,212155
143374,1,0,212156
143375,2,0,212158
143376,1,0,212159
143377,1,0,212160
143378,1,0,212161
143379,1,0,212162
143380,2,0,212164
143381,3,0,212167
143382,1,0,212168
143383,4,0,212172
143384,1,0,212173
143385,1,0,212174
143386,1,0,212175
143387,1,0,212176
143388,2,0,212178
143389,2,0,212180
143390,1,0,212181
143391,1,0,212182
143392,1,0,212183
143393,1,0,212184
143394,1,0,212185
143395,1,0,212186
143396,1,0,212187
143397,2,0,212189
143398,1,0,212190
143399,2,0,212192
143400,1,0,212193
143401,2,0,212195
143402,1,0,212196
143403,1,0,212197
143404,1,0,212198
143405,1,0,212199
143406,1,0,212200
143407,1,0,212201
143408,1,0,212202
143409,4,0,212206
143410,1,0,212207
143411,1,0,212208
143412,1,0,212209
143413,1,0,212210
143414,2,0,212212
143415,1,0,212213
143416,1,0,212214
143417,1,0,212215
143418,4,0,212219
143419,1,0,212220
143420,1,0,212221
143421,1,0,212222
143422,1,0,212223
143423,1,0,212224
143424,1,0,212225
143425,1,0,212226
143426,1,0,212227
143427,2,0,212229
143428,1,0,212230
143429,1,0,212231
143430,1,0,212232
143431,1,0,212233
143432,1,0,212234
143433,1,0,212235
143434,1,0,212236
143435,1,0,212237
143436,1,0,212238
143437,1,0,212239
143438,1,0,212240
143439,2,0,212242
143440,1,0,212243
143441,1,0,212244
143442,2,0,212246
143443,1,0,212247
143444,1,0,212248
143445,1,0,212249
143446,1,0,212250
143447,1,0,212251
143448,2,0,212253
143449,1,0,212254
143450,1,0,212255
143451,1,0,212256
143452,3,0,212259
143453,1,0,212260
143454,1,0,212261
143455,1,0,212262
143456,1,0,212263
143457,1,0,212264
143458,1,0,212265
143459,1,0,212266
143460,1,0,212267
143461,1,0,212268
143462,1,0,212269
143463,1,0,212270
143464,1,0,212271
143465,1,0,212272
143466,1,0,212273
143467,1,0,212274
143468,1,0,212275
143469,1,0,212276
143470,1,0,212277
143471,1,0,212278
143472,2,0,212280
143473,1,0,212281
143474,1,0,212282
143475,1,0,212283
143476,2,0,212285
143477,2,0,212287
143478,1,0,212288
143479,1,0,212289
143480,1,0,212290
143481,1,0,212291
143482,1,0,212292
143483,1,0,212293
143484,1,0,212294
143485,1,0,212295
143486,1,0,212296
143487,1,0,212297
143488,1,0,212298
143489,1,0,212299
143490,2,0,212301
143491,1,0,212302
143492,1,0,212303
143493,2,0,212305
143494,1,0,212306
143495,1,0,212307
143496,1,0,212308
143497,1,0,212309
143498,1,0,212310
143499,1,0,212311
143500,3,0,212314
143501,1,0,212315
143502,2,0,212317
143503,2,0,212319
143504,1,0,212320
143505,1,0,212321
143506,1,0,212322
143507,1,0,212323
143508,1,0,212324
143509,5,0,212329
143510,1,0,212330
143511,1,0,212331
143512,1,0,212332
143513,1,0,212333
143514,2,0,212335
143515,1,0,212336
143516,1,0,212337
143517,1,0,212338
143518,1,0,212339
143519,1,0,212340
143520,1,0,212341
143521,2,0,212343
143522,1,0,212344
143523,1,0,212345
143524,1,0,212346
143525,1,0,212347
143526,1,0,212348
143527,1,0,212349
143528,1,0,212350
143529,1,0,212351
143530,2,0,212353
143531,1,0,212354
143532,2,0,212356
143533,1,0,212357
143534,1,0,212358
143535,1,0,212359
143536,1,0,212360
143537,1,0,212361
143538,2,0,212363
143539,1,0,212364
143540,1,0,212365
143541,1,0,212366
143542,2,0,212368
143543,1,0,212369
143544,1,0,212370
143545,1,0,212371
143546,1,0,212372
143547,1,0,212373
143548,2,0,212375
143549,1,0,212376
143550,2,0,212378
143551,1,0,212379
143552,1,0,212380
143553,1,0,212381
143554,2,0,212383
143555,3,0,212386
143556,1,0,212387
143557,1,0,212388
143558,2,0,212390
143559,1,0,212391
143560,1,0,212392
143561,2,0,212394
143562,1,0,212395
143563,1,0,212396
143564,1,0,212397
143565,1,0,212398
143566,2,0,212400
143567,1,0,212401
143568,1,0,212402
143569,2,0,212404
143570,1,0,212405
143571,3,0,212408
143572,1,0,212409
143573,1,0,212410
143574,1,0,212411
143575,1,0,212412
143576,2,0,212414
143577,1,0,212415
143578,1,0,212416
143579,1,0,212417
143580,1,0,212418
143581,1,0,212419
143582,1,0,212420
143583,3,0,212423
143584,2,0,212425
143585,2,0,212427
143586,1,0,212428
143587,1,0,212429
143588,1,0,212430
143589,1,0,212431
143590,1,0,212432
143591,1,0,212433
143592,2,0,212435
143593,1,0,212436
143594,1,0,212437
143595,1,0,212438
143596,2,0,212440
143597,6,0,212446
143598,2,0,212448
143599,2,0,212450
143600,2,0,212452
143601,1,0,212453
143602,2,0,212455
143603,1,0,212456
143604,1,0,212457
143605,1,0,212458
143606,2,0,212460
143607,1,0,212461
143608,1,0,212462
143609,1,0,212463
143610,3,0,212466
143611,1,0,212467
143612,1,0,212468
143613,1,0,212469
143614,1,0,212470
143615,1,0,212471
143616,1,0,212472
143617,1,0,212473
143618,1,0,212474
143619,1,0,212475
143620,1,0,212476
143621,2,0,212478
143622,2,0,212480
143623,1,0,212481
143624,3,0,212484
143625,3,0,212487
143626,1,0,212488
143627,3,0,212491
143628,1,0,212492
143629,1,0,212493
143630,1,0,212494
143631,1,0,212495
143632,1,0,212496
143633,2,0,212498
143634,2,0,212500
143635,1,0,212501
143636,1,0,212502
143637,1,0,212503
143638,1,0,212504
143639,1,0,212505
143640,1,0,212506
143641,1,0,212507
143642,1,0,212508
143643,1,0,212509
143644,1,0,212510
143645,1,0,212511
143646,2,0,212513
143647,1,0,212514
143648,1,0,212515
143649,2,0,212517
143650,1,0,212518
143651,1,0,212519
143652,1,0,212520
143653,1,0,212521
143654,1,0,212522
143655,1,0,212523
143656,2,0,212525
143657,1,0,212526
143658,2,0,212528
143659,1,0,212529
143660,1,0,212530
143661,2,0,212532
143662,2,0,212534
143663,1,0,212535
143664,3,0,212538
143665,1,0,212539
143666,1,0,212540
143667,1,0,212541
143668,1,0,212542
143669,1,0,212543
143670,1,0,212544
143671,1,0,212545
143672,2,0,212547
143673,1,0,212548
143674,1,0,212549
143675,1,0,212550
143676,1,0,212551
143677,1,0,212552
143678,1,0,212553
143679,1,0,212554
143680,1,0,212555
143681,1,0,212556
143682,2,0,212558
143683,1,0,212559
143684,1,0,212560
143685,1,0,212561
143686,1,0,212562
143687,3,0,212565
143688,3,0,212568
143689,1,0,212569
143690,1,0,212570
143691,1,0,212571
143692,3,0,212574
143693,1,0,212575
143694,3,0,212578
143695,1,0,212579
143696,3,0,212582
143697,1,0,212583
143698,2,0,212585
143699,1,0,212586
143700,2,0,212588
143701,1,0,212589
143702,3,0,212592
143703,1,0,212593
143704,1,0,212594
143705,2,0,212596
143706,1,0,212597
143707,1,0,212598
143708,1,0,212599
143709,1,0,212600
143710,1,0,212601
143711,1,0,212602
143712,1,0,212603
143713,1,0,212604
143714,1,0,212605
143715,1,0,212606
143716,2,0,212608
143717,2,0,212610
143718,1,0,212611
143719,1,0,212612
143720,1,0,212613
143721,1,0,212614
143722,1,0,212615
143723,2,0,212617
143724,1,0,212618
143725,1,0,212619
143726,1,0,212620
143727,1,0,212621
143728,1,0,212622
143729,1,0,212623
143730,1,0,212624
143731,1,0,212625
143732,1,0,212626
143733,1,0,212627
143734,1,0,212628
143735,2,0,212630
143736,1,0,212631
143737,1,0,212632
143738,1,0,212633
143739,4,0,212637
143740,1,0,212638
143741,1,0,212639
143742,1,0,212640
143743,1,0,212641
143744,1,0,212642
143745,1,0,212643
143746,1,0,212644
143747,2,0,212646
143748,1,0,212647
143749,1,0,212648
143750,1,0,212649
143751,1,0,212650
143752,1,0,212651
143753,1,0,212652
143754,1,0,212653
143755,1,0,212654
143756,1,0,212655
143757,2,0,212657
143758,1,0,212658
143759,2,0,212660
143760,1,0,212661
143761,1,0,212662
143762,1,0,212663
143763,1,0,212664
143764,1,0,212665
143765,2,0,212667
143766,1,0,212668
143767,1,0,212669
143768,1,0,212670
143769,1,0,212671
143770,1,0,212672
143771,1,0,212673
143772,1,0,212674
143773,1,0,212675
143774,1,0,212676
143775,1,0,212677
143776,1,0,212678
143777,1,0,212679
143778,2,0,212681
143779,1,0,212682
143780,1,0,212683
143781,1,0,212684
143782,4,0,212688
143783,1,0,212689
143784,2,0,212691
143785,3,0,212694
143786,1,0,212695
143787,2,0,212697
143788,1,0,212698
143789,3,0,212701
143790,1,0,212702
143791,1,0,212703
143792,1,0,212704
143793,1,0,212705
143794,1,0,212706
143795,1,0,212707
143796,1,0,212708
143797,1,0,212709
143798,1,0,212710
143799,1,0,212711
143800,1,0,212712
143801,2,0,212714
143802,1,0,212715
143803,1,0,212716
143804,1,0,212717
143805,2,0,212719
143806,1,0,212720
143807,1,0,212721
143808,1,0,212722
143809,2,0,212724
143810,1,0,212725
143811,2,0,212727
143812,1,0,212728
143813,1,0,212729
143814,1,0,212730
143815,2,0,212732
143816,1,0,212733
143817,1,0,212734
143818,1,0,212735
143819,1,0,212736
143820,1,0,212737
143821,1,0,212738
143822,2,0,212740
143823,1,0,212741
143824,1,0,212742
143825,1,0,212743
143826,1,0,212744
143827,1,0,212745
143828,1,0,212746
143829,3,0,212749
143830,1,0,212750
143831,1,0,212751
143832,1,0,212752
143833,1,0,212753
143834,1,0,212754
143835,3,0,212757
143836,1,0,212758
143837,1,0,212759
143838,1,0,212760
143839,1,0,212761
143840,2,0,212763
143841,1,0,212764
143842,2,0,212766
143843,1,0,212767
143844,2,0,212769
143845,1,0,212770
143846,2,0,212772
143847,2,0,212774
143848,1,0,212775
143849,1,0,212776
143850,1,0,212777
143851,1,0,212778
143852,1,0,212779
143853,1,0,212780
143854,1,0,212781
143855,1,0,212782
143856,1,0,212783
143857,1,0,212784
143858,1,0,212785
143859,2,0,212787
143860,2,0,212789
143861,2,0,212791
143862,1,0,212792
143863,1,0,212793
143864,1,0,212794
143865,1,0,212795
143866,1,0,212796
143867,1,0,212797
143868,1,0,212798
143869,1,0,212799
143870,1,0,212800
143871,1,0,212801
143872,1,0,212802
143873,1,0,212803
143874,2,0,212805
143875,2,0,212807
143876,2,0,212809
143877,1,0,212810
143878,1,0,212811
143879,1,0,212812
143880,2,0,212814
143881,3,0,212817
143882,1,0,212818
143883,1,0,212819
143884,1,0,212820
143885,2,0,212822
143886,1,0,212823
143887,2,0,212825
143888,1,0,212826
143889,2,0,212828
143890,1,0,212829
143891,2,0,212831
143892,1,0,212832
143893,1,0,212833
143894,1,0,212834
143895,1,0,212835
143896,1,0,212836
143897,1,0,212837
143898,1,0,212838
143899,1,0,212839
143900,1,0,212840
143901,1,0,212841
143902,1,0,212842
143903,2,0,212844
143904,2,0,212846
143905,1,0,212847
143906,1,0,212848
143907,2,0,212850
143908,1,0,212851
143909,1,0,212852
143910,1,0,212853
143911,1,0,212854
143912,1,0,212855
143913,1,0,212856
143914,2,0,212858
143915,1,0,212859
143916,1,0,212860
143917,1,0,212861
143918,1,0,212862
143919,1,0,212863
143920,1,0,212864
143921,3,0,212867
143922,1,0,212868
143923,2,0,212870
143924,2,0,212872
143925,2,0,212874
143926,1,0,212875
143927,1,0,212876
143928,1,0,212877
143929,1,0,212878
143930,1,0,212879
143931,1,0,212880
143932,2,0,212882
143933,1,0,212883
143934,1,0,212884
143935,1,0,212885
143936,1,0,212886
143937,1,0,212887
143938,1,0,212888
143939,1,0,212889
143940,1,0,212890
143941,1,0,212891
143942,1,0,212892
143943,1,0,212893
143944,1,0,212894
143945,1,0,212895
143946,1,0,212896
143947,1,0,212897
143948,2,0,212899
143949,1,0,212900
143950,1,0,212901
143951,1,0,212902
143952,2,0,212904
143953,1,0,212905
143954,1,0,212906
143955,1,0,212907
143956,3,0,212910
143957,4,0,212914
143958,1,0,212915
143959,1,0,212916
143960,1,0,212917
143961,2,0,212919
143962,1,0,212920
143963,2,0,212922
143964,3,0,212925
143965,1,0,212926
143966,2,0,212928
143967,1,0,212929
143968,1,0,212930
143969,1,0,212931
143970,3,0,212934
143971,3,0,212937
143972,2,0,212939
143973,2,0,212941
143974,1,0,212942
143975,1,0,212943
143976,2,0,212945
143977,1,0,212946
143978,1,0,212947
143979,1,0,212948
143980,1,0,212949
143981,1,0,212950
143982,1,0,212951
143983,1,0,212952
143984,1,0,212953
143985,1,0,212954
143986,1,0,212955
143987,1,0,212956
143988,2,0,212958
143989,1,0,212959
143990,1,0,212960
143991,1,0,212961
143992,2,0,212963
143993,1,0,212964
143994,1,0,212965
143995,2,0,212967
143996,2,0,212969
143997,2,0,212971
143998,1,0,212972
143999,1,0,212973
144000,2,0,212975
144001,1,0,212976
144002,2,0,212978
144003,1,0,212979
144004,2,0,212981
144005,2,0,212983
144006,1,0,212984
144007,2,0,212986
144008,2,0,212988
144009,2,0,212990
144010,1,0,212991
144011,1,0,212992
144012,1,0,212993
144013,1,0,212994
144014,2,0,212996
144015,2,0,212998
144016,2,0,213000
144017,1,0,213001
144018,1,0,213002
144019,1,0,213003
144020,1,0,213004
144021,2,0,213006
144022,2,0,213008
144023,1,0,213009
144024,2,0,213011
144025,1,0,213012
144026,1,0,213013
144027,1,0,213014
144028,1,0,213015
144029,1,0,213016
144030,1,0,213017
144031,3,0,213020
144032,1,0,213021
144033,2,0,213023
144034,1,0,213024
144035,1,0,213025
144036,1,0,213026
144037,2,0,213028
144038,1,0,213029
144039,1,0,213030
144040,1,0,213031
144041,1,0,213032
144042,1,0,213033
144043,1,0,213034
144044,2,0,213036
144045,1,0,213037
144046,1,0,213038
144047,2,0,213040
144048,1,0,213041
144049,1,0,213042
144050,1,0,213043
144051,1,0,213044
144052,3,0,213047
144053,1,0,213048
144054,2,0,213050
144055,2,0,213052
144056,3,0,213055
144057,1,0,213056
144058,4,0,213060
144059,1,0,213061
144060,1,0,213062
144061,3,0,213065
144062,1,0,213066
144063,1,0,213067
144064,2,0,213069
144065,1,0,213070
144066,1,0,213071
144067,1,0,213072
144068,2,0,213074
144069,1,0,213075
144070,1,0,213076
144071,1,0,213077
144072,1,0,213078
144073,1,0,213079
144074,1,0,213080
144075,1,0,213081
144076,1,0,213082
144077,1,0,213083
144078,2,0,213085
144079,1,0,213086
144080,1,0,213087
144081,1,0,213088
144082,1,0,213089
144083,3,0,213092
144084,1,0,213093
144085,2,0,213095
144086,1,0,213096
144087,1,0,213097
144088,1,0,213098
144089,2,0,213100
144090,1,0,213101
144091,1,0,213102
144092,3,0,213105
144093,1,0,213106
144094,1,0,213107
144095,1,0,213108
144096,1,0,213109
144097,1,0,213110
144098,19,0,213129
144099,1,0,213130
144100,1,0,213131
144101,1,0,213132
144102,1,0,213133
144103,1,0,213134
144104,1,0,213135
144105,1,0,213136
144106,3,0,213139
144107,1,0,213140
144108,2,0,213142
144109,1,0,213143
144110,1,0,213144
144111,2,0,213146
144112,1,0,213147
144113,2,0,213149
144114,2,0,213151
144115,1,0,213152
144116,1,0,213153
144117,1,0,213154
144118,2,0,213156
144119,1,0,213157
144120,1,0,213158
144121,1,0,213159
144122,2,0,213161
144123,1,0,213162
144124,1,0,213163
144125,1,0,213164
144126,1,0,213165
144127,1,0,213166
144128,1,0,213167
144129,3,0,213170
144130,1,0,213171
144131,1,0,213172
144132,1,0,213173
144133,1,0,213174
144134,1,0,213175
144135,1,0,213176
144136,1,0,213177
144137,1,0,213178
144138,1,0,213179
144139,1,0,213180
144140,1,0,213181
144141,3,0,213184
144142,2,0,213186
144143,2,0,213188
144144,1,0,213189
144145,1,0,213190
144146,1,0,213191
144147,1,0,213192
144148,1,0,213193
144149,1,0,213194
144150,2,0,213196
144151,1,0,213197
144152,1,0,213198
144153,2,0,213200
144154,2,0,213202
144155,1,0,213203
144156,1,0,213204
144157,1,0,213205
144158,2,0,213207
144159,1,0,213208
144160,2,0,213210
144161,1,0,213211
144162,1,0,213212
144163,1,0,213213
144164,3,0,213216
144165,2,0,213218
144166,1,0,213219
144167,3,0,213222
144168,1,0,213223
144169,3,0,213226
144170,1,0,213227
144171,1,0,213228
144172,3,0,213231
144173,5,0,213236
144174,1,0,213237
144175,3,0,213240
144176,2,0,213242
144177,1,0,213243
144178,1,0,213244
144179,1,0,213245
144180,1,0,213246
144181,1,0,213247
144182,1,0,213248
144183,1,0,213249
144184,1,0,213250
144185,1,0,213251
144186,1,0,213252
144187,1,0,213253
144188,1,0,213254
144189,2,0,213256
144190,1,0,213257
144191,1,0,213258
144192,2,0,213260
144193,1,0,213261
144194,1,0,213262
144195,1,0,213263
144196,1,0,213264
144197,1,0,213265
144198,1,0,213266
144199,1,0,213267
144200,1,0,213268
144201,1,0,213269
144202,3,0,213272
144203,3,0,213275
144204,1,0,213276
144205,2,0,213278
144206,1,0,213279
144207,3,0,213282
144208,1,0,213283
144209,2,0,213285
144210,3,0,213288
144211,2,0,213290
144212,1,0,213291
144213,1,0,213292
144214,2,0,213294
144215,1,0,213295
144216,2,0,213297
144217,1,0,213298
144218,1,0,213299
144219,2,0,213301
144220,2,0,213303
144221,2,0,213305
144222,1,0,213306
144223,1,0,213307
144224,1,0,213308
144225,1,0,213309
144226,2,0,213311
144227,1,0,213312
144228,1,0,213313
144229,2,0,213315
144230,1,0,213316
144231,3,0,213319
144232,1,0,213320
144233,1,0,213321
144234,3,0,213324
144235,1,0,213325
144236,1,0,213326
144237,1,0,213327
144238,1,0,213328
144239,1,0,213329
144240,1,0,213330
144241,1,0,213331
144242,1,0,213332
144243,1,0,213333
144244,1,0,213334
144245,1,0,213335
144246,2,0,213337
144247,1,0,213338
144248,1,0,213339
144249,2,0,213341
144250,1,0,213342
144251,1,0,213343
144252,2,0,213345
144253,1,0,213346
144254,4,0,213350
144255,1,0,213351
144256,1,0,213352
144257,1,0,213353
144258,1,0,213354
144259,2,0,213356
144260,1,0,213357
144261,1,0,213358
144262,1,0,213359
144263,2,0,213361
144264,1,0,213362
144265,1,0,213363
144266,1,0,213364
144267,1,0,213365
144268,1,0,213366
144269,1,0,213367
144270,1,0,213368
144271,6,0,213374
144272,1,0,213375
144273,1,0,213376
144274,2,0,213378
144275,1,0,213379
144276,2,0,213381
144277,1,0,213382
144278,3,0,213385
144279,1,0,213386
144280,2,0,213388
144281,1,0,213389
144282,1,0,213390
144283,2,0,213392
144284,2,0,213394
144285,1,0,213395
144286,3,0,213398
144287,1,0,213399
144288,1,0,213400
144289,2,0,213402
144290,1,0,213403
144291,1,0,213404
144292,1,0,213405
144293,1,0,213406
144294,1,0,213407
144295,1,0,213408
144296,1,0,213409
144297,1,0,213410
144298,2,0,213412
144299,1,0,213413
144300,1,0,213414
144301,1,0,213415
144302,1,0,213416
144303,2,0,213418
144304,3,0,213421
144305,4,0,213425
144306,1,0,213426
144307,2,0,213428
144308,2,0,213430
144309,1,0,213431
144310,2,0,213433
144311,1,0,213434
144312,2,0,213436
144313,1,0,213437
144314,4,0,213441
144315,1,0,213442
144316,2,0,213444
144317,1,0,213445
144318,1,0,213446
144319,1,0,213447
144320,1,0,213448
144321,1,0,213449
144322,2,0,213451
144323,1,0,213452
144324,1,0,213453
144325,1,0,213454
144326,2,0,213456
144327,1,0,213457
144328,1,0,213458
144329,1,0,213459
144330,1,0,213460
144331,1,0,213461
144332,2,0,213463
144333,1,0,213464
144334,1,0,213465
144335,2,0,213467
144336,1,0,213468
144337,1,0,213469
144338,1,0,213470
144339,1,0,213471
144340,1,0,213472
144341,1,0,213473
144342,1,0,213474
144343,1,0,213475
144344,1,0,213476
144345,1,0,213477
144346,1,0,213478
144347,1,0,213479
144348,1,0,213480
144349,1,0,213481
144350,2,0,213483
144351,1,0,213484
144352,2,0,213486
144353,1,0,213487
144354,1,0,213488
144355,1,0,213489
144356,1,0,213490
144357,1,0,213491
144358,1,0,213492
144359,3,0,213495
144360,1,0,213496
144361,1,0,213497
144362,1,0,213498
144363,1,0,213499
144364,1,0,213500
144365,1,0,213501
144366,1,0,213502
144367,2,0,213504
144368,1,0,213505
144369,1,0,213506
144370,1,0,213507
144371,1,0,213508
144372,3,0,213511
144373,1,0,213512
144374,1,0,213513
144375,1,0,213514
144376,1,0,213515
144377,4,0,213519
144378,1,0,213520
144379,1,0,213521
144380,2,0,213523
144381,2,0,213525
144382,1,0,213526
144383,1,0,213527
144384,1,0,213528
144385,1,0,213529
144386,1,0,213530
144387,1,0,213531
144388,1,0,213532
144389,1,0,213533
144390,1,0,213534
144391,1,0,213535
144392,1,0,213536
144393,2,0,213538
144394,1,0,213539
144395,1,0,213540
144396,2,0,213542
144397,1,0,213543
144398,2,0,213545
144399,1,0,213546
144400,1,0,213547
144401,1,0,213548
144402,1,0,213549
144403,1,0,213550
144404,2,0,213552
144405,1,0,213553
144406,4,0,213557
144407,1,0,213558
144408,1,0,213559
144409,1,0,213560
144410,1,0,213561
144411,1,0,213562
144412,1,0,213563
144413,1,0,213564
144414,1,0,213565
144415,1,0,213566
144416,1,0,213567
144417,1,0,213568
144418,3,0,213571
144419,1,0,213572
144420,1,0,213573
144421,2,0,213575
144422,1,0,213576
144423,1,0,213577
144424,2,0,213579
144425,1,0,213580
144426,3,0,213583
144427,1,0,213584
144428,1,0,213585
144429,1,0,213586
144430,2,0,213588
144431,2,0,213590
144432,1,0,213591
144433,1,0,213592
144434,1,0,213593
144435,2,0,213595
144436,1,0,213596
144437,1,0,213597
144438,2,0,213599
144439,1,0,213600
144440,1,0,213601
144441,1,0,213602
144442,1,0,213603
144443,2,0,213605
144444,1,0,213606
144445,1,0,213607
144446,1,0,213608
144447,1,0,213609
144448,1,0,213610
144449,1,0,213611
144450,44,0,213655
144451,1,0,213656
144452,1,0,213657
144453,1,0,213658
144454,1,0,213659
144455,2,0,213661
144456,1,0,213662
144457,1,0,213663
144458,1,0,213664
144459,1,0,213665
144460,2,0,213667
144461,1,0,213668
144462,1,0,213669
144463,1,0,213670
144464,1,0,213671
144465,1,0,213672
144466,1,0,213673
144467,1,0,213674
144468,2,0,213676
144469,1,0,213677
144470,1,0,213678
144471,1,0,213679
144472,2,0,213681
144473,1,0,213682
144474,1,0,213683
144475,1,0,213684
144476,1,0,213685
144477,1,0,213686
144478,2,0,213688
144479,2,0,213690
144480,1,0,213691
144481,3,0,213694
144482,2,0,213696
144483,1,0,213697
144484,1,0,213698
144485,2,0,213700
144486,2,0,213702
144487,1,0,213703
144488,1,0,213704
144489,1,0,213705
144490,1,0,213706
144491,1,0,213707
144492,1,0,213708
144493,1,0,213709
144494,1,0,213710
144495,1,0,213711
144496,2,0,213713
144497,1,0,213714
144498,1,0,213715
144499,1,0,213716
144500,1,0,213717
144501,1,0,213718
144502,1,0,213719
144503,1,0,213720
144504,1,0,213721
144505,1,0,213722
144506,2,0,213724
144507,1,0,213725
144508,1,0,213726
144509,2,0,213728
144510,2,0,213730
144511,1,0,213731
144512,2,0,213733
144513,1,0,213734
144514,1,0,213735
144515,1,0,213736
144516,1,0,213737
144517,1,0,213738
144518,1,0,213739
144519,2,0,213741
144520,1,0,213742
144521,2,0,213744
144522,1,0,213745
144523,3,0,213748
144524,1,0,213749
144525,1,0,213750
144526,1,0,213751
144527,1,0,213752
144528,1,0,213753
144529,1,0,213754
144530,2,0,213756
144531,2,0,213758
144532,1,0,213759
144533,1,0,213760
144534,1,0,213761
144535,2,0,213763
144536,1,0,213764
144537,4,0,213768
144538,2,0,213770
144539,2,0,213772
144540,1,0,213773
144541,1,0,213774
144542,1,0,213775
144543,1,0,213776
144544,1,0,213777
144545,2,0,213779
144546,1,0,213780
144547,1,0,213781
144548,1,0,213782
144549,1,0,213783
144550,1,0,213784
144551,1,0,213785
144552,1,0,213786
144553,1,0,213787
144554,2,0,213789
144555,1,0,213790
144556,2,0,213792
144557,1,0,213793
144558,2,0,213795
144559,1,0,213796
144560,1,0,213797
144561,2,0,213799
144562,2,0,213801
144563,1,0,213802
144564,1,0,213803
144565,1,0,213804
144566,1,0,213805
144567,2,0,213807
144568,2,0,213809
144569,1,0,213810
144570,1,0,213811
144571,1,0,213812
144572,5,0,213817
144573,1,0,213818
144574,1,0,213819
144575,2,0,213821
144576,1,0,213822
144577,3,0,213825
144578,1,0,213826
144579,2,0,213828
144580,1,0,213829
144581,1,0,213830
144582,1,0,213831
144583,1,0,213832
144584,1,0,213833
144585,2,0,213835
144586,1,0,213836
144587,2,0,213838
144588,2,0,213840
144589,1,0,213841
144590,1,0,213842
144591,1,0,213843
144592,3,0,213846
144593,1,0,213847
144594,1,0,213848
144595,1,0,213849
144596,1,0,213850
144597,1,0,213851
144598,2,0,213853
144599,3,0,213856
144600,1,0,213857
144601,1,0,213858
144602,1,0,213859
144603,1,0,213860
144604,1,0,213861
144605,1,0,213862
144606,2,0,213864
144607,1,0,213865
144608,1,0,213866
144609,2,0,213868
144610,1,0,213869
144611,1,0,213870
144612,2,0,213872
144613,2,0,213874
144614,2,0,213876
144615,1,0,213877
144616,2,0,213879
144617,2,0,213881
144618,1,0,213882
144619,1,0,213883
144620,1,0,213884
144621,1,0,213885
144622,3,0,213888
144623,1,0,213889
144624,1,0,213890
144625,1,0,213891
144626,1,0,213892
144627,1,0,213893
144628,1,0,213894
144629,1,0,213895
144630,1,0,213896
144631,1,0,213897
144632,1,0,213898
144633,1,0,213899
144634,1,0,213900
144635,1,0,213901
144636,1,0,213902
144637,1,0,213903
144638,3,0,213906
144639,1,0,213907
144640,1,0,213908
144641,1,0,213909
144642,1,0,213910
144643,2,0,213912
144644,1,0,213913
144645,1,0,213914
144646,1,0,213915
144647,1,0,213916
144648,2,0,213918
144649,3,0,213921
144650,1,0,213922
144651,2,0,213924
144652,2,0,213926
144653,3,0,213929
144654,2,0,213931
144655,1,0,213932
144656,1,0,213933
144657,1,0,213934
144658,2,0,213936
144659,2,0,213938
144660,1,0,213939
144661,1,0,213940
144662,2,0,213942
144663,1,0,213943
144664,1,0,213944
144665,1,0,213945
144666,1,0,213946
144667,2,0,213948
144668,1,0,213949
144669,1,0,213950
144670,1,0,213951
144671,1,0,213952
144672,1,0,213953
144673,2,0,213955
144674,1,0,213956
144675,3,0,213959
144676,1,0,213960
144677,1,0,213961
144678,1,0,213962
144679,2,0,213964
144680,1,0,213965
144681,1,0,213966
144682,1,0,213967
144683,1,0,213968
144684,1,0,213969
144685,3,0,213972
144686,3,0,213975
144687,1,0,213976
144688,3,0,213979
144689,1,0,213980
144690,1,0,213981
144691,1,0,213982
144692,2,0,213984
144693,1,0,213985
144694,1,0,213986
144695,3,0,213989
144696,2,0,213991
144697,2,0,213993
144698,1,0,213994
144699,1,0,213995
144700,2,0,213997
144701,2,0,213999
144702,1,0,214000
144703,4,0,214004
144704,1,0,214005
144705,2,0,214007
144706,1,0,214008
144707,4,0,214012
144708,1,0,214013
144709,1,0,214014
144710,1,0,214015
144711,1,0,214016
144712,2,0,214018
144713,1,0,214019
144714,2,0,214021
144715,1,0,214022
144716,1,0,214023
144717,1,0,214024
144718,1,0,214025
144719,1,0,214026
144720,1,0,214027
144721,1,0,214028
144722,1,0,214029
144723,1,0,214030
144724,1,0,214031
144725,1,0,214032
144726,1,0,214033
144727,1,0,214034
144728,1,0,214035
144729,1,0,214036
144730,2,0,214038
144731,2,0,214040
144732,1,0,214041
144733,1,0,214042
144734,1,0,214043
144735,1,0,214044
144736,1,0,214045
144737,1,0,214046
144738,1,0,214047
144739,1,0,214048
144740,3,0,214051
144741,1,0,214052
144742,1,0,214053
144743,1,0,214054
144744,1,0,214055
144745,1,0,214056
144746,3,0,214059
144747,1,0,214060
144748,1,0,214061
144749,1,0,214062
144750,2,0,214064
144751,1,0,214065
144752,1,0,214066
144753,1,0,214067
144754,2,0,214069
144755,1,0,214070
144756,2,0,214072
144757,1,0,214073
144758,1,0,214074
144759,1,0,214075
144760,1,0,214076
144761,1,0,214077
144762,2,0,214079
144763,1,0,214080
144764,1,0,214081
144765,1,0,214082
144766,2,0,214084
144767,1,0,214085
144768,1,0,214086
144769,1,0,214087
144770,2,0,214089
144771,1,0,214090
144772,1,0,214091
144773,2,0,214093
144774,1,0,214094
144775,2,0,214096
144776,2,0,214098
144777,1,0,214099
144778,1,0,214100
144779,1,0,214101
144780,2,0,214103
144781,1,0,214104
144782,1,0,214105
144783,1,0,214106
144784,1,0,214107
144785,2,0,214109
144786,2,0,214111
144787,1,0,214112
144788,5,0,214117
144789,1,0,214118
144790,1,0,214119
144791,2,0,214121
144792,2,0,214123
144793,1,0,214124
144794,1,0,214125
144795,1,0,214126
144796,1,0,214127
144797,1,0,214128
144798,1,0,214129
144799,1,0,214130
144800,1,0,214131
144801,1,0,214132
144802,1,0,214133
144803,1,0,214134
144804,1,0,214135
144805,1,0,214136
144806,2,0,214138
144807,1,0,214139
144808,1,0,214140
144809,1,0,214141
144810,1,0,214142
144811,1,0,214143
144812,1,0,214144
144813,1,0,214145
144814,1,0,214146
144815,1,0,214147
144816,2,0,214149
144817,1,0,214150
144818,1,0,214151
144819,1,0,214152
144820,3,0,214155
144821,1,0,214156
144822,1,0,214157
144823,1,0,214158
144824,2,0,214160
144825,1,0,214161
144826,1,0,214162
144827,1,0,214163
144828,1,0,214164
144829,1,0,214165
144830,1,0,214166
144831,1,0,214167
144832,1,0,214168
144833,1,0,214169
144834,1,0,214170
144835,1,0,214171
144836,2,0,214173
144837,1,0,214174
144838,1,0,214175
144839,1,0,214176
144840,1,0,214177
144841,1,0,214178
144842,1,0,214179
144843,1,0,214180
144844,1,0,214181
144845,1,0,214182
144846,1,0,214183
144847,1,0,214184
144848,2,0,214186
144849,1,0,214187
144850,1,0,214188
144851,1,0,214189
144852,1,0,214190
144853,1,0,214191
144854,1,0,214192
144855,1,0,214193
144856,2,0,214195
144857,1,0,214196
144858,1,0,214197
144859,1,0,214198
144860,1,0,214199
144861,1,0,214200
144862,1,0,214201
144863,2,0,214203
144864,2,0,214205
144865,2,0,214207
144866,3,0,214210
144867,1,0,214211
144868,1,0,214212
144869,1,0,214213
144870,1,0,214214
144871,2,0,214216
144872,2,0,214218
144873,1,0,214219
144874,1,0,214220
144875,1,0,214221
144876,2,0,214223
144877,1,0,214224
144878,1,0,214225
144879,1,0,214226
144880,1,0,214227
144881,1,0,214228
144882,2,0,214230
144883,1,0,214231
144884,1,0,214232
144885,1,0,214233
144886,2,0,214235
144887,1,0,214236
144888,2,0,214238
144889,1,0,214239
144890,3,0,214242
144891,1,0,214243
144892,1,0,214244
144893,1,0,214245
144894,1,0,214246
144895,1,0,214247
144896,2,0,214249
144897,1,0,214250
144898,1,0,214251
144899,1,0,214252
144900,1,0,214253
144901,1,0,214254
144902,3,0,214257
144903,2,0,214259
144904,1,0,214260
144905,2,0,214262
144906,1,0,214263
144907,2,0,214265
144908,1,0,214266
144909,1,0,214267
144910,1,0,214268
144911,4,0,214272
144912,1,0,214273
144913,3,0,214276
144914,1,0,214277
144915,2,0,214279
144916,1,0,214280
144917,2,0,214282
144918,2,0,214284
144919,2,0,214286
144920,1,0,214287
144921,1,0,214288
144922,1,0,214289
144923,1,0,214290
144924,1,0,214291
144925,1,0,214292
144926,1,0,214293
144927,1,0,214294
144928,1,0,214295
144929,1,0,214296
144930,1,0,214297
144931,3,0,214300
144932,1,0,214301
144933,5,0,214306
144934,1,0,214307
144935,1,0,214308
144936,2,0,214310
144937,1,0,214311
144938,1,0,214312
144939,1,0,214313
144940,1,0,214314
144941,1,0,214315
144942,1,0,214316
144943,1,0,214317
144944,4,0,214321
144945,1,0,214322
144946,1,0,214323
144947,1,0,214324
144948,2,0,214326
144949,2,0,214328
144950,1,0,214329
144951,2,0,214331
144952,1,0,214332
144953,3,0,214335
144954,1,0,214336
144955,1,0,214337
144956,1,0,214338
144957,2,0,214340
144958,1,0,214341
144959,1,0,214342
144960,2,0,214344
144961,1,0,214345
144962,1,0,214346
144963,1,0,214347
144964,1,0,214348
144965,1,0,214349
144966,4,0,214353
144967,2,0,214355
144968,1,0,214356
144969,1,0,214357
144970,1,0,214358
144971,1,0,214359
144972,1,0,214360
144973,1,0,214361
144974,1,0,214362
144975,1,0,214363
144976,2,0,214365
144977,2,0,214367
144978,1,0,214368
144979,1,0,214369
144980,1,0,214370
144981,1,0,214371
144982,1,0,214372
144983,1,0,214373
144984,1,0,214374
144985,1,0,214375
144986,1,0,214376
144987,1,0,214377
144988,1,0,214378
144989,1,0,214379
144990,1,0,214380
144991,1,0,214381
144992,1,0,214382
144993,1,0,214383
144994,1,0,214384
144995,2,0,214386
144996,2,0,214388
144997,1,0,214389
144998,2,0,214391
144999,1,0,214392
145000,1,0,214393
145001,1,0,214394
145002,1,0,214395
145003,1,0,214396
145004,2,0,214398
145005,3,0,214401
145006,1,0,214402
145007,1,0,214403
145008,2,0,214405
145009,1,0,214406
145010,1,0,214407
145011,2,0,214409
145012,1,0,214410
145013,1,0,214411
145014,1,0,214412
145015,1,0,214413
145016,2,0,214415
145017,1,0,214416
145018,1,0,214417
145019,2,0,214419
145020,1,0,214420
145021,1,0,214421
145022,1,0,214422
145023,1,0,214423
145024,1,0,214424
145025,1,0,214425
145026,1,0,214426
145027,2,0,214428
145028,1,0,214429
145029,1,0,214430
145030,1,0,214431
145031,1,0,214432
145032,1,0,214433
145033,1,0,214434
145034,1,0,214435
145035,1,0,214436
145036,1,0,214437
145037,1,0,214438
145038,1,0,214439
145039,1,0,214440
145040,1,0,214441
145041,1,0,214442
145042,2,0,214444
145043,2,0,214446
145044,1,0,214447
145045,1,0,214448
145046,3,0,214451
145047,1,0,214452
145048,1,0,214453
145049,1,0,214454
145050,1,0,214455
145051,4,0,214459
145052,1,0,214460
145053,1,0,214461
145054,1,0,214462
145055,1,0,214463
145056,1,0,214464
145057,1,0,214465
145058,4,0,214469
145059,1,0,214470
145060,2,0,214472
145061,2,0,214474
145062,1,0,214475
145063,1,0,214476
145064,4,0,214480
145065,1,0,214481
145066,1,0,214482
145067,1,0,214483
145068,1,0,214484
145069,2,0,214486
145070,1,0,214487
145071,1,0,214488
145072,1,0,214489
145073,1,0,214490
145074,1,0,214491
145075,1,0,214492
145076,1,0,214493
145077,2,0,214495
145078,2,0,214497
145079,4,0,214501
145080,1,0,214502
145081,3,0,214505
145082,1,0,214506
145083,1,0,214507
145084,1,0,214508
145085,1,0,214509
145086,1,0,214510
145087,1,0,214511
145088,1,0,214512
145089,1,0,214513
145090,2,0,214515
145091,1,0,214516
145092,1,0,214517
145093,1,0,214518
145094,1,0,214519
145095,1,0,214520
145096,1,0,214521
145097,2,0,214523
145098,1,0,214524
145099,1,0,214525
145100,1,0,214526
145101,2,0,214528
145102,1,0,214529
145103,1,0,214530
145104,1,0,214531
145105,1,0,214532
145106,1,0,214533
145107,1,0,214534
145108,1,0,214535
145109,2,0,214537
145110,1,0,214538
145111,2,0,214540
145112,2,0,214542
145113,1,0,214543
145114,1,0,214544
145115,1,0,214545
145116,1,0,214546
145117,1,0,214547
145118,2,0,214549
145119,2,0,214551
145120,1,0,214552
145121,1,0,214553
145122,1,0,214554
145123,1,0,214555
145124,4,0,214559
145125,1,0,214560
145126,1,0,214561
145127,2,0,214563
145128,1,0,214564
145129,1,0,214565
145130,1,0,214566
145131,2,0,214568
145132,1,0,214569
145133,1,0,214570
145134,2,0,214572
145135,1,0,214573
145136,1,0,214574
145137,1,0,214575
145138,1,0,214576
145139,1,0,214577
145140,2,0,214579
145141,1,0,214580
145142,1,0,214581
145143,2,0,214583
145144,2,0,214585
145145,2,0,214587
145146,1,0,214588
145147,1,0,214589
145148,1,0,214590
145149,2,0,214592
145150,1,0,214593
145151,1,0,214594
145152,1,0,214595
145153,6,0,214601
145154,1,0,214602
145155,1,0,214603
145156,1,0,214604
145157,2,0,214606
145158,1,0,214607
145159,1,0,214608
145160,2,0,214610
145161,2,0,214612
145162,1,0,214613
145163,2,0,214615
145164,1,0,214616
145165,3,0,214619
145166,2,0,214621
145167,1,0,214622
145168,2,0,214624
145169,1,0,214625
145170,2,0,214627
145171,1,0,214628
145172,13,0,214641
145173,3,0,214644
145174,1,0,214645
145175,1,0,214646
145176,2,0,214648
145177,1,0,214649
145178,1,0,214650
145179,2,0,214652
145180,1,0,214653
145181,1,0,214654
145182,2,0,214656
145183,1,0,214657
145184,2,0,214659
145185,1,0,214660
145186,3,0,214663
145187,1,0,214664
145188,1,0,214665
145189,1,0,214666
145190,1,0,214667
145191,1,0,214668
145192,1,0,214669
145193,1,0,214670
145194,1,0,214671
145195,1,0,214672
145196,1,0,214673
145197,3,0,214676
145198,1,0,214677
145199,1,0,214678
145200,1,0,214679
145201,2,0,214681
145202,1,0,214682
145203,1,0,214683
145204,1,0,214684
145205,1,0,214685
145206,2,0,214687
145207,2,0,214689
145208,1,0,214690
145209,1,0,214691
145210,5,0,214696
145211,2,0,214698
145212,1,0,214699
145213,1,0,214700
145214,1,0,214701
145215,3,0,214704
145216,1,0,214705
145217,1,0,214706
145218,1,0,214707
145219,2,0,214709
145220,1,0,214710
145221,1,0,214711
145222,2,0,214713
145223,1,0,214714
145224,1,0,214715
145225,3,0,214718
145226,1,0,214719
145227,1,0,214720
145228,3,0,214723
145229,1,0,214724
145230,2,0,214726
145231,1,0,214727
145232,1,0,214728
145233,1,0,214729
145234,1,0,214730
145235,1,0,214731
145236,1,0,214732
145237,1,0,214733
145238,1,0,214734
145239,1,0,214735
145240,1,0,214736
145241,1,0,214737
145242,1,0,214738
145243,1,0,214739
145244,1,0,214740
145245,1,0,214741
145246,1,0,214742
145247,2,0,214744
145248,1,0,214745
145249,1,0,214746
145250,1,0,214747
145251,1,0,214748
145252,2,0,214750
145253,6,0,214756
145254,1,0,214757
145255,1,0,214758
145256,1,0,214759
145257,1,0,214760
145258,4,0,214764
145259,1,0,214765
145260,2,0,214767
145261,1,0,214768
145262,1,0,214769
145263,1,0,214770
145264,2,0,214772
145265,1,0,214773
145266,2,0,214775
145267,1,0,214776
145268,1,0,214777
145269,1,0,214778
145270,1,0,214779
145271,2,0,214781
145272,1,0,214782
145273,2,0,214784
145274,2,0,214786
145275,2,0,214788
145276,1,0,214789
145277,1,0,214790
145278,1,0,214791
145279,2,0,214793
145280,2,0,214795
145281,1,0,214796
145282,1,0,214797
145283,1,0,214798
145284,1,0,214799
145285,1,0,214800
145286,1,0,214801
145287,3,0,214804
145288,1,0,214805
145289,1,0,214806
145290,1,0,214807
145291,1,0,214808
145292,1,0,214809
145293,3,0,214812
145294,2,0,214814
145295,4,0,214818
145296,4,0,214822
145297,1,0,214823
145298,2,0,214825
145299,1,0,214826
145300,1,0,214827
145301,1,0,214828
145302,2,0,214830
145303,3,0,214833
145304,2,0,214835
145305,1,0,214836
145306,1,0,214837
145307,1,0,214838
145308,3,0,214841
145309,1,0,214842
145310,1,0,214843
145311,2,0,214845
145312,1,0,214846
145313,1,0,214847
145314,2,0,214849
145315,1,0,214850
145316,1,0,214851
145317,1,0,214852
145318,1,0,214853
145319,1,0,214854
145320,2,0,214856
145321,1,0,214857
145322,1,0,214858
145323,1,0,214859
145324,1,0,214860
145325,1,0,214861
145326,2,0,214863
145327,1,0,214864
145328,1,0,214865
145329,1,0,214866
145330,2,0,214868
145331,1,0,214869
145332,1,0,214870
145333,2,0,214872
145334,3,0,214875
145335,1,0,214876
145336,1,0,214877
145337,1,0,214878
145338,1,0,214879
145339,1,0,214880
145340,2,0,214882
145341,1,0,214883
145342,1,0,214884
145343,1,0,214885
145344,1,0,214886
145345,1,0,214887
145346,1,0,214888
145347,1,0,214889
145348,1,0,214890
145349,1,0,214891
145350,2,0,214893
145351,1,0,214894
145352,1,0,214895
145353,1,0,214896
145354,2,0,214898
145355,1,0,214899
145356,1,0,214900
145357,1,0,214901
145358,1,0,214902
145359,1,0,214903
145360,1,0,214904
145361,1,0,214905
145362,2,0,214907
145363,1,0,214908
145364,1,0,214909
145365,1,0,214910
145366,1,0,214911
145367,1,0,214912
145368,3,0,214915
145369,3,0,214918
145370,1,0,214919
145371,2,0,214921
145372,1,0,214922
145373,1,0,214923
145374,1,0,214924
145375,1,0,214925
145376,3,0,214928
145377,1,0,214929
145378,1,0,214930
145379,1,0,214931
145380,2,0,214933
145381,1,0,214934
145382,1,0,214935
145383,1,0,214936
145384,1,0,214937
145385,2,0,214939
145386,1,0,214940
145387,1,0,214941
145388,1,0,214942
145389,3,0,214945
145390,1,0,214946
145391,1,0,214947
145392,3,0,214950
145393,1,0,214951
145394,3,0,214954
145395,2,0,214956
145396,2,0,214958
145397,1,0,214959
145398,1,0,214960
145399,1,0,214961
145400,4,0,214965
145401,1,0,214966
145402,1,0,214967
145403,1,0,214968
145404,1,0,214969
145405,1,0,214970
145406,1,0,214971
145407,6,0,214977
145408,1,0,214978
145409,1,0,214979
145410,2,0,214981
145411,1,0,214982
145412,3,0,214985
145413,2,0,214987
145414,1,0,214988
145415,1,0,214989
145416,2,0,214991
145417,1,0,214992
145418,1,0,214993
145419,1,0,214994
145420,1,0,214995
145421,3,0,214998
145422,2,0,215000
145423,1,0,215001
145424,1,0,215002
145425,5,0,215007
145426,1,0,215008
145427,2,0,215010
145428,1,0,215011
145429,1,0,215012
145430,1,0,215013
145431,2,0,215015
145432,2,0,215017
145433,1,0,215018
145434,1,0,215019
145435,1,0,215020
145436,2,0,215022
145437,3,0,215025
145438,1,0,215026
145439,1,0,215027
145440,1,0,215028
145441,1,0,215029
145442,1,0,215030
145443,1,0,215031
145444,1,0,215032
145445,1,0,215033
145446,1,0,215034
145447,1,0,215035
145448,1,0,215036
145449,1,0,215037
145450,1,0,215038
145451,1,0,215039
145452,2,0,215041
145453,1,0,215042
145454,1,0,215043
145455,1,0,215044
145456,2,0,215046
145457,1,0,215047
145458,1,0,215048
145459,2,0,215050
145460,1,0,215051
145461,1,0,215052
145462,3,0,215055
145463,1,0,215056
145464,2,0,215058
145465,1,0,215059
145466,3,0,215062
145467,1,0,215063
145468,1,0,215064
145469,1,0,215065
145470,1,0,215066
145471,1,0,215067
145472,1,0,215068
145473,1,0,215069
145474,1,0,215070
145475,2,0,215072
145476,1,0,215073
145477,1,0,215074
145478,2,0,215076
145479,3,0,215079
145480,1,0,215080
145481,1,0,215081
145482,1,0,215082
145483,1,0,215083
145484,1,0,215084
145485,3,0,215087
145486,2,0,215089
145487,1,0,215090
145488,1,0,215091
145489,4,0,215095
145490,1,0,215096
145491,1,0,215097
145492,2,0,215099
145493,2,0,215101
145494,1,0,215102
145495,1,0,215103
145496,1,0,215104
145497,1,0,215105
145498,1,0,215106
145499,2,0,215108
145500,1,0,215109
145501,1,0,215110
145502,1,0,215111
145503,3,0,215114
145504,1,0,215115
145505,1,0,215116
145506,2,0,215118
145507,1,0,215119
145508,1,0,215120
145509,1,0,215121
145510,1,0,215122
145511,1,0,215123
145512,1,0,215124
145513,2,0,215126
145514,2,0,215128
145515,2,0,215130
145516,1,0,215131
145517,2,0,215133
145518,1,0,215134
145519,1,0,215135
145520,3,0,215138
145521,1,0,215139
145522,2,0,215141
145523,1,0,215142
145524,1,0,215143
145525,2,0,215145
145526,1,0,215146
145527,1,0,215147
145528,1,0,215148
145529,1,0,215149
145530,1,0,215150
145531,1,0,215151
145532,5,0,215156
145533,1,0,215157
145534,2,0,215159
145535,1,0,215160
145536,1,0,215161
145537,4,0,215165
145538,1,0,215166
145539,1,0,215167
145540,1,0,215168
145541,2,0,215170
145542,1,0,215171
145543,1,0,215172
145544,2,0,215174
145545,1,0,215175
145546,1,0,215176
145547,1,0,215177
145548,1,0,215178
145549,1,0,215179
145550,1,0,215180
145551,1,0,215181
145552,1,0,215182
145553,2,0,215184
145554,1,0,215185
145555,1,0,215186
145556,1,0,215187
145557,4,0,215191
145558,1,0,215192
145559,1,0,215193
145560,1,0,215194
145561,2,0,215196
145562,1,0,215197
145563,1,0,215198
145564,1,0,215199
145565,2,0,215201
145566,1,0,215202
145567,1,0,215203
145568,1,0,215204
145569,1,0,215205
145570,1,0,215206
145571,3,0,215209
145572,1,0,215210
145573,1,0,215211
145574,3,0,215214
145575,1,0,215215
145576,2,0,215217
145577,1,0,215218
145578,1,0,215219
145579,2,0,215221
145580,1,0,215222
145581,1,0,215223
145582,1,0,215224
145583,1,0,215225
145584,3,0,215228
145585,3,0,215231
145586,2,0,215233
145587,2,0,215235
145588,2,0,215237
145589,1,0,215238
145590,3,0,215241
145591,1,0,215242
145592,1,0,215243
145593,2,0,215245
145594,3,0,215248
145595,1,0,215249
145596,1,0,215250
145597,1,0,215251
145598,1,0,215252
145599,2,0,215254
145600,1,0,215255
145601,1,0,215256
145602,4,0,215260
145603,1,0,215261
145604,1,0,215262
145605,1,0,215263
145606,1,0,215264
145607,3,0,215267
145608,1,0,215268
145609,1,0,215269
145610,1,0,215270
145611,2,0,215272
145612,1,0,215273
145613,1,0,215274
145614,1,0,215275
145615,3,0,215278
145616,3,0,215281
145617,1,0,215282
145618,2,0,215284
145619,1,0,215285
145620,3,0,215288
145621,1,0,215289
145622,2,0,215291
145623,1,0,215292
145624,2,0,215294
145625,1,0,215295
145626,1,0,215296
145627,1,0,215297
145628,1,0,215298
145629,2,0,215300
145630,1,0,215301
145631,1,0,215302
145632,1,0,215303
145633,2,0,215305
145634,1,0,215306
145635,1,0,215307
145636,1,0,215308
145637,1,0,215309
145638,1,0,215310
145639,1,0,215311
145640,1,0,215312
145641,1,0,215313
145642,1,0,215314
145643,1,0,215315
145644,1,0,215316
145645,2,0,215318
145646,1,0,215319
145647,2,0,215321
145648,1,0,215322
145649,1,0,215323
145650,4,0,215327
145651,1,0,215328
145652,3,0,215331
145653,1,0,215332
145654,2,0,215334
145655,1,0,215335
145656,1,0,215336
145657,1,0,215337
145658,2,0,215339
145659,1,0,215340
145660,1,0,215341
145661,2,0,215343
145662,1,0,215344
145663,1,0,215345
145664,2,0,215347
145665,1,0,215348
145666,1,0,215349
145667,1,0,215350
145668,1,0,215351
145669,1,0,215352
145670,2,0,215354
145671,1,0,215355
145672,1,0,215356
145673,1,0,215357
145674,1,0,215358
145675,1,0,215359
145676,1,0,215360
145677,1,0,215361
145678,2,0,215363
145679,1,0,215364
145680,1,0,215365
145681,2,0,215367
145682,1,0,215368
145683,1,0,215369
145684,1,0,215370
145685,1,0,215371
145686,2,0,215373
145687,1,0,215374
145688,1,0,215375
145689,1,0,215376
145690,2,0,215378
145691,1,0,215379
145692,1,0,215380
145693,1,0,215381
145694,1,0,215382
145695,2,0,215384
145696,1,0,215385
145697,1,0,215386
145698,2,0,215388
145699,2,0,215390
145700,1,0,215391
145701,1,0,215392
145702,1,0,215393
145703,3,0,215396
145704,2,0,215398
145705,1,0,215399
145706,1,0,215400
145707,1,0,215401
145708,1,0,215402
145709,1,0,215403
145710,2,0,215405
145711,1,0,215406
145712,2,0,215408
145713,1,0,215409
145714,2,0,215411
145715,3,0,215414
145716,2,0,215416
145717,4,0,215420
145718,2,0,215422
145719,1,0,215423
145720,5,0,215428
145721,1,0,215429
145722,1,0,215430
145723,2,0,215432
145724,1,0,215433
145725,2,0,215435
145726,1,0,215436
145727,1,0,215437
145728,2,0,215439
145729,2,0,215441
145730,6,0,215447
145731,4,0,215451
145732,1,0,215452
145733,1,0,215453
145734,2,0,215455
145735,1,0,215456
145736,1,0,215457
145737,20,0,215477
145738,2,0,215479
145739,1,0,215480
145740,3,0,215483
145741,1,0,215484
145742,1,0,215485
145743,1,0,215486
145744,4,0,215490
145745,1,0,215491
145746,1,0,215492
145747,1,0,215493
145748,5,0,215498
145749,2,0,215500
145750,1,0,215501
145751,1,0,215502
145752,2,0,215504
145753,1,0,215505
145754,1,0,215506
145755,1,0,215507
145756,1,0,215508
145757,3,0,215511
145758,1,0,215512
145759,2,0,215514
145760,2,0,215516
145761,1,0,215517
145762,1,0,215518
145763,1,0,215519
145764,1,0,215520
145765,1,0,215521
145766,1,0,215522
145767,1,0,215523
145768,1,0,215524
145769,1,0,215525
145770,1,0,215526
145771,1,0,215527
145772,1,0,215528
145773,1,0,215529
145774,1,0,215530
145775,1,0,215531
145776,1,0,215532
145777,5,0,215537
145778,2,0,215539
145779,1,0,215540
145780,3,0,215543
145781,1,0,215544
145782,1,0,215545
145783,1,0,215546
145784,2,0,215548
145785,1,0,215549
145786,1,0,215550
145787,2,0,215552
145788,1,0,215553
145789,1,0,215554
145790,1,0,215555
145791,1,0,215556
145792,2,0,215558
145793,1,0,215559
145794,1,0,215560
145795,1,0,215561
145796,2,0,215563
145797,1,0,215564
145798,2,0,215566
145799,2,0,215568
145800,2,0,215570
145801,3,0,215573
145802,1,0,215574
145803,2,0,215576
145804,1,0,215577
145805,3,0,215580
145806,2,0,215582
145807,1,0,215583
145808,1,0,215584
145809,1,0,215585
145810,3,0,215588
145811,3,0,215591
145812,3,0,215594
145813,1,0,215595
145814,2,0,215597
145815,2,0,215599
145816,2,0,215601
145817,1,0,215602
145818,3,0,215605
145819,1,0,215606
145820,1,0,215607
145821,2,0,215609
145822,1,0,215610
145823,1,0,215611
145824,1,0,215612
145825,1,0,215613
145826,1,0,215614
145827,1,0,215615
145828,1,0,215616
145829,3,0,215619
145830,1,0,215620
145831,1,0,215621
145832,2,0,215623
145833,2,0,215625
145834,2,0,215627
145835,1,0,215628
145836,1,0,215629
145837,1,0,215630
145838,6,0,215636
145839,2,0,215638
145840,1,0,215639
145841,1,0,215640
145842,1,0,215641
145843,3,0,215644
145844,1,0,215645
145845,2,0,215647
145846,6,0,215653
145847,2,0,215655
145848,1,0,215656
145849,1,0,215657
145850,1,0,215658
145851,1,0,215659
145852,1,0,215660
145853,1,0,215661
145854,1,0,215662
145855,1,0,215663
145856,1,0,215664
145857,1,0,215665
145858,1,0,215666
145859,3,0,215669
145860,1,0,215670
145861,1,0,215671
145862,1,0,215672
145863,1,0,215673
145864,1,0,215674
145865,2,0,215676
145866,3,0,215679
145867,1,0,215680
145868,2,0,215682
145869,1,0,215683
145870,1,0,215684
145871,1,0,215685
145872,2,0,215687
145873,2,0,215689
145874,1,0,215690
145875,1,0,215691
145876,2,0,215693
145877,1,0,215694
145878,2,0,215696
145879,1,0,215697
145880,1,0,215698
145881,3,0,215701
145882,1,0,215702
145883,1,0,215703
145884,1,0,215704
145885,3,0,215707
145886,1,0,215708
145887,1,0,215709
145888,1,0,215710
145889,2,0,215712
145890,1,0,215713
145891,1,0,215714
145892,3,0,215717
145893,2,0,215719
145894,5,0,215724
145895,2,0,215726
145896,1,0,215727
145897,2,0,215729
145898,1,0,215730
145899,1,0,215731
145900,2,0,215733
145901,1,0,215734
145902,1,0,215735
145903,1,0,215736
145904,2,0,215738
145905,2,0,215740
145906,1,0,215741
145907,2,0,215743
145908,1,0,215744
145909,1,0,215745
145910,1,0,215746
145911,1,0,215747
145912,1,0,215748
145913,1,0,215749
145914,1,0,215750
145915,1,0,215751
145916,2,0,215753
145917,1,0,215754
145918,1,0,215755
145919,3,0,215758
145920,1,0,215759
145921,2,0,215761
145922,1,0,215762
145923,1,0,215763
145924,3,0,215766
145925,1,0,215767
145926,1,0,215768
145927,1,0,215769
145928,1,0,215770
145929,1,0,215771
145930,1,0,215772
145931,1,0,215773
145932,1,0,215774
145933,1,0,215775
145934,2,0,215777
145935,3,0,215780
145936,1,0,215781
145937,1,0,215782
145938,2,0,215784
145939,1,0,215785
145940,4,0,215789
145941,1,0,215790
145942,1,0,215791
145943,1,0,215792
145944,1,0,215793
145945,2,0,215795
145946,1,0,215796
145947,1,0,215797
145948,2,0,215799
145949,1,0,215800
145950,1,0,215801
145951,1,0,215802
145952,1,0,215803
145953,1,0,215804
145954,1,0,215805
145955,1,0,215806
145956,2,0,215808
145957,1,0,215809
145958,4,0,215813
145959,1,0,215814
145960,1,0,215815
145961,1,0,215816
145962,1,0,215817
145963,1,0,215818
145964,2,0,215820
145965,2,0,215822
145966,1,0,215823
145967,1,0,215824
145968,1,0,215825
145969,3,0,215828
145970,2,0,215830
145971,1,0,215831
145972,1,0,215832
145973,2,0,215834
145974,1,0,215835
145975,2,0,215837
145976,3,0,215840
145977,1,0,215841
145978,3,0,215844
145979,4,0,215848
145980,4,0,215852
145981,2,0,215854
145982,1,0,215855
145983,1,0,215856
145984,3,0,215859
145985,1,0,215860
145986,1,0,215861
145987,1,0,215862
145988,2,0,215864
145989,1,0,215865
145990,2,0,215867
145991,1,0,215868
145992,1,0,215869
145993,3,0,215872
145994,2,0,215874
145995,1,0,215875
145996,1,0,215876
145997,2,0,215878
145998,3,0,215881
145999,2,0,215883
146000,1,0,215884
146001,2,0,215886
146002,1,0,215887
146003,1,0,215888
146004,1,0,215889
146005,1,0,215890
146006,4,0,215894
146007,1,0,215895
146008,2,0,215897
146009,1,0,215898
146010,2,0,215900
146011,2,0,215902
146012,1,0,215903
146013,3,0,215906
146014,1,0,215907
146015,1,0,215908
146016,1,0,215909
146017,1,0,215910
146018,1,0,215911
146019,1,0,215912
146020,1,0,215913
146021,1,0,215914
146022,1,0,215915
146023,1,0,215916
146024,1,0,215917
146025,1,0,215918
146026,1,0,215919
146027,1,0,215920
146028,1,0,215921
146029,1,0,215922
146030,1,0,215923
146031,1,0,215924
146032,1,0,215925
146033,3,0,215928
146034,2,0,215930
146035,1,0,215931
146036,1,0,215932
146037,1,0,215933
146038,2,0,215935
146039,1,0,215936
146040,2,0,215938
146041,3,0,215941
146042,4,0,215945
146043,4,0,215949
146044,1,0,215950
146045,2,0,215952
146046,1,0,215953
146047,1,0,215954
146048,1,0,215955
146049,1,0,215956
146050,1,0,215957
146051,1,0,215958
146052,4,0,215962
146053,2,0,215964
146054,1,0,215965
146055,2,0,215967
146056,1,0,215968
146057,1,0,215969
146058,2,0,215971
146059,1,0,215972
146060,1,0,215973
146061,1,0,215974
146062,1,0,215975
146063,3,0,215978
146064,3,0,215981
146065,4,0,215985
146066,2,0,215987
146067,2,0,215989
146068,1,0,215990
146069,2,0,215992
146070,1,0,215993
146071,2,0,215995
146072,1,0,215996
146073,1,0,215997
146074,2,0,215999
146075,3,0,216002
146076,1,0,216003
146077,2,0,216005
146078,2,0,216007
146079,2,0,216009
146080,2,0,216011
146081,1,0,216012
146082,2,0,216014
146083,5,0,216019
146084,1,0,216020
146085,1,0,216021
146086,4,0,216025
146087,1,0,216026
146088,1,0,216027
146089,1,0,216028
146090,1,0,216029
146091,2,0,216031
146092,3,0,216034
146093,1,0,216035
146094,2,0,216037
146095,2,0,216039
146096,4,0,216043
146097,3,0,216046
146098,4,0,216050
146099,1,0,216051
146100,1,0,216052
146101,1,0,216053
146102,2,0,216055
146103,1,0,216056
146104,3,0,216059
146105,2,0,216061
146106,2,0,216063
146107,4,0,216067
146108,1,0,216068
146109,2,0,216070
146110,2,0,216072
146111,2,0,216074
146112,1,0,216075
146113,1,0,216076
146114,2,0,216078
146115,1,0,216079
146116,1,0,216080
146117,1,0,216081
146118,1,0,216082
146119,1,0,216083
146120,1,0,216084
146121,1,0,216085
146122,1,0,216086
146123,1,0,216087
146124,1,0,216088
146125,1,0,216089
146126,3,0,216092
146127,1,0,216093
146128,2,0,216095
146129,1,0,216096
146130,1,0,216097
146131,1,0,216098
146132,1,0,216099
146133,1,0,216100
146134,1,0,216101
146135,1,0,216102
146136,2,0,216104
146137,4,0,216108
146138,1,0,216109
146139,1,0,216110
146140,1,0,216111
146141,1,0,216112
146142,1,0,216113
146143,1,0,216114
146144,1,0,216115
146145,2,0,216117
146146,1,0,216118
146147,1,0,216119
146148,1,0,216120
146149,1,0,216121
146150,8,0,216129
146151,1,0,216130
146152,1,0,216131
146153,1,0,216132
146154,2,0,216134
146155,2,0,216136
146156,1,0,216137
146157,1,0,216138
146158,1,0,216139
146159,1,0,216140
146160,1,0,216141
146161,1,0,216142
146162,2,0,216144
146163,1,0,216145
146164,4,0,216149
146165,1,0,216150
146166,1,0,216151
146167,2,0,216153
146168,1,0,216154
146169,1,0,216155
146170,1,0,216156
146171,1,0,216157
146172,1,0,216158
146173,2,0,216160
146174,2,0,216162
146175,1,0,216163
146176,2,0,216165
146177,1,0,216166
146178,3,0,216169
146179,2,0,216171
146180,2,0,216173
146181,4,0,216177
146182,1,0,216178
146183,2,0,216180
146184,3,0,216183
146185,1,0,216184
146186,1,0,216185
146187,1,0,216186
146188,3,0,216189
146189,1,0,216190
146190,1,0,216191
146191,1,0,216192
146192,1,0,216193
146193,3,0,216196
146194,2,0,216198
146195,1,0,216199
146196,2,0,216201
146197,1,0,216202
146198,2,0,216204
146199,4,0,216208
146200,1,0,216209
146201,3,0,216212
146202,1,0,216213
146203,1,0,216214
146204,2,0,216216
146205,1,0,216217
146206,3,0,216220
146207,1,0,216221
146208,1,0,216222
146209,1,0,216223
146210,1,0,216224
146211,2,0,216226
146212,1,0,216227
146213,1,0,216228
146214,1,0,216229
146215,1,0,216230
146216,1,0,216231
146217,1,0,216232
146218,1,0,216233
146219,3,0,216236
146220,1,0,216237
146221,2,0,216239
146222,4,0,216243
146223,1,0,216244
146224,1,0,216245
146225,2,0,216247
146226,1,0,216248
146227,1,0,216249
146228,2,0,216251
146229,3,0,216254
146230,1,0,216255
146231,1,0,216256
146232,1,0,216257
146233,1,0,216258
146234,1,0,216259
146235,1,0,216260
146236,1,0,216261
146237,1,0,216262
146238,3,0,216265
146239,1,0,216266
146240,1,0,216267
146241,1,0,216268
146242,1,0,216269
146243,2,0,216271
146244,1,0,216272
146245,3,0,216275
146246,1,0,216276
146247,1,0,216277
146248,2,0,216279
146249,2,0,216281
146250,1,0,216282
146251,4,0,216286
146252,2,0,216288
146253,1,0,216289
146254,2,0,216291
146255,1,0,216292
146256,4,0,216296
146257,1,0,216297
146258,2,0,216299
146259,1,0,216300
146260,1,0,216301
146261,1,0,216302
146262,2,0,216304
146263,1,0,216305
146264,1,0,216306
146265,1,0,216307
146266,2,0,216309
146267,2,0,216311
146268,4,0,216315
146269,1,0,216316
146270,1,0,216317
146271,4,0,216321
146272,1,0,216322
146273,1,0,216323
146274,1,0,216324
146275,1,0,216325
146276,2,0,216327
146277,2,0,216329
146278,1,0,216330
146279,2,0,216332
146280,1,0,216333
146281,1,0,216334
146282,1,0,216335
146283,1,0,216336
146284,1,0,216337
146285,1,0,216338
146286,1,0,216339
146287,1,0,216340
146288,1,0,216341
146289,1,0,216342
146290,1,0,216343
146291,1,0,216344
146292,2,0,216346
146293,2,0,216348
146294,1,0,216349
146295,2,0,216351
146296,1,0,216352
146297,1,0,216353
146298,1,0,216354
146299,1,0,216355
146300,1,0,216356
146301,2,0,216358
146302,1,0,216359
146303,2,0,216361
146304,1,0,216362
146305,1,0,216363
146306,2,0,216365
146307,1,0,216366
146308,1,0,216367
146309,2,0,216369
146310,1,0,216370
146311,2,0,216372
146312,1,0,216373
146313,3,0,216376
146314,1,0,216377
146315,3,0,216380
146316,1,0,216381
146317,3,0,216384
146318,1,0,216385
146319,1,0,216386
146320,3,0,216389
146321,1,0,216390
146322,1,0,216391
146323,2,0,216393
146324,1,0,216394
146325,2,0,216396
146326,3,0,216399
146327,1,0,216400
146328,1,0,216401
146329,1,0,216402
146330,1,0,216403
146331,1,0,216404
146332,1,0,216405
146333,1,0,216406
146334,3,0,216409
146335,1,0,216410
146336,1,0,216411
146337,1,0,216412
146338,2,0,216414
146339,1,0,216415
146340,1,0,216416
146341,1,0,216417
146342,1,0,216418
146343,1,0,216419
146344,1,0,216420
146345,1,0,216421
146346,2,0,216423
146347,1,0,216424
146348,1,0,216425
146349,1,0,216426
146350,1,0,216427
146351,2,0,216429
146352,1,0,216430
146353,2,0,216432
146354,1,0,216433
146355,1,0,216434
146356,2,0,216436
146357,1,0,216437
146358,1,0,216438
146359,1,0,216439
146360,1,0,216440
146361,1,0,216441
146362,3,0,216444
146363,1,0,216445
146364,1,0,216446
146365,2,0,216448
146366,1,0,216449
146367,2,0,216451
146368,1,0,216452
146369,2,0,216454
146370,2,0,216456
146371,1,0,216457
146372,1,0,216458
146373,2,0,216460
146374,1,0,216461
146375,2,0,216463
146376,4,0,216467
146377,2,0,216469
146378,1,0,216470
146379,1,0,216471
146380,1,0,216472
146381,1,0,216473
146382,2,0,216475
146383,1,0,216476
146384,1,0,216477
146385,1,0,216478
146386,2,0,216480
146387,1,0,216481
146388,2,0,216483
146389,1,0,216484
146390,1,0,216485
146391,2,0,216487
146392,2,0,216489
146393,3,0,216492
146394,1,0,216493
146395,1,0,216494
146396,1,0,216495
146397,1,0,216496
146398,1,0,216497
146399,1,0,216498
146400,2,0,216500
146401,1,0,216501
146402,1,0,216502
146403,1,0,216503
146404,1,0,216504
146405,3,0,216507
146406,1,0,216508
146407,4,0,216512
146408,1,0,216513
146409,4,0,216517
146410,1,0,216518
146411,1,0,216519
146412,2,0,216521
146413,1,0,216522
146414,3,0,216525
146415,1,0,216526
146416,1,0,216527
146417,1,0,216528
146418,1,0,216529
146419,1,0,216530
146420,1,0,216531
146421,1,0,216532
146422,1,0,216533
146423,1,0,216534
146424,1,0,216535
146425,3,0,216538
146426,2,0,216540
146427,2,0,216542
146428,2,0,216544
146429,1,0,216545
146430,2,0,216547
146431,1,0,216548
146432,1,0,216549
146433,1,0,216550
146434,1,0,216551
146435,1,0,216552
146436,2,0,216554
146437,1,0,216555
146438,2,0,216557
146439,2,0,216559
146440,1,0,216560
146441,1,0,216561
146442,2,0,216563
146443,1,0,216564
146444,3,0,216567
146445,1,0,216568
146446,1,0,216569
146447,2,0,216571
146448,1,0,216572
146449,1,0,216573
146450,1,0,216574
146451,1,0,216575
146452,2,0,216577
146453,2,0,216579
146454,2,0,216581
146455,1,0,216582
146456,1,0,216583
146457,1,0,216584
146458,2,0,216586
146459,1,0,216587
146460,1,0,216588
146461,1,0,216589
146462,2,0,216591
146463,1,0,216592
146464,3,0,216595
146465,1,0,216596
146466,1,0,216597
146467,2,0,216599
146468,3,0,216602
146469,1,0,216603
146470,1,0,216604
146471,2,0,216606
146472,1,0,216607
146473,1,0,216608
146474,1,0,216609
146475,2,0,216611
146476,1,0,216612
146477,2,0,216614
146478,7,0,216621
146479,2,0,216623
146480,1,0,216624
146481,1,0,216625
146482,1,0,216626
146483,1,0,216627
146484,2,0,216629
146485,1,0,216630
146486,1,0,216631
146487,1,0,216632
146488,1,0,216633
146489,3,0,216636
146490,1,0,216637
146491,1,0,216638
146492,1,0,216639
146493,1,0,216640
146494,4,0,216644
146495,2,0,216646
146496,1,0,216647
146497,2,0,216649
146498,1,0,216650
146499,2,0,216652
146500,1,0,216653
146501,1,0,216654
146502,1,0,216655
146503,1,0,216656
146504,1,0,216657
146505,1,0,216658
146506,1,0,216659
146507,8,0,216667
146508,1,0,216668
146509,1,0,216669
146510,3,0,216672
146511,1,0,216673
146512,1,0,216674
146513,1,0,216675
146514,1,0,216676
146515,1,0,216677
146516,1,0,216678
146517,2,0,216680
146518,1,0,216681
146519,1,0,216682
146520,1,0,216683
146521,1,0,216684
146522,1,0,216685
146523,3,0,216688
146524,1,0,216689
146525,1,0,216690
146526,1,0,216691
146527,2,0,216693
146528,3,0,216696
146529,1,0,216697
146530,2,0,216699
146531,1,0,216700
146532,1,0,216701
146533,2,0,216703
146534,1,0,216704
146535,1,0,216705
146536,1,0,216706
146537,2,0,216708
146538,1,0,216709
146539,2,0,216711
146540,2,0,216713
146541,1,0,216714
146542,1,0,216715
146543,2,0,216717
146544,1,0,216718
146545,1,0,216719
146546,1,0,216720
146547,1,0,216721
146548,1,0,216722
146549,1,0,216723
146550,1,0,216724
146551,1,0,216725
146552,1,0,216726
146553,1,0,216727
146554,2,0,216729
146555,2,0,216731
146556,1,0,216732
146557,2,0,216734
146558,1,0,216735
146559,2,0,216737
146560,1,0,216738
146561,1,0,216739
146562,2,0,216741
146563,2,0,216743
146564,1,0,216744
146565,1,0,216745
146566,1,0,216746
146567,1,0,216747
146568,1,0,216748
146569,1,0,216749
146570,2,0,216751
146571,2,0,216753
146572,1,0,216754
146573,1,0,216755
146574,1,0,216756
146575,1,0,216757
146576,2,0,216759
146577,2,0,216761
146578,1,0,216762
146579,1,0,216763
146580,5,0,216768
146581,1,0,216769
146582,1,0,216770
146583,1,0,216771
146584,1,0,216772
146585,1,0,216773
146586,1,0,216774
146587,3,0,216777
146588,1,0,216778
146589,1,0,216779
146590,1,0,216780
146591,1,0,216781
146592,2,0,216783
146593,2,0,216785
146594,3,0,216788
146595,2,0,216790
146596,2,0,216792
146597,1,0,216793
146598,1,0,216794
146599,1,0,216795
146600,1,0,216796
146601,1,0,216797
146602,2,0,216799
146603,1,0,216800
146604,1,0,216801
146605,1,0,216802
146606,1,0,216803
146607,4,0,216807
146608,2,0,216809
146609,1,0,216810
146610,3,0,216813
146611,2,0,216815
146612,1,0,216816
146613,4,0,216820
146614,1,0,216821
146615,1,0,216822
146616,2,0,216824
146617,1,0,216825
146618,1,0,216826
146619,1,0,216827
146620,1,0,216828
146621,1,0,216829
146622,1,0,216830
146623,2,0,216832
146624,1,0,216833
146625,1,0,216834
146626,1,0,216835
146627,2,0,216837
146628,1,0,216838
146629,1,0,216839
146630,1,0,216840
146631,6,0,216846
146632,5,0,216851
146633,1,0,216852
146634,2,0,216854
146635,3,0,216857
146636,1,0,216858
146637,1,0,216859
146638,2,0,216861
146639,1,0,216862
146640,1,0,216863
146641,2,0,216865
146642,2,0,216867
146643,1,0,216868
146644,2,0,216870
146645,2,0,216872
146646,1,0,216873
146647,1,0,216874
146648,2,0,216876
146649,2,0,216878
146650,1,0,216879
146651,1,0,216880
146652,1,0,216881
146653,1,0,216882
146654,1,0,216883
146655,1,0,216884
146656,1,0,216885
146657,1,0,216886
146658,1,0,216887
146659,1,0,216888
146660,1,0,216889
146661,1,0,216890
146662,1,0,216891
146663,2,0,216893
146664,1,0,216894
146665,1,0,216895
146666,1,0,216896
146667,1,0,216897
146668,1,0,216898
146669,1,0,216899
146670,1,0,216900
146671,2,0,216902
146672,2,0,216904
146673,1,0,216905
146674,1,0,216906
146675,1,0,216907
146676,1,0,216908
146677,1,0,216909
146678,1,0,216910
146679,2,0,216912
146680,1,0,216913
146681,2,0,216915
146682,1,0,216916
146683,1,0,216917
146684,1,0,216918
146685,1,0,216919
146686,1,0,216920
146687,2,0,216922
146688,1,0,216923
146689,1,0,216924
146690,2,0,216926
146691,1,0,216927
146692,2,0,216929
146693,1,0,216930
146694,2,0,216932
146695,1,0,216933
146696,1,0,216934
146697,1,0,216935
146698,2,0,216937
146699,1,0,216938
146700,1,0,216939
146701,1,0,216940
146702,2,0,216942
146703,1,0,216943
146704,1,0,216944
146705,3,0,216947
146706,1,0,216948
146707,1,0,216949
146708,1,0,216950
146709,1,0,216951
146710,5,0,216956
146711,1,0,216957
146712,1,0,216958
146713,1,0,216959
146714,1,0,216960
146715,1,0,216961
146716,2,0,216963
146717,1,0,216964
146718,1,0,216965
146719,1,0,216966
146720,1,0,216967
146721,2,0,216969
146722,2,0,216971
146723,1,0,216972
146724,1,0,216973
146725,1,0,216974
146726,1,0,216975
146727,1,0,216976
146728,2,0,216978
146729,2,0,216980
146730,1,0,216981
146731,1,0,216982
146732,3,0,216985
146733,1,0,216986
146734,1,0,216987
146735,1,0,216988
146736,1,0,216989
146737,1,0,216990
146738,3,0,216993
146739,1,0,216994
146740,1,0,216995
146741,1,0,216996
146742,4,0,217000
146743,1,0,217001
146744,1,0,217002
146745,1,0,217003
146746,1,0,217004
146747,1,0,217005
146748,1,0,217006
146749,1,0,217007
146750,1,0,217008
146751,1,0,217009
146752,2,0,217011
146753,1,0,217012
146754,2,0,217014
146755,2,0,217016
146756,2,0,217018
146757,1,0,217019
146758,1,0,217020
146759,2,0,217022
146760,1,0,217023
146761,2,0,217025
146762,1,0,217026
146763,1,0,217027
146764,2,0,217029
146765,1,0,217030
146766,2,0,217032
146767,1,0,217033
146768,1,0,217034
146769,1,0,217035
146770,1,0,217036
146771,1,0,217037
146772,1,0,217038
146773,1,0,217039
146774,1,0,217040
146775,1,0,217041
146776,1,0,217042
146777,1,0,217043
146778,3,0,217046
146779,1,0,217047
146780,1,0,217048
146781,1,0,217049
146782,1,0,217050
146783,1,0,217051
146784,1,0,217052
146785,1,0,217053
146786,1,0,217054
146787,3,0,217057
146788,2,0,217059
146789,1,0,217060
146790,2,0,217062
146791,1,0,217063
146792,1,0,217064
146793,1,0,217065
146794,1,0,217066
146795,1,0,217067
146796,1,0,217068
146797,1,0,217069
146798,1,0,217070
146799,4,0,217074
146800,1,0,217075
146801,1,0,217076
146802,1,0,217077
146803,1,0,217078
146804,2,0,217080
146805,1,0,217081
146806,1,0,217082
146807,1,0,217083
146808,1,0,217084
146809,1,0,217085
146810,1,0,217086
146811,1,0,217087
146812,1,0,217088
146813,2,0,217090
146814,1,0,217091
146815,1,0,217092
146816,1,0,217093
146817,1,0,217094
146818,1,0,217095
146819,1,0,217096
146820,1,0,217097
146821,1,0,217098
146822,1,0,217099
146823,2,0,217101
146824,1,0,217102
146825,1,0,217103
146826,2,0,217105
146827,1,0,217106
146828,1,0,217107
146829,1,0,217108
146830,1,0,217109
146831,1,0,217110
146832,2,0,217112
146833,1,0,217113
146834,2,0,217115
146835,1,0,217116
146836,1,0,217117
146837,1,0,217118
146838,1,0,217119
146839,1,0,217120
146840,2,0,217122
146841,2,0,217124
146842,1,0,217125
146843,1,0,217126
146844,2,0,217128
146845,6,0,217134
146846,1,0,217135
146847,2,0,217137
146848,4,0,217141
146849,1,0,217142
146850,1,0,217143
146851,2,0,217145
146852,4,0,217149
146853,1,0,217150
146854,1,0,217151
146855,1,0,217152
146856,2,0,217154
146857,1,0,217155
146858,4,0,217159
146859,1,0,217160
146860,1,0,217161
146861,1,0,217162
146862,1,0,217163
146863,1,0,217164
146864,1,0,217165
146865,2,0,217167
146866,4,0,217171
146867,1,0,217172
146868,1,0,217173
146869,1,0,217174
146870,1,0,217175
146871,2,0,217177
146872,2,0,217179
146873,2,0,217181
146874,2,0,217183
146875,2,0,217185
146876,1,0,217186
146877,2,0,217188
146878,2,0,217190
146879,2,0,217192
146880,1,0,217193
146881,1,0,217194
146882,1,0,217195
146883,1,0,217196
146884,1,0,217197
146885,1,0,217198
146886,2,0,217200
146887,2,0,217202
146888,1,0,217203
146889,1,0,217204
146890,2,0,217206
146891,2,0,217208
146892,1,0,217209
146893,1,0,217210
146894,1,0,217211
146895,1,0,217212
146896,1,0,217213
146897,1,0,217214
146898,1,0,217215
146899,1,0,217216
146900,2,0,217218
146901,1,0,217219
146902,2,0,217221
146903,1,0,217222
146904,1,0,217223
146905,2,0,217225
146906,1,0,217226
146907,1,0,217227
146908,1,0,217228
146909,1,0,217229
146910,2,0,217231
146911,1,0,217232
146912,1,0,217233
146913,1,0,217234
146914,1,0,217235
146915,1,0,217236
146916,1,0,217237
146917,2,0,217239
146918,1,0,217240
146919,3,0,217243
146920,1,0,217244
146921,1,0,217245
146922,1,0,217246
146923,1,0,217247
146924,1,0,217248
146925,1,0,217249
146926,1,0,217250
146927,1,0,217251
146928,1,0,217252
146929,2,0,217254
146930,1,0,217255
146931,1,0,217256
146932,1,0,217257
146933,2,0,217259
146934,2,0,217261
146935,2,0,217263
146936,2,0,217265
146937,1,0,217266
146938,2,0,217268
146939,2,0,217270
146940,1,0,217271
146941,1,0,217272
146942,1,0,217273
146943,1,0,217274
146944,1,0,217275
146945,1,0,217276
146946,1,0,217277
146947,1,0,217278
146948,1,0,217279
146949,1,0,217280
146950,5,0,217285
146951,2,0,217287
146952,1,0,217288
146953,1,0,217289
146954,4,0,217293
146955,1,0,217294
146956,1,0,217295
146957,1,0,217296
146958,1,0,217297
146959,1,0,217298
146960,1,0,217299
146961,1,0,217300
146962,1,0,217301
146963,3,0,217304
146964,1,0,217305
146965,1,0,217306
146966,1,0,217307
146967,1,0,217308
146968,1,0,217309
146969,1,0,217310
146970,1,0,217311
146971,1,0,217312
146972,3,0,217315
146973,1,0,217316
146974,1,0,217317
146975,1,0,217318
146976,2,0,217320
146977,1,0,217321
146978,2,0,217323
146979,1,0,217324
146980,1,0,217325
146981,1,0,217326
146982,6,0,217332
146983,1,0,217333
146984,1,0,217334
146985,2,0,217336
146986,2,0,217338
146987,1,0,217339
146988,2,0,217341
146989,2,0,217343
146990,1,0,217344
146991,3,0,217347
146992,2,0,217349
146993,3,0,217352
146994,1,0,217353
146995,1,0,217354
146996,1,0,217355
146997,1,0,217356
146998,1,0,217357
146999,4,0,217361
147000,1,0,217362
147001,1,0,217363
147002,1,0,217364
147003,1,0,217365
147004,1,0,217366
147005,1,0,217367
147006,2,0,217369
147007,1,0,217370
147008,1,0,217371
147009,1,0,217372
147010,1,0,217373
147011,1,0,217374
147012,4,0,217378
147013,1,0,217379
147014,1,0,217380
147015,1,0,217381
147016,1,0,217382
147017,1,0,217383
147018,1,0,217384
147019,1,0,217385
147020,1,0,217386
147021,2,0,217388
147022,4,0,217392
147023,1,0,217393
147024,2,0,217395
147025,1,0,217396
147026,1,0,217397
147027,1,0,217398
147028,1,0,217399
147029,1,0,217400
147030,1,0,217401
147031,1,0,217402
147032,1,0,217403
147033,2,0,217405
147034,2,0,217407
147035,1,0,217408
147036,2,0,217410
147037,2,0,217412
147038,2,0,217414
147039,1,0,217415
147040,1,0,217416
147041,2,0,217418
147042,1,0,217419
147043,1,0,217420
147044,1,0,217421
147045,1,0,217422
147046,1,0,217423
147047,1,0,217424
147048,1,0,217425
147049,1,0,217426
147050,2,0,217428
147051,1,0,217429
147052,2,0,217431
147053,1,0,217432
147054,1,0,217433
147055,3,0,217436
147056,2,0,217438
147057,1,0,217439
147058,2,0,217441
147059,2,0,217443
147060,1,0,217444
147061,1,0,217445
147062,2,0,217447
147063,1,0,217448
147064,1,0,217449
147065,1,0,217450
147066,1,0,217451
147067,2,0,217453
147068,1,0,217454
147069,3,0,217457
147070,1,0,217458
147071,1,0,217459
147072,1,0,217460
147073,2,0,217462
147074,3,0,217465
147075,1,0,217466
147076,3,0,217469
147077,1,0,217470
147078,1,0,217471
147079,6,0,217477
147080,1,0,217478
147081,2,0,217480
147082,3,0,217483
147083,2,0,217485
147084,1,0,217486
147085,2,0,217488
147086,1,0,217489
147087,1,0,217490
147088,1,0,217491
147089,1,0,217492
147090,5,0,217497
147091,1,0,217498
147092,2,0,217500
147093,1,0,217501
147094,1,0,217502
147095,1,0,217503
147096,1,0,217504
147097,2,0,217506
147098,1,0,217507
147099,4,0,217511
147100,1,0,217512
147101,1,0,217513
147102,1,0,217514
147103,4,0,217518
147104,1,0,217519
147105,2,0,217521
147106,1,0,217522
147107,1,0,217523
147108,1,0,217524
147109,1,0,217525
147110,2,0,217527
147111,1,0,217528
147112,1,0,217529
147113,1,0,217530
147114,2,0,217532
147115,1,0,217533
147116,1,0,217534
147117,1,0,217535
147118,2,0,217537
147119,7,0,217544
147120,2,0,217546
147121,3,0,217549
147122,1,0,217550
147123,1,0,217551
147124,1,0,217552
147125,1,0,217553
147126,1,0,217554
147127,1,0,217555
147128,1,0,217556
147129,1,0,217557
147130,1,0,217558
147131,4,0,217562
147132,1,0,217563
147133,1,0,217564
147134,2,0,217566
147135,2,0,217568
147136,1,0,217569
147137,1,0,217570
147138,1,0,217571
147139,2,0,217573
147140,2,0,217575
147141,1,0,217576
147142,1,0,217577
147143,1,0,217578
147144,1,0,217579
147145,1,0,217580
147146,3,0,217583
147147,1,0,217584
147148,1,0,217585
147149,3,0,217588
147150,1,0,217589
147151,1,0,217590
147152,1,0,217591
147153,2,0,217593
147154,1,0,217594
147155,1,0,217595
147156,2,0,217597
147157,2,0,217599
147158,1,0,217600
147159,1,0,217601
147160,2,0,217603
147161,1,0,217604
147162,1,0,217605
147163,1,0,217606
147164,2,0,217608
147165,1,0,217609
147166,1,0,217610
147167,2,0,217612
147168,1,0,217613
147169,2,0,217615
147170,2,0,217617
147171,1,0,217618
147172,1,0,217619
147173,4,0,217623
147174,1,0,217624
147175,1,0,217625
147176,4,0,217629
147177,1,0,217630
147178,3,0,217633
147179,1,0,217634
147180,1,0,217635
147181,1,0,217636
147182,1,0,217637
147183,1,0,217638
147184,1,0,217639
147185,1,0,217640
147186,1,0,217641
147187,1,0,217642
147188,1,0,217643
147189,1,0,217644
147190,1,0,217645
147191,1,0,217646
147192,2,0,217648
147193,1,0,217649
147194,1,0,217650
147195,2,0,217652
147196,2,0,217654
147197,1,0,217655
147198,1,0,217656
147199,1,0,217657
147200,1,0,217658
147201,1,0,217659
147202,1,0,217660
147203,1,0,217661
147204,1,0,217662
147205,1,0,217663
147206,1,0,217664
147207,1,0,217665
147208,2,0,217667
147209,1,0,217668
147210,1,0,217669
147211,1,0,217670
147212,1,0,217671
147213,1,0,217672
147214,2,0,217674
147215,1,0,217675
147216,1,0,217676
147217,1,0,217677
147218,1,0,217678
147219,1,0,217679
147220,5,0,217684
147221,1,0,217685
147222,2,0,217687
147223,1,0,217688
147224,1,0,217689
147225,1,0,217690
147226,2,0,217692
147227,1,0,217693
147228,1,0,217694
147229,1,0,217695
147230,2,0,217697
147231,1,0,217698
147232,1,0,217699
147233,1,0,217700
147234,1,0,217701
147235,1,0,217702
147236,1,0,217703
147237,3,0,217706
147238,2,0,217708
147239,1,0,217709
147240,3,0,217712
147241,1,0,217713
147242,2,0,217715
147243,1,0,217716
147244,1,0,217717
147245,1,0,217718
147246,1,0,217719
147247,1,0,217720
147248,1,0,217721
147249,3,0,217724
147250,1,0,217725
147251,1,0,217726
147252,1,0,217727
147253,1,0,217728
147254,1,0,217729
147255,1,0,217730
147256,1,0,217731
147257,4,0,217735
147258,1,0,217736
147259,1,0,217737
147260,3,0,217740
147261,1,0,217741
147262,1,0,217742
147263,1,0,217743
147264,4,0,217747
147265,1,0,217748
147266,1,0,217749
147267,1,0,217750
147268,1,0,217751
147269,2,0,217753
147270,1,0,217754
147271,1,0,217755
147272,1,0,217756
147273,3,0,217759
147274,2,0,217761
147275,1,0,217762
147276,1,0,217763
147277,1,0,217764
147278,1,0,217765
147279,1,0,217766
147280,1,0,217767
147281,1,0,217768
147282,1,0,217769
147283,1,0,217770
147284,1,0,217771
147285,2,0,217773
147286,2,0,217775
147287,1,0,217776
147288,2,0,217778
147289,1,0,217779
147290,1,0,217780
147291,1,0,217781
147292,1,0,217782
147293,1,0,217783
147294,1,0,217784
147295,1,0,217785
147296,2,0,217787
147297,1,0,217788
147298,1,0,217789
147299,2,0,217791
147300,2,0,217793
147301,1,0,217794
147302,2,0,217796
147303,1,0,217797
147304,1,0,217798
147305,2,0,217800
147306,1,0,217801
147307,1,0,217802
147308,1,0,217803
147309,1,0,217804
147310,1,0,217805
147311,2,0,217807
147312,1,0,217808
147313,1,0,217809
147314,2,0,217811
147315,1,0,217812
147316,1,0,217813
147317,1,0,217814
147318,2,0,217816
147319,1,0,217817
147320,1,0,217818
147321,2,0,217820
147322,1,0,217821
147323,2,0,217823
147324,1,0,217824
147325,1,0,217825
147326,2,0,217827
147327,3,0,217830
147328,1,0,217831
147329,1,0,217832
147330,1,0,217833
147331,1,0,217834
147332,1,0,217835
147333,2,0,217837
147334,2,0,217839
147335,2,0,217841
147336,2,0,217843
147337,1,0,217844
147338,1,0,217845
147339,1,0,217846
147340,2,0,217848
147341,1,0,217849
147342,2,0,217851
147343,1,0,217852
147344,2,0,217854
147345,1,0,217855
147346,1,0,217856
147347,1,0,217857
147348,1,0,217858
147349,1,0,217859
147350,2,0,217861
147351,1,0,217862
147352,2,0,217864
147353,1,0,217865
147354,2,0,217867
147355,2,0,217869
147356,1,0,217870
147357,1,0,217871
147358,2,0,217873
147359,2,0,217875
147360,1,0,217876
147361,3,0,217879
147362,3,0,217882
147363,3,0,217885
147364,1,0,217886
147365,1,0,217887
147366,1,0,217888
147367,1,0,217889
147368,1,0,217890
147369,1,0,217891
147370,1,0,217892
147371,1,0,217893
147372,1,0,217894
147373,1,0,217895
147374,1,0,217896
147375,1,0,217897
147376,1,0,217898
147377,1,0,217899
147378,1,0,217900
147379,1,0,217901
147380,1,0,217902
147381,2,0,217904
147382,1,0,217905
147383,1,0,217906
147384,1,0,217907
147385,1,0,217908
147386,2,0,217910
147387,1,0,217911
147388,1,0,217912
147389,1,0,217913
147390,1,0,217914
147391,1,0,217915
147392,1,0,217916
147393,1,0,217917
147394,1,0,217918
147395,1,0,217919
147396,1,0,217920
147397,1,0,217921
147398,1,0,217922
147399,2,0,217924
147400,1,0,217925
147401,1,0,217926
147402,1,0,217927
147403,1,0,217928
147404,1,0,217929
147405,1,0,217930
147406,2,0,217932
147407,1,0,217933
147408,1,0,217934
147409,1,0,217935
147410,1,0,217936
147411,1,0,217937
147412,2,0,217939
147413,2,0,217941
147414,1,0,217942
147415,1,0,217943
147416,1,0,217944
147417,2,0,217946
147418,2,0,217948
147419,3,0,217951
147420,1,0,217952
147421,1,0,217953
147422,2,0,217955
147423,1,0,217956
147424,1,0,217957
147425,2,0,217959
147426,1,0,217960
147427,2,0,217962
147428,8,0,217970
147429,1,0,217971
147430,1,0,217972
147431,1,0,217973
147432,1,0,217974
147433,2,0,217976
147434,1,0,217977
147435,1,0,217978
147436,1,0,217979
147437,2,0,217981
147438,2,0,217983
147439,1,0,217984
147440,1,0,217985
147441,2,0,217987
147442,1,0,217988
147443,1,0,217989
147444,1,0,217990
147445,1,0,217991
147446,1,0,217992
147447,3,0,217995
147448,1,0,217996
147449,1,0,217997
147450,1,0,217998
147451,1,0,217999
147452,2,0,218001
147453,2,0,218003
147454,1,0,218004
147455,1,0,218005
147456,2,0,218007
147457,1,0,218008
147458,1,0,218009
147459,1,0,218010
147460,2,0,218012
147461,1,0,218013
147462,1,0,218014
147463,3,0,218017
147464,2,0,218019
147465,1,0,218020
147466,2,0,218022
147467,1,0,218023
147468,1,0,218024
147469,1,0,218025
147470,3,0,218028
147471,1,0,218029
147472,3,0,218032
147473,2,0,218034
147474,1,0,218035
147475,1,0,218036
147476,2,0,218038
147477,1,0,218039
147478,2,0,218041
147479,1,0,218042
147480,1,0,218043
147481,3,0,218046
147482,1,0,218047
147483,1,0,218048
147484,1,0,218049
147485,1,0,218050
147486,2,0,218052
147487,1,0,218053
147488,1,0,218054
147489,2,0,218056
147490,2,0,218058
147491,2,0,218060
147492,1,0,218061
147493,2,0,218063
147494,3,0,218066
147495,2,0,218068
147496,1,0,218069
147497,1,0,218070
147498,2,0,218072
147499,1,0,218073
147500,1,0,218074
147501,2,0,218076
147502,1,0,218077
147503,1,0,218078
147504,1,0,218079
147505,1,0,218080
147506,1,0,218081
147507,1,0,218082
147508,1,0,218083
147509,1,0,218084
147510,1,0,218085
147511,1,0,218086
147512,1,0,218087
147513,1,0,218088
147514,1,0,218089
147515,1,0,218090
147516,1,0,218091
147517,1,0,218092
147518,1,0,218093
147519,1,0,218094
147520,3,0,218097
147521,1,0,218098
147522,1,0,218099
147523,2,0,218101
147524,1,0,218102
147525,1,0,218103
147526,1,0,218104
147527,2,0,218106
147528,1,0,218107
147529,2,0,218109
147530,1,0,218110
147531,1,0,218111
147532,1,0,218112
147533,1,0,218113
147534,3,0,218116
147535,2,0,218118
147536,4,0,218122
147537,3,0,218125
147538,1,0,218126
147539,1,0,218127
147540,1,0,218128
147541,1,0,218129
147542,1,0,218130
147543,3,0,218133
147544,1,0,218134
147545,1,0,218135
147546,1,0,218136
147547,2,0,218138
147548,1,0,218139
147549,1,0,218140
147550,3,0,218143
147551,4,0,218147
147552,1,0,218148
147553,1,0,218149
147554,1,0,218150
147555,1,0,218151
147556,1,0,218152
147557,1,0,218153
147558,1,0,218154
147559,1,0,218155
147560,1,0,218156
147561,1,0,218157
147562,2,0,218159
147563,2,0,218161
147564,1,0,218162
147565,1,0,218163
147566,1,0,218164
147567,3,0,218167
147568,2,0,218169
147569,1,0,218170
147570,2,0,218172
147571,1,0,218173
147572,1,0,218174
147573,1,0,218175
147574,1,0,218176
147575,1,0,218177
147576,1,0,218178
147577,1,0,218179
147578,1,0,218180
147579,1,0,218181
147580,1,0,218182
147581,1,0,218183
147582,1,0,218184
147583,2,0,218186
147584,1,0,218187
147585,1,0,218188
147586,2,0,218190
147587,1,0,218191
147588,1,0,218192
147589,1,0,218193
147590,2,0,218195
147591,1,0,218196
147592,1,0,218197
147593,2,0,218199
147594,1,0,218200
147595,2,0,218202
147596,1,0,218203
147597,3,0,218206
147598,1,0,218207
147599,1,0,218208
147600,1,0,218209
147601,3,0,218212
147602,1,0,218213
147603,4,0,218217
147604,2,0,218219
147605,1,0,218220
147606,1,0,218221
147607,1,0,218222
147608,1,0,218223
147609,1,0,218224
147610,1,0,218225
147611,1,0,218226
147612,1,0,218227
147613,1,0,218228
147614,1,0,218229
147615,1,0,218230
147616,1,0,218231
147617,1,0,218232
147618,2,0,218234
147619,1,0,218235
147620,1,0,218236
147621,1,0,218237
147622,1,0,218238
147623,1,0,218239
147624,2,0,218241
147625,1,0,218242
147626,2,0,218244
147627,2,0,218246
147628,1,0,218247
147629,5,0,218252
147630,1,0,218253
147631,1,0,218254
147632,3,0,218257
147633,1,0,218258
147634,3,0,218261
147635,1,0,218262
147636,1,0,218263
147637,1,0,218264
147638,2,0,218266
147639,1,0,218267
147640,1,0,218268
147641,2,0,218270
147642,1,0,218271
147643,1,0,218272
147644,1,0,218273
147645,1,0,218274
147646,1,0,218275
147647,1,0,218276
147648,1,0,218277
147649,1,0,218278
147650,1,0,218279
147651,1,0,218280
147652,3,0,218283
147653,1,0,218284
147654,1,0,218285
147655,1,0,218286
147656,1,0,218287
147657,1,0,218288
147658,1,0,218289
147659,4,0,218293
147660,1,0,218294
147661,1,0,218295
147662,1,0,218296
147663,1,0,218297
147664,1,0,218298
147665,1,0,218299
147666,2,0,218301
147667,2,0,218303
147668,1,0,218304
147669,1,0,218305
147670,2,0,218307
147671,2,0,218309
147672,1,0,218310
147673,2,0,218312
147674,1,0,218313
147675,1,0,218314
147676,3,0,218317
147677,3,0,218320
147678,2,0,218322
147679,1,0,218323
147680,2,0,218325
147681,1,0,218326
147682,2,0,218328
147683,1,0,218329
147684,1,0,218330
147685,1,0,218331
147686,2,0,218333
147687,2,0,218335
147688,1,0,218336
147689,1,0,218337
147690,2,0,218339
147691,1,0,218340
147692,1,0,218341
147693,1,0,218342
147694,1,0,218343
147695,1,0,218344
147696,1,0,218345
147697,1,0,218346
147698,1,0,218347
147699,1,0,218348
147700,2,0,218350
147701,1,0,218351
147702,1,0,218352
147703,1,0,218353
147704,1,0,218354
147705,2,0,218356
147706,1,0,218357
147707,1,0,218358
147708,1,0,218359
147709,1,0,218360
147710,1,0,218361
147711,2,0,218363
147712,1,0,218364
147713,1,0,218365
147714,1,0,218366
147715,1,0,218367
147716,1,0,218368
147717,1,0,218369
147718,1,0,218370
147719,1,0,218371
147720,2,0,218373
147721,1,0,218374
147722,1,0,218375
147723,1,0,218376
147724,3,0,218379
147725,2,0,218381
147726,1,0,218382
147727,1,0,218383
147728,2,0,218385
147729,2,0,218387
147730,2,0,218389
147731,3,0,218392
147732,2,0,218394
147733,1,0,218395
147734,1,0,218396
147735,1,0,218397
147736,1,0,218398
147737,1,0,218399
147738,3,0,218402
147739,4,0,218406
147740,1,0,218407
147741,1,0,218408
147742,2,0,218410
147743,1,0,218411
147744,1,0,218412
147745,1,0,218413
147746,1,0,218414
147747,1,0,218415
147748,4,0,218419
147749,1,0,218420
147750,2,0,218422
147751,1,0,218423
147752,1,0,218424
147753,1,0,218425
147754,1,0,218426
147755,1,0,218427
147756,1,0,218428
147757,1,0,218429
147758,1,0,218430
147759,3,0,218433
147760,2,0,218435
147761,1,0,218436
147762,1,0,218437
147763,1,0,218438
147764,1,0,218439
147765,2,0,218441
147766,1,0,218442
147767,1,0,218443
147768,1,0,218444
147769,1,0,218445
147770,2,0,218447
147771,1,0,218448
147772,2,0,218450
147773,1,0,218451
147774,1,0,218452
147775,2,0,218454
147776,1,0,218455
147777,1,0,218456
147778,1,0,218457
147779,2,0,218459
147780,1,0,218460
147781,2,0,218462
147782,2,0,218464
147783,1,0,218465
147784,1,0,218466
147785,1,0,218467
147786,1,0,218468
147787,1,0,218469
147788,1,0,218470
147789,1,0,218471
147790,1,0,218472
147791,2,0,218474
147792,2,0,218476
147793,1,0,218477
147794,1,0,218478
147795,1,0,218479
147796,3,0,218482
147797,2,0,218484
147798,1,0,218485
147799,1,0,218486
147800,3,0,218489
147801,2,0,218491
147802,1,0,218492
147803,1,0,218493
147804,1,0,218494
147805,1,0,218495
147806,1,0,218496
147807,2,0,218498
147808,1,0,218499
147809,1,0,218500
147810,1,0,218501
147811,1,0,218502
147812,2,0,218504
147813,1,0,218505
147814,1,0,218506
147815,3,0,218509
147816,1,0,218510
147817,1,0,218511
147818,1,0,218512
147819,1,0,218513
147820,1,0,218514
147821,1,0,218515
147822,1,0,218516
147823,1,0,218517
147824,1,0,218518
147825,3,0,218521
147826,1,0,218522
147827,1,0,218523
147828,1,0,218524
147829,2,0,218526
147830,2,0,218528
147831,1,0,218529
147832,1,0,218530
147833,1,0,218531
147834,1,0,218532
147835,1,0,218533
147836,1,0,218534
147837,1,0,218535
147838,1,0,218536
147839,1,0,218537
147840,1,0,218538
147841,1,0,218539
147842,1,0,218540
147843,1,0,218541
147844,3,0,218544
147845,1,0,218545
147846,1,0,218546
147847,1,0,218547
147848,1,0,218548
147849,2,0,218550
147850,1,0,218551
147851,1,0,218552
147852,1,0,218553
147853,1,0,218554
147854,3,0,218557
147855,1,0,218558
147856,1,0,218559
147857,2,0,218561
147858,1,0,218562
147859,1,0,218563
147860,1,0,218564
147861,1,0,218565
147862,1,0,218566
147863,1,0,218567
147864,2,0,218569
147865,1,0,218570
147866,3,0,218573
147867,1,0,218574
147868,1,0,218575
147869,1,0,218576
147870,1,0,218577
147871,1,0,218578
147872,2,0,218580
147873,1,0,218581
147874,1,0,218582
147875,1,0,218583
147876,1,0,218584
147877,1,0,218585
147878,2,0,218587
147879,2,0,218589
147880,1,0,218590
147881,2,0,218592
147882,1,0,218593
147883,2,0,218595
147884,1,0,218596
147885,1,0,218597
147886,1,0,218598
147887,1,0,218599
147888,1,0,218600
147889,1,0,218601
147890,2,0,218603
147891,1,0,218604
147892,1,0,218605
147893,1,0,218606
147894,1,0,218607
147895,2,0,218609
147896,1,0,218610
147897,1,0,218611
147898,1,0,218612
147899,1,0,218613
147900,1,0,218614
147901,1,0,218615
147902,1,0,218616
147903,1,0,218617
147904,1,0,218618
147905,2,0,218620
147906,1,0,218621
147907,1,0,218622
147908,1,0,218623
147909,1,0,218624
147910,1,0,218625
147911,2,0,218627
147912,1,0,218628
147913,3,0,218631
147914,1,0,218632
147915,1,0,218633
147916,1,0,218634
147917,1,0,218635
147918,2,0,218637
147919,1,0,218638
147920,1,0,218639
147921,1,0,218640
147922,1,0,218641
147923,2,0,218643
147924,2,0,218645
147925,1,0,218646
147926,2,0,218648
147927,1,0,218649
147928,2,0,218651
147929,1,0,218652
147930,1,0,218653
147931,1,0,218654
147932,1,0,218655
147933,1,0,218656
147934,1,0,218657
147935,1,0,218658
147936,1,0,218659
147937,1,0,218660
147938,3,0,218663
147939,1,0,218664
147940,1,0,218665
147941,1,0,218666
147942,1,0,218667
147943,1,0,218668
147944,2,0,218670
147945,1,0,218671
147946,1,0,218672
147947,1,0,218673
147948,1,0,218674
147949,1,0,218675
147950,1,0,218676
147951,1,0,218677
147952,5,0,218682
147953,2,0,218684
147954,2,0,218686
147955,3,0,218689
147956,2,0,218691
147957,1,0,218692
147958,1,0,218693
147959,1,0,218694
147960,1,0,218695
147961,1,0,218696
147962,1,0,218697
147963,3,0,218700
147964,2,0,218702
147965,1,0,218703
147966,1,0,218704
147967,1,0,218705
147968,2,0,218707
147969,1,0,218708
147970,1,0,218709
147971,1,0,218710
147972,1,0,218711
147973,2,0,218713
147974,3,0,218716
147975,1,0,218717
147976,2,0,218719
147977,1,0,218720
147978,1,0,218721
147979,2,0,218723
147980,1,0,218724
147981,1,0,218725
147982,1,0,218726
147983,1,0,218727
147984,1,0,218728
147985,1,0,218729
147986,3,0,218732
147987,1,0,218733
147988,2,0,218735
147989,1,0,218736
147990,2,0,218738
147991,1,0,218739
147992,2,0,218741
147993,3,0,218744
147994,1,0,218745
147995,1,0,218746
147996,1,0,218747
147997,2,0,218749
147998,4,0,218753
147999,1,0,218754
148000,1,0,218755
148001,1,0,218756
148002,1,0,218757
148003,1,0,218758
148004,1,0,218759
148005,2,0,218761
148006,1,0,218762
148007,1,0,218763
148008,2,0,218765
148009,2,0,218767
148010,2,0,218769
148011,1,0,218770
148012,1,0,218771
148013,4,0,218775
148014,1,0,218776
148015,1,0,218777
148016,1,0,218778
148017,1,0,218779
148018,1,0,218780
148019,1,0,218781
148020,1,0,218782
148021,1,0,218783
148022,1,0,218784
148023,1,0,218785
148024,1,0,218786
148025,2,0,218788
148026,4,0,218792
148027,1,0,218793
148028,1,0,218794
148029,1,0,218795
148030,1,0,218796
148031,1,0,218797
148032,1,0,218798
148033,2,0,218800
148034,1,0,218801
148035,1,0,218802
148036,1,0,218803
148037,1,0,218804
148038,1,0,218805
148039,1,0,218806
148040,1,0,218807
148041,1,0,218808
148042,1,0,218809
148043,1,0,218810
148044,1,0,218811
148045,1,0,218812
148046,1,0,218813
148047,1,0,218814
148048,1,0,218815
148049,3,0,218818
148050,2,0,218820
148051,1,0,218821
148052,5,0,218826
148053,1,0,218827
148054,1,0,218828
148055,2,0,218830
148056,1,0,218831
148057,1,0,218832
148058,1,0,218833
148059,3,0,218836
148060,2,0,218838
148061,2,0,218840
148062,2,0,218842
148063,1,0,218843
148064,2,0,218845
148065,2,0,218847
148066,1,0,218848
148067,1,0,218849
148068,2,0,218851
148069,1,0,218852
148070,1,0,218853
148071,3,0,218856
148072,1,0,218857
148073,1,0,218858
148074,1,0,218859
148075,2,0,218861
148076,1,0,218862
148077,3,0,218865
148078,1,0,218866
148079,2,0,218868
148080,1,0,218869
148081,2,0,218871
148082,1,0,218872
148083,1,0,218873
148084,1,0,218874
148085,2,0,218876
148086,1,0,218877
148087,1,0,218878
148088,1,0,218879
148089,1,0,218880
148090,1,0,218881
148091,1,0,218882
148092,1,0,218883
148093,1,0,218884
148094,1,0,218885
148095,3,0,218888
148096,1,0,218889
148097,1,0,218890
148098,1,0,218891
148099,5,0,218896
148100,2,0,218898
148101,1,0,218899
148102,1,0,218900
148103,2,0,218902
148104,2,0,218904
148105,1,0,218905
148106,2,0,218907
148107,3,0,218910
148108,1,0,218911
148109,2,0,218913
148110,1,0,218914
148111,1,0,218915
148112,1,0,218916
148113,1,0,218917
148114,3,0,218920
148115,2,0,218922
148116,1,0,218923
148117,1,0,218924
148118,2,0,218926
148119,1,0,218927
148120,1,0,218928
148121,1,0,218929
148122,1,0,218930
148123,2,0,218932
148124,1,0,218933
148125,1,0,218934
148126,1,0,218935
148127,1,0,218936
148128,5,0,218941
148129,1,0,218942
148130,1,0,218943
148131,1,0,218944
148132,1,0,218945
148133,1,0,218946
148134,1,0,218947
148135,2,0,218949
148136,1,0,218950
148137,1,0,218951
148138,2,0,218953
148139,1,0,218954
148140,1,0,218955
148141,1,0,218956
148142,1,0,218957
148143,3,0,218960
148144,1,0,218961
148145,1,0,218962
148146,2,0,218964
148147,1,0,218965
148148,1,0,218966
148149,1,0,218967
148150,1,0,218968
148151,3,0,218971
148152,1,0,218972
148153,1,0,218973
148154,1,0,218974
148155,1,0,218975
148156,1,0,218976
148157,1,0,218977
148158,2,0,218979
148159,1,0,218980
148160,2,0,218982
148161,1,0,218983
148162,1,0,218984
148163,3,0,218987
148164,1,0,218988
148165,7,0,218995
148166,2,0,218997
148167,3,0,219000
148168,1,0,219001
148169,1,0,219002
148170,2,0,219004
148171,2,0,219006
148172,1,0,219007
148173,1,0,219008
148174,1,0,219009
148175,4,0,219013
148176,1,0,219014
148177,4,0,219018
148178,1,0,219019
148179,2,0,219021
148180,1,0,219022
148181,3,0,219025
148182,1,0,219026
148183,1,0,219027
148184,1,0,219028
148185,1,0,219029
148186,1,0,219030
148187,1,0,219031
148188,1,0,219032
148189,1,0,219033
148190,1,0,219034
148191,1,0,219035
148192,1,0,219036
148193,1,0,219037
148194,1,0,219038
148195,2,0,219040
148196,2,0,219042
148197,1,0,219043
148198,1,0,219044
148199,2,0,219046
148200,2,0,219048
148201,1,0,219049
148202,1,0,219050
148203,1,0,219051
148204,1,0,219052
148205,1,0,219053
148206,1,0,219054
148207,1,0,219055
148208,2,0,219057
148209,1,0,219058
148210,1,0,219059
148211,1,0,219060
148212,1,0,219061
148213,2,0,219063
148214,1,0,219064
148215,2,0,219066
148216,3,0,219069
148217,1,0,219070
148218,1,0,219071
148219,2,0,219073
148220,1,0,219074
148221,1,0,219075
148222,1,0,219076
148223,1,0,219077
148224,1,0,219078
148225,3,0,219081
148226,2,0,219083
148227,1,0,219084
148228,1,0,219085
148229,1,0,219086
148230,1,0,219087
148231,2,0,219089
148232,1,0,219090
148233,1,0,219091
148234,2,0,219093
148235,2,0,219095
148236,3,0,219098
148237,5,0,219103
148238,1,0,219104
148239,2,0,219106
148240,2,0,219108
148241,1,0,219109
148242,1,0,219110
148243,1,0,219111
148244,1,0,219112
148245,1,0,219113
148246,1,0,219114
148247,1,0,219115
148248,1,0,219116
148249,1,0,219117
148250,1,0,219118
148251,2,0,219120
148252,1,0,219121
148253,1,0,219122
148254,3,0,219125
148255,1,0,219126
148256,2,0,219128
148257,1,0,219129
148258,1,0,219130
148259,2,0,219132
148260,1,0,219133
148261,2,0,219135
148262,2,0,219137
148263,1,0,219138
148264,3,0,219141
148265,1,0,219142
148266,1,0,219143
148267,1,0,219144
148268,2,0,219146
148269,1,0,219147
148270,1,0,219148
148271,1,0,219149
148272,1,0,219150
148273,1,0,219151
148274,1,0,219152
148275,1,0,219153
148276,2,0,219155
148277,1,0,219156
148278,1,0,219157
148279,1,0,219158
148280,2,0,219160
148281,1,0,219161
148282,1,0,219162
148283,1,0,219163
148284,1,0,219164
148285,2,0,219166
148286,2,0,219168
148287,1,0,219169
148288,2,0,219171
148289,1,0,219172
148290,1,0,219173
148291,1,0,219174
148292,2,0,219176
148293,2,0,219178
148294,1,0,219179
148295,1,0,219180
148296,1,0,219181
148297,3,0,219184
148298,1,0,219185
148299,2,0,219187
148300,1,0,219188
148301,1,0,219189
148302,2,0,219191
148303,1,0,219192
148304,2,0,219194
148305,1,0,219195
148306,1,0,219196
148307,1,0,219197
148308,1,0,219198
148309,4,0,219202
148310,4,0,219206
148311,1,0,219207
148312,1,0,219208
148313,1,0,219209
148314,2,0,219211
148315,1,0,219212
148316,1,0,219213
148317,2,0,219215
148318,1,0,219216
148319,2,0,219218
148320,2,0,219220
148321,2,0,219222
148322,1,0,219223
148323,1,0,219224
148324,4,0,219228
148325,1,0,219229
148326,3,0,219232
148327,2,0,219234
148328,2,0,219236
148329,1,0,219237
148330,3,0,219240
148331,1,0,219241
148332,1,0,219242
148333,2,0,219244
148334,1,0,219245
148335,1,0,219246
148336,1,0,219247
148337,1,0,219248
148338,1,0,219249
148339,1,0,219250
148340,1,0,219251
148341,2,0,219253
148342,1,0,219254
148343,1,0,219255
148344,2,0,219257
148345,1,0,219258
148346,2,0,219260
148347,2,0,219262
148348,2,0,219264
148349,1,0,219265
148350,1,0,219266
148351,1,0,219267
148352,1,0,219268
148353,1,0,219269
148354,2,0,219271
148355,2,0,219273
148356,1,0,219274
148357,2,0,219276
148358,1,0,219277
148359,2,0,219279
148360,1,0,219280
148361,1,0,219281
148362,1,0,219282
148363,1,0,219283
148364,3,0,219286
148365,2,0,219288
148366,2,0,219290
148367,1,0,219291
148368,1,0,219292
148369,5,0,219297
148370,1,0,219298
148371,1,0,219299
148372,2,0,219301
148373,3,0,219304
148374,2,0,219306
148375,1,0,219307
148376,1,0,219308
148377,1,0,219309
148378,3,0,219312
148379,1,0,219313
148380,1,0,219314
148381,1,0,219315
148382,1,0,219316
148383,3,0,219319
148384,1,0,219320
148385,2,0,219322
148386,3,0,219325
148387,5,0,219330
148388,1,0,219331
148389,1,0,219332
148390,1,0,219333
148391,1,0,219334
148392,1,0,219335
148393,1,0,219336
148394,1,0,219337
148395,1,0,219338
148396,1,0,219339
148397,1,0,219340
148398,1,0,219341
148399,1,0,219342
148400,1,0,219343
148401,1,0,219344
148402,1,0,219345
148403,1,0,219346
148404,1,0,219347
148405,4,0,219351
148406,1,0,219352
148407,1,0,219353
148408,1,0,219354
148409,1,0,219355
148410,1,0,219356
148411,1,0,219357
148412,1,0,219358
148413,3,0,219361
148414,1,0,219362
148415,1,0,219363
148416,1,0,219364
148417,2,0,219366
148418,1,0,219367
148419,1,0,219368
148420,1,0,219369
148421,1,0,219370
148422,2,0,219372
148423,1,0,219373
148424,1,0,219374
148425,3,0,219377
148426,2,0,219379
148427,1,0,219380
148428,1,0,219381
148429,1,0,219382
148430,2,0,219384
148431,1,0,219385
148432,1,0,219386
148433,1,0,219387
148434,1,0,219388
148435,1,0,219389
148436,2,0,219391
148437,1,0,219392
148438,1,0,219393
148439,2,0,219395
148440,1,0,219396
148441,2,0,219398
148442,2,0,219400
148443,1,0,219401
148444,1,0,219402
148445,1,0,219403
148446,2,0,219405
148447,2,0,219407
148448,1,0,219408
148449,1,0,219409
148450,2,0,219411
148451,1,0,219412
148452,1,0,219413
148453,1,0,219414
148454,1,0,219415
148455,1,0,219416
148456,1,0,219417
148457,2,0,219419
148458,5,0,219424
148459,1,0,219425
148460,1,0,219426
148461,1,0,219427
148462,1,0,219428
148463,1,0,219429
148464,1,0,219430
148465,1,0,219431
148466,1,0,219432
148467,2,0,219434
148468,1,0,219435
148469,1,0,219436
148470,4,0,219440
148471,1,0,219441
148472,1,0,219442
148473,1,0,219443
148474,3,0,219446
148475,1,0,219447
148476,1,0,219448
148477,1,0,219449
148478,1,0,219450
148479,2,0,219452
148480,1,0,219453
148481,2,0,219455
148482,1,0,219456
148483,3,0,219459
148484,2,0,219461
148485,1,0,219462
148486,3,0,219465
148487,5,0,219470
148488,1,0,219471
148489,1,0,219472
148490,1,0,219473
148491,1,0,219474
148492,1,0,219475
148493,2,0,219477
148494,2,0,219479
148495,2,0,219481
148496,1,0,219482
148497,1,0,219483
148498,1,0,219484
148499,1,0,219485
148500,1,0,219486
148501,1,0,219487
148502,1,0,219488
148503,2,0,219490
148504,1,0,219491
148505,1,0,219492
148506,1,0,219493
148507,2,0,219495
148508,1,0,219496
148509,2,0,219498
148510,1,0,219499
148511,1,0,219500
148512,1,0,219501
148513,1,0,219502
148514,1,0,219503
148515,2,0,219505
148516,1,0,219506
148517,2,0,219508
148518,3,0,219511
148519,1,0,219512
148520,1,0,219513
148521,1,0,219514
148522,1,0,219515
148523,1,0,219516
148524,2,0,219518
148525,1,0,219519
148526,1,0,219520
148527,1,0,219521
148528,2,0,219523
148529,1,0,219524
148530,1,0,219525
148531,3,0,219528
148532,2,0,219530
148533,1,0,219531
148534,1,0,219532
148535,1,0,219533
148536,2,0,219535
148537,1,0,219536
148538,2,0,219538
148539,1,0,219539
148540,1,0,219540
148541,1,0,219541
148542,1,0,219542
148543,1,0,219543
148544,1,0,219544
148545,1,0,219545
148546,1,0,219546
148547,2,0,219548
148548,1,0,219549
148549,2,0,219551
148550,2,0,219553
148551,1,0,219554
148552,2,0,219556
148553,2,0,219558
148554,3,0,219561
148555,1,0,219562
148556,2,0,219564
148557,2,0,219566
148558,1,0,219567
148559,1,0,219568
148560,1,0,219569
148561,2,0,219571
148562,1,0,219572
148563,1,0,219573
148564,2,0,219575
148565,1,0,219576
148566,1,0,219577
148567,1,0,219578
148568,1,0,219579
148569,1,0,219580
148570,2,0,219582
148571,1,0,219583
148572,2,0,219585
148573,1,0,219586
148574,1,0,219587
148575,1,0,219588
148576,2,0,219590
148577,3,0,219593
148578,6,0,219599
148579,1,0,219600
148580,1,0,219601
148581,1,0,219602
148582,1,0,219603
148583,1,0,219604
148584,1,0,219605
148585,2,0,219607
148586,1,0,219608
148587,1,0,219609
148588,2,0,219611
148589,3,0,219614
148590,1,0,219615
148591,2,0,219617
148592,1,0,219618
148593,2,0,219620
148594,3,0,219623
148595,1,0,219624
148596,1,0,219625
148597,1,0,219626
148598,1,0,219627
148599,1,0,219628
148600,1,0,219629
148601,1,0,219630
148602,2,0,219632
148603,1,0,219633
148604,1,0,219634
148605,2,0,219636
148606,1,0,219637
148607,1,0,219638
148608,1,0,219639
148609,1,0,219640
148610,1,0,219641
148611,2,0,219643
148612,1,0,219644
148613,2,0,219646
148614,2,0,219648
148615,1,0,219649
148616,1,0,219650
148617,1,0,219651
148618,1,0,219652
148619,1,0,219653
148620,5,0,219658
148621,3,0,219661
148622,1,0,219662
148623,1,0,219663
148624,1,0,219664
148625,1,0,219665
148626,1,0,219666
148627,1,0,219667
148628,1,0,219668
148629,2,0,219670
148630,2,0,219672
148631,1,0,219673
148632,2,0,219675
148633,1,0,219676
148634,1,0,219677
148635,2,0,219679
148636,1,0,219680
148637,3,0,219683
148638,2,0,219685
148639,1,0,219686
148640,1,0,219687
148641,2,0,219689
148642,1,0,219690
148643,1,0,219691
148644,1,0,219692
148645,2,0,219694
148646,1,0,219695
148647,2,0,219697
148648,2,0,219699
148649,1,0,219700
148650,2,0,219702
148651,1,0,219703
148652,1,0,219704
148653,1,0,219705
148654,2,0,219707
148655,1,0,219708
148656,1,0,219709
148657,4,0,219713
148658,1,0,219714
148659,2,0,219716
148660,1,0,219717
148661,1,0,219718
148662,1,0,219719
148663,2,0,219721
148664,1,0,219722
148665,5,0,219727
148666,1,0,219728
148667,1,0,219729
148668,2,0,219731
148669,5,0,219736
148670,7,0,219743
148671,1,0,219744
148672,2,0,219746
148673,1,0,219747
148674,5,0,219752
148675,1,0,219753
148676,1,0,219754
148677,1,0,219755
148678,2,0,219757
148679,4,0,219761
148680,2,0,219763
148681,1,0,219764
148682,3,0,219767
148683,2,0,219769
148684,1,0,219770
148685,1,0,219771
148686,2,0,219773
148687,1,0,219774
148688,1,0,219775
148689,1,0,219776
148690,1,0,219777
148691,2,0,219779
148692,1,0,219780
148693,2,0,219782
148694,1,0,219783
148695,2,0,219785
148696,1,0,219786
148697,1,0,219787
148698,2,0,219789
148699,1,0,219790
148700,20,0,219810
148701,1,0,219811
148702,1,0,219812
148703,1,0,219813
148704,3,0,219816
148705,1,0,219817
148706,1,0,219818
148707,1,0,219819
148708,2,0,219821
148709,1,0,219822
148710,1,0,219823
148711,1,0,219824
148712,1,0,219825
148713,1,0,219826
148714,1,0,219827
148715,1,0,219828
148716,1,0,219829
148717,3,0,219832
148718,2,0,219834
148719,1,0,219835
148720,1,0,219836
148721,1,0,219837
148722,1,0,219838
148723,1,0,219839
148724,2,0,219841
148725,2,0,219843
148726,1,0,219844
148727,1,0,219845
148728,1,0,219846
148729,1,0,219847
148730,1,0,219848
148731,3,0,219851
148732,2,0,219853
148733,1,0,219854
148734,3,0,219857
148735,1,0,219858
148736,1,0,219859
148737,1,0,219860
148738,3,0,219863
148739,1,0,219864
148740,3,0,219867
148741,2,0,219869
148742,3,0,219872
148743,1,0,219873
148744,1,0,219874
148745,1,0,219875
148746,1,0,219876
148747,1,0,219877
148748,3,0,219880
148749,1,0,219881
148750,1,0,219882
148751,14,0,219896
148752,1,0,219897
148753,1,0,219898
148754,1,0,219899
148755,2,0,219901
148756,3,0,219904
148757,1,0,219905
148758,1,0,219906
148759,1,0,219907
148760,1,0,219908
148761,1,0,219909
148762,1,0,219910
148763,1,0,219911
148764,1,0,219912
148765,2,0,219914
148766,1,0,219915
148767,1,0,219916
148768,2,0,219918
148769,2,0,219920
148770,1,0,219921
148771,1,0,219922
148772,2,0,219924
148773,1,0,219925
148774,1,0,219926
148775,1,0,219927
148776,1,0,219928
148777,1,0,219929
148778,3,0,219932
148779,1,0,219933
148780,1,0,219934
148781,2,0,219936
148782,1,0,219937
148783,3,0,219940
148784,4,0,219944
148785,1,0,219945
148786,1,0,219946
148787,2,0,219948
148788,1,0,219949
148789,1,0,219950
148790,1,0,219951
148791,1,0,219952
148792,1,0,219953
148793,1,0,219954
148794,1,0,219955
148795,2,0,219957
148796,3,0,219960
148797,1,0,219961
148798,2,0,219963
148799,1,0,219964
148800,1,0,219965
148801,1,0,219966
148802,1,0,219967
148803,1,0,219968
148804,1,0,219969
148805,1,0,219970
148806,2,0,219972
148807,2,0,219974
148808,1,0,219975
148809,1,0,219976
148810,1,0,219977
148811,1,0,219978
148812,1,0,219979
148813,2,0,219981
148814,1,0,219982
148815,2,0,219984
148816,1,0,219985
148817,1,0,219986
148818,1,0,219987
148819,1,0,219988
148820,1,0,219989
148821,2,0,219991
148822,1,0,219992
148823,1,0,219993
148824,1,0,219994
148825,1,0,219995
148826,1,0,219996
148827,1,0,219997
148828,1,0,219998
148829,1,0,219999
148830,1,0,220000
148831,1,0,220001
148832,2,0,220003
148833,1,0,220004
148834,1,0,220005
148835,2,0,220007
148836,1,0,220008
148837,2,0,220010
148838,2,0,220012
148839,6,0,220018
148840,2,0,220020
148841,1,0,220021
148842,1,0,220022
148843,2,0,220024
148844,1,0,220025
148845,1,0,220026
148846,1,0,220027
148847,1,0,220028
148848,2,0,220030
148849,1,0,220031
148850,2,0,220033
148851,1,0,220034
148852,2,0,220036
148853,1,0,220037
148854,1,0,220038
148855,1,0,220039
148856,2,0,220041
148857,1,0,220042
148858,2,0,220044
148859,3,0,220047
148860,1,0,220048
148861,2,0,220050
148862,1,0,220051
148863,2,0,220053
148864,1,0,220054
148865,1,0,220055
148866,2,0,220057
148867,1,0,220058
148868,1,0,220059
148869,1,0,220060
148870,1,0,220061
148871,1,0,220062
148872,1,0,220063
148873,1,0,220064
148874,1,0,220065
148875,1,0,220066
148876,1,0,220067
148877,1,0,220068
148878,1,0,220069
148879,2,0,220071
148880,1,0,220072
148881,2,0,220074
148882,2,0,220076
148883,1,0,220077
148884,2,0,220079
148885,1,0,220080
148886,1,0,220081
148887,2,0,220083
148888,3,0,220086
148889,1,0,220087
148890,1,0,220088
148891,1,0,220089
148892,2,0,220091
148893,1,0,220092
148894,2,0,220094
148895,2,0,220096
148896,1,0,220097
148897,1,0,220098
148898,1,0,220099
148899,1,0,220100
148900,1,0,220101
148901,1,0,220102
148902,1,0,220103
148903,1,0,220104
148904,1,0,220105
148905,1,0,220106
148906,1,0,220107
148907,1,0,220108
148908,1,0,220109
148909,2,0,220111
148910,4,0,220115
148911,4,0,220119
148912,2,0,220121
148913,1,0,220122
148914,1,0,220123
148915,1,0,220124
148916,3,0,220127
148917,1,0,220128
148918,2,0,220130
148919,4,0,220134
148920,2,0,220136
148921,1,0,220137
148922,1,0,220138
148923,1,0,220139
148924,1,0,220140
148925,1,0,220141
148926,1,0,220142
148927,1,0,220143
148928,1,0,220144
148929,2,0,220146
148930,1,0,220147
148931,1,0,220148
148932,3,0,220151
148933,1,0,220152
148934,2,0,220154
148935,1,0,220155
148936,2,0,220157
148937,3,0,220160
148938,1,0,220161
148939,1,0,220162
148940,1,0,220163
148941,1,0,220164
148942,3,0,220167
148943,2,0,220169
148944,1,0,220170
148945,1,0,220171
148946,1,0,220172
148947,1,0,220173
148948,1,0,220174
148949,2,0,220176
148950,1,0,220177
148951,1,0,220178
148952,1,0,220179
148953,1,0,220180
148954,1,0,220181
148955,1,0,220182
148956,4,0,220186
148957,2,0,220188
148958,1,0,220189
148959,1,0,220190
148960,1,0,220191
148961,1,0,220192
148962,1,0,220193
148963,4,0,220197
148964,1,0,220198
148965,1,0,220199
148966,1,0,220200
148967,1,0,220201
148968,1,0,220202
148969,1,0,220203
148970,1,0,220204
148971,1,0,220205
148972,1,0,220206
148973,3,0,220209
148974,1,0,220210
148975,1,0,220211
148976,1,0,220212
148977,1,0,220213
148978,1,0,220214
148979,1,0,220215
148980,1,0,220216
148981,2,0,220218
148982,1,0,220219
148983,1,0,220220
148984,2,0,220222
148985,1,0,220223
148986,1,0,220224
148987,1,0,220225
148988,1,0,220226
148989,1,0,220227
148990,2,0,220229
148991,3,0,220232
148992,4,0,220236
148993,1,0,220237
148994,1,0,220238
148995,1,0,220239
148996,1,0,220240
148997,1,0,220241
148998,1,0,220242
148999,2,0,220244
149000,1,0,220245
149001,4,0,220249
149002,1,0,220250
149003,2,0,220252
149004,2,0,220254
149005,1,0,220255
149006,1,0,220256
149007,1,0,220257
149008,1,0,220258
149009,1,0,220259
149010,1,0,220260
149011,2,0,220262
149012,1,0,220263
149013,1,0,220264
149014,1,0,220265
149015,3,0,220268
149016,1,0,220269
149017,1,0,220270
149018,1,0,220271
149019,1,0,220272
149020,1,0,220273
149021,1,0,220274
149022,1,0,220275
149023,2,0,220277
149024,3,0,220280
149025,1,0,220281
149026,1,0,220282
149027,1,0,220283
149028,1,0,220284
149029,1,0,220285
149030,2,0,220287
149031,1,0,220288
149032,1,0,220289
149033,1,0,220290
149034,2,0,220292
149035,2,0,220294
149036,1,0,220295
149037,1,0,220296
149038,1,0,220297
149039,3,0,220300
149040,1,0,220301
149041,2,0,220303
149042,2,0,220305
149043,1,0,220306
149044,2,0,220308
149045,1,0,220309
149046,1,0,220310
149047,1,0,220311
149048,1,0,220312
149049,1,0,220313
149050,1,0,220314
149051,1,0,220315
149052,1,0,220316
149053,1,0,220317
149054,1,0,220318
149055,1,0,220319
149056,3,0,220322
149057,1,0,220323
149058,2,0,220325
149059,1,0,220326
149060,2,0,220328
149061,1,0,220329
149062,2,0,220331
149063,3,0,220334
149064,1,0,220335
149065,2,0,220337
149066,1,0,220338
149067,2,0,220340
149068,1,0,220341
149069,1,0,220342
149070,1,0,220343
149071,1,0,220344
149072,1,0,220345
149073,1,0,220346
149074,1,0,220347
149075,1,0,220348
149076,1,0,220349
149077,2,0,220351
149078,3,0,220354
149079,1,0,220355
149080,1,0,220356
149081,1,0,220357
149082,1,0,220358
149083,2,0,220360
149084,1,0,220361
149085,4,0,220365
149086,1,0,220366
149087,1,0,220367
149088,2,0,220369
149089,2,0,220371
149090,1,0,220372
149091,1,0,220373
149092,1,0,220374
149093,2,0,220376
149094,1,0,220377
149095,3,0,220380
149096,2,0,220382
149097,1,0,220383
149098,1,0,220384
149099,1,0,220385
149100,1,0,220386
149101,1,0,220387
149102,1,0,220388
149103,3,0,220391
149104,1,0,220392
149105,5,0,220397
149106,2,0,220399
149107,2,0,220401
149108,1,0,220402
149109,1,0,220403
149110,2,0,220405
149111,2,0,220407
149112,3,0,220410
149113,1,0,220411
149114,2,0,220413
149115,1,0,220414
149116,1,0,220415
149117,1,0,220416
149118,2,0,220418
149119,1,0,220419
149120,2,0,220421
149121,1,0,220422
149122,2,0,220424
149123,2,0,220426
149124,1,0,220427
149125,3,0,220430
149126,1,0,220431
149127,1,0,220432
149128,2,0,220434
149129,3,0,220437
149130,2,0,220439
149131,1,0,220440
149132,2,0,220442
149133,2,0,220444
149134,1,0,220445
149135,2,0,220447
149136,1,0,220448
149137,3,0,220451
149138,1,0,220452
149139,1,0,220453
149140,1,0,220454
149141,1,0,220455
149142,1,0,220456
149143,2,0,220458
149144,1,0,220459
149145,2,0,220461
149146,1,0,220462
149147,1,0,220463
149148,1,0,220464
149149,1,0,220465
149150,1,0,220466
149151,1,0,220467
149152,1,0,220468
149153,1,0,220469
149154,1,0,220470
149155,1,0,220471
149156,1,0,220472
149157,2,0,220474
149158,2,0,220476
149159,1,0,220477
149160,1,0,220478
149161,3,0,220481
149162,2,0,220483
149163,2,0,220485
149164,1,0,220486
149165,1,0,220487
149166,1,0,220488
149167,1,0,220489
149168,1,0,220490
149169,1,0,220491
149170,1,0,220492
149171,3,0,220495
149172,1,0,220496
149173,1,0,220497
149174,3,0,220500
149175,1,0,220501
149176,1,0,220502
149177,1,0,220503
149178,2,0,220505
149179,4,0,220509
149180,1,0,220510
149181,1,0,220511
149182,1,0,220512
149183,2,0,220514
149184,1,0,220515
149185,1,0,220516
149186,1,0,220517
149187,2,0,220519
149188,2,0,220521
149189,4,0,220525
149190,1,0,220526
149191,1,0,220527
149192,4,0,220531
149193,3,0,220534
149194,2,0,220536
149195,2,0,220538
149196,1,0,220539
149197,1,0,220540
149198,1,0,220541
149199,1,0,220542
149200,1,0,220543
149201,1,0,220544
149202,1,0,220545
149203,2,0,220547
149204,1,0,220548
149205,1,0,220549
149206,3,0,220552
149207,1,0,220553
149208,1,0,220554
149209,1,0,220555
149210,2,0,220557
149211,1,0,220558
149212,3,0,220561
149213,1,0,220562
149214,2,0,220564
149215,2,0,220566
149216,1,0,220567
149217,1,0,220568
149218,1,0,220569
149219,2,0,220571
149220,2,0,220573
149221,2,0,220575
149222,1,0,220576
149223,4,0,220580
149224,1,0,220581
149225,1,0,220582
149226,1,0,220583
149227,3,0,220586
149228,1,0,220587
149229,1,0,220588
149230,1,0,220589
149231,1,0,220590
149232,1,0,220591
149233,1,0,220592
149234,2,0,220594
149235,1,0,220595
149236,2,0,220597
149237,1,0,220598
149238,2,0,220600
149239,1,0,220601
149240,1,0,220602
149241,1,0,220603
149242,1,0,220604
149243,1,0,220605
149244,2,0,220607
149245,1,0,220608
149246,1,0,220609
149247,2,0,220611
149248,1,0,220612
149249,1,0,220613
149250,1,0,220614
149251,1,0,220615
149252,1,0,220616
149253,2,0,220618
149254,1,0,220619
149255,1,0,220620
149256,1,0,220621
149257,2,0,220623
149258,1,0,220624
149259,1,0,220625
149260,1,0,220626
149261,1,0,220627
149262,1,0,220628
149263,9,0,220637
149264,2,0,220639
149265,1,0,220640
149266,1,0,220641
149267,1,0,220642
149268,1,0,220643
149269,3,0,220646
149270,1,0,220647
149271,3,0,220650
149272,2,0,220652
149273,1,0,220653
149274,1,0,220654
149275,1,0,220655
149276,1,0,220656
149277,1,0,220657
149278,1,0,220658
149279,1,0,220659
149280,1,0,220660
149281,1,0,220661
149282,1,0,220662
149283,2,0,220664
149284,1,0,220665
149285,1,0,220666
149286,1,0,220667
149287,1,0,220668
149288,1,0,220669
149289,1,0,220670
149290,1,0,220671
149291,1,0,220672
149292,1,0,220673
149293,1,0,220674
149294,1,0,220675
149295,1,0,220676
149296,1,0,220677
149297,1,0,220678
149298,1,0,220679
149299,1,0,220680
149300,1,0,220681
149301,1,0,220682
149302,1,0,220683
149303,1,0,220684
149304,2,0,220686
149305,2,0,220688
149306,1,0,220689
149307,1,0,220690
149308,1,0,220691
149309,1,0,220692
149310,1,0,220693
149311,1,0,220694
149312,2,0,220696
149313,1,0,220697
149314,1,0,220698
149315,2,0,220700
149316,1,0,220701
149317,1,0,220702
149318,1,0,220703
149319,1,0,220704
149320,1,0,220705
149321,2,0,220707
149322,1,0,220708
149323,1,0,220709
149324,2,0,220711
149325,1,0,220712
149326,5,0,220717
149327,3,0,220720
149328,1,0,220721
149329,1,0,220722
149330,2,0,220724
149331,1,0,220725
149332,1,0,220726
149333,1,0,220727
149334,3,0,220730
149335,1,0,220731
149336,1,0,220732
149337,1,0,220733
149338,1,0,220734
149339,3,0,220737
149340,1,0,220738
149341,1,0,220739
149342,1,0,220740
149343,1,0,220741
149344,1,0,220742
149345,1,0,220743
149346,1,0,220744
149347,1,0,220745
149348,2,0,220747
149349,2,0,220749
149350,1,0,220750
149351,1,0,220751
149352,1,0,220752
149353,1,0,220753
149354,1,0,220754
149355,1,0,220755
149356,1,0,220756
149357,3,0,220759
149358,2,0,220761
149359,1,0,220762
149360,1,0,220763
149361,1,0,220764
149362,1,0,220765
149363,1,0,220766
149364,2,0,220768
149365,1,0,220769
149366,1,0,220770
149367,2,0,220772
149368,1,0,220773
149369,2,0,220775
149370,3,0,220778
149371,3,0,220781
149372,2,0,220783
149373,1,0,220784
149374,1,0,220785
149375,1,0,220786
149376,1,0,220787
149377,1,0,220788
149378,1,0,220789
149379,4,0,220793
149380,4,0,220797
149381,2,0,220799
149382,1,0,220800
149383,1,0,220801
149384,1,0,220802
149385,1,0,220803
149386,1,0,220804
149387,1,0,220805
149388,1,0,220806
149389,2,0,220808
149390,2,0,220810
149391,1,0,220811
149392,1,0,220812
149393,2,0,220814
149394,1,0,220815
149395,1,0,220816
149396,2,0,220818
149397,1,0,220819
149398,1,0,220820
149399,1,0,220821
149400,2,0,220823
149401,2,0,220825
149402,1,0,220826
149403,1,0,220827
149404,1,0,220828
149405,3,0,220831
149406,1,0,220832
149407,1,0,220833
149408,1,0,220834
149409,1,0,220835
149410,2,0,220837
149411,2,0,220839
149412,2,0,220841
149413,1,0,220842
149414,1,0,220843
149415,1,0,220844
149416,1,0,220845
149417,1,0,220846
149418,1,0,220847
149419,3,0,220850
149420,1,0,220851
149421,2,0,220853
149422,1,0,220854
149423,1,0,220855
149424,1,0,220856
149425,1,0,220857
149426,1,0,220858
149427,1,0,220859
149428,1,0,220860
149429,1,0,220861
149430,2,0,220863
149431,1,0,220864
149432,2,0,220866
149433,1,0,220867
149434,1,0,220868
149435,2,0,220870
149436,1,0,220871
149437,1,0,220872
149438,2,0,220874
149439,1,0,220875
149440,2,0,220877
149441,1,0,220878
149442,2,0,220880
149443,2,0,220882
149444,2,0,220884
149445,1,0,220885
149446,1,0,220886
149447,1,0,220887
149448,1,0,220888
149449,1,0,220889
149450,1,0,220890
149451,1,0,220891
149452,1,0,220892
149453,1,0,220893
149454,1,0,220894
149455,1,0,220895
149456,1,0,220896
149457,1,0,220897
149458,2,0,220899
149459,1,0,220900
149460,2,0,220902
149461,1,0,220903
149462,2,0,220905
149463,1,0,220906
149464,1,0,220907
149465,1,0,220908
149466,1,0,220909
149467,1,0,220910
149468,1,0,220911
149469,1,0,220912
149470,1,0,220913
149471,1,0,220914
149472,1,0,220915
149473,1,0,220916
149474,3,0,220919
149475,1,0,220920
149476,1,0,220921
149477,1,0,220922
149478,3,0,220925
149479,1,0,220926
149480,1,0,220927
149481,2,0,220929
149482,1,0,220930
149483,1,0,220931
149484,1,0,220932
149485,1,0,220933
149486,1,0,220934
149487,1,0,220935
149488,1,0,220936
149489,2,0,220938
149490,4,0,220942
149491,2,0,220944
149492,2,0,220946
149493,2,0,220948
149494,1,0,220949
149495,1,0,220950
149496,1,0,220951
149497,1,0,220952
149498,1,0,220953
149499,2,0,220955
149500,1,0,220956
149501,1,0,220957
149502,1,0,220958
149503,1,0,220959
149504,2,0,220961
149505,1,0,220962
149506,1,0,220963
149507,2,0,220965
149508,1,0,220966
149509,1,0,220967
149510,1,0,220968
149511,1,0,220969
149512,1,0,220970
149513,1,0,220971
149514,1,0,220972
149515,2,0,220974
149516,1,0,220975
149517,2,0,220977
149518,1,0,220978
149519,1,0,220979
149520,4,0,220983
149521,2,0,220985
149522,2,0,220987
149523,1,0,220988
149524,2,0,220990
149525,1,0,220991
149526,1,0,220992
149527,1,0,220993
149528,2,0,220995
149529,1,0,220996
149530,2,0,220998
149531,1,0,220999
149532,1,0,221000
149533,2,0,221002
149534,1,0,221003
149535,1,0,221004
149536,1,0,221005
149537,1,0,221006
149538,2,0,221008
149539,1,0,221009
149540,1,0,221010
149541,2,0,221012
149542,1,0,221013
149543,1,0,221014
149544,4,0,221018
149545,1,0,221019
149546,1,0,221020
149547,1,0,221021
149548,1,0,221022
149549,1,0,221023
149550,1,0,221024
149551,1,0,221025
149552,1,0,221026
149553,1,0,221027
149554,1,0,221028
149555,1,0,221029
149556,1,0,221030
149557,2,0,221032
149558,1,0,221033
149559,2,0,221035
149560,1,0,221036
149561,2,0,221038
149562,2,0,221040
149563,2,0,221042
149564,1,0,221043
149565,1,0,221044
149566,3,0,221047
149567,1,0,221048
149568,1,0,221049
149569,1,0,221050
149570,1,0,221051
149571,1,0,221052
149572,2,0,221054
149573,1,0,221055
149574,1,0,221056
149575,2,0,221058
149576,1,0,221059
149577,1,0,221060
149578,2,0,221062
149579,1,0,221063
149580,1,0,221064
149581,1,0,221065
149582,3,0,221068
149583,1,0,221069
149584,1,0,221070
149585,1,0,221071
149586,1,0,221072
149587,1,0,221073
149588,1,0,221074
149589,2,0,221076
149590,2,0,221078
149591,1,0,221079
149592,1,0,221080
149593,1,0,221081
149594,1,0,221082
149595,1,0,221083
149596,1,0,221084
149597,2,0,221086
149598,1,0,221087
149599,1,0,221088
149600,1,0,221089
149601,1,0,221090
149602,2,0,221092
149603,1,0,221093
149604,2,0,221095
149605,1,0,221096
149606,1,0,221097
149607,2,0,221099
149608,2,0,221101
149609,1,0,221102
149610,1,0,221103
149611,1,0,221104
149612,1,0,221105
149613,1,0,221106
149614,1,0,221107
149615,1,0,221108
149616,4,0,221112
149617,1,0,221113
149618,2,0,221115
149619,1,0,221116
149620,1,0,221117
149621,1,0,221118
149622,1,0,221119
149623,1,0,221120
149624,1,0,221121
149625,1,0,221122
149626,1,0,221123
149627,2,0,221125
149628,1,0,221126
149629,3,0,221129
149630,1,0,221130
149631,2,0,221132
149632,1,0,221133
149633,1,0,221134
149634,2,0,221136
149635,1,0,221137
149636,1,0,221138
149637,2,0,221140
149638,1,0,221141
149639,3,0,221144
149640,1,0,221145
149641,3,0,221148
149642,2,0,221150
149643,1,0,221151
149644,1,0,221152
149645,1,0,221153
149646,1,0,221154
149647,4,0,221158
149648,2,0,221160
149649,1,0,221161
149650,1,0,221162
149651,2,0,221164
149652,2,0,221166
149653,1,0,221167
149654,1,0,221168
149655,1,0,221169
149656,3,0,221172
149657,1,0,221173
149658,1,0,221174
149659,1,0,221175
149660,1,0,221176
149661,1,0,221177
149662,1,0,221178
149663,1,0,221179
149664,1,0,221180
149665,3,0,221183
149666,4,0,221187
149667,1,0,221188
149668,1,0,221189
149669,2,0,221191
149670,3,0,221194
149671,2,0,221196
149672,1,0,221197
149673,1,0,221198
149674,1,0,221199
149675,1,0,221200
149676,1,0,221201
149677,2,0,221203
149678,1,0,221204
149679,1,0,221205
149680,2,0,221207
149681,2,0,221209
149682,1,0,221210
149683,2,0,221212
149684,2,0,221214
149685,1,0,221215
149686,1,0,221216
149687,1,0,221217
149688,1,0,221218
149689,2,0,221220
149690,1,0,221221
149691,1,0,221222
149692,1,0,221223
149693,1,0,221224
149694,2,0,221226
149695,1,0,221227
149696,2,0,221229
149697,1,0,221230
149698,1,0,221231
149699,1,0,221232
149700,2,0,221234
149701,1,0,221235
149702,2,0,221237
149703,1,0,221238
149704,1,0,221239
149705,2,0,221241
149706,1,0,221242
149707,1,0,221243
149708,4,0,221247
149709,1,0,221248
149710,1,0,221249
149711,2,0,221251
149712,1,0,221252
149713,4,0,221256
149714,1,0,221257
149715,1,0,221258
149716,1,0,221259
149717,1,0,221260
149718,5,0,221265
149719,2,0,221267
149720,3,0,221270
149721,2,0,221272
149722,1,0,221273
149723,4,0,221277
149724,1,0,221278
149725,2,0,221280
149726,1,0,221281
149727,1,0,221282
149728,1,0,221283
149729,1,0,221284
149730,1,0,221285
149731,2,0,221287
149732,1,0,221288
149733,1,0,221289
149734,1,0,221290
149735,1,0,221291
149736,1,0,221292
149737,1,0,221293
149738,1,0,221294
149739,1,0,221295
149740,1,0,221296
149741,1,0,221297
149742,2,0,221299
149743,1,0,221300
149744,2,0,221302
149745,1,0,221303
149746,1,0,221304
149747,1,0,221305
149748,2,0,221307
149749,2,0,221309
149750,1,0,221310
149751,3,0,221313
149752,1,0,221314
149753,2,0,221316
149754,1,0,221317
149755,1,0,221318
149756,2,0,221320
149757,1,0,221321
149758,4,0,221325
149759,2,0,221327
149760,1,0,221328
149761,1,0,221329
149762,4,0,221333
149763,2,0,221335
149764,2,0,221337
149765,1,0,221338
149766,1,0,221339
149767,1,0,221340
149768,1,0,221341
149769,1,0,221342
149770,1,0,221343
149771,1,0,221344
149772,1,0,221345
149773,1,0,221346
149774,1,0,221347
149775,1,0,221348
149776,2,0,221350
149777,1,0,221351
149778,2,0,221353
149779,1,0,221354
149780,2,0,221356
149781,5,0,221361
149782,1,0,221362
149783,1,0,221363
149784,2,0,221365
149785,1,0,221366
149786,2,0,221368
149787,3,0,221371
149788,3,0,221374
149789,1,0,221375
149790,3,0,221378
149791,2,0,221380
149792,2,0,221382
149793,1,0,221383
149794,2,0,221385
149795,1,0,221386
149796,4,0,221390
149797,1,0,221391
149798,2,0,221393
149799,1,0,221394
149800,1,0,221395
149801,4,0,221399
149802,2,0,221401
149803,3,0,221404
149804,3,0,221407
149805,1,0,221408
149806,2,0,221410
149807,1,0,221411
149808,1,0,221412
149809,1,0,221413
149810,3,0,221416
149811,1,0,221417
149812,1,0,221418
149813,1,0,221419
149814,3,0,221422
149815,2,0,221424
149816,1,0,221425
149817,2,0,221427
149818,1,0,221428
149819,3,0,221431
149820,2,0,221433
149821,1,0,221434
149822,1,0,221435
149823,2,0,221437
149824,1,0,221438
149825,5,0,221443
149826,2,0,221445
149827,1,0,221446
149828,1,0,221447
149829,1,0,221448
149830,1,0,221449
149831,2,0,221451
149832,3,0,221454
149833,1,0,221455
149834,1,0,221456
149835,1,0,221457
149836,1,0,221458
149837,2,0,221460
149838,1,0,221461
149839,1,0,221462
149840,1,0,221463
149841,2,0,221465
149842,1,0,221466
149843,4,0,221470
149844,1,0,221471
149845,2,0,221473
149846,1,0,221474
149847,2,0,221476
149848,2,0,221478
149849,1,0,221479
149850,1,0,221480
149851,1,0,221481
149852,1,0,221482
149853,1,0,221483
149854,1,0,221484
149855,3,0,221487
149856,1,0,221488
149857,1,0,221489
149858,2,0,221491
149859,1,0,221492
149860,1,0,221493
149861,1,0,221494
149862,1,0,221495
149863,1,0,221496
149864,1,0,221497
149865,1,0,221498
149866,1,0,221499
149867,1,0,221500
149868,2,0,221502
149869,2,0,221504
149870,1,0,221505
149871,1,0,221506
149872,1,0,221507
149873,1,0,221508
149874,3,0,221511
149875,1,0,221512
149876,1,0,221513
149877,1,0,221514
149878,1,0,221515
149879,1,0,221516
149880,1,0,221517
149881,1,0,221518
149882,1,0,221519
149883,1,0,221520
149884,2,0,221522
149885,2,0,221524
149886,1,0,221525
149887,1,0,221526
149888,6,0,221532
149889,1,0,221533
149890,1,0,221534
149891,1,0,221535
149892,1,0,221536
149893,1,0,221537
149894,1,0,221538
149895,1,0,221539
149896,1,0,221540
149897,1,0,221541
149898,4,0,221545
149899,2,0,221547
149900,2,0,221549
149901,1,0,221550
149902,3,0,221553
149903,1,0,221554
149904,1,0,221555
149905,7,0,221562
149906,2,0,221564
149907,3,0,221567
149908,2,0,221569
149909,1,0,221570
149910,1,0,221571
149911,2,0,221573
149912,1,0,221574
149913,1,0,221575
149914,2,0,221577
149915,1,0,221578
149916,1,0,221579
149917,3,0,221582
149918,1,0,221583
149919,2,0,221585
149920,3,0,221588
149921,3,0,221591
149922,1,0,221592
149923,1,0,221593
149924,2,0,221595
149925,1,0,221596
149926,1,0,221597
149927,1,0,221598
149928,1,0,221599
149929,3,0,221602
149930,1,0,221603
149931,2,0,221605
149932,4,0,221609
149933,1,0,221610
149934,1,0,221611
149935,1,0,221612
149936,1,0,221613
149937,1,0,221614
149938,2,0,221616
149939,1,0,221617
149940,2,0,221619
149941,1,0,221620
149942,1,0,221621
149943,1,0,221622
149944,1,0,221623
149945,1,0,221624
149946,1,0,221625
149947,3,0,221628
149948,1,0,221629
149949,1,0,221630
149950,3,0,221633
149951,2,0,221635
149952,1,0,221636
149953,1,0,221637
149954,2,0,221639
149955,2,0,221641
149956,1,0,221642
149957,2,0,221644
149958,1,0,221645
149959,1,0,221646
149960,1,0,221647
149961,1,0,221648
149962,3,0,221651
149963,1,0,221652
149964,1,0,221653
149965,1,0,221654
149966,3,0,221657
149967,3,0,221660
149968,1,0,221661
149969,1,0,221662
149970,1,0,221663
149971,1,0,221664
149972,1,0,221665
149973,1,0,221666
149974,3,0,221669
149975,4,0,221673
149976,7,0,221680
149977,1,0,221681
149978,1,0,221682
149979,1,0,221683
149980,1,0,221684
149981,4,0,221688
149982,4,0,221692
149983,1,0,221693
149984,1,0,221694
149985,1,0,221695
149986,1,0,221696
149987,2,0,221698
149988,2,0,221700
149989,1,0,221701
149990,1,0,221702
149991,1,0,221703
149992,1,0,221704
149993,1,0,221705
149994,1,0,221706
149995,4,0,221710
149996,1,0,221711
149997,1,0,221712
149998,1,0,221713
149999,1,0,221714
150000,4,0,221718
150001,1,0,221719
150002,1,0,221720
150003,1,0,221721
150004,2,0,221723
150005,1,0,221724
150006,1,0,221725
150007,1,0,221726
150008,2,0,221728
150009,2,0,221730
150010,1,0,221731
150011,1,0,221732
150012,1,0,221733
150013,1,0,221734
150014,1,0,221735
150015,1,0,221736
150016,1,0,221737
150017,1,0,221738
150018,3,0,221741
150019,4,0,221745
150020,1,0,221746
150021,1,0,221747
150022,2,0,221749
150023,1,0,221750
150024,1,0,221751
150025,5,0,221756
150026,1,0,221757
150027,2,0,221759
150028,1,0,221760
150029,1,0,221761
150030,1,0,221762
150031,1,0,221763
150032,1,0,221764
150033,1,0,221765
150034,3,0,221768
150035,1,0,221769
150036,1,0,221770
150037,1,0,221771
150038,1,0,221772
150039,1,0,221773
150040,1,0,221774
150041,1,0,221775
150042,2,0,221777
150043,1,0,221778
150044,1,0,221779
150045,5,0,221784
150046,1,0,221785
150047,1,0,221786
150048,2,0,221788
150049,1,0,221789
150050,2,0,221791
150051,1,0,221792
150052,2,0,221794
150053,1,0,221795
150054,1,0,221796
150055,2,0,221798
150056,2,0,221800
150057,1,0,221801
150058,1,0,221802
150059,2,0,221804
150060,1,0,221805
150061,4,0,221809
150062,2,0,221811
150063,1,0,221812
150064,3,0,221815
150065,1,0,221816
150066,3,0,221819
150067,1,0,221820
150068,1,0,221821
150069,1,0,221822
150070,2,0,221824
150071,1,0,221825
150072,2,0,221827
150073,1,0,221828
150074,1,0,221829
150075,1,0,221830
150076,1,0,221831
150077,2,0,221833
150078,1,0,221834
150079,2,0,221836
150080,1,0,221837
150081,2,0,221839
150082,1,0,221840
150083,3,0,221843
150084,2,0,221845
150085,1,0,221846
150086,2,0,221848
150087,1,0,221849
150088,1,0,221850
150089,2,0,221852
150090,1,0,221853
150091,1,0,221854
150092,2,0,221856
150093,1,0,221857
150094,1,0,221858
150095,1,0,221859
150096,1,0,221860
150097,1,0,221861
150098,3,0,221864
150099,1,0,221865
150100,2,0,221867
150101,1,0,221868
150102,1,0,221869
150103,1,0,221870
150104,1,0,221871
150105,1,0,221872
150106,1,0,221873
150107,2,0,221875
150108,2,0,221877
150109,1,0,221878
150110,1,0,221879
150111,1,0,221880
150112,4,0,221884
150113,2,0,221886
150114,1,0,221887
150115,1,0,221888
150116,1,0,221889
150117,2,0,221891
150118,1,0,221892
150119,1,0,221893
150120,3,0,221896
150121,1,0,221897
150122,4,0,221901
150123,5,0,221906
150124,1,0,221907
150125,1,0,221908
150126,2,0,221910
150127,2,0,221912
150128,1,0,221913
150129,1,0,221914
150130,1,0,221915
150131,1,0,221916
150132,1,0,221917
150133,1,0,221918
150134,1,0,221919
150135,3,0,221922
150136,1,0,221923
150137,3,0,221926
150138,3,0,221929
150139,1,0,221930
150140,2,0,221932
150141,5,0,221937
150142,1,0,221938
150143,3,0,221941
150144,2,0,221943
150145,1,0,221944
150146,1,0,221945
150147,5,0,221950
150148,1,0,221951
150149,3,0,221954
150150,2,0,221956
150151,1,0,221957
150152,3,0,221960
150153,2,0,221962
150154,2,0,221964
150155,1,0,221965
150156,1,0,221966
150157,1,0,221967
150158,1,0,221968
150159,1,0,221969
150160,1,0,221970
150161,3,0,221973
150162,3,0,221976
150163,2,0,221978
150164,1,0,221979
150165,2,0,221981
150166,1,0,221982
150167,1,0,221983
150168,1,0,221984
150169,1,0,221985
150170,1,0,221986
150171,1,0,221987
150172,1,0,221988
150173,1,0,221989
150174,4,0,221993
150175,3,0,221996
150176,2,0,221998
150177,2,0,222000
150178,1,0,222001
150179,2,0,222003
150180,1,0,222004
150181,1,0,222005
150182,1,0,222006
150183,3,0,222009
150184,4,0,222013
150185,1,0,222014
150186,3,0,222017
150187,1,0,222018
150188,2,0,222020
150189,1,0,222021
150190,1,0,222022
150191,1,0,222023
150192,1,0,222024
150193,1,0,222025
150194,1,0,222026
150195,2,0,222028
150196,1,0,222029
150197,1,0,222030
150198,1,0,222031
150199,2,0,222033
150200,1,0,222034
150201,2,0,222036
150202,1,0,222037
150203,1,0,222038
150204,1,0,222039
150205,1,0,222040
150206,1,0,222041
150207,2,0,222043
150208,3,0,222046
150209,1,0,222047
150210,1,0,222048
150211,1,0,222049
150212,2,0,222051
150213,2,0,222053
150214,3,0,222056
150215,1,0,222057
150216,1,0,222058
150217,2,0,222060
150218,2,0,222062
150219,1,0,222063
150220,1,0,222064
150221,1,0,222065
150222,1,0,222066
150223,2,0,222068
150224,1,0,222069
150225,1,0,222070
150226,1,0,222071
150227,1,0,222072
150228,1,0,222073
150229,2,0,222075
150230,1,0,222076
150231,1,0,222077
150232,1,0,222078
150233,1,0,222079
150234,1,0,222080
150235,1,0,222081
150236,1,0,222082
150237,2,0,222084
150238,1,0,222085
150239,1,0,222086
150240,1,0,222087
150241,1,0,222088
150242,2,0,222090
150243,2,0,222092
150244,1,0,222093
150245,3,0,222096
150246,3,0,222099
150247,1,0,222100
150248,1,0,222101
150249,1,0,222102
150250,1,0,222103
150251,1,0,222104
150252,2,0,222106
150253,1,0,222107
150254,1,0,222108
150255,4,0,222112
150256,3,0,222115
150257,4,0,222119
150258,1,0,222120
150259,1,0,222121
150260,2,0,222123
150261,1,0,222124
150262,1,0,222125
150263,2,0,222127
150264,1,0,222128
150265,1,0,222129
150266,1,0,222130
150267,1,0,222131
150268,1,0,222132
150269,1,0,222133
150270,1,0,222134
150271,1,0,222135
150272,1,0,222136
150273,2,0,222138
150274,3,0,222141
150275,1,0,222142
150276,1,0,222143
150277,2,0,222145
150278,1,0,222146
150279,1,0,222147
150280,2,0,222149
150281,1,0,222150
150282,1,0,222151
150283,1,0,222152
150284,2,0,222154
150285,1,0,222155
150286,2,0,222157
150287,4,0,222161
150288,4,0,222165
150289,1,0,222166
150290,1,0,222167
150291,1,0,222168
150292,1,0,222169
150293,1,0,222170
150294,3,0,222173
150295,2,0,222175
150296,1,0,222176
150297,1,0,222177
150298,2,0,222179
150299,2,0,222181
150300,1,0,222182
150301,3,0,222185
150302,1,0,222186
150303,1,0,222187
150304,1,0,222188
150305,1,0,222189
150306,1,0,222190
150307,1,0,222191
150308,1,0,222192
150309,1,0,222193
150310,1,0,222194
150311,1,0,222195
150312,1,0,222196
150313,1,0,222197
150314,3,0,222200
150315,4,0,222204
150316,2,0,222206
150317,1,0,222207
150318,1,0,222208
150319,1,0,222209
150320,1,0,222210
150321,1,0,222211
150322,1,0,222212
150323,1,0,222213
150324,4,0,222217
150325,1,0,222218
150326,4,0,222222
150327,1,0,222223
150328,1,0,222224
150329,2,0,222226
150330,1,0,222227
150331,1,0,222228
150332,1,0,222229
150333,1,0,222230
150334,1,0,222231
150335,1,0,222232
150336,1,0,222233
150337,1,0,222234
150338,1,0,222235
150339,1,0,222236
150340,1,0,222237
150341,1,0,222238
150342,2,0,222240
150343,1,0,222241
150344,2,0,222243
150345,1,0,222244
150346,2,0,222246
150347,1,0,222247
150348,1,0,222248
150349,1,0,222249
150350,1,0,222250
150351,1,0,222251
150352,1,0,222252
150353,2,0,222254
150354,1,0,222255
150355,2,0,222257
150356,3,0,222260
150357,4,0,222264
150358,1,0,222265
150359,2,0,222267
150360,2,0,222269
150361,1,0,222270
150362,1,0,222271
150363,2,0,222273
150364,1,0,222274
150365,1,0,222275
150366,1,0,222276
150367,2,0,222278
150368,1,0,222279
150369,2,0,222281
150370,1,0,222282
150371,1,0,222283
150372,1,0,222284
150373,1,0,222285
150374,1,0,222286
150375,1,0,222287
150376,1,0,222288
150377,1,0,222289
150378,2,0,222291
150379,2,0,222293
150380,1,0,222294
150381,2,0,222296
150382,1,0,222297
150383,1,0,222298
150384,2,0,222300
150385,1,0,222301
150386,1,0,222302
150387,1,0,222303
150388,3,0,222306
150389,1,0,222307
150390,6,0,222313
150391,1,0,222314
150392,1,0,222315
150393,1,0,222316
150394,1,0,222317
150395,1,0,222318
150396,1,0,222319
150397,1,0,222320
150398,2,0,222322
150399,2,0,222324
150400,1,0,222325
150401,4,0,222329
150402,1,0,222330
150403,1,0,222331
150404,1,0,222332
150405,1,0,222333
150406,2,0,222335
150407,2,0,222337
150408,2,0,222339
150409,1,0,222340
150410,1,0,222341
150411,2,0,222343
150412,1,0,222344
150413,1,0,222345
150414,1,0,222346
150415,2,0,222348
150416,1,0,222349
150417,1,0,222350
150418,1,0,222351
150419,1,0,222352
150420,1,0,222353
150421,1,0,222354
150422,2,0,222356
150423,1,0,222357
150424,1,0,222358
150425,2,0,222360
150426,1,0,222361
150427,1,0,222362
150428,2,0,222364
150429,3,0,222367
150430,1,0,222368
150431,3,0,222371
150432,1,0,222372
150433,1,0,222373
150434,1,0,222374
150435,1,0,222375
150436,3,0,222378
150437,1,0,222379
150438,1,0,222380
150439,1,0,222381
150440,1,0,222382
150441,1,0,222383
150442,1,0,222384
150443,2,0,222386
150444,1,0,222387
150445,1,0,222388
150446,1,0,222389
150447,1,0,222390
150448,1,0,222391
150449,1,0,222392
150450,1,0,222393
150451,1,0,222394
150452,1,0,222395
150453,1,0,222396
150454,3,0,222399
150455,2,0,222401
150456,1,0,222402
150457,1,0,222403
150458,2,0,222405
150459,1,0,222406
150460,1,0,222407
150461,2,0,222409
150462,3,0,222412
150463,2,0,222414
150464,2,0,222416
150465,1,0,222417
150466,1,0,222418
150467,2,0,222420
150468,1,0,222421
150469,2,0,222423
150470,1,0,222424
150471,1,0,222425
150472,1,0,222426
150473,1,0,222427
150474,1,0,222428
150475,4,0,222432
150476,1,0,222433
150477,1,0,222434
150478,2,0,222436
150479,1,0,222437
150480,1,0,222438
150481,4,0,222442
150482,2,0,222444
150483,4,0,222448
150484,1,0,222449
150485,1,0,222450
150486,1,0,222451
150487,1,0,222452
150488,1,0,222453
150489,1,0,222454
150490,1,0,222455
150491,5,0,222460
150492,2,0,222462
150493,1,0,222463
150494,2,0,222465
150495,1,0,222466
150496,1,0,222467
150497,1,0,222468
150498,2,0,222470
150499,3,0,222473
150500,6,0,222479
150501,2,0,222481
150502,2,0,222483
150503,1,0,222484
150504,1,0,222485
150505,3,0,222488
150506,1,0,222489
150507,1,0,222490
150508,1,0,222491
150509,1,0,222492
150510,2,0,222494
150511,1,0,222495
150512,1,0,222496
150513,2,0,222498
150514,1,0,222499
150515,1,0,222500
150516,1,0,222501
150517,1,0,222502
150518,2,0,222504
150519,1,0,222505
150520,2,0,222507
150521,2,0,222509
150522,1,0,222510
150523,1,0,222511
150524,1,0,222512
150525,1,0,222513
150526,1,0,222514
150527,1,0,222515
150528,1,0,222516
150529,2,0,222518
150530,2,0,222520
150531,5,0,222525
150532,1,0,222526
150533,1,0,222527
150534,2,0,222529
150535,1,0,222530
150536,2,0,222532
150537,1,0,222533
150538,2,0,222535
150539,1,0,222536
150540,1,0,222537
150541,2,0,222539
150542,1,0,222540
150543,1,0,222541
150544,1,0,222542
150545,1,0,222543
150546,1,0,222544
150547,2,0,222546
150548,1,0,222547
150549,2,0,222549
150550,1,0,222550
150551,2,0,222552
150552,1,0,222553
150553,1,0,222554
150554,3,0,222557
150555,1,0,222558
150556,4,0,222562
150557,3,0,222565
150558,1,0,222566
150559,1,0,222567
150560,1,0,222568
150561,1,0,222569
150562,1,0,222570
150563,1,0,222571
150564,2,0,222573
150565,5,0,222578
150566,2,0,222580
150567,1,0,222581
150568,1,0,222582
150569,1,0,222583
150570,1,0,222584
150571,1,0,222585
150572,1,0,222586
150573,3,0,222589
150574,2,0,222591
150575,2,0,222593
150576,1,0,222594
150577,1,0,222595
150578,1,0,222596
150579,1,0,222597
150580,1,0,222598
150581,1,0,222599
150582,1,0,222600
150583,1,0,222601
150584,1,0,222602
150585,1,0,222603
150586,1,0,222604
150587,1,0,222605
150588,1,0,222606
150589,1,0,222607
150590,4,0,222611
150591,2,0,222613
150592,1,0,222614
150593,2,0,222616
150594,1,0,222617
150595,2,0,222619
150596,1,0,222620
150597,1,0,222621
150598,1,0,222622
150599,2,0,222624
150600,1,0,222625
150601,1,0,222626
150602,1,0,222627
150603,3,0,222630
150604,3,0,222633
150605,1,0,222634
150606,4,0,222638
150607,1,0,222639
150608,1,0,222640
150609,1,0,222641
150610,1,0,222642
150611,1,0,222643
150612,1,0,222644
150613,1,0,222645
150614,1,0,222646
150615,3,0,222649
150616,1,0,222650
150617,2,0,222652
150618,1,0,222653
150619,1,0,222654
150620,1,0,222655
150621,1,0,222656
150622,3,0,222659
150623,1,0,222660
150624,2,0,222662
150625,1,0,222663
150626,2,0,222665
150627,1,0,222666
150628,9,0,222675
150629,1,0,222676
150630,2,0,222678
150631,1,0,222679
150632,1,0,222680
150633,1,0,222681
150634,2,0,222683
150635,3,0,222686
150636,2,0,222688
150637,1,0,222689
150638,1,0,222690
150639,1,0,222691
150640,1,0,222692
150641,1,0,222693
150642,1,0,222694
150643,3,0,222697
150644,2,0,222699
150645,1,0,222700
150646,1,0,222701
150647,2,0,222703
150648,1,0,222704
150649,1,0,222705
150650,1,0,222706
150651,1,0,222707
150652,1,0,222708
150653,1,0,222709
150654,1,0,222710
150655,2,0,222712
150656,1,0,222713
150657,1,0,222714
150658,1,0,222715
150659,1,0,222716
150660,2,0,222718
150661,2,0,222720
150662,1,0,222721
150663,1,0,222722
150664,1,0,222723
150665,1,0,222724
150666,3,0,222727
150667,2,0,222729
150668,1,0,222730
150669,1,0,222731
150670,1,0,222732
150671,2,0,222734
150672,3,0,222737
150673,2,0,222739
150674,1,0,222740
150675,2,0,222742
150676,1,0,222743
150677,1,0,222744
150678,1,0,222745
150679,1,0,222746
150680,1,0,222747
150681,1,0,222748
150682,1,0,222749
150683,1,0,222750
150684,1,0,222751
150685,1,0,222752
150686,1,0,222753
150687,1,0,222754
150688,1,0,222755
150689,4,0,222759
150690,1,0,222760
150691,4,0,222764
150692,1,0,222765
150693,1,0,222766
150694,1,0,222767
150695,1,0,222768
150696,1,0,222769
150697,1,0,222770
150698,1,0,222771
150699,1,0,222772
150700,2,0,222774
150701,1,0,222775
150702,1,0,222776
150703,1,0,222777
150704,1,0,222778
150705,1,0,222779
150706,1,0,222780
150707,2,0,222782
150708,1,0,222783
150709,1,0,222784
150710,1,0,222785
150711,1,0,222786
150712,1,0,222787
150713,1,0,222788
150714,1,0,222789
150715,1,0,222790
150716,1,0,222791
150717,1,0,222792
150718,1,0,222793
150719,2,0,222795
150720,1,0,222796
150721,1,0,222797
150722,1,0,222798
150723,1,0,222799
150724,2,0,222801
150725,1,0,222802
150726,2,0,222804
150727,1,0,222805
150728,1,0,222806
150729,1,0,222807
150730,1,0,222808
150731,1,0,222809
150732,1,0,222810
150733,1,0,222811
150734,1,0,222812
150735,1,0,222813
150736,2,0,222815
150737,2,0,222817
150738,1,0,222818
150739,2,0,222820
150740,2,0,222822
150741,1,0,222823
150742,1,0,222824
150743,1,0,222825
150744,2,0,222827
150745,2,0,222829
150746,1,0,222830
150747,1,0,222831
150748,8,0,222839
150749,5,0,222844
150750,2,0,222846
150751,2,0,222848
150752,1,0,222849
150753,4,0,222853
150754,1,0,222854
150755,3,0,222857
150756,1,0,222858
150757,1,0,222859
150758,1,0,222860
150759,2,0,222862
150760,1,0,222863
150761,1,0,222864
150762,1,0,222865
150763,1,0,222866
150764,3,0,222869
150765,1,0,222870
150766,1,0,222871
150767,1,0,222872
150768,1,0,222873
150769,1,0,222874
150770,2,0,222876
150771,2,0,222878
150772,1,0,222879
150773,1,0,222880
150774,2,0,222882
150775,1,0,222883
150776,1,0,222884
150777,1,0,222885
150778,1,0,222886
150779,1,0,222887
150780,1,0,222888
150781,3,0,222891
150782,1,0,222892
150783,3,0,222895
150784,1,0,222896
150785,2,0,222898
150786,1,0,222899
150787,2,0,222901
150788,1,0,222902
150789,1,0,222903
150790,1,0,222904
150791,1,0,222905
150792,3,0,222908
150793,1,0,222909
150794,1,0,222910
150795,1,0,222911
150796,1,0,222912
150797,1,0,222913
150798,1,0,222914
150799,1,0,222915
150800,1,0,222916
150801,1,0,222917
150802,1,0,222918
150803,1,0,222919
150804,3,0,222922
150805,1,0,222923
150806,3,0,222926
150807,2,0,222928
150808,1,0,222929
150809,1,0,222930
150810,2,0,222932
150811,2,0,222934
150812,2,0,222936
150813,2,0,222938
150814,3,0,222941
150815,1,0,222942
150816,1,0,222943
150817,1,0,222944
150818,1,0,222945
150819,2,0,222947
150820,2,0,222949
150821,1,0,222950
150822,1,0,222951
150823,1,0,222952
150824,2,0,222954
150825,2,0,222956
150826,4,0,222960
150827,1,0,222961
150828,1,0,222962
150829,1,0,222963
150830,1,0,222964
150831,2,0,222966
150832,1,0,222967
150833,1,0,222968
150834,2,0,222970
150835,2,0,222972
150836,3,0,222975
150837,1,0,222976
150838,1,0,222977
150839,1,0,222978
150840,1,0,222979
150841,1,0,222980
150842,1,0,222981
150843,1,0,222982
150844,1,0,222983
150845,1,0,222984
150846,1,0,222985
150847,2,0,222987
150848,1,0,222988
150849,1,0,222989
150850,1,0,222990
150851,1,0,222991
150852,1,0,222992
150853,1,0,222993
150854,1,0,222994
150855,1,0,222995
150856,1,0,222996
150857,1,0,222997
150858,2,0,222999
150859,1,0,223000
150860,2,0,223002
150861,1,0,223003
150862,1,0,223004
150863,1,0,223005
150864,1,0,223006
150865,1,0,223007
150866,3,0,223010
150867,1,0,223011
150868,1,0,223012
150869,1,0,223013
150870,1,0,223014
150871,2,0,223016
150872,1,0,223017
150873,1,0,223018
150874,2,0,223020
150875,3,0,223023
150876,1,0,223024
150877,1,0,223025
150878,1,0,223026
150879,2,0,223028
150880,1,0,223029
150881,2,0,223031
150882,2,0,223033
150883,1,0,223034
150884,1,0,223035
150885,1,0,223036
150886,1,0,223037
150887,2,0,223039
150888,1,0,223040
150889,1,0,223041
150890,1,0,223042
150891,1,0,223043
150892,1,0,223044
150893,1,0,223045
150894,1,0,223046
150895,4,0,223050
150896,1,0,223051
150897,2,0,223053
150898,1,0,223054
150899,1,0,223055
150900,1,0,223056
150901,2,0,223058
150902,1,0,223059
150903,1,0,223060
150904,1,0,223061
150905,1,0,223062
150906,3,0,223065
150907,1,0,223066
150908,1,0,223067
150909,4,0,223071
150910,1,0,223072
150911,1,0,223073
150912,2,0,223075
150913,1,0,223076
150914,1,0,223077
150915,1,0,223078
150916,1,0,223079
150917,1,0,223080
150918,1,0,223081
150919,1,0,223082
150920,2,0,223084
150921,1,0,223085
150922,1,0,223086
150923,1,0,223087
150924,2,0,223089
150925,1,0,223090
150926,1,0,223091
150927,2,0,223093
150928,2,0,223095
150929,2,0,223097
150930,1,0,223098
150931,1,0,223099
150932,1,0,223100
150933,1,0,223101
150934,2,0,223103
150935,1,0,223104
150936,1,0,223105
150937,1,0,223106
150938,1,0,223107
150939,1,0,223108
150940,3,0,223111
150941,2,0,223113
150942,1,0,223114
150943,2,0,223116
150944,1,0,223117
150945,1,0,223118
150946,1,0,223119
150947,1,0,223120
150948,1,0,223121
150949,1,0,223122
150950,1,0,223123
150951,1,0,223124
150952,7,0,223131
150953,1,0,223132
150954,1,0,223133
150955,1,0,223134
150956,1,0,223135
150957,1,0,223136
150958,1,0,223137
150959,4,0,223141
150960,1,0,223142
150961,1,0,223143
150962,1,0,223144
150963,1,0,223145
150964,1,0,223146
150965,3,0,223149
150966,2,0,223151
150967,1,0,223152
150968,1,0,223153
150969,1,0,223154
150970,1,0,223155
150971,1,0,223156
150972,1,0,223157
150973,1,0,223158
150974,1,0,223159
150975,1,0,223160
150976,1,0,223161
150977,1,0,223162
150978,1,0,223163
150979,1,0,223164
150980,1,0,223165
150981,1,0,223166
150982,1,0,223167
150983,1,0,223168
150984,1,0,223169
150985,1,0,223170
150986,1,0,223171
150987,1,0,223172
150988,2,0,223174
150989,1,0,223175
150990,2,0,223177
150991,2,0,223179
150992,1,0,223180
150993,2,0,223182
150994,2,0,223184
150995,1,0,223185
150996,1,0,223186
150997,2,0,223188
150998,1,0,223189
150999,3,0,223192
151000,1,0,223193
151001,1,0,223194
151002,1,0,223195
151003,1,0,223196
151004,1,0,223197
151005,1,0,223198
151006,3,0,223201
151007,1,0,223202
151008,2,0,223204
151009,1,0,223205
151010,1,0,223206
151011,1,0,223207
151012,1,0,223208
151013,1,0,223209
151014,2,0,223211
151015,1,0,223212
151016,1,0,223213
151017,2,0,223215
151018,2,0,223217
151019,2,0,223219
151020,1,0,223220
151021,2,0,223222
151022,1,0,223223
151023,1,0,223224
151024,1,0,223225
151025,1,0,223226
151026,1,0,223227
151027,2,0,223229
151028,1,0,223230
151029,1,0,223231
151030,1,0,223232
151031,1,0,223233
151032,1,0,223234
151033,2,0,223236
151034,1,0,223237
151035,1,0,223238
151036,1,0,223239
151037,1,0,223240
151038,1,0,223241
151039,1,0,223242
151040,2,0,223244
151041,1,0,223245
151042,3,0,223248
151043,1,0,223249
151044,2,0,223251
151045,1,0,223252
151046,1,0,223253
151047,1,0,223254
151048,1,0,223255
151049,1,0,223256
151050,1,0,223257
151051,1,0,223258
151052,1,0,223259
151053,1,0,223260
151054,1,0,223261
151055,1,0,223262
151056,2,0,223264
151057,1,0,223265
151058,2,0,223267
151059,1,0,223268
151060,2,0,223270
151061,3,0,223273
151062,2,0,223275
151063,1,0,223276
151064,1,0,223277
151065,1,0,223278
151066,1,0,223279
151067,1,0,223280
151068,1,0,223281
151069,1,0,223282
151070,1,0,223283
151071,1,0,223284
151072,2,0,223286
151073,1,0,223287
151074,1,0,223288
151075,2,0,223290
151076,1,0,223291
151077,5,0,223296
151078,1,0,223297
151079,1,0,223298
151080,1,0,223299
151081,1,0,223300
151082,1,0,223301
151083,1,0,223302
151084,1,0,223303
151085,3,0,223306
151086,2,0,223308
151087,2,0,223310
151088,1,0,223311
151089,1,0,223312
151090,3,0,223315
151091,1,0,223316
151092,1,0,223317
151093,2,0,223319
151094,1,0,223320
151095,2,0,223322
151096,1,0,223323
151097,1,0,223324
151098,1,0,223325
151099,1,0,223326
151100,1,0,223327
151101,1,0,223328
151102,1,0,223329
151103,1,0,223330
151104,1,0,223331
151105,1,0,223332
151106,1,0,223333
151107,1,0,223334
151108,1,0,223335
151109,1,0,223336
151110,1,0,223337
151111,1,0,223338
151112,2,0,223340
151113,1,0,223341
151114,1,0,223342
151115,1,0,223343
151116,4,0,223347
151117,5,0,223352
151118,2,0,223354
151119,1,0,223355
151120,1,0,223356
151121,1,0,223357
151122,2,0,223359
151123,2,0,223361
151124,1,0,223362
151125,1,0,223363
151126,1,0,223364
151127,1,0,223365
151128,1,0,223366
151129,1,0,223367
151130,2,0,223369
151131,1,0,223370
151132,2,0,223372
151133,2,0,223374
151134,1,0,223375
151135,1,0,223376
151136,1,0,223377
151137,1,0,223378
151138,1,0,223379
151139,1,0,223380
151140,2,0,223382
151141,1,0,223383
151142,1,0,223384
151143,2,0,223386
151144,2,0,223388
151145,1,0,223389
151146,1,0,223390
151147,1,0,223391
151148,2,0,223393
151149,2,0,223395
151150,2,0,223397
151151,1,0,223398
151152,3,0,223401
151153,1,0,223402
151154,1,0,223403
151155,1,0,223404
151156,1,0,223405
151157,1,0,223406
151158,1,0,223407
151159,1,0,223408
151160,1,0,223409
151161,1,0,223410
151162,1,0,223411
151163,1,0,223412
151164,2,0,223414
151165,1,0,223415
151166,1,0,223416
151167,2,0,223418
151168,2,0,223420
151169,1,0,223421
151170,1,0,223422
151171,1,0,223423
151172,2,0,223425
151173,1,0,223426
151174,1,0,223427
151175,2,0,223429
151176,3,0,223432
151177,1,0,223433
151178,1,0,223434
151179,6,0,223440
151180,1,0,223441
151181,2,0,223443
151182,1,0,223444
151183,1,0,223445
151184,1,0,223446
151185,1,0,223447
151186,1,0,223448
151187,1,0,223449
151188,1,0,223450
151189,1,0,223451
151190,1,0,223452
151191,1,0,223453
151192,1,0,223454
151193,1,0,223455
151194,1,0,223456
151195,1,0,223457
151196,1,0,223458
151197,1,0,223459
151198,1,0,223460
151199,1,0,223461
151200,1,0,223462
151201,1,0,223463
151202,1,0,223464
151203,1,0,223465
151204,1,0,223466
151205,1,0,223467
151206,1,0,223468
151207,1,0,223469
151208,1,0,223470
151209,2,0,223472
151210,1,0,223473
151211,1,0,223474
151212,1,0,223475
151213,1,0,223476
151214,1,0,223477
151215,2,0,223479
151216,1,0,223480
151217,3,0,223483
151218,1,0,223484
151219,2,0,223486
151220,3,0,223489
151221,1,0,223490
151222,1,0,223491
151223,1,0,223492
151224,1,0,223493
151225,1,0,223494
151226,1,0,223495
151227,2,0,223497
151228,1,0,223498
151229,2,0,223500
151230,1,0,223501
151231,1,0,223502
151232,2,0,223504
151233,1,0,223505
151234,1,0,223506
151235,3,0,223509
151236,1,0,223510
151237,1,0,223511
151238,1,0,223512
151239,1,0,223513
151240,1,0,223514
151241,1,0,223515
151242,1,0,223516
151243,1,0,223517
151244,2,0,223519
151245,1,0,223520
151246,1,0,223521
151247,2,0,223523
151248,2,0,223525
151249,2,0,223527
151250,1,0,223528
151251,1,0,223529
151252,1,0,223530
151253,1,0,223531
151254,1,0,223532
151255,1,0,223533
151256,2,0,223535
151257,2,0,223537
151258,1,0,223538
151259,1,0,223539
151260,1,0,223540
151261,3,0,223543
151262,2,0,223545
151263,1,0,223546
151264,4,0,223550
151265,2,0,223552
151266,1,0,223553
151267,1,0,223554
151268,1,0,223555
151269,1,0,223556
151270,5,0,223561
151271,2,0,223563
151272,1,0,223564
151273,1,0,223565
151274,1,0,223566
151275,1,0,223567
151276,2,0,223569
151277,1,0,223570
151278,5,0,223575
151279,1,0,223576
151280,1,0,223577
151281,1,0,223578
151282,1,0,223579
151283,1,0,223580
151284,1,0,223581
151285,1,0,223582
151286,1,0,223583
151287,1,0,223584
151288,3,0,223587
151289,2,0,223589
151290,1,0,223590
151291,1,0,223591
151292,1,0,223592
151293,1,0,223593
151294,1,0,223594
151295,1,0,223595
151296,2,0,223597
151297,2,0,223599
151298,1,0,223600
151299,1,0,223601
151300,2,0,223603
151301,1,0,223604
151302,1,0,223605
151303,1,0,223606
151304,1,0,223607
151305,1,0,223608
151306,1,0,223609
151307,1,0,223610
151308,1,0,223611
151309,2,0,223613
151310,1,0,223614
151311,1,0,223615
151312,1,0,223616
151313,3,0,223619
151314,1,0,223620
151315,1,0,223621
151316,2,0,223623
151317,1,0,223624
151318,1,0,223625
151319,40,0,223665
151320,1,0,223666
151321,1,0,223667
151322,1,0,223668
151323,1,0,223669
151324,2,0,223671
151325,1,0,223672
151326,1,0,223673
151327,1,0,223674
151328,1,0,223675
151329,1,0,223676
151330,1,0,223677
151331,1,0,223678
151332,1,0,223679
151333,1,0,223680
151334,2,0,223682
151335,1,0,223683
151336,2,0,223685
151337,2,0,223687
151338,1,0,223688
151339,1,0,223689
151340,1,0,223690
151341,1,0,223691
151342,1,0,223692
151343,1,0,223693
151344,1,0,223694
151345,1,0,223695
151346,1,0,223696
151347,1,0,223697
151348,1,0,223698
151349,1,0,223699
151350,4,0,223703
151351,1,0,223704
151352,1,0,223705
151353,1,0,223706
151354,1,0,223707
151355,2,0,223709
151356,3,0,223712
151357,1,0,223713
151358,1,0,223714
151359,3,0,223717
151360,1,0,223718
151361,1,0,223719
151362,2,0,223721
151363,1,0,223722
151364,1,0,223723
151365,1,0,223724
151366,2,0,223726
151367,4,0,223730
151368,2,0,223732
151369,3,0,223735
151370,1,0,223736
151371,1,0,223737
151372,2,0,223739
151373,1,0,223740
151374,1,0,223741
151375,1,0,223742
151376,1,0,223743
151377,2,0,223745
151378,2,0,223747
151379,1,0,223748
151380,1,0,223749
151381,2,0,223751
151382,1,0,223752
151383,1,0,223753
151384,1,0,223754
151385,2,0,223756
151386,1,0,223757
151387,1,0,223758
151388,1,0,223759
151389,1,0,223760
151390,1,0,223761
151391,1,0,223762
151392,1,0,223763
151393,1,0,223764
151394,1,0,223765
151395,1,0,223766
151396,1,0,223767
151397,2,0,223769
151398,1,0,223770
151399,1,0,223771
151400,1,0,223772
151401,1,0,223773
151402,1,0,223774
151403,2,0,223776
151404,1,0,223777
151405,1,0,223778
151406,1,0,223779
151407,1,0,223780
151408,2,0,223782
151409,1,0,223783
151410,1,0,223784
151411,1,0,223785
151412,1,0,223786
151413,1,0,223787
151414,1,0,223788
151415,1,0,223789
151416,1,0,223790
151417,1,0,223791
151418,1,0,223792
151419,1,0,223793
151420,1,0,223794
151421,1,0,223795
151422,1,0,223796
151423,1,0,223797
151424,1,0,223798
151425,1,0,223799
151426,1,0,223800
151427,1,0,223801
151428,1,0,223802
151429,1,0,223803
151430,1,0,223804
151431,2,0,223806
151432,1,0,223807
151433,2,0,223809
151434,1,0,223810
151435,2,0,223812
151436,1,0,223813
151437,1,0,223814
151438,4,0,223818
151439,4,0,223822
151440,2,0,223824
151441,1,0,223825
151442,2,0,223827
151443,1,0,223828
151444,1,0,223829
151445,2,0,223831
151446,2,0,223833
151447,1,0,223834
151448,2,0,223836
151449,4,0,223840
151450,1,0,223841
151451,1,0,223842
151452,2,0,223844
151453,1,0,223845
151454,1,0,223846
151455,1,0,223847
151456,1,0,223848
151457,2,0,223850
151458,3,0,223853
151459,2,0,223855
151460,1,0,223856
151461,5,0,223861
151462,3,0,223864
151463,1,0,223865
151464,1,0,223866
151465,2,0,223868
151466,3,0,223871
151467,3,0,223874
151468,2,0,223876
151469,1,0,223877
151470,2,0,223879
151471,1,0,223880
151472,2,0,223882
151473,2,0,223884
151474,1,0,223885
151475,1,0,223886
151476,1,0,223887
151477,1,0,223888
151478,1,0,223889
151479,2,0,223891
151480,1,0,223892
151481,1,0,223893
151482,2,0,223895
151483,1,0,223896
151484,1,0,223897
151485,1,0,223898
151486,1,0,223899
151487,2,0,223901
151488,1,0,223902
151489,1,0,223903
151490,1,0,223904
151491,1,0,223905
151492,1,0,223906
151493,1,0,223907
151494,1,0,223908
151495,1,0,223909
151496,2,0,223911
151497,2,0,223913
151498,2,0,223915
151499,1,0,223916
151500,4,0,223920
151501,1,0,223921
151502,1,0,223922
151503,1,0,223923
151504,4,0,223927
151505,18,0,223945
151506,1,0,223946
151507,1,0,223947
151508,2,0,223949
151509,2,0,223951
151510,2,0,223953
151511,1,0,223954
151512,2,0,223956
151513,1,0,223957
151514,1,0,223958
151515,1,0,223959
151516,1,0,223960
151517,1,0,223961
151518,2,0,223963
151519,1,0,223964
151520,1,0,223965
151521,1,0,223966
151522,2,0,223968
151523,3,0,223971
151524,1,0,223972
151525,1,0,223973
151526,1,0,223974
151527,1,0,223975
151528,1,0,223976
151529,1,0,223977
151530,1,0,223978
151531,2,0,223980
151532,1,0,223981
151533,1,0,223982
151534,1,0,223983
151535,1,0,223984
151536,1,0,223985
151537,1,0,223986
151538,1,0,223987
151539,1,0,223988
151540,1,0,223989
151541,2,0,223991
151542,2,0,223993
151543,5,0,223998
151544,2,0,224000
151545,1,0,224001
151546,1,0,224002
151547,2,0,224004
151548,2,0,224006
151549,1,0,224007
151550,2,0,224009
151551,1,0,224010
151552,1,0,224011
151553,2,0,224013
151554,1,0,224014
151555,1,0,224015
151556,1,0,224016
151557,2,0,224018
151558,1,0,224019
151559,1,0,224020
151560,1,0,224021
151561,2,0,224023
151562,1,0,224024
151563,2,0,224026
151564,1,0,224027
151565,3,0,224030
151566,1,0,224031
151567,1,0,224032
151568,1,0,224033
151569,1,0,224034
151570,2,0,224036
151571,2,0,224038
151572,1,0,224039
151573,1,0,224040
151574,1,0,224041
151575,2,0,224043
151576,1,0,224044
151577,1,0,224045
151578,4,0,224049
151579,1,0,224050
151580,1,0,224051
151581,1,0,224052
151582,1,0,224053
151583,1,0,224054
151584,1,0,224055
151585,1,0,224056
151586,2,0,224058
151587,1,0,224059
151588,1,0,224060
151589,1,0,224061
151590,1,0,224062
151591,1,0,224063
151592,1,0,224064
151593,1,0,224065
151594,2,0,224067
151595,1,0,224068
151596,1,0,224069
151597,1,0,224070
151598,1,0,224071
151599,1,0,224072
151600,2,0,224074
151601,2,0,224076
151602,1,0,224077
151603,1,0,224078
151604,3,0,224081
151605,1,0,224082
151606,1,0,224083
151607,1,0,224084
151608,2,0,224086
151609,1,0,224087
151610,1,0,224088
151611,2,0,224090
151612,1,0,224091
151613,1,0,224092
151614,1,0,224093
151615,1,0,224094
151616,1,0,224095
151617,1,0,224096
151618,1,0,224097
151619,1,0,224098
151620,1,0,224099
151621,1,0,224100
151622,1,0,224101
151623,3,0,224104
151624,1,0,224105
151625,1,0,224106
151626,1,0,224107
151627,2,0,224109
151628,1,0,224110
151629,1,0,224111
151630,1,0,224112
151631,2,0,224114
151632,2,0,224116
151633,1,0,224117
151634,3,0,224120
151635,1,0,224121
151636,1,0,224122
151637,1,0,224123
151638,1,0,224124
151639,2,0,224126
151640,2,0,224128
151641,1,0,224129
151642,2,0,224131
151643,1,0,224132
151644,2,0,224134
151645,1,0,224135
151646,1,0,224136
151647,1,0,224137
151648,1,0,224138
151649,1,0,224139
151650,2,0,224141
151651,6,0,224147
151652,1,0,224148
151653,1,0,224149
151654,2,0,224151
151655,3,0,224154
151656,1,0,224155
151657,2,0,224157
151658,1,0,224158
151659,1,0,224159
151660,1,0,224160
151661,1,0,224161
151662,1,0,224162
151663,1,0,224163
151664,1,0,224164
151665,1,0,224165
151666,3,0,224168
151667,1,0,224169
151668,1,0,224170
151669,1,0,224171
151670,2,0,224173
151671,1,0,224174
151672,2,0,224176
151673,1,0,224177
151674,3,0,224180
151675,2,0,224182
151676,1,0,224183
151677,1,0,224184
151678,1,0,224185
151679,1,0,224186
151680,3,0,224189
151681,1,0,224190
151682,2,0,224192
151683,1,0,224193
151684,1,0,224194
151685,4,0,224198
151686,2,0,224200
151687,1,0,224201
151688,2,0,224203
151689,1,0,224204
151690,1,0,224205
151691,3,0,224208
151692,3,0,224211
151693,1,0,224212
151694,1,0,224213
151695,2,0,224215
151696,1,0,224216
151697,2,0,224218
151698,4,0,224222
151699,1,0,224223
151700,1,0,224224
151701,1,0,224225
151702,1,0,224226
151703,1,0,224227
151704,2,0,224229
151705,2,0,224231
151706,1,0,224232
151707,1,0,224233
151708,3,0,224236
151709,1,0,224237
151710,1,0,224238
151711,2,0,224240
151712,1,0,224241
151713,1,0,224242
151714,1,0,224243
151715,1,0,224244
151716,1,0,224245
151717,2,0,224247
151718,1,0,224248
151719,2,0,224250
151720,1,0,224251
151721,1,0,224252
151722,1,0,224253
151723,1,0,224254
151724,1,0,224255
151725,1,0,224256
151726,1,0,224257
151727,3,0,224260
151728,1,0,224261
151729,1,0,224262
151730,1,0,224263
151731,2,0,224265
151732,2,0,224267
151733,1,0,224268
151734,1,0,224269
151735,1,0,224270
151736,1,0,224271
151737,1,0,224272
151738,1,0,224273
151739,1,0,224274
151740,1,0,224275
151741,1,0,224276
151742,1,0,224277
151743,2,0,224279
151744,1,0,224280
151745,1,0,224281
151746,1,0,224282
151747,1,0,224283
151748,1,0,224284
151749,1,0,224285
151750,2,0,224287
151751,1,0,224288
151752,2,0,224290
151753,2,0,224292
151754,1,0,224293
151755,1,0,224294
151756,1,0,224295
151757,2,0,224297
151758,4,0,224301
151759,1,0,224302
151760,1,0,224303
151761,1,0,224304
151762,1,0,224305
151763,1,0,224306
151764,1,0,224307
151765,1,0,224308
151766,1,0,224309
151767,1,0,224310
151768,3,0,224313
151769,1,0,224314
151770,2,0,224316
151771,1,0,224317
151772,1,0,224318
151773,1,0,224319
151774,2,0,224321
151775,3,0,224324
151776,1,0,224325
151777,4,0,224329
151778,1,0,224330
151779,1,0,224331
151780,1,0,224332
151781,2,0,224334
151782,2,0,224336
151783,1,0,224337
151784,2,0,224339
151785,1,0,224340
151786,1,0,224341
151787,1,0,224342
151788,2,0,224344
151789,1,0,224345
151790,1,0,224346
151791,2,0,224348
151792,1,0,224349
151793,1,0,224350
151794,1,0,224351
151795,1,0,224352
151796,2,0,224354
151797,1,0,224355
151798,2,0,224357
151799,1,0,224358
151800,1,0,224359
151801,1,0,224360
151802,1,0,224361
151803,1,0,224362
151804,1,0,224363
151805,1,0,224364
151806,2,0,224366
151807,1,0,224367
151808,2,0,224369
151809,1,0,224370
151810,1,0,224371
151811,1,0,224372
151812,1,0,224373
151813,1,0,224374
151814,1,0,224375
151815,1,0,224376
151816,1,0,224377
151817,2,0,224379
151818,1,0,224380
151819,6,0,224386
151820,1,0,224387
151821,1,0,224388
151822,2,0,224390
151823,1,0,224391
151824,2,0,224393
151825,1,0,224394
151826,1,0,224395
151827,1,0,224396
151828,1,0,224397
151829,1,0,224398
151830,1,0,224399
151831,2,0,224401
151832,1,0,224402
151833,1,0,224403
151834,1,0,224404
151835,1,0,224405
151836,2,0,224407
151837,1,0,224408
151838,1,0,224409
151839,1,0,224410
151840,2,0,224412
151841,2,0,224414
151842,2,0,224416
151843,3,0,224419
151844,3,0,224422
151845,1,0,224423
151846,1,0,224424
151847,2,0,224426
151848,2,0,224428
151849,2,0,224430
151850,1,0,224431
151851,3,0,224434
151852,1,0,224435
151853,1,0,224436
151854,1,0,224437
151855,1,0,224438
151856,1,0,224439
151857,3,0,224442
151858,1,0,224443
151859,4,0,224447
151860,2,0,224449
151861,1,0,224450
151862,3,0,224453
151863,1,0,224454
151864,1,0,224455
151865,1,0,224456
151866,1,0,224457
151867,1,0,224458
151868,1,0,224459
151869,3,0,224462
151870,2,0,224464
151871,1,0,224465
151872,1,0,224466
151873,1,0,224467
151874,1,0,224468
151875,1,0,224469
151876,1,0,224470
151877,1,0,224471
151878,1,0,224472
151879,1,0,224473
151880,1,0,224474
151881,1,0,224475
151882,1,0,224476
151883,2,0,224478
151884,1,0,224479
151885,1,0,224480
151886,3,0,224483
151887,1,0,224484
151888,1,0,224485
151889,1,0,224486
151890,1,0,224487
151891,1,0,224488
151892,1,0,224489
151893,1,0,224490
151894,3,0,224493
151895,2,0,224495
151896,1,0,224496
151897,1,0,224497
151898,1,0,224498
151899,2,0,224500
151900,1,0,224501
151901,1,0,224502
151902,1,0,224503
151903,1,0,224504
151904,4,0,224508
151905,6,0,224514
151906,1,0,224515
151907,3,0,224518
151908,1,0,224519
151909,1,0,224520
151910,1,0,224521
151911,1,0,224522
151912,4,0,224526
151913,1,0,224527
151914,1,0,224528
151915,2,0,224530
151916,2,0,224532
151917,1,0,224533
151918,2,0,224535
151919,3,0,224538
151920,8,0,224546
151921,1,0,224547
151922,1,0,224548
151923,1,0,224549
151924,1,0,224550
151925,1,0,224551
151926,1,0,224552
151927,1,0,224553
151928,1,0,224554
151929,1,0,224555
151930,3,0,224558
151931,1,0,224559
151932,1,0,224560
151933,5,0,224565
151934,1,0,224566
151935,3,0,224569
151936,1,0,224570
151937,1,0,224571
151938,1,0,224572
151939,1,0,224573
151940,1,0,224574
151941,1,0,224575
151942,2,0,224577
151943,1,0,224578
151944,3,0,224581
151945,3,0,224584
151946,1,0,224585
151947,1,0,224586
151948,1,0,224587
151949,2,0,224589
151950,1,0,224590
151951,1,0,224591
151952,1,0,224592
151953,1,0,224593
151954,1,0,224594
151955,1,0,224595
151956,1,0,224596
151957,1,0,224597
151958,2,0,224599
151959,1,0,224600
151960,2,0,224602
151961,1,0,224603
151962,1,0,224604
151963,1,0,224605
151964,1,0,224606
151965,1,0,224607
151966,2,0,224609
151967,1,0,224610
151968,4,0,224614
151969,2,0,224616
151970,1,0,224617
151971,1,0,224618
151972,1,0,224619
151973,1,0,224620
151974,1,0,224621
151975,1,0,224622
151976,1,0,224623
151977,3,0,224626
151978,1,0,224627
151979,4,0,224631
151980,1,0,224632
151981,1,0,224633
151982,4,0,224637
151983,8,0,224645
151984,1,0,224646
151985,3,0,224649
151986,1,0,224650
151987,1,0,224651
151988,1,0,224652
151989,1,0,224653
151990,1,0,224654
151991,1,0,224655
151992,2,0,224657
151993,1,0,224658
151994,10,0,224668
151995,1,0,224669
151996,2,0,224671
151997,1,0,224672
151998,1,0,224673
151999,1,0,224674
152000,1,0,224675
152001,1,0,224676
152002,1,0,224677
152003,6,0,224683
152004,1,0,224684
152005,1,0,224685
152006,2,0,224687
152007,7,0,224694
152008,1,0,224695
152009,3,0,224698
152010,1,0,224699
152011,1,0,224700
152012,1,0,224701
152013,2,0,224703
152014,1,0,224704
152015,1,0,224705
152016,1,0,224706
152017,1,0,224707
152018,1,0,224708
152019,1,0,224709
152020,2,0,224711
152021,1,0,224712
152022,1,0,224713
152023,1,0,224714
152024,2,0,224716
152025,1,0,224717
152026,1,0,224718
152027,1,0,224719
152028,1,0,224720
152029,1,0,224721
152030,1,0,224722
152031,4,0,224726
152032,1,0,224727
152033,4,0,224731
152034,1,0,224732
152035,1,0,224733
152036,1,0,224734
152037,3,0,224737
152038,2,0,224739
152039,1,0,224740
152040,2,0,224742
152041,1,0,224743
152042,1,0,224744
152043,2,0,224746
152044,1,0,224747
152045,2,0,224749
152046,1,0,224750
152047,1,0,224751
152048,2,0,224753
152049,2,0,224755
152050,2,0,224757
152051,2,0,224759
152052,1,0,224760
152053,1,0,224761
152054,1,0,224762
152055,1,0,224763
152056,1,0,224764
152057,1,0,224765
152058,1,0,224766
152059,1,0,224767
152060,1,0,224768
152061,1,0,224769
152062,1,0,224770
152063,1,0,224771
152064,1,0,224772
152065,2,0,224774
152066,1,0,224775
152067,1,0,224776
152068,2,0,224778
152069,1,0,224779
152070,1,0,224780
152071,1,0,224781
152072,1,0,224782
152073,1,0,224783
152074,1,0,224784
152075,13,0,224797
152076,2,0,224799
152077,1,0,224800
152078,2,0,224802
152079,1,0,224803
152080,2,0,224805
152081,1,0,224806
152082,1,0,224807
152083,1,0,224808
152084,1,0,224809
152085,1,0,224810
152086,1,0,224811
152087,1,0,224812
152088,1,0,224813
152089,1,0,224814
152090,1,0,224815
152091,1,0,224816
152092,2,0,224818
152093,1,0,224819
152094,1,0,224820
152095,1,0,224821
152096,1,0,224822
152097,3,0,224825
152098,1,0,224826
152099,2,0,224828
152100,44,0,224872
152101,1,0,224873
152102,16,0,224889
152103,1,0,224890
152104,1,0,224891
152105,2,0,224893
152106,2,0,224895
152107,1,0,224896
152108,1,0,224897
152109,1,0,224898
152110,1,0,224899
152111,2,0,224901
152112,1,0,224902
152113,1,0,224903
152114,1,0,224904
152115,1,0,224905
152116,1,0,224906
152117,1,0,224907
152118,1,0,224908
152119,2,0,224910
152120,1,0,224911
152121,1,0,224912
152122,1,0,224913
152123,1,0,224914
152124,1,0,224915
152125,1,0,224916
152126,1,0,224917
152127,1,0,224918
152128,1,0,224919
152129,1,0,224920
152130,2,0,224922
152131,1,0,224923
152132,1,0,224924
152133,1,0,224925
152134,1,0,224926
152135,1,0,224927
152136,1,0,224928
152137,1,0,224929
152138,1,0,224930
152139,1,0,224931
152140,2,0,224933
152141,1,0,224934
152142,4,0,224938
152143,1,0,224939
152144,1,0,224940
152145,3,0,224943
152146,1,0,224944
152147,1,0,224945
152148,1,0,224946
152149,1,0,224947
152150,2,0,224949
152151,2,0,224951
152152,1,0,224952
152153,2,0,224954
152154,1,0,224955
152155,1,0,224956
152156,1,0,224957
152157,1,0,224958
152158,1,0,224959
152159,1,0,224960
152160,2,0,224962
152161,1,0,224963
152162,1,0,224964
152163,2,0,224966
152164,1,0,224967
152165,1,0,224968
152166,1,0,224969
152167,2,0,224971
152168,1,0,224972
152169,1,0,224973
152170,2,0,224975
152171,2,0,224977
152172,1,0,224978
152173,1,0,224979
152174,1,0,224980
152175,1,0,224981
152176,1,0,224982
152177,1,0,224983
152178,1,0,224984
152179,2,0,224986
152180,1,0,224987
152181,1,0,224988
152182,4,0,224992
152183,2,0,224994
152184,2,0,224996
152185,1,0,224997
152186,1,0,224998
152187,1,0,224999
152188,1,0,225000
152189,2,0,225002
152190,1,0,225003
152191,1,0,225004
152192,1,0,225005
152193,4,0,225009
152194,2,0,225011
152195,2,0,225013
152196,1,0,225014
152197,2,0,225016
152198,1,0,225017
152199,1,0,225018
152200,1,0,225019
152201,1,0,225020
152202,1,0,225021
152203,1,0,225022
152204,1,0,225023
152205,1,0,225024
152206,1,0,225025
152207,1,0,225026
152208,1,0,225027
152209,1,0,225028
152210,1,0,225029
152211,2,0,225031
152212,1,0,225032
152213,1,0,225033
152214,1,0,225034
152215,2,0,225036
152216,1,0,225037
152217,2,0,225039
152218,1,0,225040
152219,1,0,225041
152220,3,0,225044
152221,1,0,225045
152222,1,0,225046
152223,1,0,225047
152224,1,0,225048
152225,1,0,225049
152226,1,0,225050
152227,2,0,225052
152228,2,0,225054
152229,1,0,225055
152230,1,0,225056
152231,1,0,225057
152232,1,0,225058
152233,2,0,225060
152234,1,0,225061
152235,1,0,225062
152236,1,0,225063
152237,2,0,225065
152238,1,0,225066
152239,1,0,225067
152240,1,0,225068
152241,3,0,225071
152242,2,0,225073
152243,2,0,225075
152244,2,0,225077
152245,1,0,225078
152246,1,0,225079
152247,1,0,225080
152248,1,0,225081
152249,2,0,225083
152250,1,0,225084
152251,1,0,225085
152252,1,0,225086
152253,2,0,225088
152254,1,0,225089
152255,3,0,225092
152256,1,0,225093
152257,2,0,225095
152258,1,0,225096
152259,2,0,225098
152260,1,0,225099
152261,2,0,225101
152262,2,0,225103
152263,1,0,225104
152264,1,0,225105
152265,3,0,225108
152266,2,0,225110
152267,1,0,225111
152268,1,0,225112
152269,1,0,225113
152270,1,0,225114
152271,1,0,225115
152272,4,0,225119
152273,1,0,225120
152274,2,0,225122
152275,1,0,225123
152276,2,0,225125
152277,1,0,225126
152278,1,0,225127
152279,1,0,225128
152280,1,0,225129
152281,1,0,225130
152282,1,0,225131
152283,2,0,225133
152284,1,0,225134
152285,3,0,225137
152286,1,0,225138
152287,1,0,225139
152288,1,0,225140
152289,1,0,225141
152290,2,0,225143
152291,1,0,225144
152292,1,0,225145
152293,1,0,225146
152294,3,0,225149
152295,1,0,225150
152296,1,0,225151
152297,1,0,225152
152298,1,0,225153
152299,1,0,225154
152300,1,0,225155
152301,2,0,225157
152302,1,0,225158
152303,1,0,225159
152304,1,0,225160
152305,9,0,225169
152306,1,0,225170
152307,1,0,225171
152308,1,0,225172
152309,1,0,225173
152310,1,0,225174
152311,2,0,225176
152312,1,0,225177
152313,1,0,225178
152314,2,0,225180
152315,2,0,225182
152316,1,0,225183
152317,1,0,225184
152318,1,0,225185
152319,2,0,225187
152320,3,0,225190
152321,1,0,225191
152322,1,0,225192
152323,1,0,225193
152324,4,0,225197
152325,1,0,225198
152326,1,0,225199
152327,1,0,225200
152328,1,0,225201
152329,1,0,225202
152330,1,0,225203
152331,1,0,225204
152332,2,0,225206
152333,3,0,225209
152334,1,0,225210
152335,2,0,225212
152336,3,0,225215
152337,1,0,225216
152338,1,0,225217
152339,2,0,225219
152340,1,0,225220
152341,2,0,225222
152342,1,0,225223
152343,1,0,225224
152344,1,0,225225
152345,1,0,225226
152346,1,0,225227
152347,1,0,225228
152348,1,0,225229
152349,1,0,225230
152350,1,0,225231
152351,1,0,225232
152352,1,0,225233
152353,2,0,225235
152354,2,0,225237
152355,1,0,225238
152356,7,0,225245
152357,2,0,225247
152358,1,0,225248
152359,1,0,225249
152360,6,0,225255
152361,1,0,225256
152362,1,0,225257
152363,1,0,225258
152364,1,0,225259
152365,1,0,225260
152366,1,0,225261
152367,1,0,225262
152368,1,0,225263
152369,1,0,225264
152370,1,0,225265
152371,1,0,225266
152372,1,0,225267
152373,1,0,225268
152374,1,0,225269
152375,1,0,225270
152376,1,0,225271
152377,1,0,225272
152378,17,0,225289
152379,1,0,225290
152380,1,0,225291
152381,33,0,225324
152382,1,0,225325
152383,1,0,225326
152384,1,0,225327
152385,2,0,225329
152386,1,0,225330
152387,1,0,225331
152388,2,0,225333
152389,1,0,225334
152390,1,0,225335
152391,2,0,225337
152392,1,0,225338
152393,2,0,225340
152394,3,0,225343
152395,1,0,225344
152396,1,0,225345
152397,3,0,225348
152398,1,0,225349
152399,2,0,225351
152400,1,0,225352
152401,1,0,225353
152402,2,0,225355
152403,1,0,225356
152404,3,0,225359
152405,1,0,225360
152406,1,0,225361
152407,4,0,225365
152408,2,0,225367
152409,2,0,225369
152410,1,0,225370
152411,1,0,225371
152412,2,0,225373
152413,3,0,225376
152414,1,0,225377
152415,1,0,225378
152416,3,0,225381
152417,1,0,225382
152418,2,0,225384
152419,1,0,225385
152420,2,0,225387
152421,2,0,225389
152422,2,0,225391
152423,1,0,225392
152424,2,0,225394
152425,1,0,225395
152426,1,0,225396
152427,3,0,225399
152428,4,0,225403
152429,1,0,225404
152430,1,0,225405
152431,1,0,225406
152432,1,0,225407
152433,1,0,225408
152434,1,0,225409
152435,1,0,225410
152436,2,0,225412
152437,1,0,225413
152438,1,0,225414
152439,3,0,225417
152440,1,0,225418
152441,1,0,225419
152442,5,0,225424
152443,1,0,225425
152444,1,0,225426
152445,1,0,225427
152446,1,0,225428
152447,2,0,225430
152448,2,0,225432
152449,1,0,225433
152450,1,0,225434
152451,1,0,225435
152452,1,0,225436
152453,1,0,225437
152454,1,0,225438
152455,1,0,225439
152456,3,0,225442
152457,2,0,225444
152458,1,0,225445
152459,2,0,225447
152460,4,0,225451
152461,1,0,225452
152462,2,0,225454
152463,1,0,225455
152464,2,0,225457
152465,1,0,225458
152466,1,0,225459
152467,1,0,225460
152468,3,0,225463
152469,2,0,225465
152470,1,0,225466
152471,2,0,225468
152472,1,0,225469
152473,1,0,225470
152474,3,0,225473
152475,1,0,225474
152476,1,0,225475
152477,1,0,225476
152478,1,0,225477
152479,1,0,225478
152480,1,0,225479
152481,1,0,225480
152482,1,0,225481
152483,3,0,225484
152484,1,0,225485
152485,1,0,225486
152486,2,0,225488
152487,1,0,225489
152488,1,0,225490
152489,1,0,225491
152490,1,0,225492
152491,1,0,225493
152492,1,0,225494
152493,1,0,225495
152494,1,0,225496
152495,2,0,225498
152496,1,0,225499
152497,1,0,225500
152498,1,0,225501
152499,1,0,225502
152500,1,0,225503
152501,1,0,225504
152502,1,0,225505
152503,1,0,225506
152504,1,0,225507
152505,2,0,225509
152506,1,0,225510
152507,1,0,225511
152508,2,0,225513
152509,1,0,225514
152510,4,0,225518
152511,1,0,225519
152512,2,0,225521
152513,1,0,225522
152514,1,0,225523
152515,2,0,225525
152516,1,0,225526
152517,1,0,225527
152518,2,0,225529
152519,1,0,225530
152520,1,0,225531
152521,1,0,225532
152522,1,0,225533
152523,1,0,225534
152524,1,0,225535
152525,1,0,225536
152526,1,0,225537
152527,2,0,225539
152528,1,0,225540
152529,3,0,225543
152530,1,0,225544
152531,1,0,225545
152532,1,0,225546
152533,1,0,225547
152534,2,0,225549
152535,1,0,225550
152536,2,0,225552
152537,1,0,225553
152538,3,0,225556
152539,2,0,225558
152540,1,0,225559
152541,1,0,225560
152542,2,0,225562
152543,1,0,225563
152544,1,0,225564
152545,1,0,225565
152546,1,0,225566
152547,1,0,225567
152548,2,0,225569
152549,1,0,225570
152550,2,0,225572
152551,1,0,225573
152552,2,0,225575
152553,1,0,225576
152554,1,0,225577
152555,1,0,225578
152556,3,0,225581
152557,1,0,225582
152558,1,0,225583
152559,1,0,225584
152560,1,0,225585
152561,1,0,225586
152562,2,0,225588
152563,2,0,225590
152564,1,0,225591
152565,2,0,225593
152566,2,0,225595
152567,1,0,225596
152568,1,0,225597
152569,1,0,225598
152570,1,0,225599
152571,1,0,225600
152572,1,0,225601
152573,1,0,225602
152574,1,0,225603
152575,1,0,225604
152576,1,0,225605
152577,1,0,225606
152578,1,0,225607
152579,1,0,225608
152580,2,0,225610
152581,2,0,225612
152582,1,0,225613
152583,1,0,225614
152584,1,0,225615
152585,2,0,225617
152586,1,0,225618
152587,1,0,225619
152588,8,0,225627
152589,1,0,225628
152590,1,0,225629
152591,1,0,225630
152592,1,0,225631
152593,1,0,225632
152594,1,0,225633
152595,3,0,225636
152596,2,0,225638
152597,1,0,225639
152598,1,0,225640
152599,1,0,225641
152600,2,0,225643
152601,1,0,225644
152602,1,0,225645
152603,3,0,225648
152604,2,0,225650
152605,1,0,225651
152606,2,0,225653
152607,4,0,225657
152608,1,0,225658
152609,2,0,225660
152610,2,0,225662
152611,1,0,225663
152612,1,0,225664
152613,1,0,225665
152614,2,0,225667
152615,1,0,225668
152616,1,0,225669
152617,1,0,225670
152618,3,0,225673
152619,1,0,225674
152620,1,0,225675
152621,3,0,225678
152622,1,0,225679
152623,2,0,225681
152624,3,0,225684
152625,1,0,225685
152626,1,0,225686
152627,1,0,225687
152628,3,0,225690
152629,2,0,225692
152630,2,0,225694
152631,2,0,225696
152632,1,0,225697
152633,1,0,225698
152634,1,0,225699
152635,1,0,225700
152636,1,0,225701
152637,2,0,225703
152638,1,0,225704
152639,1,0,225705
152640,2,0,225707
152641,2,0,225709
152642,1,0,225710
152643,1,0,225711
152644,3,0,225714
152645,1,0,225715
152646,3,0,225718
152647,2,0,225720
152648,1,0,225721
152649,4,0,225725
152650,1,0,225726
152651,2,0,225728
152652,1,0,225729
152653,1,0,225730
152654,1,0,225731
152655,1,0,225732
152656,3,0,225735
152657,1,0,225736
152658,1,0,225737
152659,1,0,225738
152660,1,0,225739
152661,1,0,225740
152662,1,0,225741
152663,3,0,225744
152664,1,0,225745
152665,2,0,225747
152666,1,0,225748
152667,1,0,225749
152668,1,0,225750
152669,2,0,225752
152670,2,0,225754
152671,2,0,225756
152672,1,0,225757
152673,1,0,225758
152674,1,0,225759
152675,2,0,225761
152676,2,0,225763
152677,3,0,225766
152678,1,0,225767
152679,1,0,225768
152680,1,0,225769
152681,1,0,225770
152682,1,0,225771
152683,1,0,225772
152684,1,0,225773
152685,1,0,225774
152686,1,0,225775
152687,1,0,225776
152688,1,0,225777
152689,1,0,225778
152690,1,0,225779
152691,1,0,225780
152692,1,0,225781
152693,1,0,225782
152694,2,0,225784
152695,1,0,225785
152696,1,0,225786
152697,1,0,225787
152698,1,0,225788
152699,1,0,225789
152700,1,0,225790
152701,1,0,225791
152702,2,0,225793
152703,1,0,225794
152704,1,0,225795
152705,1,0,225796
152706,1,0,225797
152707,1,0,225798
152708,1,0,225799
152709,1,0,225800
152710,5,0,225805
152711,1,0,225806
152712,1,0,225807
152713,1,0,225808
152714,2,0,225810
152715,1,0,225811
152716,1,0,225812
152717,1,0,225813
152718,1,0,225814
152719,1,0,225815
152720,1,0,225816
152721,1,0,225817
152722,2,0,225819
152723,1,0,225820
152724,2,0,225822
152725,2,0,225824
152726,1,0,225825
152727,2,0,225827
152728,1,0,225828
152729,1,0,225829
152730,1,0,225830
152731,1,0,225831
152732,1,0,225832
152733,2,0,225834
152734,1,0,225835
152735,1,0,225836
152736,1,0,225837
152737,1,0,225838
152738,1,0,225839
152739,5,0,225844
152740,3,0,225847
152741,1,0,225848
152742,1,0,225849
152743,2,0,225851
152744,2,0,225853
152745,1,0,225854
152746,1,0,225855
152747,2,0,225857
152748,1,0,225858
152749,2,0,225860
152750,2,0,225862
152751,1,0,225863
152752,1,0,225864
152753,1,0,225865
152754,1,0,225866
152755,1,0,225867
152756,2,0,225869
152757,1,0,225870
152758,1,0,225871
152759,3,0,225874
152760,1,0,225875
152761,2,0,225877
152762,1,0,225878
152763,5,0,225883
152764,1,0,225884
152765,1,0,225885
152766,1,0,225886
152767,1,0,225887
152768,1,0,225888
152769,1,0,225889
152770,1,0,225890
152771,1,0,225891
152772,1,0,225892
152773,1,0,225893
152774,1,0,225894
152775,1,0,225895
152776,1,0,225896
152777,1,0,225897
152778,2,0,225899
152779,2,0,225901
152780,1,0,225902
152781,1,0,225903
152782,1,0,225904
152783,1,0,225905
152784,2,0,225907
152785,1,0,225908
152786,1,0,225909
152787,1,0,225910
152788,2,0,225912
152789,4,0,225916
152790,1,0,225917
152791,1,0,225918
152792,1,0,225919
152793,1,0,225920
152794,1,0,225921
152795,3,0,225924
152796,1,0,225925
152797,1,0,225926
152798,2,0,225928
152799,7,0,225935
152800,2,0,225937
152801,1,0,225938
152802,1,0,225939
152803,1,0,225940
152804,1,0,225941
152805,2,0,225943
152806,1,0,225944
152807,2,0,225946
152808,1,0,225947
152809,2,0,225949
152810,6,0,225955
152811,4,0,225959
152812,1,0,225960
152813,1,0,225961
152814,1,0,225962
152815,1,0,225963
152816,5,0,225968
152817,1,0,225969
152818,1,0,225970
152819,1,0,225971
152820,1,0,225972
152821,1,0,225973
152822,1,0,225974
152823,2,0,225976
152824,1,0,225977
152825,1,0,225978
152826,1,0,225979
152827,1,0,225980
152828,1,0,225981
152829,1,0,225982
152830,1,0,225983
152831,1,0,225984
152832,1,0,225985
152833,1,0,225986
152834,1,0,225987
152835,2,0,225989
152836,4,0,225993
152837,1,0,225994
152838,2,0,225996
152839,1,0,225997
152840,1,0,225998
152841,1,0,225999
152842,1,0,226000
152843,1,0,226001
152844,1,0,226002
152845,1,0,226003
152846,1,0,226004
152847,2,0,226006
152848,1,0,226007
152849,1,0,226008
152850,1,0,226009
152851,1,0,226010
152852,1,0,226011
152853,1,0,226012
152854,1,0,226013
152855,1,0,226014
152856,1,0,226015
152857,1,0,226016
152858,1,0,226017
152859,1,0,226018
152860,1,0,226019
152861,1,0,226020
152862,1,0,226021
152863,2,0,226023
152864,1,0,226024
152865,1,0,226025
152866,1,0,226026
152867,1,0,226027
152868,1,0,226028
152869,1,0,226029
152870,1,0,226030
152871,2,0,226032
152872,1,0,226033
152873,2,0,226035
152874,1,0,226036
152875,1,0,226037
152876,2,0,226039
152877,1,0,226040
152878,1,0,226041
152879,1,0,226042
152880,2,0,226044
152881,1,0,226045
152882,1,0,226046
152883,1,0,226047
152884,2,0,226049
152885,1,0,226050
152886,1,0,226051
152887,2,0,226053
152888,1,0,226054
152889,2,0,226056
152890,2,0,226058
152891,1,0,226059
152892,1,0,226060
152893,1,0,226061
152894,1,0,226062
152895,1,0,226063
152896,1,0,226064
152897,2,0,226066
152898,1,0,226067
152899,2,0,226069
152900,1,0,226070
152901,1,0,226071
152902,1,0,226072
152903,3,0,226075
152904,1,0,226076
152905,1,0,226077
152906,2,0,226079
152907,2,0,226081
152908,2,0,226083
152909,2,0,226085
152910,1,0,226086
152911,7,0,226093
152912,7,0,226100
152913,1,0,226101
152914,1,0,226102
152915,1,0,226103
152916,1,0,226104
152917,1,0,226105
152918,1,0,226106
152919,1,0,226107
152920,3,0,226110
152921,1,0,226111
152922,1,0,226112
152923,1,0,226113
152924,2,0,226115
152925,1,0,226116
152926,1,0,226117
152927,1,0,226118
152928,9,0,226127
152929,1,0,226128
152930,1,0,226129
152931,1,0,226130
152932,1,0,226131
152933,1,0,226132
152934,1,0,226133
152935,1,0,226134
152936,1,0,226135
152937,1,0,226136
152938,2,0,226138
152939,1,0,226139
152940,1,0,226140
152941,1,0,226141
152942,1,0,226142
152943,1,0,226143
152944,1,0,226144
152945,1,0,226145
152946,2,0,226147
152947,1,0,226148
152948,1,0,226149
152949,2,0,226151
152950,1,0,226152
152951,1,0,226153
152952,1,0,226154
152953,1,0,226155
152954,1,0,226156
152955,1,0,226157
152956,4,0,226161
152957,1,0,226162
152958,1,0,226163
152959,2,0,226165
152960,2,0,226167
152961,1,0,226168
152962,1,0,226169
152963,1,0,226170
152964,1,0,226171
152965,1,0,226172
152966,1,0,226173
152967,1,0,226174
152968,1,0,226175
152969,1,0,226176
152970,1,0,226177
152971,2,0,226179
152972,1,0,226180
152973,1,0,226181
152974,1,0,226182
152975,1,0,226183
152976,1,0,226184
152977,1,0,226185
152978,2,0,226187
152979,1,0,226188
152980,2,0,226190
152981,1,0,226191
152982,1,0,226192
152983,1,0,226193
152984,1,0,226194
152985,1,0,226195
152986,1,0,226196
152987,1,0,226197
152988,2,0,226199
152989,1,0,226200
152990,1,0,226201
152991,1,0,226202
152992,1,0,226203
152993,1,0,226204
152994,1,0,226205
152995,2,0,226207
152996,1,0,226208
152997,1,0,226209
152998,1,0,226210
152999,1,0,226211
153000,1,0,226212
153001,2,0,226214
153002,2,0,226216
153003,2,0,226218
153004,1,0,226219
153005,3,0,226222
153006,2,0,226224
153007,1,0,226225
153008,1,0,226226
153009,1,0,226227
153010,1,0,226228
153011,1,0,226229
153012,1,0,226230
153013,3,0,226233
153014,1,0,226234
153015,1,0,226235
153016,3,0,226238
153017,1,0,226239
153018,1,0,226240
153019,1,0,226241
153020,1,0,226242
153021,1,0,226243
153022,1,0,226244
153023,1,0,226245
153024,1,0,226246
153025,1,0,226247
153026,1,0,226248
153027,1,0,226249
153028,1,0,226250
153029,1,0,226251
153030,1,0,226252
153031,1,0,226253
153032,1,0,226254
153033,1,0,226255
153034,1,0,226256
153035,1,0,226257
153036,2,0,226259
153037,1,0,226260
153038,1,0,226261
153039,4,0,226265
153040,1,0,226266
153041,3,0,226269
153042,1,0,226270
153043,1,0,226271
153044,1,0,226272
153045,1,0,226273
153046,1,0,226274
153047,7,0,226281
153048,1,0,226282
153049,1,0,226283
153050,1,0,226284
153051,1,0,226285
153052,2,0,226287
153053,1,0,226288
153054,1,0,226289
153055,1,0,226290
153056,1,0,226291
153057,1,0,226292
153058,1,0,226293
153059,1,0,226294
153060,1,0,226295
153061,2,0,226297
153062,1,0,226298
153063,1,0,226299
153064,1,0,226300
153065,3,0,226303
153066,1,0,226304
153067,1,0,226305
153068,1,0,226306
153069,1,0,226307
153070,1,0,226308
153071,1,0,226309
153072,1,0,226310
153073,1,0,226311
153074,1,0,226312
153075,1,0,226313
153076,1,0,226314
153077,1,0,226315
153078,1,0,226316
153079,2,0,226318
153080,1,0,226319
153081,1,0,226320
153082,1,0,226321
153083,2,0,226323
153084,1,0,226324
153085,1,0,226325
153086,1,0,226326
153087,1,0,226327
153088,2,0,226329
153089,1,0,226330
153090,1,0,226331
153091,1,0,226332
153092,1,0,226333
153093,1,0,226334
153094,4,0,226338
153095,1,0,226339
153096,3,0,226342
153097,4,0,226346
153098,1,0,226347
153099,2,0,226349
153100,1,0,226350
153101,3,0,226353
153102,1,0,226354
153103,21,0,226375
153104,1,0,226376
153105,2,0,226378
153106,3,0,226381
153107,1,0,226382
153108,1,0,226383
153109,1,0,226384
153110,1,0,226385
153111,1,0,226386
153112,1,0,226387
153113,1,0,226388
153114,1,0,226389
153115,1,0,226390
153116,1,0,226391
153117,1,0,226392
153118,1,0,226393
153119,1,0,226394
153120,1,0,226395
153121,1,0,226396
153122,1,0,226397
153123,1,0,226398
153124,1,0,226399
153125,1,0,226400
153126,1,0,226401
153127,1,0,226402
153128,1,0,226403
153129,1,0,226404
153130,1,0,226405
153131,1,0,226406
153132,1,0,226407
153133,1,0,226408
153134,1,0,226409
153135,2,0,226411
153136,1,0,226412
153137,1,0,226413
153138,1,0,226414
153139,1,0,226415
153140,1,0,226416
153141,1,0,226417
153142,1,0,226418
153143,1,0,226419
153144,1,0,226420
153145,2,0,226422
153146,1,0,226423
153147,1,0,226424
153148,1,0,226425
153149,1,0,226426
153150,1,0,226427
153151,1,0,226428
153152,2,0,226430
153153,1,0,226431
153154,1,0,226432
153155,1,0,226433
153156,1,0,226434
153157,1,0,226435
153158,1,0,226436
153159,1,0,226437
153160,2,0,226439
153161,1,0,226440
153162,2,0,226442
153163,1,0,226443
153164,1,0,226444
153165,1,0,226445
153166,1,0,226446
153167,1,0,226447
153168,1,0,226448
153169,1,0,226449
153170,1,0,226450
153171,1,0,226451
153172,1,0,226452
153173,1,0,226453
153174,1,0,226454
153175,1,0,226455
153176,2,0,226457
153177,1,0,226458
153178,1,0,226459
153179,1,0,226460
153180,1,0,226461
153181,1,0,226462
153182,1,0,226463
153183,2,0,226465
153184,3,0,226468
153185,3,0,226471
153186,1,0,226472
153187,2,0,226474
153188,1,0,226475
153189,1,0,226476
153190,1,0,226477
153191,1,0,226478
153192,1,0,226479
153193,1,0,226480
153194,1,0,226481
153195,1,0,226482
153196,1,0,226483
153197,1,0,226484
153198,1,0,226485
153199,1,0,226486
153200,2,0,226488
153201,2,0,226490
153202,1,0,226491
153203,1,0,226492
153204,1,0,226493
153205,2,0,226495
153206,1,0,226496
153207,1,0,226497
153208,1,0,226498
153209,1,0,226499
153210,1,0,226500
153211,1,0,226501
153212,1,0,226502
153213,1,0,226503
153214,1,0,226504
153215,2,0,226506
153216,1,0,226507
153217,2,0,226509
153218,2,0,226511
153219,1,0,226512
153220,1,0,226513
153221,1,0,226514
153222,2,0,226516
153223,1,0,226517
153224,1,0,226518
153225,1,0,226519
153226,1,0,226520
153227,1,0,226521
153228,1,0,226522
153229,1,0,226523
153230,1,0,226524
153231,1,0,226525
153232,1,0,226526
153233,1,0,226527
153234,1,0,226528
153235,1,0,226529
153236,1,0,226530
153237,2,0,226532
153238,1,0,226533
153239,1,0,226534
153240,1,0,226535
153241,1,0,226536
153242,1,0,226537
153243,1,0,226538
153244,1,0,226539
153245,1,0,226540
153246,2,0,226542
153247,1,0,226543
153248,1,0,226544
153249,2,0,226546
153250,1,0,226547
153251,1,0,226548
153252,2,0,226550
153253,1,0,226551
153254,1,0,226552
153255,1,0,226553
153256,1,0,226554
153257,1,0,226555
153258,1,0,226556
153259,1,0,226557
153260,1,0,226558
153261,1,0,226559
153262,1,0,226560
153263,1,0,226561
153264,1,0,226562
153265,1,0,226563
153266,1,0,226564
153267,1,0,226565
153268,1,0,226566
153269,1,0,226567
153270,2,0,226569
153271,1,0,226570
153272,1,0,226571
153273,1,0,226572
153274,1,0,226573
153275,1,0,226574
153276,1,0,226575
153277,1,0,226576
153278,1,0,226577
153279,1,0,226578
153280,1,0,226579
153281,1,0,226580
153282,1,0,226581
153283,2,0,226583
153284,1,0,226584
153285,1,0,226585
153286,1,0,226586
153287,1,0,226587
153288,1,0,226588
153289,2,0,226590
153290,1,0,226591
153291,1,0,226592
153292,1,0,226593
153293,5,0,226598
153294,1,0,226599
153295,1,0,226600
153296,1,0,226601
153297,1,0,226602
153298,1,0,226603
153299,1,0,226604
153300,3,0,226607
153301,1,0,226608
153302,1,0,226609
153303,2,0,226611
153304,1,0,226612
153305,3,0,226615
153306,1,0,226616
153307,1,0,226617
153308,1,0,226618
153309,1,0,226619
153310,1,0,226620
153311,1,0,226621
153312,1,0,226622
153313,1,0,226623
153314,2,0,226625
153315,1,0,226626
153316,2,0,226628
153317,1,0,226629
153318,2,0,226631
153319,1,0,226632
153320,1,0,226633
153321,1,0,226634
153322,1,0,226635
153323,2,0,226637
153324,2,0,226639
153325,1,0,226640
153326,1,0,226641
153327,1,0,226642
153328,1,0,226643
153329,1,0,226644
153330,1,0,226645
153331,2,0,226647
153332,1,0,226648
153333,1,0,226649
153334,1,0,226650
153335,2,0,226652
153336,1,0,226653
153337,1,0,226654
153338,1,0,226655
153339,1,0,226656
153340,1,0,226657
153341,1,0,226658
153342,1,0,226659
153343,1,0,226660
153344,1,0,226661
153345,1,0,226662
153346,1,0,226663
153347,1,0,226664
153348,1,0,226665
153349,1,0,226666
153350,1,0,226667
153351,1,0,226668
153352,1,0,226669
153353,2,0,226671
153354,1,0,226672
153355,2,0,226674
153356,3,0,226677
153357,1,0,226678
153358,1,0,226679
153359,2,0,226681
153360,1,0,226682
153361,1,0,226683
153362,1,0,226684
153363,1,0,226685
153364,1,0,226686
153365,1,0,226687
153366,1,0,226688
153367,1,0,226689
153368,1,0,226690
153369,3,0,226693
153370,1,0,226694
153371,12,0,226706
153372,7,0,226713
153373,5,0,226718
153374,3,0,226721
153375,1,0,226722
153376,1,0,226723
153377,1,0,226724
153378,1,0,226725
153379,1,0,226726
153380,1,0,226727
153381,1,0,226728
153382,1,0,226729
153383,2,0,226731
153384,3,0,226734
153385,3,0,226737
153386,1,0,226738
153387,1,0,226739
153388,2,0,226741
153389,1,0,226742
153390,1,0,226743
153391,2,0,226745
153392,1,0,226746
153393,1,0,226747
153394,1,0,226748
153395,2,0,226750
153396,2,0,226752
153397,2,0,226754
153398,2,0,226756
153399,3,0,226759
153400,2,0,226761
153401,2,0,226763
153402,1,0,226764
153403,1,0,226765
153404,7,0,226772
153405,1,0,226773
153406,1,0,226774
153407,1,0,226775
153408,1,0,226776
153409,1,0,226777
153410,1,0,226778
153411,1,0,226779
153412,1,0,226780
153413,1,0,226781
153414,1,0,226782
153415,7,0,226789
153416,1,0,226790
153417,2,0,226792
153418,1,0,226793
153419,1,0,226794
153420,1,0,226795
153421,1,0,226796
153422,1,0,226797
153423,1,0,226798
153424,1,0,226799
153425,2,0,226801
153426,1,0,226802
153427,2,0,226804
153428,2,0,226806
153429,1,0,226807
153430,1,0,226808
153431,1,0,226809
153432,2,0,226811
153433,1,0,226812
153434,1,0,226813
153435,1,0,226814
153436,1,0,226815
153437,1,0,226816
153438,1,0,226817
153439,3,0,226820
153440,1,0,226821
153441,2,0,226823
153442,1,0,226824
153443,2,0,226826
153444,3,0,226829
153445,1,0,226830
153446,1,0,226831
153447,1,0,226832
153448,1,0,226833
153449,1,0,226834
153450,1,0,226835
153451,1,0,226836
153452,1,0,226837
153453,1,0,226838
153454,1,0,226839
153455,1,0,226840
153456,2,0,226842
153457,1,0,226843
153458,1,0,226844
153459,1,0,226845
153460,1,0,226846
153461,1,0,226847
153462,1,0,226848
153463,1,0,226849
153464,1,0,226850
153465,1,0,226851
153466,1,0,226852
153467,1,0,226853
153468,1,0,226854
153469,1,0,226855
153470,1,0,226856
153471,1,0,226857
153472,1,0,226858
153473,1,0,226859
153474,1,0,226860
153475,3,0,226863
153476,1,0,226864
153477,1,0,226865
153478,1,0,226866
153479,2,0,226868
153480,8,0,226876
153481,1,0,226877
153482,1,0,226878
153483,1,0,226879
153484,1,0,226880
153485,1,0,226881
153486,1,0,226882
153487,1,0,226883
153488,1,0,226884
153489,3,0,226887
153490,1,0,226888
153491,1,0,226889
153492,3,0,226892
153493,1,0,226893
153494,1,0,226894
153495,1,0,226895
153496,2,0,226897
153497,1,0,226898
153498,1,0,226899
153499,1,0,226900
153500,1,0,226901
153501,1,0,226902
153502,1,0,226903
153503,1,0,226904
153504,1,0,226905
153505,1,0,226906
153506,1,0,226907
153507,1,0,226908
153508,1,0,226909
153509,1,0,226910
153510,4,0,226914
153511,1,0,226915
153512,1,0,226916
153513,2,0,226918
153514,1,0,226919
153515,3,0,226922
153516,2,0,226924
153517,1,0,226925
153518,3,0,226928
153519,1,0,226929
153520,2,0,226931
153521,1,0,226932
153522,1,0,226933
153523,1,0,226934
153524,1,0,226935
153525,1,0,226936
153526,1,0,226937
153527,1,0,226938
153528,5,0,226943
153529,1,0,226944
153530,3,0,226947
153531,1,0,226948
153532,1,0,226949
153533,1,0,226950
153534,2,0,226952
153535,1,0,226953
153536,1,0,226954
153537,1,0,226955
153538,1,0,226956
153539,1,0,226957
153540,10,0,226967
153541,1,0,226968
153542,1,0,226969
153543,2,0,226971
153544,1,0,226972
153545,3,0,226975
153546,1,0,226976
153547,2,0,226978
153548,1,0,226979
153549,2,0,226981
153550,1,0,226982
153551,1,0,226983
153552,1,0,226984
153553,1,0,226985
153554,2,0,226987
153555,2,0,226989
153556,2,0,226991
153557,1,0,226992
153558,1,0,226993
153559,2,0,226995
153560,4,0,226999
153561,1,0,227000
153562,2,0,227002
153563,1,0,227003
153564,1,0,227004
153565,2,0,227006
153566,2,0,227008
153567,1,0,227009
153568,1,0,227010
153569,1,0,227011
153570,3,0,227014
153571,2,0,227016
153572,1,0,227017
153573,1,0,227018
153574,2,0,227020
153575,1,0,227021
153576,2,0,227023
153577,1,0,227024
153578,1,0,227025
153579,2,0,227027
153580,1,0,227028
153581,1,0,227029
153582,1,0,227030
153583,2,0,227032
153584,1,0,227033
153585,3,0,227036
153586,1,0,227037
153587,1,0,227038
153588,1,0,227039
153589,2,0,227041
153590,2,0,227043
153591,3,0,227046
153592,4,0,227050
153593,1,0,227051
153594,2,0,227053
153595,4,0,227057
153596,1,0,227058
153597,1,0,227059
153598,1,0,227060
153599,1,0,227061
153600,1,0,227062
153601,2,0,227064
153602,1,0,227065
153603,1,0,227066
153604,1,0,227067
153605,3,0,227070
153606,2,0,227072
153607,1,0,227073
153608,1,0,227074
153609,1,0,227075
153610,2,0,227077
153611,2,0,227079
153612,1,0,227080
153613,2,0,227082
153614,1,0,227083
153615,1,0,227084
153616,1,0,227085
153617,1,0,227086
153618,1,0,227087
153619,1,0,227088
153620,1,0,227089
153621,1,0,227090
153622,1,0,227091
153623,1,0,227092
153624,1,0,227093
153625,1,0,227094
153626,1,0,227095
153627,1,0,227096
153628,1,0,227097
153629,1,0,227098
153630,1,0,227099
153631,1,0,227100
153632,1,0,227101
153633,1,0,227102
153634,1,0,227103
153635,1,0,227104
153636,1,0,227105
153637,1,0,227106
153638,2,0,227108
153639,1,0,227109
153640,1,0,227110
153641,1,0,227111
153642,3,0,227114
153643,1,0,227115
153644,5,0,227120
153645,3,0,227123
153646,1,0,227124
153647,4,0,227128
153648,1,0,227129
153649,1,0,227130
153650,1,0,227131
153651,2,0,227133
153652,2,0,227135
153653,1,0,227136
153654,1,0,227137
153655,2,0,227139
153656,1,0,227140
153657,1,0,227141
153658,1,0,227142
153659,3,0,227145
153660,1,0,227146
153661,1,0,227147
153662,1,0,227148
153663,1,0,227149
153664,1,0,227150
153665,1,0,227151
153666,1,0,227152
153667,4,0,227156
153668,1,0,227157
153669,3,0,227160
153670,1,0,227161
153671,1,0,227162
153672,1,0,227163
153673,1,0,227164
153674,2,0,227166
153675,1,0,227167
153676,2,0,227169
153677,1,0,227170
153678,1,0,227171
153679,1,0,227172
153680,2,0,227174
153681,6,0,227180
153682,2,0,227182
153683,1,0,227183
153684,2,0,227185
153685,1,0,227186
153686,1,0,227187
153687,1,0,227188
153688,1,0,227189
153689,4,0,227193
153690,1,0,227194
153691,1,0,227195
153692,1,0,227196
153693,1,0,227197
153694,2,0,227199
153695,3,0,227202
153696,2,0,227204
153697,1,0,227205
153698,2,0,227207
153699,6,0,227213
153700,5,0,227218
153701,1,0,227219
153702,1,0,227220
153703,2,0,227222
153704,2,0,227224
153705,2,0,227226
153706,1,0,227227
153707,1,0,227228
153708,1,0,227229
153709,1,0,227230
153710,2,0,227232
153711,1,0,227233
153712,1,0,227234
153713,1,0,227235
153714,2,0,227237
153715,2,0,227239
153716,2,0,227241
153717,2,0,227243
153718,1,0,227244
153719,2,0,227246
153720,1,0,227247
153721,1,0,227248
153722,1,0,227249
153723,2,0,227251
153724,1,0,227252
153725,1,0,227253
153726,1,0,227254
153727,1,0,227255
153728,1,0,227256
153729,1,0,227257
153730,1,0,227258
153731,2,0,227260
153732,1,0,227261
153733,1,0,227262
153734,4,0,227266
153735,1,0,227267
153736,1,0,227268
153737,3,0,227271
153738,1,0,227272
153739,1,0,227273
153740,1,0,227274
153741,1,0,227275
153742,3,0,227278
153743,2,0,227280
153744,1,0,227281
153745,3,0,227284
153746,3,0,227287
153747,1,0,227288
153748,2,0,227290
153749,1,0,227291
153750,1,0,227292
153751,3,0,227295
153752,3,0,227298
153753,1,0,227299
153754,3,0,227302
153755,1,0,227303
153756,1,0,227304
153757,1,0,227305
153758,2,0,227307
153759,2,0,227309
