id,data_count_new,cluster_belong_new,data_count_sum
1,2,0,2
2,1,0,3
3,8,0,11
4,1,0,12
5,4,0,16
6,1,0,17
7,2,0,19
8,2,0,21
9,3,0,24
10,1,0,25
11,1,0,26
12,3,0,29
13,1,0,30
14,2,0,32
15,1,0,33
16,3,0,36
17,2,0,38
18,3,0,41
19,1,0,42
